t,lambda,delta_s
1,0.10347735499063658,1.0392327066776037
2,0.0024554950109436455,0.8653770775277646
3,-0.11781973964445595,0.8417477721246269
4,0.3516614277990139,0.5255903484383916
5,-0.3270405417562678,0.5468669758247535
6,-0.35765432852314705,0.29984747128867756
7,-0.09580049090402794,0.2638848409801354
8,-0.36077314820611495,0.15272354096104665
9,-0.26680917052256903,0.11940942999638181
10,0.10672299406777862,0.12550833894712884
11,0.08546796598262202,0.11991725665808048
12,-0.656457362292155,0.05941325896734981
13,-0.01799741582979042,0.03595565336175886
14,-0.7720020445875782,0.026604341425398942
15,-0.03266849919500679,0.015915630185617882
16,0.06035170541589035,0.014049383494805497
17,-0.07517682584478036,0.01304911315823985
18,-0.1570647278681482,0.01137031165339687
19,-0.21952387082978686,0.009415501508270205
20,-0.5666321248616413,0.004936076207679827
21,-0.5399619657196721,0.002459435523622072
22,-0.29350306427001605,0.002150927225872334
23,-0.27236228229970083,0.0017910759916923446
24,-0.5422798833912295,0.0009369448558076953
25,-0.2872144288229242,0.0007804178324042326
26,-0.26621237582049595,0.0006260792005168807
27,-0.26324967850661096,0.0004885259899309502
28,-0.2649599861263431,0.0003732734278002727
29,-0.561003175016416,0.00021275497490551323
30,-0.2617100665288375,0.00016262555740692084
31,-0.26275223210850446,0.00012215872866720882
32,-0.5671203301125011,7.083383127465304e-5
33,-0.26009929229830225,5.3215263996907666e-5
34,-0.5688015737845532,3.0854105311081456e-5
35,-0.25296234049108435,2.31811954573271e-5
36,-0.24339305327017852,1.7175207756317315e-5
37,-0.25103418091929564,1.2593365984275134e-5
38,-0.2524455686470415,9.15228378965592e-6
39,-0.5837532597523604,5.485627499716033e-6
40,-0.5952657613631401,3.258840210460351e-6
41,-0.22339339704837366,2.3895466008361755e-6
42,-0.22299222476467875,1.736642169598489e-6
43,-0.6134379562910128,1.0408851437088815e-6
44,-0.2022563223197719,7.564820675482009e-7
45,-0.6308231738509518,4.5340929963271633e-7
46,-0.607179610006389,2.693539449543166e-7
47,-0.4959341279082787,1.5835102688443517e-7
48,-0.3377711109919768,1.1733059253611248e-7
49,-0.23252161048864517,8.603325794668713e-8
50,-0.2034163306566199,6.252629865073756e-8
51,-0.2017582060495303,4.5073173398227407e-8
52,-0.22591745937861807,3.2265154252588435e-8
53,-0.6158398030484129,1.9633873924911934e-8
54,-0.6424162087104875,1.1864198937835807e-8
55,-0.17802713430850606,8.552515577774248e-9
56,-0.6496437810647103,5.168045016534645e-9
57,-0.6276507084420002,3.097545767200753e-9
58,-0.4649719780844995,1.84013792055277e-9
59,-0.2601493943574821,1.0818017440482724e-9
60,-0.5673829641953388,8.015640787258834e-10
61,-0.3575872601790265,5.877511332135634e-10
62,-0.19777026149605845,4.2715933675762866e-10
63,-0.615800039368264,2.560243935512388e-10
64,-0.43531778402939036,1.520946676332867e-10
65,-0.39744002263713796,1.1152422583975842e-10
66,-0.42643237828623654,6.625243721750741e-11
67,-0.22325765988889307,3.8949255467594087e-11
68,-0.601561276720492,2.8859561652297964e-11
69,-0.2267183523662435,1.696629568145975e-11
70,-0.5962935286121729,1.257122505587212e-11
71,-0.23208574222026856,7.390518398795338e-12
72,-0.15693988248998297,4.28452558696635e-12
73,-0.6683966443523067,3.2193098145192188e-12
74,-0.15976213816470045,1.8663393456800205e-12
75,-0.6632253960427961,1.4023313552060483e-12
76,-0.5210641745497817,1.0390614074164497e-12
77,-0.30706017385439394,6.108555383275432e-13
78,-0.16077330502146356,3.541329637062941e-13
79,-0.14515163747099544,2.017241661590688e-13
80,-0.6852306437397424,1.5426031899047716e-13
81,-0.6252453958466907,1.1590822573908206e-13
82,-0.20515608849286188,6.719579495224727e-14
83,-0.1330397676023224,3.8276627976873744e-14
84,-0.152453144832366,2.134617377987028e-14
85,-0.18107016320421368,1.1578549916013782e-14
86,-0.20434955949038913,6.058067049132693e-15
87,-0.6352110606277326,5.043616343415604e-15
88,-0.6708937944404456,4.050380120831628e-15
89,-0.6535109309098015,3.1637144955815955e-15
90,-0.47031693315338663,2.4193214753382093e-15
91,-0.22363458953244875,1.817831452275507e-15
92,-0.14867749099864302,1.3469273864817914e-15
93,-0.676929775027078,7.918473806112103e-16
94,-0.5915860315679817,4.590598629367288e-16
95,-0.3622480158698267,2.6149349978269396e-16
96,-0.45515773596859643,1.999664762952391e-16
97,-0.2172531517196539,1.5025094999389244e-16
98,-0.15169116763796497,1.113288688774476e-16
99,-0.17579459341033055,8.163248659529619e-17
100,-0.21011284458942878,5.932796533023038e-17
101,-0.235784497342888,4.2767603435882487e-17
102,-0.5911041813271772,2.5843261697848353e-17
103,-0.24299818968075804,1.8629568056670416e-17
104,-0.580853878512325,1.1257324795582743e-17
105,-0.24905155766381037,8.115039845485634e-18
106,-0.24038091035031084,5.80906573168534e-18
107,-0.23871935282579626,4.13346215381105e-18
108,-0.5957131523708199,2.5304290327221346e-18
109,-0.5620210315025606,1.5398073869757076e-18
110,-0.43829494534799684,9.30462360967974e-19
111,-0.38985336092528694,6.70740097766618e-19
112,-0.43008194918407006,4.053094044376494e-19
113,-0.2613223551307236,2.429283068572925e-19
114,-0.2008537911341146,1.4431476458137654e-19
115,-0.2086215518773849,8.484144688436124e-20
116,-0.23421943463364372,4.9185365679969804e-20
117,-0.5877333824814293,3.6956934262827755e-20
118,-0.5888338176181918,2.738334558833771e-20
119,-0.5661367228017606,2.0078984132454167e-20
120,-0.26992745312923777,1.1928185338279909e-20
121,-0.25849568855783717,7.012480710065119e-21
122,-0.5618868880205589,5.195917533354728e-21
123,-0.2740424026565353,3.0546365973043652e-21
124,-0.5481231925769322,2.26334167752932e-21
125,-0.29160514994777753,1.330599701785782e-21
126,-0.5311216977655745,9.859116347317721e-22
127,-0.49101148033464037,7.229249620328409e-22
128,-0.43176279680264174,5.253994931757218e-22
129,-0.3692272462742612,3.787434314404737e-22
130,-0.45711863659329643,2.288640192273444e-22
131,-0.3778931316164617,1.6498063873547037e-22
132,-0.32635711837378445,1.1809965115610927e-22
133,-0.4924394716694424,7.186556623317091e-23
134,-0.4279074376450943,4.342634344737784e-23
135,-0.40705914372789814,3.1304640651169254e-23
136,-0.42181267520154286,1.8916515205677792e-23
137,-0.40281330319845987,1.363630146764933e-23
138,-0.3392484778643088,9.761402663564097e-24
139,-0.29823334653925504,6.945762079756425e-24
140,-0.2819663300163136,4.91667235351127e-24
141,-0.2769612090384298,3.46460262302406e-24
142,-0.27553194603287356,2.431660979386285e-24
143,-0.2799162590273604,1.7006583190802263e-24
144,-0.5493232253271801,1.0592315226206659e-24
145,-0.28333999216836425,7.408067637913467e-25
146,-0.28346770262397863,5.16474669344907e-25
147,-0.2855660163924699,3.59057159388303e-25
148,-0.5444381503912281,2.2497636596664153e-25
149,-0.5371878324967385,1.405661276995517e-25
150,-0.29075596217570554,9.799970501506905e-26
151,-0.5370749310349067,6.123060522592472e-26
152,-0.4881928008058889,3.813663595843179e-26
153,-0.41054548898568827,2.3669040694970127e-26
154,-0.3313016656100841,1.4631416241574782e-26
155,-0.2817461782732365,9.003738468606298e-27
156,-0.5460760413432647,6.373444914829978e-27
157,-0.49178672525786304,4.4911379856031476e-27
158,-0.4048118759934718,3.15214360228661e-27
159,-0.32903307926281705,2.2045504227802362e-27
160,-0.2776017817599908,1.5369655169351152e-27
161,-0.5449807582762691,9.603021641630712e-28
162,-0.28924042077856754,6.695021791769364e-28
163,-0.5413409461003026,4.183076227094336e-28
164,-0.4502782986525443,2.6053711974665175e-28
165,-0.38542423119180697,1.8221480045222931e-28
166,-0.3006858709642883,1.2703627101307068e-28
167,-0.2678615575741238,8.831659191938947e-29
168,-0.25474242006816006,6.124172339674942e-29
169,-0.2538971871902032,4.236882832531699e-29
170,-0.2676251954922396,2.925021970936859e-29
171,-0.2716548802848643,2.0154577533094316e-29
172,-0.5575264192867163,1.2741395705400958e-29
173,-0.5404196306645216,8.03937332102212e-30
174,-0.4929728876842872,5.061870344528626e-30
175,-0.33851543305619747,3.501951018637237e-30
176,-0.48338165041009346,2.20495072207667e-30
177,-0.38735812159243144,1.3851016830352697e-30
178,-0.45434698132119095,9.604765345365972e-31
179,-0.37728023522975573,6.033502931301635e-31
180,-0.30896663486538084,3.7804442218776736e-31
181,-0.5271790825509575,2.6281938768749923e-31
182,-0.4626909990928506,1.8224788677026822e-31
183,-0.37139400863548394,1.1448412527667466e-31
184,-0.3202310668465655,7.173293107285428e-32
185,-0.4954875910736824,4.986928497051949e-32
186,-0.44238174203369274,3.4581055380237325e-32
187,-0.3942352385805198,2.172306053315829e-32
188,-0.4291257683602137,1.506350772363138e-32
189,-0.3650480060525155,1.0421378389124496e-32
190,-0.3251050931413209,7.194619714659684e-33
191,-0.2976419180975442,4.9573822795523764e-33
192,-0.5323427350028602,3.133976347705759e-33
193,-0.49693675946413995,1.9774290368974263e-33
194,-0.33126845034295876,1.3651600970606284e-33
195,-0.29517026695687015,9.406502000558451e-34
196,-0.525435191937983,5.946637382796098e-34
197,-0.3005428634910043,4.097472271443262e-34
198,-0.5189499293558973,2.5903552439459807e-34
199,-0.45708341264401436,1.6344232077590686e-34
200,-0.3729227736033525,1.1283587442628693e-34
201,-0.2988011746361334,7.774845461795626e-35
202,-0.2558856951468016,5.347698446900336e-35
203,-0.24797472117923147,3.672258477727298e-35
204,-0.25278297688590573,2.517934959737192e-35
205,-0.5808089351622461,1.5996357928980112e-35
206,-0.24651828074291587,1.0968124684615212e-35
207,-0.585891583404941,6.968013513863739e-36
208,-0.24113541086286688,4.7777151126183865e-36
209,-0.250261485246955,3.271329752839e-36
210,-0.2592401345529301,2.2369899436137002e-36
211,-0.5713560742870334,1.4249912403366684e-36
212,-0.5748494669791843,9.065588294514416e-37
213,-0.24254478385484374,6.207261842906527e-37
214,-0.2300345534221136,4.244629361472484e-37
215,-0.5980111623125478,2.7038832587700846e-37
216,-0.23099544280905238,1.8489605498574145e-37
217,-0.23324644684277812,1.262819993276021e-37
218,-0.2478377978784307,8.615173298771567e-38
219,-0.2653589011660899,5.871197756235288e-38
220,-0.5618642606533651,3.7527694889448954e-38
221,-0.5481728446258011,2.396167598793428e-38
222,-0.28594744613131595,1.634706389384396e-38
223,-0.2700757023176853,1.1140442742835694e-38
224,-0.2664783213571974,7.584618086773222e-39
225,-0.5537984673596044,4.852776858779229e-39
226,-0.5193882358563354,3.101812217608214e-39
227,-0.43959143635552067,1.9805271694063074e-39
228,-0.3890924480142323,1.351149401990138e-39
229,-0.4410954722580236,8.627176349933874e-40
230,-0.40021010755167297,5.8856067950690406e-40
231,-0.32943603553999745,4.0110117592434e-40
232,-0.49711842197213535,2.5637703199320737e-40
233,-0.4193143573761541,1.63698393665439e-40
234,-0.4078604514645795,1.1167783513624114e-40
235,-0.424656844626131,7.130702028066522e-41
236,-0.39417260651506814,4.864686498534664e-41
237,-0.43585127536005136,3.106133803425778e-41
238,-0.39080116123360614,2.1190574387617e-41
239,-0.3298132852233674,1.4441271055528742e-41
240,-0.30423719543843875,9.831882643461049e-42
241,-0.519337711314294,6.290617671788319e-42
242,-0.3174413387196084,4.2827680794916344e-42
243,-0.5104776149361576,2.740193057830993e-42
244,-0.4582176852481074,1.751484676244426e-42
245,-0.40119659841050476,1.118334297740214e-42
246,-0.42118569300801123,7.629467249720722e-43
247,-0.35828615764616856,5.199443986137585e-43
248,-0.469833977848625,3.3233959339783473e-43
249,-0.3608111639667488,2.2648778003615307e-43
250,-0.3253441669138285,1.5419704158526703e-43
251,-0.31309311238759346,1.0488219811325496e-43
252,-0.5060554528788593,6.716823131454231e-44
253,-0.33148670525026747,4.568668549813387e-44
254,-0.4877335659156028,2.925848156061464e-44
255,-0.4450133636660645,1.872010965034301e-44
256,-0.39328165344391786,1.1965574869438076e-44
257,-0.44133101566299254,8.154479763689415e-45
258,-0.38597460157529734,5.2122044131272237e-45
259,-0.3447253957521912,3.3280262403047274e-45
260,-0.48668142122811836,2.2704362423582182e-45
261,-0.3466838299833098,1.449688230276739e-45
262,-0.3128210998222831,9.245889098471376e-46
263,-0.5184550087241006,6.314841931085474e-46
264,-0.46661220139428033,4.308092830357923e-46
265,-0.39496950651570056,2.9359438379327055e-46
266,-0.3297820089165262,1.9988445027694348e-46
267,-0.49921438563707554,1.2788971358034868e-46
268,-0.4396320988952685,8.174492411953439e-47
269,-0.3727895015438138,5.219466293308798e-47
270,-0.31438795530179936,3.328895516516007e-47
271,-0.2836308925954079,2.1205490729065563e-47
272,-0.26729830288189876,1.3490626685356468e-47
273,-0.5642754003728793,9.23711176158096e-48
274,-0.25983116802973877,5.876516984141279e-48
275,-0.2331400188148933,3.733331899242788e-48
276,-0.22719663742837465,2.3681987077926274e-48
277,-0.5969607866315366,1.6262393753101588e-48
278,-0.5557973634126314,1.1150535837359697e-48
279,-0.42278567326517413,7.634837738339189e-49
280,-0.268929136971846,5.2208296112506515e-49
281,-0.20376025290104013,3.565769975505007e-49
282,-0.2042714342321186,2.4326290719264466e-49
283,-0.6326323949190242,1.553249401329981e-49
284,-0.6646380551361828,9.906386357446378e-50
285,-0.16994586349735832,6.7659543921934e-50
286,-0.6659228040676548,4.315221897303641e-50
287,-0.6918194515769466,2.7488516080823966e-50
288,-0.6425237527524401,1.7487796595648763e-50
289,-0.41110941026256886,1.1109939621410848e-50
290,-0.1869004436215482,7.047470025479307e-51
291,-0.6455624220123338,4.8394896990865655e-51
292,-0.44354153669788443,3.318263236241342e-51
293,-0.2091526250145733,2.272034434158437e-51
294,-0.14414420474345094,1.5536551080934717e-51
295,-0.16844357248705324,1.0611295807837301e-51
296,-0.2060206786467669,7.239206917518674e-52
297,-0.6165367804286337,4.622280453893929e-52
298,-0.6300418453670664,2.9480195511125097e-52
299,-0.20762550073003977,2.013465365716195e-52
300,-0.6196178888324266,1.2841573164646088e-52
301,-0.588948577813963,8.180246551400292e-53
302,-0.24918714314635526,5.593789270519837e-53
303,-0.5726757640439873,3.5633153977899692e-53
304,-0.452956120602498,2.266929749844335e-53
305,-0.3130209382196633,1.440173009160976e-53
306,-0.23769792019799374,9.135581703798155e-54
307,-0.5929783972197233,6.273393627905215e-54
308,-0.23809659210770265,3.9794593901744774e-54
309,-0.22882166025650613,2.5202104264541143e-54
310,-0.23812125501565823,1.593235990762005e-54
311,-0.5995446452478093,1.097803661763412e-54
312,-0.22701621200769506,6.940135975759291e-55
313,-0.6046210178498399,4.7820327506414234e-55
314,-0.2258241864330858,3.023123231040748e-55
315,-0.23419519925429017,1.9074846124972754e-55
316,-0.6062541269289922,1.3168724794413501e-55
317,-0.21570542671052126,8.30900297203813e-56
318,-0.2197642442851335,5.231638593866499e-56
319,-0.22029461542408763,3.286400620587109e-56
320,-0.22622592801629793,2.059177625060578e-56
321,-0.6257575080022548,1.4315561103277443e-56
322,-0.662011438991151,9.926896116602808e-57
323,-0.6154773124993317,6.867719163336353e-57
324,-0.3965387197211958,4.741275658779415e-57
325,-0.18866308575598514,3.26692957591823e-57
326,-0.6367443006971902,2.0652996769643143e-57
327,-0.42224891406675763,1.3031315804644817e-57
328,-0.1902640662202092,8.204971754357132e-58
329,-0.6334093184695311,5.676441164503284e-58
330,-0.3475549792196235,3.918851613128315e-58
331,-0.4798862215325904,2.472657771257631e-58
332,-0.17645811270371914,1.5568717292638345e-58
333,-0.09374863338438992,9.779926738872424e-59
334,-0.11744129578608094,6.127861037167173e-59
335,-0.7379013469705032,4.260136087452827e-59
336,-0.7623641913486382,2.9541230048644737e-59
337,-0.06107576648274088,1.8557152796944518e-59
338,-0.07285867444095205,1.162745454249333e-59
339,-0.7683819942108038,8.083495758349035e-60
340,-0.056000091807157946,5.064919198710097e-60
341,-0.1188203949037253,3.164581647564526e-60
342,-0.6971239502713487,2.2062788029581178e-60
343,-0.12450060650774836,1.378491765679108e-60
344,-0.7064516850664236,9.610550465685563e-61
345,-0.12852972702556278,6.004710131298193e-61
346,-0.7022406033033166,4.1863557828526304e-61
347,-0.6689199484626881,2.910386713614503e-61
348,-0.16987441717502572,1.823576579010607e-61
349,-0.1273718764507162,1.1393778949790858e-61
350,-0.693470956079101,7.943499578170202e-62
351,-0.14207648326256914,4.9631301105288984e-62
352,-0.1753777047919745,3.0912169746026453e-62
353,-0.20460110902527273,1.9185263338014964e-62
354,-0.6142743393853296,1.3465341141369122e-62
355,-0.6238386883518672,9.417408358093668e-63
356,-0.2162862651131339,5.865502601180391e-63
357,-0.6182232777257058,4.1022230807856023e-63
358,-0.21910093089028704,2.555012933074179e-63
359,-0.2327082994235553,1.5857377969840867e-63
360,-0.24648321984671426,9.802505330350171e-64
361,-0.579862364455387,6.907473843662682e-64
362,-0.2535738309054277,4.269971321900534e-64
363,-0.5666716379924319,3.0088956062994638e-64
364,-0.5469255274760008,2.1118191126054668e-64
365,-0.28595916801084587,1.3106749261040468e-64
366,-0.5244107244989432,9.199084054509421e-65
367,-0.4426425865426272,6.433667751319571e-65
368,-0.3957093135450821,4.007121014144302e-65
369,-0.3222837076782875,2.48697107046438e-65
370,-0.28343014951868717,1.5373630634912847e-65
371,-0.2628896550447679,9.460475135441218e-66
372,-0.25311728267611666,5.791527793231279e-66
373,-0.249513314973623,3.524239234759012e-66
374,-0.2610538960247697,2.1295987970484833e-66
375,-0.26651479765267866,1.2764071703939448e-66
376,-0.5652328555374363,9.276532359943195e-67
377,-0.26325876836672385,5.560029634236023e-67
378,-0.26261243879359325,3.303008933420068e-67
379,-0.5697454742694249,2.4219489086732126e-67
380,-0.5581734162350638,1.7601975252537916e-67
381,-0.4946653112368298,1.268869230722085e-67
382,-0.3436679398482377,7.667420420005516e-68
383,-0.2654809735024507,4.5955841147562325e-68
384,-0.2305133946053504,2.7300673528530393e-68
385,-0.22581191604884207,1.6049838350198867e-68
386,-0.2351780443379297,9.304616992622822e-69
387,-0.24860718325306103,5.300173371667244e-69
388,-0.2601173757317539,2.955809532736403e-69
389,-0.273807513700555,1.6032844372929878e-69
390,-0.2847970338645669,8.38861920569064e-70
391,-0.5452874449602779,6.983907008848257e-70
392,-0.2846568904848299,3.6540825259988443e-70
393,-0.2872973075912954,1.8273744821712368e-70
394,-0.5420050141951228,1.591718348325097e-70
395,-0.5314491488673893,1.3251779174144531e-70
396,-0.49759715071090377,1.064211456184162e-70
397,-0.43166753358529975,8.312457374007066e-71
398,-0.3628242618444516,6.3566123510370265e-71
399,-0.4793700178769684,3.6209064321174776e-71
400,-0.3572233326696702,2.7689403401117293e-71
401,-0.3224265700592275,2.080528317976389e-71
402,-0.5062058348463393,1.2061504121526696e-71
403,-0.3276154744433714,9.062781353105147e-72
404,-0.31675428600955463,6.715093628132358e-72
405,-0.3176177718220679,4.923878200793602e-72
406,-0.32413854749924315,3.5785223183902483e-72
407,-0.3291346365038545,2.579640521084673e-72
408,-0.33195838528996663,1.8466084746874237e-72
409,-0.48863251760337,1.1236914109844835e-72
410,-0.3548335252632965,8.043826515738419e-73
411,-0.47300953469113466,4.8947997862484096e-73
412,-0.3678704858400978,3.5038908302556553e-73
413,-0.37344469843936157,2.4932064478026526e-73
414,-0.37735821957960497,1.7648573436217123e-73
415,-0.4442914465282535,1.0860407286628357e-73
416,-0.38971619769053417,7.687718588816177e-74
417,-0.38374419982753866,5.417259494393984e-74
418,-0.3805010462681713,3.802149903191438e-74
419,-0.4444916228396611,2.3597582357580207e-74
420,-0.39158335466997907,1.6562164978301904e-74
421,-0.39124260691794066,1.1583269169140976e-74
422,-0.3895588074733368,8.075608116005464e-75
423,-0.3936993607642848,5.614224825670322e-75
424,-0.41245739793097397,3.5177348953319804e-75
425,-0.3727776538580558,2.1978947450138945e-75
426,-0.45309022584019926,1.532325320406611e-75
427,-0.41296743699519506,1.0652843391174037e-75
428,-0.4007918763460082,6.674809095691197e-76
429,-0.43496983853468524,4.6403785811954103e-76
430,-0.3590696198091172,3.2177960601690575e-76
431,-0.29953784157643193,2.2261661053519682e-76
432,-0.5068061574246441,1.401671963809642e-76
433,-0.3182435771278997,9.697179554913177e-77
434,-0.24523844543020898,6.694653681818219e-77
435,-0.5863932965273524,4.224091414120179e-77
436,-0.484433282921927,2.659635547188951e-77
437,-0.3483230874095929,1.8400142199907504e-77
438,-0.2057090193813839,1.2702928622392872e-77
439,-0.6210599949521941,8.015101942279709e-78
440,-0.19184480012512262,5.533395707914335e-78
441,-0.13836469343549349,3.8127321409736582e-78
442,-0.17168417444356102,2.6224755011429947e-78
443,-0.6597370659216623,1.660826120608126e-78
444,-0.16939633977412125,1.1423503282978892e-78
445,-0.20746587164410055,7.84450678975367e-79
446,-0.6211155501727342,4.976078030065605e-79
447,-0.19786757924122103,3.417067157616699e-79
448,-0.6314423547158453,2.1675795898965777e-79
449,-0.6036199319052118,1.3727383915801123e-79
450,-0.504280305448424,8.67822856539556e-80
451,-0.34472904249889924,5.97964843372297e-80
452,-0.2203909220993058,4.1129250477275835e-80
453,-0.5971053562231726,2.604734857729726e-80
454,-0.23106065981954646,1.7915901507901357e-80
455,-0.596033432432506,1.1346225040270684e-80
456,-0.47820911951537576,7.17289870071628e-81
457,-0.3099077459891912,4.525847229160993e-81
458,-0.2201654472858262,2.8496315519086274e-81
459,-0.6150577136928503,1.9714590530225288e-81
460,-0.5393711940179677,1.3610385920083444e-81
461,-0.29654965581690224,8.587675634966134e-82
462,-0.5219805109519572,5.928684106788351e-82
463,-0.2957999484987555,3.7407915065912496e-82
464,-0.2144320704542776,2.3553330385547235e-82
465,-0.196154690488205,1.479568555953099e-82
466,-0.21669220577348394,9.270611884857564e-83
467,-0.6214965129970905,6.445000629731702e-83
468,-0.6544740136801053,4.469182259865371e-83
469,-0.1663559276022719,2.8074422743111292e-83
470,-0.6569895128831582,1.946775792397355e-83
471,-0.15266975096504037,1.222921854689928e-83
472,-0.1679204330302454,7.662526913487529e-84
473,-0.1894693170984664,4.787577272815606e-84
474,-0.627062675416251,3.3377967235151686e-84
475,-0.6120276505365218,2.320461934137175e-84
476,-0.2245449174693264,1.4539442527632067e-84
477,-0.6021619169230115,1.0107932185101536e-84
478,-0.2183182715473255,6.333381165036529e-85
479,-0.6074874533833838,4.403015259830231e-85
480,-0.21294432488107742,2.758820835489913e-85
481,-0.1634245013613985,1.723722223867549e-85
482,-0.17904991140797027,1.0735965568614454e-85
483,-0.21439801012303064,6.663146854911607e-86
484,-0.6057671580774393,4.6765866016884576e-86
485,-0.22682735184860664,2.9024667699994954e-86
486,-0.2410623686751184,1.79420872972796e-86
487,-0.2526882792649352,1.1041026988664325e-86
488,-0.5635445054922003,7.815573226694991e-87
489,-0.2702671168952927,4.809471356262178e-87
490,-0.2603853833017222,2.944269355583807e-87
491,-0.26785278769527515,1.7916359812300593e-87
492,-0.2599008903726066,1.082635308280148e-87
493,-0.27109952392929726,6.4889380681735e-88
494,-0.265968796325927,3.854839239635029e-88
495,-0.2783054611212748,2.266227849561637e-88
496,-0.5584276851261005,1.679167972785019e-88
497,-0.27754537228477794,9.871688512690489e-89
498,-0.2864308411815759,5.7229411709259584e-89
499,-0.28991160482655864,3.2599493805934344e-89
500,-0.5377880699976988,2.4929131740553473e-89
501,-0.5314521718812262,1.873126834025347e-89
502,-0.2826787748740029,1.0859129786185098e-89
503,-0.547531016930862,8.159340489014414e-90
504,-0.2791280158404193,4.730236934862227e-90
505,-0.5346359924802103,3.554208717014679e-90
506,-0.42536607374860286,2.633501060962963e-90
507,-0.40152203482277143,1.5482133171315944e-90
508,-0.27545997686870693,8.975499705646e-91
509,-0.5728103420271584,6.744017209425225e-91
510,-0.25523100301463253,3.909727671779398e-91
511,-0.5555866605623067,2.9376938964256293e-91
512,-0.423931494108121,2.176692650599157e-91
513,-0.4147664462446086,1.2796594612830034e-91
514,-0.4182180047082314,9.481673186009929e-92
515,-0.3982424371681764,5.574196613348764e-92
516,-0.23889465945670577,3.2315443555942646e-92
517,-0.1938434516206657,1.8407791912834306e-92
518,-0.6434282852730312,1.4076607212968614e-92
519,-0.6056123248649715,1.0576890915038693e-92
520,-0.2337267087309497,6.131770101969131e-93
521,-0.6096829512600617,4.607293682590854e-93
522,-0.21925256759163264,2.670999056417753e-93
523,-0.6112384353269833,2.0069371281365753e-93
524,-0.2253242408954002,1.1634871889755736e-93
525,-0.1958770961891738,6.627552560383271e-94
526,-0.2196876503569168,3.6960645743047075e-94
527,-0.24501903433299657,2.004812132034331e-94
528,-0.5759163527841558,1.6100057285671302e-94
529,-0.5783497741521927,1.2575606015939667e-94
530,-0.26084147304953914,7.01318495363842e-95
531,-0.5621843924244494,5.477933980543319e-95
532,-0.5530383370737395,4.1890263290579e-95
533,-0.27448025891820904,2.3861880419246702e-95
534,-0.27311433370818383,1.3307333301446127e-95
535,-0.2805303815435601,7.218137754744824e-96
536,-0.5408828706424453,5.796674386109931e-96
537,-0.5288219214854408,4.527728814187757e-96
538,-0.30156584448998425,2.5250313625894876e-96
539,-0.5235771151464429,1.9722786714601864e-96
540,-0.4990516845940573,1.5082195791937263e-96
541,-0.4650738279412781,1.133247076068227e-96
542,-0.35695249489589276,6.569804486967873e-97
543,-0.47928744870620815,4.936424263353197e-97
544,-0.34351153234699033,2.861806834523205e-97
545,-0.3039704159326403,1.630166227284932e-97
546,-0.5290053315601345,1.246603057118308e-97
547,-0.30140525642653876,7.101004086053162e-98
548,-0.5287564635095017,5.430202916807351e-98
549,-0.2998388588521234,3.093197379884757e-98
550,-0.5279474423305559,2.365396390561282e-98
551,-0.5074106572305759,1.7773131845821226e-98
552,-0.31569912801082084,1.0303666677284942e-98
553,-0.5106059907448236,7.741976232039724e-99
554,-0.31763169411527437,4.488277204625321e-99
555,-0.5209159505855099,3.372404846676505e-99
556,-0.308077798522219,1.9550935503347907e-99
557,-0.2865491146204235,1.1136766599655434e-99
558,-0.28105311476069195,6.210770586315189e-100
559,-0.2832454186505721,3.3688340586065103e-100
560,-0.28804562570746256,1.762623364106606e-100
561,-0.2965752025240643,8.814724173113131e-101
562,-0.5346131655467,7.677987374048374e-101
563,-0.29792065243703747,3.839693849808081e-101
564,-0.30990678388909143,1.8697909882972138e-101
565,-0.32030807622449975,1.129617501252391e-101
566,-0.3294625755256943,9.39529330430964e-102
567,-0.49800841317253497,4.9206138354554155e-102
568,-0.5026974852804283,3.5478790378118753e-102
569,-0.5071598555679849,3.173658635387797e-102
570,-0.5129428067992914,2.7643872290834495e-102
571,-0.3174860994384091,1.3824457015749248e-102
572,-0.3235981346326625,6.732006810241435e-103
573,-0.3288914556521211,4.0670817000377e-103
574,-0.5011956009776215,2.9324621665411695e-103
575,-0.3292596421422443,1.7716207885364222e-103
576,-0.49972129009592986,1.2773805197453327e-103
577,-0.4985148646960834,1.1426459791780792e-103
578,-0.49131095352551135,9.952916539234102e-104
579,-0.4800879576533165,8.286255684330581e-104
580,-0.3512340571783895,4.335490444490376e-104
581,-0.4794079221213592,3.6094929760944035e-104
582,-0.46201020487200767,2.898677774279995e-104
583,-0.4318347924671922,2.26413043194251e-104
584,-0.3975203758781371,1.262664038476366e-104
585,-0.3715471709587292,6.84891763152456e-105
586,-0.35139698295132543,3.583454104937533e-105
587,-0.33813682004175394,1.7920538309694118e-105
588,-0.4919700792266161,1.560952608110789e-105
589,-0.47721424505603616,1.2995640394392385e-105
590,-0.35365301123102305,6.7995095609306e-106
591,-0.4750247649640138,5.660900955797321e-106
592,-0.45319827337046975,4.546103259279739e-106
593,-0.37640202061793193,2.4658884563453136e-106
594,-0.4564176026055018,1.9802825797422543e-106
595,-0.4267739053911877,1.5467804294852145e-106
596,-0.39686363017000165,1.1828371731749846e-106
597,-0.36540035596058323,8.887610175979437e-107
598,-0.46142597566088195,5.152438726350234e-107
599,-0.4236836321666976,2.934975029944858e-107
600,-0.39122988879750464,1.6367817736357187e-107
601,-0.44581486810342613,1.27847512304398e-107
602,-0.38607063313526685,7.129821405957189e-108
603,-0.44805637162455925,5.569037635979576e-108
604,-0.4222916606191848,4.258694129482551e-108
605,-0.39627087610974293,3.199900556048357e-108
606,-0.37329957905173416,2.37097542105165e-108
607,-0.3552756002588017,1.738530367085976e-108
608,-0.4671158852152121,1.0327968934100986e-108
609,-0.36541105416362984,7.573038279026511e-109
610,-0.4600000573370861,4.49886326769439e-109
611,-0.42067383357811544,2.6448442061579165e-109
612,-0.3804459500761502,1.5333028162960932e-109
613,-0.45329289411187673,1.1520941362023885e-109
614,-0.4173961448181291,8.536474280459838e-110
615,-0.4050645265844212,5.0185220572976036e-110
616,-0.3554943678916838,2.909401614727488e-110
617,-0.4727481917569433,2.1860682081588366e-110
618,-0.34919943065997483,1.2673353433752939e-110
619,-0.304141843601317,7.219101060533873e-111
620,-0.28446215268456326,4.025960329256408e-111
621,-0.547877920078504,3.144640421968556e-111
622,-0.5360131301162616,2.4047353564015545e-111
623,-0.2968857303258685,1.3698053678095032e-111
624,-0.2867430288353271,7.639153439411345e-112
625,-0.2893357320920012,4.1436146977179573e-112
626,-0.5407599735803323,3.3276152382075827e-112
627,-0.29170181188618755,1.804958562325943e-112
628,-0.29683979434007546,9.443807791814953e-113
629,-0.5332634550809169,7.862399497491805e-113
630,-0.29987920797671686,4.1137226741145943e-113
631,-0.3082746284586321,2.057236471240171e-113
632,-0.3158203781004669,1.0017991968066659e-113
633,-0.5086335752067632,8.961322068722185e-114
634,-0.32020774269183366,4.363837301289836e-114
635,-0.5063441920146485,3.903551893135385e-114
636,-0.3288796551609172,1.900887528441853e-114
637,-0.504762510932849,1.700387204649773e-114
638,-0.33006053875738667,8.280266073892712e-115
639,-0.3295778907914403,5.002448685782643e-115
640,-0.33541286680246213,4.160653724874003e-115
641,-0.33813648833983717,3.713264148110508e-115
642,-0.4836767664621623,1.8123807625551157e-115
643,-0.35314756968868005,1.617497862916937e-115
644,-0.3515418696386875,1.4027455351694603e-115
645,-0.3433489376192913,1.1582607385474269e-115
646,-0.48325524407580395,6.110359551198168e-116
647,-0.44646461098591955,3.069159492941308e-116
648,-0.3909853287306844,2.661672620501922e-116
649,-0.36163905118960166,2.1977691733102457e-116
650,-0.4454112742013482,1.1594245934906378e-116
651,-0.3582383292369654,5.82364911204552e-117
652,-0.47308630472865665,5.050453529245218e-117
653,-0.3804357427270433,4.170208985250017e-117
654,-0.3057686544412223,3.315598467630681e-117
655,-0.5147853941046532,1.816543033974908e-117
656,-0.309556695810617,1.4442746924999249e-117
657,-0.5095977886866639,7.912861455994696e-118
658,-0.35447424522201376,4.174399335643652e-118
659,-0.4707951580758023,3.4468424502312905e-118
660,-0.3406643137468347,1.8183683506063746e-118
661,-0.48118020658981403,1.5014445713207504e-118
662,-0.33052502712165865,7.920812535241371e-119
663,-0.48878149796525594,6.540292552673188e-119
664,-0.24945888617139067,5.199975359076519e-119
665,-0.5658640317502395,2.8489514359444414e-119
666,-0.2722963545826052,2.265109266413731e-119
667,-0.15210484777864677,1.7518157938525014e-119
668,-0.17075105056401102,1.327052243613269e-119
669,-0.19755034582672462,9.891479129028705e-120
670,-0.625776670237325,5.780639573179401e-120
671,-0.6295031453553408,3.324024220898164e-120
672,-0.584800096508116,1.8722022808693904e-120
673,-0.235811481906731,1.4479449506232403e-120
674,-0.18936752736183185,1.096861098122318e-120
675,-0.6319491775163726,6.307248204914835e-121
676,-0.5310476913955531,3.5524544018094545e-121
677,-0.3523990824006182,1.946311159243566e-121
678,-0.48620123083897476,1.5474491374281985e-121
679,-0.29594757280282485,1.196783695747329e-121
680,-0.5014805033752298,6.740688442637235e-122
681,-0.3134871093487046,3.6930740420500625e-122
682,-0.5079110367940858,2.9362438856127776e-122
683,-0.31448786144677143,1.608703052717008e-122
684,-0.5408349239947056,1.2790278365729269e-122
685,-0.35455541991883693,9.891889976826352e-123
686,-0.22682599094500913,7.493399039664265e-123
687,-0.5814183057629094,4.308907273905558e-123
688,-0.23863103136359842,3.2641246216777526e-123
689,-0.1993835861551631,2.432987904226274e-123
690,-0.21393359081465965,1.790239216848586e-123
691,-0.6087425973816343,1.0598095310809649e-123
692,-0.22398307602422418,7.798282028592441e-124
693,-0.5999940411115897,4.616530317388684e-124
694,-0.5774971949852917,2.6979279332614805e-124
695,-0.26332936929986084,2.010960606254512e-124
696,-0.5593240740973064,1.1752174077287008e-124
697,-0.49764193269523443,6.757818194090891e-125
698,-0.3330944164124257,5.119247028066222e-125
699,-0.2742985415483815,3.8157446610079307e-125
700,-0.5559067682633076,2.2299440054256462e-125
701,-0.5034319784758479,1.2822781616887143e-125
702,-0.4039690683772993,7.22222204016897e-126
703,-0.31058528918295103,3.956895644925344e-126
704,-0.5147130982337513,3.145999920697603e-126
705,-0.29990623452112064,1.72362374292948e-126
706,-0.5238393731536531,1.3703975654558759e-126
707,-0.3495190871584781,1.0598535508282736e-126
708,-0.48346714510549377,5.9694517951257965e-127
709,-0.2902854061778714,3.2705305485418753e-127
710,-0.17153376370549575,1.725355691485346e-127
711,-0.6580485885725721,1.424643106944841e-127
712,-0.47775846616655493,1.132687718772381e-127
713,-0.34766954369936487,6.205745373851728e-128
714,-0.12618153806099072,3.2738168752031896e-128
715,-0.10518473911770639,1.6443985098570919e-128
716,-0.15141776938290508,8.026028061472017e-129
717,-0.6745845156502751,7.162999908937496e-129
718,-0.155973486640938,3.496137823577212e-129
719,-0.6687295295233794,3.120202760333173e-129
720,-0.689240400742501,2.7059389636458178e-129
721,-0.13357712902953195,1.3591603224011298e-129
722,-0.15109524830051924,6.633829222199219e-130
723,-0.6713603170705774,5.9205023643793235e-130
724,-0.15865974515513268,2.8896960091899798e-130
725,-0.6628645710620531,2.578970829923633e-130
726,-0.6362056104309243,2.2365654384752834e-130
727,-0.18527569465566282,1.1233996935147343e-130
728,-0.15538876580307986,5.483121889463347e-131
729,-0.6659791298200722,4.893529064950186e-131
730,-0.16424384363510455,2.3884478950502326e-131
731,-0.1858482284738431,1.2509061055345209e-131
732,-0.21887974443188668,9.019329088818978e-132
733,-0.5937462023090683,5.4489469957083725e-132
734,-0.24310698525476904,3.928819751089546e-132
735,-0.5712966778336676,2.3735613113305668e-132
736,-0.26436212502923595,1.7113938835746067e-132
737,-0.24556606560652805,1.5308808218293065e-132
738,-0.5703697528376963,7.454831756850987e-133
739,-0.49741056241695764,4.5037699262311325e-133
740,-0.3716398920144101,3.745890921941041e-133
741,-0.4564741462387662,1.961842179866282e-133
742,-0.3671242448746909,1.6317100855975176e-133
743,-0.2636256150585766,1.4562544642291931e-133
744,-0.23385333288202412,1.2629101370707627e-133
745,-0.5767131394271143,6.343444446182367e-134
746,-0.2634335791526421,5.501236557080243e-134
747,-0.2560110142979485,4.542424950052047e-134
748,-0.26385485030978023,3.6115353587769886e-134
749,-0.27245081926056036,2.7931300160098685e-134
750,-0.5494458733348173,1.5731848022832565e-134
751,-0.5231088968589358,8.619131422705078e-135
752,-0.4602320061879301,4.546989314151025e-135
753,-0.38048404851932205,3.7544936477303337e-135
754,-0.43585271507294143,1.9806685452441872e-135
755,-0.40399644491444314,1.6354574329513337e-135
756,-0.41404605150357926,8.627792183083679e-136
757,-0.3263540499304,4.33363537120228e-136
758,-0.2753981663542115,2.1151733529897184e-136
759,-0.26321180010304196,1.1077835388421218e-136
760,-0.5647719102603931,9.213695125623218e-137
761,-0.5492112663725985,8.222958708882531e-137
762,-0.506888762998127,7.131211038490339e-137
763,-0.317520129179345,3.581920813589232e-137
764,-0.27112716307161605,1.7482743259318735e-137
765,-0.5597220053030452,1.5602847063994697e-137
766,-0.5192968066850558,1.3531284681564004e-137
767,-0.3058194148779771,6.796600181076087e-138
768,-0.5277026357302599,5.89422760728928e-138
769,-0.2968302523667962,2.960599038876744e-138
770,-0.25785630658593917,1.445017787498292e-138
771,-0.25475988934165134,7.568017609819292e-139
772,-0.2678799939549027,5.456719818612613e-139
773,-0.5573297720442373,3.2966284708372848e-139
774,-0.559298712343421,2.74188310330842e-139
775,-0.5512490074146285,2.447052049767362e-139
776,-0.5235189207298213,2.122161281220014e-139
