t,lambda,delta_s
1,-2.0462704165644663,1.033048899186935
2,0.12470742636504915,0.8507492555814387
3,0.16677903596518417,0.9134286684025011
4,0.46034224850948774,0.9710167350578611
5,0.4336437842588217,0.7522944602065887
6,-0.1828637220918686,0.6634122836907281
7,0.255332569832133,0.7001374351982164
8,-0.5801252408133717,0.47948473079526177
9,0.05105966123601523,0.40411017171752556
10,0.300042182225374,0.4102720573190675
11,0.3716594884359241,0.4594970719537422
12,0.192754231025047,0.4729976497749132
13,0.14055593564609656,0.460791725713445
14,0.01518066295821181,0.33642516661620825
15,-0.4249040548713449,0.27924585194097623
16,0.14925633523395607,0.29325611691774783
17,0.2358622953494217,0.3071244885796847
18,-0.27353134863284373,0.185082046328654
19,-0.11417648235376535,0.16356261537401384
20,-0.5952994084083583,0.11069335652763393
21,0.09268467096944111,0.12053610969562796
22,-0.4056537934540859,0.0565402623659938
23,-0.030386272570144715,0.05454993867330458
24,-0.5807691473371784,0.027954661163634646
25,-0.3042823566408502,0.024883904433764318
26,-0.17353618971161494,0.027898036478677155
27,-0.5338950755377785,0.011075867688356457
28,-0.26284002353757396,0.012398088715478272
29,-0.19535904947284366,0.012217070900044247
30,-0.1789955774853254,0.010892656541742554
31,-0.17375842110759407,0.009113327351078958
32,-0.6029660144908837,0.004761826169045908
33,-0.4421708166216621,0.0023638347789554973
34,-0.24553003129042966,0.0011378785219150597
35,-0.17616990127487273,0.0006927749918841527
36,-0.6466311297192877,0.0004959545564491439
37,-0.19487240011350726,0.00030203387928293406
38,-0.6126101539684448,0.0002161861726897969
39,-0.4905278385056598,0.00019597274415526032
40,-0.32460910810718124,0.00017245286497070156
41,-0.21944680473163652,0.00014462302629406488
42,-0.6018131444168641,7.512198723647952e-5
43,-0.22712572843597728,6.300086555087765e-5
44,-0.18513728456823467,5.088761873851354e-5
45,-0.193442120947581,3.9930103195144825e-5
46,-0.6386574990846161,2.2167638791153714e-5
47,-0.1840354132484898,1.739360317713078e-5
48,-0.19147008549400335,1.3328192701443503e-5
49,-0.21436317481486944,1.0023812496500447e-5
50,-0.6251849003887725,5.805836401001023e-6
51,-0.6627987165572752,3.3004829954058624e-6
52,-0.6671598600474569,1.8323103539687533e-6
53,-0.5382130437638794,9.883568021337718e-7
54,-0.27314435717999036,5.136182302660773e-7
55,-0.5543043466832577,4.3052836906272945e-7
56,-0.2879366746875784,3.4767651670887067e-7
57,-0.5265469280817927,1.8753824242345572e-7
58,-0.293963729618478,1.5144788986425854e-7
59,-0.14225763134382743,1.1883106698600276e-7
60,-0.6817279076647813,6.59707096245043e-8
61,-0.14433474791226755,5.1762813217223685e-8
62,-0.13224604346700308,3.966373830904542e-8
63,-0.16685402512668115,2.982977619555774e-8
64,-0.1984196935957473,2.2105415924355582e-8
65,-0.21942407237931838,1.6188532945009665e-8
66,-0.6181608681559366,9.629119041980714e-9
67,-0.6571138470025474,5.660121178980905e-9
68,-0.16803650428018804,4.194444249370617e-9
69,-0.6571262128162417,2.465548777783069e-9
70,-0.16582098471893933,1.82709991669971e-9
71,-0.6629377927820456,1.0739930483966645e-9
72,-0.16716464973657055,7.958847225245695e-10
73,-0.6611688392411863,4.678313721760559e-10
74,-0.530486569083882,2.7096979006769304e-10
75,-0.2811519418871793,1.5403982303572073e-10
76,-0.1593444757764992,8.551734823104681e-11
77,-0.6705420156169821,6.709974691186615e-11
78,-0.1600374027398697,3.725135689013855e-11
79,-0.6703359388354979,2.922864975371111e-11
80,-0.16045973961908638,1.62266910616385e-11
81,-0.6684166189154493,1.2731999832806342e-11
82,-0.5446952859558821,9.756012746893335e-12
83,-0.2985742946647795,7.337171946738593e-12
84,-0.5223547598646688,4.249719152557881e-12
85,-0.2656483451371811,2.415863355817784e-12
86,-0.5676306291651653,1.851177662848956e-12
87,-0.2607217015711286,1.0523500777955331e-12
88,-0.5697357593436135,8.063729899368165e-13
89,-0.31804698228152933,6.064462433371689e-13
90,-0.5048086046350653,3.512560744166338e-13
91,-0.3237328111549697,2.6416798359770516e-13
92,-0.4988058599543437,1.530071460159001e-13
93,-0.23779646072563992,8.698089072966476e-14
94,-0.144093516762004,4.828865014442435e-14
95,-0.15816433419706183,2.604713283087574e-14
96,-0.1922534423704561,1.3535922342911315e-14
97,-0.6416638788406309,1.1346131061129393e-14
98,-0.6762071285799205,9.162643882867869e-15
99,-0.15298514633869625,4.942374690227992e-15
100,-0.6805098290375655,3.991247675377242e-15
101,-0.6659240164052856,3.131665263218538e-15
102,-0.49454268121263345,2.399667501396369e-15
103,-0.3324239510722296,1.3641533886579938e-15
104,-0.164019935201336,7.573287095089668e-16
105,-0.14815545637748662,4.085067906064486e-16
106,-0.17661424308254958,2.122888622753349e-16
107,-0.660291173653649,1.7794555798816907e-16
108,-0.1648695192525595,9.24730284071359e-17
109,-0.6696182279274463,7.751308505964643e-17
110,-0.15735507069700777,4.0281251174148393e-17
111,-0.6747280038901939,3.376469985198199e-17
112,-0.14944248333315552,1.7546513011459042e-17
113,-0.1762829064661878,8.701910397203688e-18
114,-0.20331409554506635,4.214358056609271e-18
115,-0.23076166113337454,2.590247921592997e-18
116,-0.25304991206651284,2.1954088856233745e-18
117,-0.573895785889474,1.1283119946459099e-18
118,-0.5866884440337319,7.996633153363402e-19
119,-0.5746027884489422,7.192472670141842e-19
120,-0.2456795410546809,3.483333401605099e-19
121,-0.21533704117025176,2.1409422224039545e-19
122,-0.6159165008796165,1.5173400297391817e-19
123,-0.21580270548199854,9.325944320791627e-20
124,-0.6245467552193618,6.609533169543874e-20
125,-0.20257548956583574,4.062381346136834e-20
126,-0.21945097337409766,3.443140724002412e-20
127,-0.5961795912927185,1.769573314377205e-20
128,-0.22892819245178261,1.4998320993754505e-20
129,-0.5831114143070024,7.708261357427105e-21
130,-0.23943354597604238,6.5332686248794645e-21
131,-0.5690488714459617,3.3577186472952477e-21
132,-0.2599829519399172,2.8458918129974955e-21
133,-0.5654881315893736,1.4626222427618105e-21
134,-0.25518793272990065,1.2396704737417086e-21
135,-0.2127306347753168,1.111626768328904e-21
136,-0.21625115017760838,9.531566920113793e-22
137,-0.5778787457702168,4.842246202840708e-22
138,-0.25361347093501674,4.151950550401569e-22
139,-0.21580900838445785,3.394527111524914e-22
140,-0.2055694477903789,2.678170328135329e-22
141,-0.21237958722070505,2.0604293629949118e-22
142,-0.6196583531662826,1.1666109949357492e-22
143,-0.21368271788242993,8.975230305205837e-23
144,-0.6145214761569953,5.0817574939401246e-23
145,-0.5977730265383552,2.8057107420393717e-23
146,-0.23464411561045256,2.2136135643603184e-23
147,-0.5867529174847608,1.2221675992323508e-23
148,-0.24555970835973998,9.64250068635355e-24
149,-0.5648750531076284,5.32376206225612e-24
150,-0.4348359487590051,2.8364778658275553e-24
151,-0.3891804366688336,2.3190307543187663e-24
152,-0.25620683806873956,1.829639049033774e-24
153,-0.5601776763936313,1.0101697965812548e-24
154,-0.40922393714286703,5.38214186739213e-25
155,-0.4120498129026594,4.400299633907946e-25
156,-0.26280572279655895,3.471691793070692e-25
157,-0.5535123104676322,1.9167705205303014e-25
158,-0.2838573843069858,1.5122689450615942e-25
159,-0.546060207973836,8.349452387429993e-26
160,-0.39708048442175514,4.4485528488645e-26
161,-0.42087129575278753,3.637021459964506e-26
162,-0.2688972079593485,2.869490399354225e-26
163,-0.20894051810731978,2.207619961116486e-26
164,-0.6139040553399614,1.2499500179587007e-26
165,-0.5304258049147735,6.901152202916107e-27
166,-0.2992468780495296,5.4447822782281e-27
167,-0.2191618631513832,4.1889005950515606e-27
168,-0.21093617699768552,3.1672351408941193e-27
169,-0.21329661906993314,2.3589029106287238e-27
170,-0.6007272257630814,1.3796476273734785e-27
171,-0.23276133914789454,1.0275381078698723e-27
172,-0.21037797798061317,7.5561036189294725e-28
173,-0.6078515639110915,4.475955997881163e-28
174,-0.501718568211033,2.617844950243814e-28
175,-0.33038774026999784,1.9497264326770353e-28
176,-0.4811264341338019,1.1403332603262051e-28
177,-0.3551293825904939,8.493008340741165e-29
178,-0.19463044403927035,6.245418108347136e-29
179,-0.14720655301784055,4.5451168211005854e-29
180,-0.6634938192717202,2.720504127996013e-29
181,-0.1577517918928439,1.9798528872714142e-29
182,-0.6600126670242722,1.1850515981550631e-29
183,-0.45863818192685624,7.019806868810916e-30
184,-0.18922504702529097,4.10566278397346e-30
185,-0.10996273832701532,2.3653253929734424e-30
186,-0.14330433788655458,1.3392425188663712e-30
187,-0.1910650906704279,7.394148827172501e-31
188,-0.2333185595359259,3.939571160327446e-31
189,-0.2617470657832864,2.00138903202377e-31
190,-0.2850713625816864,9.722246939752739e-32
191,-0.536381084762056,8.718050623495542e-32
192,-0.5405768760547829,7.475232272042698e-32
193,-0.29184287360600436,3.797582851594658e-32
194,-0.29744844676987114,1.8447706900861616e-32
195,-0.3069937399415359,9.481044331313269e-33
196,-0.515702438528327,8.035821126015324e-33
197,-0.49180355954528404,7.205813204713583e-33
198,-0.4453815453932248,6.178574745714072e-33
199,-0.3942471718216365,3.138852231973238e-33
200,-0.34620943761081335,1.5247758440936351e-33
201,-0.3004529116649403,7.836457642598476e-34
202,-0.521743668777852,6.641923576871876e-34
203,-0.4454872036548654,5.955889244470294e-34
204,-0.3434487996343237,5.10683608202371e-34
205,-0.26908449033683296,4.175216762364022e-34
206,-0.5700625892407931,2.2245377973295285e-34
207,-0.2525327625951998,1.8187244216857684e-34
208,-0.22358739520512563,1.4349137954081e-34
209,-0.5956399592430887,7.922363580863206e-35
210,-0.23145024267901307,6.250484492797684e-35
211,-0.22665656737285134,4.808761282510163e-35
212,-0.24484913974264583,3.6359129018552884e-35
213,-0.5765285746960834,2.0946964146614274e-35
214,-0.5714686306935437,1.1860129312293e-35
215,-0.5465565073560777,6.548146434212464e-36
216,-0.48295418850368693,3.488824670531965e-36
217,-0.3876409907413394,1.772399874527524e-36
218,-0.43885830704834766,1.519732026483724e-36
219,-0.39771001729570093,7.720573853441896e-37
220,-0.4196649197669241,6.619952707363102e-37
221,-0.41405259342455686,3.3630819705592897e-37
222,-0.4093064925685245,2.8836513993273686e-37
223,-0.41551836874555254,1.4649585063756268e-37
224,-0.2857887061436814,7.116401722794106e-38
225,-0.5436824627106585,6.381359253772233e-38
226,-0.4038053649061266,5.471652401826741e-38
227,-0.27315779997423834,4.473481125887898e-38
228,-0.5752761241563397,2.383451786235728e-38
229,-0.4686686349101716,1.210846071614851e-38
230,-0.3625456554012739,1.0382315980842833e-38
231,-0.2603725367471102,8.488312336470567e-39
232,-0.22989951976861878,6.696999460778553e-39
233,-0.24235256805265468,5.152284075433149e-39
234,-0.26010328358449725,3.8956510925225656e-39
235,-0.28368295795444026,2.9014147330883797e-39
236,-0.5395587189912956,1.6969456159028294e-39
237,-0.29576557582006746,1.263856257733298e-39
238,-0.30708348542318054,9.293892625220888e-40
239,-0.5123859525566578,5.505357858686245e-40
240,-0.3206733760211925,4.048419627546222e-40
241,-0.5005360132825075,2.3981338832437296e-40
242,-0.3369968910827326,1.7634915897591342e-40
243,-0.3222600848552391,1.2833848990464004e-40
244,-0.4995018769356261,7.681769364990789e-41
245,-0.33802496748703165,5.59042462024612e-41
246,-0.3131490881132201,4.0336484678439755e-41
247,-0.2955047771710155,2.8895152621995137e-41
248,-0.5240982661666677,1.757057272592836e-41
249,-0.4685540008824993,1.0607683129707045e-41
250,-0.36115959001990283,7.653741479414392e-42
251,-0.4588146882277021,4.620706771300388e-42
252,-0.33584380541732706,2.765748899395263e-42
253,-0.48353698733105155,2.0127798695784498e-42
254,-0.32877983745467765,1.4522772398413757e-42
255,-0.21859358608205406,1.0403428268278527e-42
256,-0.6194991940715218,6.326119656749034e-43
257,-0.21172937644359344,4.531733353662126e-43
258,-0.6089847274772501,2.75565772247988e-43
259,-0.4782013361099549,1.6636420673334818e-43
260,-0.28719165548531234,9.95781910528015e-44
261,-0.19462429725141542,5.898643321729485e-44
262,-0.1805306308890578,3.449929722362947e-44
263,-0.206784407835105,1.9875491012394935e-44
264,-0.6163546282435165,1.5027893870612987e-44
265,-0.6053707020164731,1.1192519978798007e-44
266,-0.22667821712621486,6.546150570039022e-45
267,-0.2232830188144165,3.771321948305668e-45
268,-0.6041911503833826,2.851503188308998e-45
269,-0.6018484890539365,2.1237511177241785e-45
270,-0.5480039969286964,1.561721495624901e-45
271,-0.42865499387927386,1.1365462674391954e-45
272,-0.2980610782168471,8.200500716326748e-46
273,-0.23485807954484827,5.874451421933067e-46
274,-0.5997785545874622,3.5721381120319314e-46
275,-0.5372128681475912,2.1565665376444133e-46
276,-0.4120271249966072,1.2908245043829337e-46
277,-0.41663368904527254,9.394003837979064e-47
278,-0.30480420832791066,6.778037763134435e-47
279,-0.24432081583876442,4.855466141998759e-47
280,-0.5906772059265389,2.9525132496213593e-47
281,-0.23964108358570632,2.1150410514546597e-47
282,-0.23588519745123085,1.5058791776968754e-47
283,-0.599891686892323,9.213118820136498e-48
284,-0.23352778630308613,6.55960969804759e-48
285,-0.2510477002436538,4.6458621014343e-48
286,-0.5755910289640764,2.8573659844695306e-48
287,-0.2668466461851425,2.0237375313847817e-48
288,-0.5479537079441978,1.2446686228349276e-48
289,-0.5417361607115843,7.615006624510317e-49
290,-0.2943590419282882,5.421776521068944e-49
291,-0.5283798597667667,3.317096885636693e-49
292,-0.3017786974405543,2.361725852577634e-49
293,-0.29129237370548633,1.6726990076458103e-49
294,-0.520280549962219,1.028767781382817e-49
295,-0.31282208663490896,7.286276877305151e-50
296,-0.2853990370662467,5.137011789857658e-50
297,-0.27814241924814026,3.6072550854646542e-50
298,-0.2771776087585218,2.524074316623188e-50
299,-0.27543127560880176,1.7605598883803758e-50
300,-0.2811490251408034,1.2245106617489885e-50
301,-0.5519736609385509,7.668998873784918e-51
302,-0.5594076353278972,4.789364380230543e-51
303,-0.26853297352863875,3.34061590942071e-51
304,-0.5631352141010362,2.0862471240284247e-51
305,-0.2607144012608312,1.4551722901436614e-51
306,-0.2528208853677092,1.0121064303026003e-51
307,-0.5785205922889519,6.338730495865791e-52
308,-0.5610601324278349,3.9585988409198605e-52
309,-0.2666117583350578,2.761151003999139e-52
310,-0.563459423928816,1.724365655104692e-52
311,-0.4696878438972106,1.0734750426734908e-52
312,-0.3640729098222594,7.511336793636039e-53
313,-0.25328711772643636,5.239211135701862e-53
314,-0.5796929062356574,3.2719383073078588e-53
315,-0.4565375321564245,2.0368905537318213e-53
316,-0.2969288646718922,1.2635408097776286e-53
317,-0.5373987104663138,8.872695252055812e-54
318,-0.2894205633989127,5.503983767391349e-54
319,-0.5450404704655603,3.864946051795513e-54
320,-0.28240847349481546,2.3975353290756724e-54
321,-0.1989919571556997,1.4813169572913595e-54
322,-0.2043849342047743,9.11061196731496e-55
323,-0.23263878570018257,5.5739631586782125e-55
324,-0.5874206252863495,3.9685825729623956e-55
325,-0.24949686053834907,2.4280183519202303e-55
326,-0.5707082589109808,1.72871456878242e-55
327,-0.2708434769716958,1.057644794096452e-55
328,-0.550638255066986,7.530280661616221e-56
329,-0.288215028348936,4.607100723084146e-56
330,-0.2998491311173613,2.801487134177933e-56
331,-0.5206474967914152,2.0068530749754541e-56
332,-0.5043250594406206,1.4288508756007322e-56
333,-0.3347642305605703,8.741851994593079e-57
334,-0.4859670886344528,6.224074414116786e-57
335,-0.3502686723834099,3.8079507288447456e-57
336,-0.33422318546651136,2.3155397755880996e-57
337,-0.4884254758293892,1.6587433374847715e-57
338,-0.34708281309409694,1.008649126246176e-57
339,-0.327708811911432,6.089403280797156e-58
340,-0.4877365478027243,4.3936755939283445e-58
341,-0.34953658119521785,2.6525440691152408e-58
342,-0.338100311964789,1.5876945244219188e-58
343,-0.33292104240969034,9.404914474156178e-59
344,-0.5033002923674044,6.915997348381877e-59
345,-0.3351089299090903,4.096780744942433e-59
346,-0.3348506760910541,2.3960773498400174e-59
347,-0.48482825226719184,1.784557692496923e-59
348,-0.35651048589896256,1.0437312935903121e-59
349,-0.3533061088657678,6.013070878122419e-60
350,-0.4772054201035792,4.5464935148794e-60
351,-0.36550666937720816,2.6192936745101253e-60
352,-0.4506189104975259,1.980452575081467e-60
353,-0.41201418521439814,1.4750074231630902e-60
354,-0.37363014651837284,1.0846613709748578e-60
355,-0.4664136233753394,6.425132335298424e-61
356,-0.35499408157734147,4.72478493196648e-61
357,-0.4849680849696327,2.7987876452559933e-61
358,-0.3381248960252931,2.0581163163645992e-61
359,-0.301898099791583,1.4977986945002095e-61
360,-0.5296065209745426,8.965154674084192e-62
361,-0.5061365210433939,5.310625668879414e-62
362,-0.3239420094095517,3.905221376031074e-62
363,-0.5113658151367187,2.3133085413638726e-62
364,-0.4259675311877056,1.3529809243504722e-62
365,-0.33082375343905207,7.794697969514331e-63
366,-0.27417701549037093,4.413342440539291e-63
367,-0.56394827783289,3.395370435520443e-63
368,-0.2707569724575283,1.9224519670989153e-63
369,-0.5546850035362562,1.4790233617127054e-63
370,-0.4980768076318104,1.1182921769386542e-63
371,-0.3973689987430474,8.32885009721515e-64
372,-0.441157932290425,4.8712807227447775e-64
373,-0.3475595097014871,2.8064077826331094e-64
374,-0.27648173592895237,1.588982487967547e-64
375,-0.251632884252273,8.772998791696225e-65
376,-0.2514673439702758,4.674216578160265e-65
377,-0.5751348606002522,3.821518273662875e-65
378,-0.5526669111451034,3.015052321780739e-65
379,-0.4858412691327037,2.3196068859027056e-65
380,-0.3470981134789613,1.3133567913676899e-65
381,-0.48205426440388294,1.0104207594992183e-65
382,-0.3513022844060189,5.720982183197658e-66
383,-0.28022049256848514,3.1586358037656203e-66
384,-0.24911319794728531,1.6829077706366862e-66
385,-0.24595911179681632,8.549542620217291e-67
386,-0.5830053989517919,7.330746248893407e-67
387,-0.24670791600524244,3.724180765366653e-67
388,-0.2559704825864337,1.8091137939613703e-67
389,-0.5716204160562721,1.622253141393714e-67
390,-0.260389289264894,7.880499686495732e-68
391,-0.267014838272561,4.050116758797636e-68
392,-0.5503212573113738,3.4327456634375406e-68
393,-0.536482949451755,3.078182508311641e-68
394,-0.4924706805916907,2.6393663238608828e-68
395,-0.3420368494813768,1.3408563006205507e-68
396,-0.29673179936674604,6.513544271887219e-69
397,-0.27490611110423985,3.3475814814062383e-69
398,-0.539837240850391,2.8372998848340734e-69
399,-0.49024071031938554,2.5442394318211583e-69
400,-0.32787634699214135,1.2359278298337222e-69
401,-0.2658686899858688,6.35194748481723e-70
402,-0.5413665991705624,5.3837016267556936e-70
403,-0.279428690753357,2.7669083243863854e-70
404,-0.23470605869745942,1.960978075576421e-70
405,-0.22735533437570762,1.7637774479373817e-70
406,-0.23603920456715932,1.5492013689776208e-70
407,-0.592503012903797,7.683014563215237e-71
408,-0.23818079549497004,6.748321163266516e-71
409,-0.5864047648215328,3.3467211437365572e-71
410,-0.2440762261751391,2.9395686987188948e-71
411,-0.23746175294342628,2.4640161840410623e-71
412,-0.2488302043889458,1.9898327186909596e-71
413,-0.5627554486386337,1.073325449768287e-71
414,-0.27064436368657363,8.667711322617822e-72
415,-0.5560444349436655,4.675405659190659e-72
416,-0.2784557253839427,3.7756550521323233e-72
417,-0.2801619785470005,2.9625041426527884e-72
418,-0.5463566014303876,1.64467534070884e-72
419,-0.5335891956407198,8.871458807604874e-73
420,-0.2942305162184811,7.164205784127708e-73
421,-0.5105806110741179,3.8644074565926845e-73
422,-0.3136291920248652,3.1207280395660296e-73
423,-0.4898746324186125,1.6833358880917733e-73
424,-0.4276949224061385,8.747797312738283e-74
425,-0.3974046984558133,7.332611128527765e-74
426,-0.41118108987420243,3.810540509428798e-74
427,-0.4252818517236806,3.1940854075866947e-74
428,-0.40228206800639366,1.6598714459071838e-74
429,-0.4350676357208157,1.3913436035447642e-74
430,-0.3756443544500864,1.1235888153681938e-74
431,-0.3377724048632006,8.816050391803526e-75
432,-0.3203624049161333,6.755380233116357e-75
433,-0.5019333221302734,3.840271550669616e-75
434,-0.3483908891836032,2.9426436295454856e-75
435,-0.47109086671106276,1.6728222874716847e-75
436,-0.3533257513514223,1.281815565030013e-75
437,-0.4686419031226078,7.286813884226657e-76
438,-0.3699118704087771,5.583588601270739e-76
439,-0.32715171434770035,4.1992308445804503e-76
440,-0.49609894900806734,2.432211194713534e-76
441,-0.3275543737487062,1.8291849558992435e-76
442,-0.27942980621686986,1.355521213403627e-76
443,-0.26009424892290456,9.926933831353699e-77
444,-0.2595910948673059,7.199893177864312e-77
445,-0.2689711907340954,5.18023647251658e-77
446,-0.5615388429284845,3.1362734682776953e-77
447,-0.5620452372533306,1.88360948739405e-77
448,-0.2684713657711522,1.366160722781764e-77
449,-0.569512311402255,8.205002927088485e-78
450,-0.26078486241742876,5.950996108437365e-78
451,-0.2487857036513122,4.281670064704456e-78
452,-0.26081648942925556,3.059798116753781e-78
453,-0.2745013531811929,2.173962595064952e-78
454,-0.28995228975349074,1.5368430819960475e-78
455,-0.30417824314957553,1.081684739040629e-78
456,-0.31232242607083566,7.583904170994542e-79
457,-0.32202455913377015,5.299016595072605e-79
458,-0.3305511643187823,3.691197732096625e-79
459,-0.49270314516933883,2.308251628813627e-79
460,-0.34161436544416846,1.6078857321012905e-79
461,-0.4838635013948811,1.0054744095112162e-79
462,-0.4566819430979612,6.268396362755167e-80
463,-0.4154836703211666,3.89450429236866e-80
464,-0.42027238672217526,2.7305134556161514e-80
465,-0.4010631403563409,1.6964460697557888e-80
466,-0.3413930831086488,1.0499213158765528e-80
467,-0.3008142346667141,6.469447084325933e-81
468,-0.5173975931442429,4.573457251958264e-81
469,-0.4508939729652356,3.218961631185367e-81
470,-0.3642436645529796,2.256877226785129e-81
471,-0.4510118651914011,1.4021796865443463e-81
472,-0.3813558751523262,9.830957199876022e-82
473,-0.44911961224193175,6.107894714587175e-82
474,-0.32237621452986914,3.780143071036712e-82
475,-0.5049848581936927,2.660598937674173e-82
476,-0.32217878130796457,1.6466303217435913e-82
477,-0.24112664029251177,1.0146272461449179e-82
478,-0.5801533865185966,7.172721681515087e-83
479,-0.48733649576596366,5.0484162444247884e-83
480,-0.35342889206656036,3.539543790454798e-83
481,-0.46092437687269067,2.199090116071438e-83
482,-0.29645470969106025,1.361005003082249e-83
483,-0.2129791773202505,8.386294968773381e-84
484,-0.21102778680129197,5.1416050129946465e-84
485,-0.23953695738098849,3.134057838040646e-84
486,-0.2601519257517148,1.8974543918300196e-84
487,-0.540007481923119,1.3651955942505051e-84
488,-0.29730757909394384,8.265311330811566e-85
489,-0.5025515563784552,5.946792008555205e-85
490,-0.3475711792767539,4.249739637460747e-85
491,-0.47737446122715654,2.590422598926647e-85
492,-0.28413129211100296,1.5683210045995813e-85
493,-0.18408526413552723,9.419154143995635e-86
494,-0.18644146434610112,5.6026174125347685e-86
495,-0.20684898509454808,3.2932912489891156e-86
496,-0.6248391976050176,2.4405001449001456e-86
497,-0.6509648963441879,1.787259632256231e-86
498,-0.6375190005982257,1.2962792592321675e-86
499,-0.19091006030139365,7.785302958108142e-87
500,-0.1814510499958691,4.630784595744202e-87
501,-0.6408722099415471,3.391277968551907e-87
502,-0.5468799547166976,2.4596556726205945e-87
503,-0.287469322349708,1.4772406831012111e-87
504,-0.5518768116080749,1.0714260109935313e-87
505,-0.28078036794399047,6.434860415588878e-88
506,-0.16916145288653733,3.8275263851150414e-88
507,-0.1604714305551717,2.2498696986113507e-88
508,-0.18078044334466134,1.303133471376476e-88
509,-0.6454303798380264,9.800432407151047e-89
510,-0.18594162778726483,5.676449401315929e-89
511,-0.19031113335124977,3.2269252643730004e-89
512,-0.2097563655404212,1.791472400734681e-89
513,-0.6199924831439546,1.4056486451608794e-89
514,-0.606956832157986,1.0770912880732785e-89
515,-0.22298046427566875,6.123005498320789e-90
516,-0.5963884739618744,4.691809650847203e-90
517,-0.23483775834533832,2.6671811950685354e-90
518,-0.5829263138728779,2.043752283909041e-90
519,-0.24117912863456628,1.1618241285718546e-90
520,-0.5829635223395032,8.902584948707783e-91
521,-0.357879526986901,6.695337350714439e-91
522,-0.18024337417735745,4.961593293514369e-91
523,-0.15126316162922634,3.633540208428998e-91
524,-0.1792933281701734,2.6353657436030393e-91
525,-0.6523322631394849,1.582770114791671e-91
526,-0.18033578597048627,1.1479653179134838e-91
527,-0.6496837598047664,6.89454662003252e-92
528,-0.18228266020096695,5.000536924831136e-92
529,-0.22205165500055393,3.597826123284232e-92
530,-0.6070757319427107,2.178233884456443e-92
531,-0.6314045390975345,1.3082220195480938e-92
532,-0.630036554726929,7.78144975029825e-93
533,-0.20070724080780503,5.6986151171514974e-93
534,-0.19584868042530462,4.133141290381552e-93
535,-0.6156504250879493,2.482316745031193e-93
536,-0.21742914892681975,1.800396346090204e-93
537,-0.603694734330059,1.0812971741355875e-93
538,-0.22233602317453768,7.842526483568931e-94
539,-0.20755240529448707,5.642603400250975e-94
540,-0.2141901064000304,4.032358167902916e-94
541,-0.6112883456424568,2.4579180411493254e-94
542,-0.21917885281839722,1.75649521793851e-94
543,-0.2236651709124337,1.24797609401106e-94
544,-0.2359078722204169,8.8223386682513e-95
545,-0.2493663211798308,6.209475262562944e-95
546,-0.5767876767628716,3.8430107238902676e-95
547,-0.2508622947758784,2.70484742437242e-95
548,-0.5744038196114702,1.6740154713266e-95
549,-0.2547385419009836,1.178231538056626e-95
550,-0.5691588870119969,7.292011393098671e-96
551,-0.4905375225186109,4.493220694978293e-96
552,-0.3283552180143864,3.1764001628337813e-96
553,-0.23917562175516602,2.2356632381498437e-96
554,-0.21288624969622075,1.5674674093841418e-96
555,-0.2136933980899614,1.095218983162968e-96
556,-0.6100303807162812,6.827888035277322e-97
557,-0.22232063506211405,4.770773890657888e-97
558,-0.600161643777248,2.9742280281668023e-97
559,-0.5316385805113216,1.847863975386459e-97
560,-0.30679486008235046,1.295573729069459e-97
561,-0.5086670093297291,8.049295476783415e-98
562,-0.3247976906184307,5.6435191638265636e-98
563,-0.2277107796216886,3.943233066960751e-98
564,-0.5956976516925858,2.458316947762852e-98
565,-0.23610462554084582,1.7176723239681027e-98
566,-0.1911656686394633,1.1964990244816043e-98
567,-0.6425372404726928,7.482180643205058e-99
568,-0.5864033005805993,4.664591508812591e-99
569,-0.25023728285508784,3.2592378881801242e-99
570,-0.18826850242413581,2.2703253113795984e-99
571,-0.6425995371253929,1.4197240240912621e-99
572,-0.19344566964628115,9.889537056369532e-100
573,-0.1986116005509417,6.869936979651571e-100
574,-0.2241541481181466,4.760471409133259e-100
575,-0.6077384027433032,2.9925445483362226e-100
576,-0.22641105322756197,2.073661345818448e-100
577,-0.6023930788046512,1.3035524052552592e-100
578,-0.23136341502640959,9.03286882238516e-101
579,-0.5955323098334487,5.67827427729191e-101
580,-0.23744620058346086,3.934717659030977e-101
581,-0.5901278822804292,2.4734562751883563e-101
582,-0.24509169652332743,1.7139630122738935e-101
583,-0.5835548958335122,1.0774375534720477e-101
584,-0.589293775401574,6.756210755198056e-102
585,-0.5690998383494781,4.224925244369384e-102
586,-0.5020223834625726,2.6339313844488383e-102
587,-0.33552432892224815,1.840377436447304e-102
588,-0.2794673462756443,1.2819731544024377e-102
589,-0.541862834231592,8.016684113164459e-103
590,-0.46045025654678756,4.99781526620312e-103
591,-0.3611828488369429,3.1051024664526137e-103
592,-0.47254408991545815,2.1770483299580796e-103
593,-0.3557914563182732,1.352582634386759e-103
594,-0.2893131257104306,8.371060917554259e-104
595,-0.26885057614950797,5.158113739273173e-104
596,-0.5556329864737404,3.6464341356866344e-104
597,-0.5286792746988307,2.5664898405673276e-104
598,-0.4785098429352726,1.7994164384677152e-104
599,-0.4049107432163397,1.2572861357287482e-104
600,-0.41073905866033167,7.838258005965362e-105
601,-0.42639957294098974,5.4767384072344266e-105
602,-0.4019972434814098,3.414345187398513e-105
603,-0.31932003990245617,2.1213052299882375e-105
604,-0.2779626153413302,1.3128643569351315e-105
605,-0.5467890990563726,9.240405581828764e-106
606,-0.5035412071253922,6.478629854375733e-106
607,-0.43165724743939704,4.526740625622619e-106
608,-0.3891784296016659,2.822091164566069e-106
609,-0.3058976313355208,1.7533425644812726e-106
610,-0.2674995259854996,1.0851342493590433e-106
611,-0.2602222585044821,6.686423543803444e-107
612,-0.5669137702147335,4.726844790207994e-107
613,-0.26698871667021645,2.912606095680781e-107
614,-0.2752718573168029,1.7857075333258214e-107
615,-0.2867413332950545,1.0884754229707779e-107
616,-0.3001242451694255,6.589962848312165e-108
617,-0.5275131492763756,4.741398942460708e-108
618,-0.5318323669445075,3.388332901806868e-108
619,-0.3022621970100611,2.065353379335885e-108
620,-0.5264355985093289,1.4759578120270719e-108
621,-0.3071866945905007,8.996679320387117e-109
622,-0.5195470282301707,6.429272229189926e-109
623,-0.31468523848457103,3.9189535119606284e-109
624,-0.5119341699859099,2.800590983035131e-109
625,-0.32231769057368065,1.7070961498100497e-109
626,-0.504206940294136,1.2199374322101034e-109
627,-0.4943197732896589,8.667559900187236e-110
628,-0.4778977502458196,6.12737289069646e-110
629,-0.45467429869436726,4.312662641959086e-110
630,-0.37780311077047174,2.6690836311873775e-110
631,-0.36018311254099067,1.6446466087023917e-110
632,-0.3489293047964647,1.0083264754454129e-110
633,-0.4780851493457885,7.164080627507622e-111
634,-0.4589182774789457,5.064515726370185e-111
635,-0.3749500119120704,3.1206735213423186e-111
636,-0.3615644838210906,1.9132728673387193e-111
637,-0.3532336195381541,1.1662326862990515e-111
638,-0.47090526109409175,8.334216610127464e-112
639,-0.446134196669571,5.921395620966088e-112
640,-0.4147394647722266,4.186022297026474e-112
641,-0.41240018516870874,2.5793599324928275e-112
642,-0.3799789088610202,1.581395599439836e-112
643,-0.4498847552518072,1.1235691865938764e-112
644,-0.4142240285189073,7.942866797619093e-113
645,-0.4170589276718149,4.894267376802924e-113
646,-0.4125560607835807,3.4599127770428764e-113
647,-0.4156733686837415,2.1319428693353545e-113
648,-0.38393597941890467,1.3070859283162258e-113
649,-0.3594243685619364,7.96732321576404e-114
650,-0.46692178320750855,5.69366630374548e-114
651,-0.36849210280555045,3.4705659927868155e-114
652,-0.4564123673129826,2.4801610419115317e-114
653,-0.37773104618600895,1.511778546457937e-114
654,-0.3582775900232365,9.152769319166001e-115
655,-0.3471668338245568,5.497047148435641e-115
656,-0.472988806002764,3.9869463154287114e-115
657,-0.3642552185692266,2.394513737858565e-115
658,-0.45559866622633344,1.7367138150007462e-115
659,-0.4003510288154279,1.2495446841419554e-115
660,-0.3464692429781391,8.929586851763087e-116
661,-0.4928902114118866,5.443016644122356e-116
662,-0.453271603926695,3.295368614719202e-116
663,-0.3680961627138664,2.3709780501796992e-116
664,-0.313875721049237,1.6943655310127573e-116
665,-0.285387434787304,1.2038334381017943e-116
666,-0.27840515244065706,8.510280238593453e-117
667,-0.5513909679542096,5.243898456371416e-117
668,-0.2818299513238215,3.707078071931308e-117
669,-0.5491459784011957,2.2842421675953897e-117
670,-0.5503709644932915,1.4004600390916179e-117
671,-0.279206667542061,9.950158882045514e-118
672,-0.28086202670167343,7.03408277462856e-118
673,-0.29012261852383636,4.950837258272438e-118
674,-0.5383183885377432,3.064046456628201e-118
675,-0.2948453021588861,2.1565847097034736e-118
676,-0.5330830559510309,1.3346986365072445e-118
677,-0.5361229624998433,8.224199348878487e-119
678,-0.534091548688482,5.042224815310286e-119
679,-0.29778139318416,3.5824612363714685e-119
680,-0.5327613037058399,2.196393129549161e-119
681,-0.2995060085905477,1.5605201145634127e-119
682,-0.529308158387257,9.567488472316145e-120
683,-0.30199203533447194,6.797625619038227e-120
684,-0.30073428971741206,4.8054570627540495e-120
685,-0.30449277173837047,3.382251337036261e-120
686,-0.3093685261959023,2.3713628469096582e-120
687,-0.31435056419086177,1.6569158569767404e-120
688,-0.3153978346150432,1.154177184354276e-120
689,-0.5090878109918769,7.2175254729906825e-121
690,-0.3185218772983725,5.0275958150472266e-121
691,-0.301577986122219,3.492505888967653e-121
692,-0.2927765557602773,2.4201058146392627e-121
693,-0.29290019396637357,1.6732147537323112e-121
694,-0.5403246656139935,1.0541980928568624e-121
695,-0.28664457658833875,7.288523467257945e-122
696,-0.5484054101261971,4.592086892484493e-122
697,-0.5534762343263014,2.886694071773182e-122
698,-0.5390171303324027,1.8101386453285908e-122
699,-0.48934801879812195,1.131951138820443e-122
700,-0.39787008110211797,7.056886116920598e-123
701,-0.3093335005752708,4.3843866409596896e-123
702,-0.25681838500698484,2.713473227033169e-123
703,-0.5523698002168178,1.909838820802041e-123
704,-0.4638795468230167,1.339025510506335e-123
705,-0.34275859555550187,9.356023284861919e-124
706,-0.2638000844650243,6.517234152963122e-124
707,-0.23958975888066136,4.527308776668438e-124
708,-0.5892653445501601,2.8389071970307355e-124
709,-0.23988044690672336,1.972095703116772e-124
710,-0.24060445454012336,1.3665489564997572e-124
711,-0.5873799337678631,8.590448882776662e-125
712,-0.576513504567241,5.386751459215822e-125
713,-0.5213259970293631,3.36854829575508e-125
714,-0.41296667144140753,2.1000430926074927e-125
715,-0.30154406206305234,1.3047398991732322e-125
716,-0.24866107683209257,8.074964811665371e-126
717,-0.5908846452346477,5.683447000798601e-126
718,-0.5389065127235966,3.9847763270850725e-126
719,-0.42550623969397866,2.784238224638224e-126
720,-0.3136466420684731,1.939449261200235e-126
721,-0.24844131637163933,1.3472717806437581e-126
722,-0.5865820377808983,8.448240981788222e-127
723,-0.23886793706818957,5.86871587648421e-127
724,-0.22184739697207717,4.066682739751492e-127
725,-0.22843462880992893,2.8116264659754113e-127
726,-0.6045797696849681,1.7714470014357498e-127
727,-0.22770786091121736,1.2247444885788887e-127
728,-0.25067087274667726,8.450248744523219e-128
729,-0.5800377455336286,5.334986992249641e-128
730,-0.6032113076238873,3.3612739190234984e-128
731,-0.6163581309133833,2.1129760221939664e-128
732,-0.215444365441193,1.4641709191266357e-128
733,-0.2260514625559475,1.0122996974137103e-128
734,-0.24116010451055978,6.984464373525888e-129
735,-0.2582855130672764,4.809936844453777e-129
736,-0.27740207964557984,3.3066964319722137e-129
737,-0.5485065375504045,2.095208489444066e-129
738,-0.2814799920699597,1.440396965767096e-129
739,-0.2886345758168391,9.886543793465921e-130
740,-0.5427321418415502,6.274369182881472e-130
741,-0.2858061853245544,4.306578476433756e-130
742,-0.2889604315370353,2.951576642202015e-130
743,-0.29484296949415084,2.0201405027049853e-130
744,-0.5379658349252027,1.2857067853431985e-130
745,-0.5443599344282514,8.171618965361274e-131
746,-0.5412025514490841,5.186013968238162e-131
747,-0.2895271545389363,3.5595572213113714e-131
748,-0.5342050389916393,2.2590276845645435e-131
749,-0.29602622225761216,1.5505431256032338e-131
750,-0.2784334397064512,1.0626874437098879e-131
751,-0.5569370635193759,6.754165855127686e-132
752,-0.2713787357464792,4.629066504800273e-132
753,-0.2651222346198394,3.168260855013905e-132
754,-0.26897200180641045,2.1656875538644197e-132
755,-0.27833093407048287,1.4786158771144098e-132
756,-0.55244815263982,9.433734984633411e-133
757,-0.2787702861385714,6.44085076071037e-133
758,-0.2879559061177882,4.392595122514016e-133
759,-0.29675895037947053,2.992595169631711e-133
760,-0.3051626082160375,2.0368136781207734e-133
761,-0.31433013494628936,1.3850210755719989e-133
762,-0.3232238711002684,9.40992658181106e-134
763,-0.5047624293457434,6.033151805191627e-134
764,-0.5044198473064712,3.864800182353065e-134
765,-0.3255508576024626,2.628040926341473e-134
766,-0.32168732010329876,1.7855087266924729e-134
767,-0.3196448535318974,1.2120978814941303e-134
768,-0.3207743093998504,8.222021928113503e-135
769,-0.5107102363284949,5.279898371788431e-135
770,-0.49768310892151413,3.3879556714685835e-135
771,-0.471403148052722,2.1721796336583054e-135
772,-0.3643869697046986,1.4757934904917153e-135
773,-0.3406009489349386,1.0018467771151534e-135
774,-0.48890937078754126,6.428556444581912e-136
775,-0.33993778110226597,4.364044561113609e-136
776,-0.3113410517367831,2.9602617597607224e-136
