t,lambda,delta_s
1,0.3810304334916274,1.0624525963171083
2,-0.04529755657342704,1.0873001341656943
3,0.29115211422873133,1.0336225873603833
4,0.5179796125382559,0.849552003248414
5,0.19486304272367672,0.6953544414408854
6,0.41040448502109034,0.7609338554142977
7,-0.16106491311526466,0.6133932820931389
8,0.2756283136541916,0.5784874695507043
9,-0.15143911221072087,0.5463452349601794
10,-0.0048019607927189695,0.5396664105998328
11,0.19975859556895562,0.5341516733059039
12,-0.6545629480453884,0.3853181198206419
13,0.042781333485007206,0.38728259244584157
14,0.14707596179830737,0.38596861317253583
15,-0.7105491657435064,0.25235564848518455
16,0.008765104248556992,0.21298816344572613
17,0.07051454270402911,0.2532757045398648
18,-0.7529250797617288,0.16308829844476916
19,-0.34443449477296073,0.1629272732466755
20,-0.47232001720436967,0.10689610429776901
21,-0.07762045759171007,0.10601649706790552
22,-0.036158305417646947,0.11208600240520637
23,-0.06686610690645363,0.12530648698753938
24,-0.7885803255892131,0.0727650533915616
25,-0.7286938475672295,0.0788294112333936
26,-0.047013970159114925,0.04012346574657671
27,0.016713550804527934,0.04600277531590868
28,-0.04798295576025824,0.04940302622253463
29,-0.6628358659323454,0.023834477562477738
30,-0.4176174392025005,0.01964940361868182
31,-0.1863355701987393,0.0194094267626572
32,-0.17335488781338024,0.018038486694521474
33,-0.19289622915641633,0.015858479358343617
34,-0.21925500862818795,0.013750308755058066
35,-0.2175298253126902,0.011733768244650918
36,-0.1829463899452567,0.009558195666781823
37,-0.1797183409923784,0.007528921734193222
38,-0.6180133976142986,0.004216148235843265
39,-0.49243490993524086,0.0023937922421379903
40,-0.32882068700864725,0.0018448539395000017
41,-0.1715763713436231,0.0014515273123521361
42,-0.6254937755948394,0.0008071614288170414
43,-0.4214664474397857,0.0004662391680465218
44,-0.4044513316038395,0.0003519313491625504
45,-0.1885302366214275,0.0002764056998845449
46,-0.1579709227170449,0.00022989704285223902
47,-0.1895355254326629,0.00018524336388916156
48,-0.6214281857310331,0.00010012023577261805
49,-0.6024465067064266,5.244878593817982e-5
50,-0.24065749502235967,4.361877263163382e-5
51,-0.57004387156932,2.2847254494754094e-5
52,-0.2725966454512794,1.900155280414925e-5
53,-0.5403160030681968,9.952482284367821e-6
54,-0.44338585007940984,5.544967541263221e-6
55,-0.39706341792308897,4.335342943796023e-6
56,-0.3178619967541117,3.605723072779009e-6
57,-0.2749660984745405,2.9073059317416664e-6
58,-0.5291881905790017,1.5706529420836998e-6
59,-0.41674801666415434,8.226303669725112e-7
60,-0.4269058446243513,6.841776255651848e-7
61,-0.31979187350641725,5.516566394761283e-7
62,-0.48977310668046725,2.9802757583446427e-7
63,-0.3276541074737063,1.5609197353587582e-7
64,-0.22029527177950026,8.697109479168549e-8
65,-0.6169246406849499,6.799367393551016e-8
66,-0.20254692132381039,3.7884614727444807e-8
67,-0.6284973505814655,2.9618046189432634e-8
68,-0.5204509749682474,2.4633188620870667e-8
69,-0.31560745149679725,1.9861929576197775e-8
70,-0.18109264589929108,1.554857325343209e-8
71,-0.6445945128450496,8.651856505875056e-9
72,-0.4588267899977062,4.674082433310259e-9
73,-0.20739088927175042,2.4480487795263497e-9
74,-0.6185382606291739,2.036030315924698e-9
75,-0.20267162853138165,1.0663700481950341e-9
76,-0.12630653655406185,5.941588424908201e-10
77,-0.7041421451952741,4.645107931529388e-10
78,-0.1235363693159635,2.588155919380384e-10
79,-0.16009474970363682,1.5136764357039948e-10
80,-0.20392305717224402,1.0237659401633088e-10
81,-0.6164955749782536,6.593574555313291e-11
82,-0.6393497931714122,4.9109575324070564e-11
83,-0.6480275365879834,3.839365192942661e-11
84,-0.5895609805726175,3.193181465285401e-11
85,-0.4072022141093746,2.5746868728004736e-11
86,-0.22635051223564973,2.0155498106682676e-11
87,-0.6071789853782493,1.121533601775909e-11
88,-0.2245557272228844,8.779734975382114e-12
89,-0.17827682235520892,6.717688314850241e-12
90,-0.1930180292706432,5.06822629904542e-12
91,-0.226650909205277,3.780872692422859e-12
92,-0.251934945399028,2.7891297072012693e-12
93,-0.2668123228338184,2.0380720970788404e-12
94,-0.27508792501096424,1.4765023563958249e-12
95,-0.2823856766676351,1.0615348600675425e-12
96,-0.5469882904965727,6.431644264457284e-13
97,-0.28306590907787144,4.624045850455617e-13
98,-0.5452047366627026,2.8016242415970367e-13
99,-0.27723395040263105,2.014234372458654e-13
100,-0.23577228151189464,1.4386030901316529e-13
101,-0.5966112482435233,8.774004926429633e-14
102,-0.5266867679364714,5.316008035549733e-14
103,-0.2955783388875894,3.8219565459527724e-14
104,-0.21149312501075737,2.7297113844033547e-14
105,-0.19729688033588721,1.9385157982661428e-14
106,-0.6347720968974478,1.1890622790460958e-14
107,-0.6200809953650481,7.252061646292404e-15
108,-0.4813818017765168,4.393890624549582e-15
109,-0.34961464860674485,3.1589980531249757e-15
110,-0.47683238407167083,1.9139787560537953e-15
111,-0.35206640338903755,1.3760595519412398e-15
112,-0.19376225072817696,9.828069417818763e-16
113,-0.1688575980492166,6.979444032711343e-16
114,-0.6552538479851843,4.2811070384018523e-16
115,-0.6233098646625258,2.6110366718363293e-16
116,-0.20756548918486228,1.8648502259278477e-16
117,-0.18209701717767157,1.3243310794747316e-16
118,-0.19368001885008182,9.358283922013413e-17
119,-0.6259293683513002,5.768786182191932e-17
120,-0.611257721002354,3.5385040716521275e-17
121,-0.5346315270313574,2.1581249456390302e-17
122,-0.3116088373874737,1.5413723736116663e-17
123,-0.5204197540906514,9.400792263203614e-18
124,-0.3751491553318507,5.695766942321299e-18
125,-0.2641499450437942,3.424723237060312e-18
126,-0.573198094519457,2.4810760800751585e-18
127,-0.47469291541868175,1.783775513851312e-18
128,-0.35015905903544864,1.2740051512454202e-18
129,-0.47105272992408437,7.770126138336314e-19
130,-0.36863496765462994,5.54956643882505e-19
131,-0.2698174025075084,3.9410474955913584e-19
132,-0.5405425882490338,2.4173911407521925e-19
133,-0.4043773777953025,1.4743609216163108e-19
134,-0.26988663492463677,8.93288136071501e-20
135,-0.2113619215653112,5.3711197595938966e-20
136,-0.2133291753677087,3.2018565834900966e-20
137,-0.2321447261552596,1.8906584898297822e-20
138,-0.5998261357271208,1.394728727768286e-20
139,-0.6227280551326827,1.0191557946267766e-20
140,-0.20463657191178763,6.075438338158653e-21
141,-0.22427472132735787,3.587474571067881e-21
142,-0.24745712687563234,2.0947907441522197e-21
143,-0.5847575096924359,1.5627039231571689e-21
144,-0.2451531816980862,9.12490848152707e-22
145,-0.26554410089844616,5.26841818390501e-22
146,-0.5659744257592134,3.9748101345531916e-22
147,-0.5869378140409405,2.965189438807158e-22
148,-0.6101638213291113,2.1874045026247972e-22
149,-0.22012582347213544,1.2916365195443982e-22
150,-0.6126342154369859,9.528334013433615e-23
151,-0.6277844241857329,6.96254162518663e-23
152,-0.20301787230724783,4.1505422962516846e-23
153,-0.6276063329786737,3.032883131931296e-23
154,-0.20351713310927586,1.8079762242472334e-23
155,-0.6248508154424,1.321123892269273e-23
156,-0.5958435690154251,9.571018330633523e-24
157,-0.48047003758544526,6.881106257849605e-24
158,-0.3500047515566945,4.169135584823965e-24
159,-0.48440970056250066,2.997409885919288e-24
160,-0.32103173222529385,2.140805053888319e-24
161,-0.5061169333973304,1.305671746306442e-24
162,-0.32757310561346314,9.325346814737518e-25
163,-0.499172377526656,5.687506126910863e-25
164,-0.334810834438087,4.0621210724996616e-25
165,-0.23395248276274763,2.884732033761018e-25
166,-0.5920749881903923,1.7694599391808532e-25
167,-0.24297845704763804,1.2565892739062995e-25
168,-0.2182926824500253,8.879591652591885e-26
169,-0.6071793554170685,5.473702877135841e-26
170,-0.2285147483143333,3.8679501238690265e-26
171,-0.24301127406369985,2.72142436396502e-26
172,-0.25763618340965944,1.9074372766546162e-26
173,-0.27242416605751096,1.3323829564384978e-26
174,-0.5545016837743559,8.30879677710751e-27
175,-0.27246128480919213,5.8038601582460946e-27
176,-0.2910297311730592,4.041824753485893e-27
177,-0.5357537146664569,2.5281614849319983e-27
178,-0.2976343445903769,1.7606188626184555e-27
179,-0.30397395926792026,1.2227593289142611e-27
180,-0.5246295960376608,7.669255765565992e-28
181,-0.3120309521915087,5.326339636750521e-28
182,-0.31798046504243527,3.690063190598132e-28
183,-0.5102452308773383,2.320153545768527e-28
184,-0.32044814139301103,1.607391525824546e-28
185,-0.31679325792874896,1.1111033910570746e-28
186,-0.5120574429141824,7.001797486491724e-29
187,-0.4998438649431842,4.402430101042173e-29
188,-0.331379729286793,3.049982985115795e-29
189,-0.31556431315247574,2.1082893514012758e-29
190,-0.5125439818718353,1.3285725883164402e-29
191,-0.3188085156341061,9.183708414703955e-30
192,-0.3010559201736014,6.335258200788826e-30
193,-0.5278190202229336,4.000423385445043e-30
194,-0.3023707568935831,2.759638472263613e-30
195,-0.5263049281523489,1.7425844266998614e-30
196,-0.30394217009017005,1.20209851851803e-30
197,-0.2732332518297236,8.27702986434643e-31
198,-0.5547633362011769,5.23634114666454e-31
199,-0.4971721871738229,3.3065079454341223e-31
200,-0.3839648003177543,2.08364938922379e-31
201,-0.4411695480033448,1.440314861031104e-31
202,-0.37043656847030676,9.076376739458829e-32
203,-0.45281749167437185,6.27401153465149e-32
204,-0.3580670799793217,3.9536697077082677e-32
205,-0.21377280446146252,2.4858980232395595e-32
206,-0.17374799595726,1.5591774518921637e-32
207,-0.6578960062734479,1.082857178923152e-32
208,-0.6025676893632825,7.501983893496153e-33
209,-0.41019870273568837,5.185718357848919e-33
210,-0.427288107876069,3.267864184006925e-33
211,-0.4084515415430642,2.2588989166789895e-33
212,-0.22384303322037477,1.558271151524237e-33
213,-0.5996339022902162,9.839763681053678e-34
214,-0.23259166524070204,6.787829136039579e-34
215,-0.5936919652287875,4.286201059466982e-34
216,-0.23038643968324615,2.9567783716588413e-34
217,-0.1627863823823902,2.035884955140369e-34
218,-0.6590544464060792,1.287972658694591e-34
219,-0.17401262572763856,8.868314864591448e-35
220,-0.18807449574603835,6.095783377129314e-35
221,-0.2187895658623734,4.1834057083745726e-35
222,-0.24312325198113954,2.8667778752445193e-35
223,-0.26888686964596986,1.9618585300947809e-35
224,-0.2922390044847446,1.3408867345220197e-35
225,-0.5296021552844059,8.545855757092869e-36
226,-0.3057600670287199,5.8409026155779186e-36
227,-0.3127667881099185,3.987421619517482e-36
228,-0.5154816289393659,2.5442971793457412e-36
229,-0.5106162303090065,1.6215535688491727e-36
230,-0.323478616325537,1.1082958513230051e-36
231,-0.32025575408250406,7.566027255103666e-37
232,-0.5015771155869669,4.827736728363011e-37
233,-0.33085492017315127,3.2957614723231578e-37
234,-0.3142984597166176,2.2474454457758486e-37
235,-0.5192895214795512,1.435633697343968e-37
236,-0.31097847029337905,9.789872361799597e-38
237,-0.5187357401523842,6.253620385630323e-38
238,-0.3116868307749459,4.264468400799903e-38
239,-0.29478415487615633,2.9050239876537805e-38
240,-0.5364976317046862,1.8576024353884384e-38
241,-0.5075273273631788,1.1866079586155362e-38
242,-0.4466649810460922,7.571517562419337e-39
243,-0.36588257445487266,4.825545311535667e-39
244,-0.4651827468210178,3.298153050189864e-39
245,-0.3832401442374813,2.251557275022873e-39
246,-0.30741317087420084,1.535381788441959e-39
247,-0.2648320319902595,1.0459265977428772e-39
248,-0.2530171532013133,7.1181139199329396e-40
249,-0.5785662271488866,4.556056259767973e-40
250,-0.5610682543913273,2.9133464094894027e-40
251,-0.26839022915315036,1.9846181067549294e-40
252,-0.5550648305315586,1.2690536959735837e-40
253,-0.4718527221421908,8.106520463501801e-41
254,-0.35308374802670817,5.172615067501199e-41
255,-0.4772882220116771,3.531200313901385e-41
256,-0.35642251414476467,2.4079958850923017e-41
257,-0.4737312895166629,1.538190856735444e-41
258,-0.3560570759645902,1.048923007546207e-41
259,-0.4770375722201955,6.70035937193959e-42
260,-0.35433331333844764,4.2753706724125287e-42
261,-0.26724716996619147,2.7248163572568033e-42
262,-0.5572439451463855,1.8623514649028973e-42
263,-0.27434193994746436,1.1869300052210635e-42
264,-0.24292911526770866,7.555084687238894e-43
265,-0.24285926412459424,4.80245327932305e-43
266,-0.2586531071972672,3.048249843815721e-43
267,-0.5709449462893926,2.0919486484731207e-43
268,-0.5807775621510831,1.4335573739800056e-43
269,-0.5851257580854202,9.810445332403244e-44
270,-0.5662628905319791,6.70522150510896e-44
271,-0.5035052687208112,4.577468064921607e-44
272,-0.33107979080351113,2.9207944876254623e-44
273,-0.27716350854103305,1.861506102247838e-44
274,-0.2614136027836066,1.184891795340117e-44
275,-0.2660052918104115,7.531864596813337e-45
276,-0.279930504179653,4.7806826522867696e-45
277,-0.5480334803140852,3.280880218371891e-45
278,-0.2830118452437471,2.0824653633361164e-45
279,-0.5431623599408524,1.4291514231227954e-45
280,-0.29057043161591306,9.071219122692124e-46
281,-0.301274270080468,5.748639937026353e-46
282,-0.3111729661474454,3.6367924645620484e-46
283,-0.321339640401243,2.296466720398676e-46
284,-0.5073510777250178,1.5841867975632288e-46
285,-0.5118727532458093,1.0907892516413169e-46
286,-0.319693355824923,6.900717690185424e-47
287,-0.3251826947062092,4.3574849752350715e-47
288,-0.5030026522336647,3.0059526258447705e-47
289,-0.5009856313778942,2.069743808153156e-47
290,-0.4906851561530402,1.4226727504941344e-47
291,-0.3392917522813943,9.01580402831515e-48
292,-0.33162430488766215,5.703715750391131e-48
293,-0.328857500526291,3.601633453385507e-48
294,-0.5019202072194606,2.4845385808703772e-48
295,-0.4989853531228016,1.7107250126501648e-48
296,-0.4878580928214693,1.1758952240846742e-48
297,-0.3460220204448616,7.451918155104118e-49
298,-0.4824105885446383,5.122199596112843e-49
299,-0.34772458784313415,3.2460555483633548e-49
300,-0.33694562340444134,2.0535692767608383e-49
301,-0.4933892464050393,1.4139817968670776e-49
302,-0.47854036734254635,9.719238507554785e-50
303,-0.4534661379316169,6.670105438147378e-50
304,-0.38333732355386496,4.233700293890863e-50
305,-0.36616364165866916,2.6829931304358426e-50
306,-0.3525784304148882,1.6973561235578363e-50
307,-0.475789899251193,1.1687118076178532e-50
308,-0.4524550735973944,8.033334537970157e-51
309,-0.3803092656554732,5.090908633983369e-51
310,-0.3575268101235864,3.220688434249333e-51
311,-0.47231221983515825,2.217599800963156e-51
312,-0.3602278014080616,1.402931881959009e-51
313,-0.3428056917753452,8.85886783284766e-52
314,-0.48730366976682404,6.1111712778134456e-52
315,-0.34451052971791635,3.858922827988442e-52
316,-0.3315929984085707,2.431762550186212e-52
317,-0.32402519231324967,1.5289880448814544e-52
318,-0.3211872116837313,9.589949633915903e-53
319,-0.5077924632285369,6.660271923503615e-53
320,-0.49853466287887044,4.614205240447013e-53
321,-0.3315486279072016,2.9012144498781752e-53
322,-0.4986779601761114,2.0099478027387193e-53
323,-0.4750926816011325,1.3893689145369285e-53
324,-0.35790285457977117,8.755332628729862e-54
325,-0.33386475916031383,5.504977826582362e-54
326,-0.4970608437987082,3.8138228930747276e-54
327,-0.47206702884782153,2.636290835994479e-54
328,-0.4380656370262971,1.818609910530009e-54
329,-0.39288184618885885,1.2522009060963253e-54
330,-0.435835589747798,7.921864770268719e-55
331,-0.3998009798489966,5.454587146955594e-55
332,-0.3598152715512433,3.749300985272008e-55
333,-0.33070429831118625,2.5730650473980246e-55
334,-0.3145838987605148,1.7632537849912936e-55
335,-0.516836178691603,1.1208271346465796e-55
336,-0.31321594745664944,7.680733487422075e-56
337,-0.5178181233511279,4.882322998520501e-56
338,-0.5002645530438812,3.0989453623161217e-56
339,-0.4702639254976952,1.9638728633407842e-56
340,-0.4279775136736671,1.242415268480037e-56
341,-0.3791527615590534,7.845279445504943e-57
342,-0.33410347408455143,4.9438295611807766e-57
343,-0.4879153068803541,3.4174037264619534e-57
344,-0.4258563378989616,2.357450172177782e-57
345,-0.39347921526975516,1.4886210632468273e-57
346,-0.429594593931883,1.0269052950006418e-57
347,-0.3877121973128904,6.48443335150318e-58
348,-0.4431033307242373,4.4731994650227975e-58
349,-0.3858307332487993,2.824619167914785e-58
350,-0.2996090632499918,1.7799793925015735e-58
351,-0.25959526563120017,1.1191747364732857e-58
352,-0.5587439981191787,7.753590233736851e-59
353,-0.28093884518857704,4.875125152077631e-59
354,-0.537821046412312,3.3774639058157725e-59
355,-0.30787190320537644,2.123604516245016e-59
356,-0.5126882729315407,1.471223277373351e-59
357,-0.4727138646575629,1.016977597697044e-59
358,-0.4228703220103415,7.015483696665695e-60
359,-0.41548781122669604,4.429954415568323e-60
360,-0.3814379963220324,2.7916073285214104e-60
361,-0.35762310749752024,1.755243015394675e-60
362,-0.4643564079865657,1.2160241523039262e-60
363,-0.37757290596370263,7.645838575059205e-61
364,-0.36433925256247884,4.795538270513684e-61
365,-0.45530888073791387,3.3305272832957894e-61
366,-0.42523002109027364,2.3073737259590807e-61
367,-0.41177605862324823,1.4507776846036461e-61
368,-0.3973390661439839,9.099407266089372e-62
369,-0.38881863156387203,5.691679473731991e-62
370,-0.3800073458221231,3.549355524186811e-62
371,-0.3730477919500977,2.205887587503879e-62
372,-0.4437642015022601,1.5460992663357747e-62
373,-0.3971048242764865,9.608846331166899e-63
374,-0.42014505333736435,6.734808404158636e-63
375,-0.4186736663182326,4.1856134618563e-63
376,-0.38368641537503617,2.5913828901277875e-63
377,-0.43551728524757977,1.8232532239846043e-63
378,-0.3645055360599383,1.2779121147949144e-63
379,-0.30477921886125237,8.926470832976838e-64
380,-0.535972989559994,5.5665851720466484e-64
381,-0.4891835834518828,3.4595748586256754e-64
382,-0.3305251641862061,2.4248045009435195e-64
383,-0.265641586812347,1.693774274674356e-64
384,-0.24142651795799566,1.1795492316384906e-64
385,-0.24273459904986874,8.192033253321876e-65
386,-0.588203116653555,5.138116453017264e-65
387,-0.23818803738902494,3.5684496851470097e-65
388,-0.2528989229813196,2.472205253267673e-65
389,-0.27094829676243903,1.7089026513846752e-65
390,-0.288094271253081,1.1788635971064343e-65
391,-0.30294062115406056,8.117046189583556e-66
392,-0.510092299248016,5.135129828995627e-66
393,-0.32561783186790805,3.5357853201825963e-66
394,-0.32354222827418055,2.4303807103109503e-66
395,-0.327762571859566,1.6679182818708272e-66
396,-0.3328458934980368,1.1429805191046058e-66
397,-0.4894829869500351,7.265452035829326e-67
398,-0.4748048791017545,4.611583235764276e-67
399,-0.45202535193073645,2.92246623121679e-67
400,-0.4236004312394494,1.8488552569051863e-67
401,-0.4094057858608855,1.273026290318034e-67
402,-0.4187289950309693,8.053613499078995e-68
403,-0.3887330174355894,5.085485509499822e-68
404,-0.36540264785214965,3.204700835637795e-68
405,-0.34941152857351504,2.014978503857862e-68
406,-0.3440864414028352,1.26381252162886e-68
407,-0.4806020937215527,8.777246362804848e-69
408,-0.46712859633024284,6.080835231520654e-69
409,-0.4458920427917282,4.2033546510929067e-69
410,-0.387327561789072,2.6488118268503973e-69
411,-0.3783869007095056,1.665459325411823e-69
412,-0.3683622183479989,1.0445909699230675e-69
413,-0.3640472367042589,6.533916779517977e-70
414,-0.35721722569059117,4.074578289763167e-70
415,-0.46936635282845673,2.8461741491580312e-70
416,-0.4493043797542601,1.982083788227415e-70
417,-0.42793030642736857,1.3765679183626991e-70
418,-0.40337438552875465,9.536798160335586e-71
419,-0.4292648077314253,5.996329852387918e-71
420,-0.39528373209523504,4.154229278642182e-71
421,-0.37272866242883534,2.871595479116484e-71
422,-0.46556227801755384,1.8095822737765345e-71
423,-0.45925824627832423,1.1377877591797973e-71
424,-0.3656356963139158,7.882540384570587e-72
425,-0.469522619674736,4.956203478987198e-72
426,-0.4623634365421293,3.1085751061324404e-72
427,-0.3619394293398488,2.158922235446824e-72
428,-0.4727082073760758,1.354095316231291e-72
429,-0.3512519205809999,9.404265257606365e-73
430,-0.4895317237075253,5.898439197503504e-73
431,-0.4725465764393963,3.689473866347236e-73
432,-0.35517994202966946,2.5693601144325266e-73
433,-0.4827290991405934,1.6071348161808565e-73
434,-0.3413300228615697,1.119213265846809e-73
435,-0.49626870719902877,7.000679259283812e-74
436,-0.3247683632023997,4.875292986028698e-74
437,-0.5117359361507183,3.049495885344029e-74
438,-0.3135178651625017,2.123677624714102e-74
439,-0.2874994931198539,1.4749056041372134e-74
440,-0.28029623482545424,1.021807704841363e-74
441,-0.28313678738636006,7.063207610697654e-75
442,-0.5503894161355413,4.450994362288977e-75
443,-0.561322010229708,2.798594446342415e-75
444,-0.5667143253307916,1.7553034424321706e-75
445,-0.5546970878556065,1.0979423473762081e-75
446,-0.5024855344450418,6.846815169201984e-76
447,-0.3994434358221312,4.2552245028021625e-76
448,-0.2998658629567528,2.634480243028381e-76
449,-0.5356784579172406,1.8535757934206225e-76
450,-0.2784564523554757,1.1475795938631628e-76
451,-0.5559231862298305,8.07417615614023e-77
452,-0.26626005579725587,4.998856710867938e-77
453,-0.204913859843138,3.081476877676104e-77
454,-0.6276749385975904,2.1775019832540747e-77
455,-0.5576054061367974,1.532053609802557e-77
456,-0.39114331222672627,1.0738112746638968e-77
457,-0.4236675469011085,6.673625524299939e-78
458,-0.40112054989334106,4.677521912435936e-78
459,-0.43112959004778123,2.907031278385054e-78
460,-0.39484684679495624,2.0375285450570932e-78
461,-0.4289924641621145,1.2663028248645293e-78
462,-0.20751097157370801,7.839891342042626e-79
463,-0.14619105612451413,4.832793834933281e-79
464,-0.16157183593735408,2.9643776216141536e-79
465,-0.19520454671053164,1.8079666333441892e-79
466,-0.6255423089028249,1.2912828919751252e-79
467,-0.6131202320854859,9.170098716028662e-80
468,-0.5118973820729337,6.4799798711606264e-80
469,-0.3309948965893845,4.55920436785254e-80
470,-0.4991798109369123,2.8226792318775683e-80
471,-0.3344437051134384,1.985989422636566e-80
472,-0.20960523226068592,1.3919733746557497e-80
473,-0.1776966959478323,9.723211467589053e-81
474,-0.19556159751890353,6.7712721743033e-81
475,-0.6354473910043531,4.235430915281792e-81
476,-0.6255982363623339,2.6412327303121946e-81
477,-0.20774516195485596,1.8449537066967485e-81
478,-0.6046731026929725,1.150520977323992e-81
479,-0.44668457911047316,7.150368357712734e-82
480,-0.39113148551114174,5.01166937722331e-82
481,-0.22915769074623152,3.500750951679225e-82
482,-0.5880046489852446,2.183083180718474e-82
483,-0.23751917203586434,1.5249271145514703e-82
484,-0.16312389134545308,1.0619635881644908e-82
485,-0.6646502340075934,6.642582510986205e-83
486,-0.5477505488063403,4.142342702017335e-83
487,-0.28974257751972127,2.8935089417855904e-83
488,-0.5252699263621976,1.804404480998751e-83
489,-0.26027498606034455,1.1214186407498442e-83
490,-0.5815163807970407,7.85998591923056e-84
491,-0.24010246910629865,4.8848995991063215e-84
492,-0.5979822414902587,3.4238098664168315e-84
493,-0.22499539242420102,2.1278622653707136e-84
494,-0.617743926531648,1.4914115778111723e-84
495,-0.3166935414633727,1.0417807136472708e-84
496,-0.12879449217431868,7.254990577505914e-85
497,-0.6917837445720022,4.5379967886475143e-85
498,-0.1342266367673923,3.160273895561577e-85
499,-0.11687143140402682,2.1948273245096745e-85
500,-0.1600013194425785,1.5205661058507292e-85
501,-0.18841851286471467,1.051085643661414e-85
502,-0.222611125586846,7.250773481740634e-86
503,-0.2319767029182577,4.992508328016731e-86
504,-0.5954946969833101,3.1584369286462208e-86
505,-0.5820700067748666,1.9944072601865412e-86
506,-0.23715613591939755,1.3758151261182942e-86
507,-0.18929659596544748,9.473152750191888e-87
508,-0.19864969860999404,6.511528734076678e-87
509,-0.6319215325595989,4.126505337983587e-87
510,-0.6048823673037144,2.610572880290134e-87
511,-0.21624150140878323,1.7975057252256505e-87
512,-0.6067310523618167,1.1371655466543824e-87
513,-0.23636709908766781,7.829934939082934e-88
514,-0.5861229175501788,4.953493121226491e-88
515,-0.22388837163692313,3.410719659464527e-88
516,-0.5713849858135558,2.1577416036062596e-88
517,-0.23955416728108953,1.485709483662748e-88
518,-0.13881411175643327,1.0212270664762844e-88
519,-0.6832272148334974,6.47175051083493e-89
520,-0.1461903201346125,4.4484651015706956e-89
521,-0.15480772795652878,3.0528864213314278e-89
522,-0.665045258706797,1.937751398244195e-89
523,-0.17768749144773557,1.3298373251319699e-89
524,-0.6448400699663396,8.440845090751715e-90
525,-0.6162871558179186,5.349157432385729e-90
526,-0.4509739029157524,3.384065736411301e-90
527,-0.3630146508887688,2.3300929775472236e-90
528,-0.2026113884282287,1.6016280721390988e-90
529,-0.1761330784171841,1.0991630780086902e-90
530,-0.19404485827426707,7.532275406645405e-91
531,-0.6355709804960562,4.7879543678058545e-91
532,-0.6209452202286189,3.039046983902835e-91
533,-0.1975861098214856,2.0856329226162305e-91
534,-0.6212842740089868,1.3238088661880755e-91
535,-0.19375200068993842,9.0850170109163e-92
536,-0.6228636631880017,5.7665114211152565e-92
537,-0.19209748875155025,3.957433409955141e-92
538,-0.6353522289937009,2.511892375037806e-92
539,-0.19780225642487217,1.7238579933764607e-92
540,-0.6306803144768255,1.0941803185664683e-92
541,-0.20117052050726442,7.509125419147861e-93
542,-0.1589877075836463,5.1458061002678725e-93
543,-0.6624691822766995,3.270975032580808e-93
544,-0.6086714055231639,2.076178268119464e-93
545,-0.21840441009513595,1.4248367241922e-93
546,-0.6116783623450125,9.043832535928385e-94
547,-0.40061705698275596,5.731284427884803e-94
548,-0.18759430256107085,3.6258127570910547e-94
549,-0.6438655348250235,2.4965474967866204e-94
550,-0.2026590426714638,1.5794040369888635e-94
551,-0.6026061349564356,1.0874960896002525e-94
552,-0.38104174077215386,7.475084823776998e-95
553,-0.19318119886864277,5.129990780134875e-95
554,-0.6394960222430397,3.256146949237259e-95
555,-0.45565985101358375,2.0634951201197138e-95
556,-0.2285582421556092,1.3054398232834618e-95
557,-0.5841994235153768,8.988584743241473e-96
558,-0.29705310335542606,6.1784528738982415e-96
559,-0.5329226751336501,3.915427514155986e-96
560,-0.21018529792148358,2.477037601069034e-96
561,-0.597698932971938,1.7055602251663476e-96
562,-0.23123196922601616,1.0789975790256716e-96
563,-0.5762560399798302,7.42942034082461e-97
564,-0.16959058862648882,5.10673535015397e-97
565,-0.06896177954268708,3.504643208803306e-97
566,-0.14002441525860215,2.4016397911181723e-97
567,-0.21075581691923537,1.6435446747049965e-97
568,-0.5896582404532389,1.0461542930110759e-97
569,-0.2608340049046904,7.159280603014965e-98
570,-0.5261612930706089,4.557048100356247e-98
571,-0.3147790256340811,3.1185826306733196e-98
572,-0.4678843718912621,1.985050152515181e-98
573,-0.36022231096824575,1.2618138656565157e-98
574,-0.47239034619981035,8.646878464356131e-99
575,-0.373816348881992,5.917428211121174e-99
576,-0.2811471255454918,4.044430762495099e-99
577,-0.5151636101373018,2.577631728764384e-99
578,-0.3183711021791351,1.6407223608524302e-99
579,-0.1899920067081321,1.0429390018146936e-99
580,-0.6533030917610584,7.146986603873187e-100
581,-0.17322183795629528,4.543042291904807e-100
582,-0.1736102999934598,2.8835945195700253e-100
583,-0.6417091642218187,1.978949222353734e-100
584,-0.19368866271161067,1.256093772724703e-100
585,-0.21342571195723445,7.960154780598398e-101
586,-0.5937288716453865,5.4715444739888084e-101
587,-0.5505365476662942,3.7550039051567416e-101
588,-0.28281754583855306,2.3834047728695253e-101
589,-0.24885672581512783,1.5104183548099254e-101
590,-0.5615984740948065,1.038211119061965e-101
591,-0.4891323013682141,7.125020777931821e-102
592,-0.35083804340527086,4.52244763463392e-102
593,-0.2879271078270412,2.865978953207267e-102
594,-0.5248054707349509,1.969978189646536e-102
595,-0.3123773826199891,1.2484204320170856e-102
596,-0.2645216590108704,7.897948157305546e-103
597,-0.5589412023101632,5.438119401866425e-103
598,-0.4619739458968356,3.7379816074300965e-103
599,-0.33213481397973843,2.565296800570755e-103
600,-0.25222228753707127,1.7579304098069857e-103
601,-0.23001676768842008,1.2030268544955497e-103
602,-0.23979161010986538,8.222421370968585e-104
603,-0.5827560137143688,5.240384978182614e-104
604,-0.25062227771912077,3.5816867491939163e-104
605,-0.5734301739358795,2.282711696496347e-104
606,-0.26261648693943584,1.56018274794887e-104
607,-0.2665422853198075,1.0650933304345089e-104
608,-0.2784825404790643,7.263083736226633e-105
609,-0.2906052973193634,4.947728648691289e-105
610,-0.5280206193763068,3.1637992755003223e-105
611,-0.2970713840630241,2.155230599369926e-105
612,-0.28150214889283826,1.4667546425482379e-105
613,-0.2782941049875732,9.97298409172258e-106
614,-0.5358705473648995,6.389183222940124e-106
615,-0.28854824136390944,4.344231870354354e-106
616,-0.24990728275607427,2.951259772986349e-106
617,-0.5754937549749319,1.8923474027263569e-106
618,-0.4763506737298931,1.21233064910918e-106
619,-0.3600642969541208,8.24306528627601e-107
620,-0.4553951010141758,5.2809123075195885e-107
621,-0.3597233794265929,3.590679238701832e-107
622,-0.17326842856173205,2.4393327776064527e-107
623,-0.14523454626554635,1.6558203470652117e-107
624,-0.6905492331349228,1.0625733579253708e-107
625,-0.6270520301681107,6.813219061504826e-108
626,-0.18254591031884473,4.628569547122917e-108
627,-0.12229406359215872,3.1418753948990774e-108
628,-0.7129079306545003,2.016204894726743e-108
629,-0.11623702125748704,1.3686009220180377e-108
630,-0.14004366085423464,9.282948442609402e-109
631,-0.18150029064706116,6.291869240316007e-109
632,-0.6270422051682252,4.0436523416006557e-109
633,-0.2051304723335114,2.740738241081653e-109
634,-0.2104387011565222,1.8563602909168837e-109
635,-0.5952787458285482,1.1938655778151684e-109
636,-0.2380216133035302,8.086305427233946e-110
637,-0.56445034798564,5.200478456962873e-110
638,-0.2724971418619499,3.5223946441031067e-110
639,-0.5523966462036399,2.2653284158530274e-110
640,-0.2904843793672708,1.5343551069713134e-110
641,-0.23824808971268863,1.0385720731420894e-110
642,-0.5715948710928705,6.683650845967041e-111
643,-0.2706599048773954,4.524019950606943e-111
644,-0.24550973631153283,3.060309065337844e-111
645,-0.5749509210065338,1.9706630904843848e-111
646,-0.5125738712769831,1.2682051031840136e-111
647,-0.325057416093052,8.58420842214998e-112
648,-0.49023851586389144,5.524301429469562e-112
649,-0.3534098433139575,3.7392811886885315e-112
650,-0.46722358009429305,2.4063857026769415e-112
651,-0.3688612668670882,1.6288308857927246e-112
652,-0.2512200040935319,1.1018355312568847e-112
653,-0.20962388745391142,7.449043967458348e-113
654,-0.62482141038609,4.7995955741549905e-113
655,-0.581931721383262,3.0906636046563104e-113
656,-0.4528076413830425,1.9889728358827703e-113
657,-0.30365419863969784,1.2791515825826164e-113
658,-0.5326015903567747,8.663965673105349e-114
659,-0.41303142035328977,5.864452596316188e-114
660,-0.4054092824616338,3.774023447204691e-114
661,-0.27602995458175994,2.4271563583487354e-114
662,-0.5642865022967816,1.6439646136023632e-114
663,-0.26304008319717587,1.0572693096967093e-114
664,-0.2172664665536033,6.79484801188094e-115
665,-0.6102218358528279,4.605465113038864e-115
666,-0.5642781085028632,3.1193794536446856e-115
667,-0.4402503407763841,2.1114410682175745e-115
668,-0.38798380310326247,1.3588016900076253e-115
669,-0.2642630673396276,8.738748467712263e-116
670,-0.22254268833569915,5.616210279403243e-116
671,-0.23092932835337168,3.606800498276338e-116
672,-0.5971851747424403,2.4464211977080533e-116
673,-0.598314239001055,1.6581544514524477e-116
674,-0.5715617612169176,1.1231032696754661e-116
675,-0.26295135853764706,7.222920790526863e-117
676,-0.2407688681666844,4.6420196371314115e-117
677,-0.5829989721436237,3.1463042963535022e-117
678,-0.5477917724562875,2.1310588042828783e-117
679,-0.2875796457887924,1.3705301514915856e-117
680,-0.5379395590708378,9.282892151456218e-118
681,-0.4477570028856789,6.283390658843465e-118
682,-0.338412242657158,4.250449291616852e-118
683,-0.26868350516311384,2.8735489786383026e-118
684,-0.5593118376757635,1.8514957114283004e-118
685,-0.26686373612971537,1.251717935094845e-118
686,-0.5634392406925665,8.06511531898168e-119
687,-0.47713490132398023,5.193470574470492e-119
688,-0.35095422508329116,3.3422181181465005e-119
689,-0.2645043321764412,2.1494529829845143e-119
690,-0.23162876449568143,1.381408331265529e-119
691,-0.23397363492118767,8.87157711278042e-120
692,-0.2502838198008224,5.693070205067184e-120
693,-0.5699701744246664,3.864458990327152e-120
694,-0.25932729666796345,2.479901381327265e-120
695,-0.5555402483013485,1.6833583361865076e-120
696,-0.26992500632443917,1.0802450417061569e-120
697,-0.5401112060813654,7.332708912428427e-121
698,-0.2816798335621612,4.705547401672021e-121
699,-0.5244269316500537,3.194128002253822e-121
700,-0.29980510560722295,2.0497364481683324e-121
701,-0.5304616481954935,1.3913621577817656e-121
702,-0.38716398868903523,9.437333387618209e-122
703,-0.2611543259509407,6.396509473176738e-122
704,-0.20030248397588302,4.332491884300748e-122
705,-0.1890984425289908,2.9325708616640527e-122
706,-0.6399487640072168,1.8872334648014054e-122
707,-0.19023328752702204,1.2774278673408617e-122
708,-0.6395440649716438,8.220788972674924e-123
709,-0.1901046670973274,5.5644757901367945e-123
710,-0.18455889622672578,3.764133644486686e-123
711,-0.21334518379948636,2.5447715400124845e-123
712,-0.24228902288442403,1.719442298508126e-123
713,-0.5921105638965793,1.1085024828294385e-123
714,-0.6215652211438186,7.142344217285274e-124
715,-0.19311841093467755,4.828636815205036e-124
716,-0.22250296188082447,3.2625963681424896e-124
717,-0.6126822090229955,2.103354196703313e-124
718,-0.22415060324652558,1.4211869779628687e-124
719,-0.6092536276193286,9.162210880839631e-125
720,-0.2164225923909873,6.190690476006256e-125
721,-0.6031606454178533,3.991059059693744e-125
722,-0.5434833202434474,2.5715339421782484e-125
723,-0.3792348440504481,1.65592001251646e-125
724,-0.24410558570230875,1.0656546116270558e-125
725,-0.19771300446759205,6.853456006824795e-126
726,-0.6330996060692761,4.641991488247455e-126
727,-0.5823871175444432,3.1420645074616535e-126
728,-0.41657381901363866,2.1254743792124848e-126
729,-0.4022962763861059,1.3686832994502966e-126
730,-0.41636743135685766,9.258566395849583e-127
731,-0.21248166143785485,6.2593251172108655e-127
732,-0.6015806806207591,4.033031522032079e-127
733,-0.2279593730070037,2.726562021057053e-127
734,-0.15103049617814449,1.8422738524057453e-127
735,-0.6589076799166838,1.1876904163724524e-127
736,-0.17682687902547375,8.024944901079425e-128
737,-0.1694512381039819,5.419349197765031e-128
738,-0.194587487614673,3.6578757940528853e-128
739,-0.6247300188280973,2.360668510546447e-128
740,-0.21015016088341876,1.5933706958894367e-128
741,-0.6091193593341288,1.0283072031940326e-128
742,-0.2251850352656447,6.940722751294389e-129
743,-0.5949065388205586,4.4793061771132054e-129
744,-0.2404805824700084,3.0233788304638353e-129
745,-0.5774799096866683,1.9511857707505127e-129
746,-0.44533323035708144,1.2585817055639904e-129
747,-0.3909549043466778,8.499365217389234e-130
748,-0.2598498855443958,5.7367815136040046e-130
749,-0.5610841417944825,3.7023234886947515e-130
750,-0.39222559329559137,2.3881255597506455e-130
751,-0.4240565336407355,1.6127321116754338e-130
752,-0.40471642437479727,1.0402674938273811e-130
753,-0.42822169713765174,7.025061078458188e-131
754,-0.277818267850055,4.741676524781383e-131
755,-0.21650740383080985,3.1988970887694844e-131
756,-0.20767066701851544,2.157070284615522e-131
757,-0.6032015154486984,1.3934395718679874e-131
758,-0.5641076939623548,8.99720602551242e-132
759,-0.4453350970492069,5.806490472382301e-132
760,-0.3938894406849024,3.919182944713212e-132
761,-0.42869066721608795,2.5293072497697318e-132
762,-0.40796258466762325,1.7071960907170747e-132
763,-0.2971900707386544,1.1517328472349312e-132
764,-0.24517818433424793,7.766328930393185e-133
765,-0.230028644102806,5.2346068456966084e-133
766,-0.5980657599930957,3.383012882079272e-133
767,-0.5471457601798405,2.1853826718811153e-133
768,-0.28801017748535623,1.4736404114337313e-133
769,-0.22742218784064244,9.93252829608859e-134
770,-0.21391365351063685,6.691760824951977e-134
771,-0.22241314350634714,4.506515650202334e-134
772,-0.6110902789297471,2.914931015349081e-134
773,-0.6112227738168043,1.8846710223081085e-134
774,-0.21977994310816815,1.2697439502860605e-134
775,-0.6071997121413094,8.209626973174124e-135
776,-0.2212126528563991,5.531004647446081e-135
