t,lambda,delta_s
1,-0.15257132159143055,1.0444208424102912
2,0.2540296775309791,0.9206444093410944
3,0.26379997403027444,0.771232908837184
4,0.6416933457631386,0.7384891630964515
5,0.42818894128037327,0.7034029933181856
6,-0.32911782422859415,0.5149628186950348
7,0.018307242895749653,0.5043385680940965
8,0.06739875868745496,0.4659481047162184
9,-0.04961235965719757,0.41782960122442914
10,-0.02898158856223484,0.3022521806588697
11,-0.17602091948334803,0.318097787255371
12,-0.1151383056026754,0.17387958370109627
13,-0.010798730091329615,0.21795360830313598
14,0.11658422967307483,0.2513655958348627
15,0.1329616438035703,0.26893192362106455
16,-0.055582327932773894,0.16631012923256006
17,0.22136648016364344,0.16533522059224703
18,0.28996355758952935,0.1650000406791399
19,0.18383523397274001,0.16388817685042756
20,-0.526551275497567,0.10887810078120946
21,0.07702190248906576,0.10719391467649188
22,0.1321370562197866,0.11044535744238848
23,-0.6794525049964114,0.05501901661832166
24,-0.302233013411616,0.041774077864293574
25,-0.0594120369162274,0.03937267975307513
26,-0.043574970660253995,0.03534835931612846
27,-0.07214486454278962,0.029467493007087266
28,-0.1032004739360694,0.024357251556128588
29,-0.15223553463594383,0.020855687552481877
30,-0.18613129817930565,0.017476006242512422
31,-0.17045726431799196,0.014350780053296153
32,-0.618016728335193,0.007720064243795352
33,-0.149692662262392,0.0064771436779785425
34,-0.6301658898795921,0.00346652122882372
35,-0.15714088131186388,0.002916262454875049
36,-0.08116408993449013,0.002392304123753708
37,-0.7081784258588149,0.0013055639425276848
38,-0.5722387585591094,0.0006923438480771227
39,-0.21725823005003245,0.0003710538452545313
40,-0.08780124837234286,0.00023015378861399716
41,-0.7220298365350293,0.00016655234791254742
42,-0.5875068302806585,0.00013956407403439955
43,-0.2058491877745741,7.477412053697537e-5
44,-0.589220231560915,6.265519523462912e-5
45,-0.20713085981768792,3.3565764304293704e-5
46,-0.06171316210657263,2.0829991189420647e-5
47,-0.7268142963118528,1.5068024308961779e-5
48,-0.07640806828436776,9.35061702321104e-6
49,-0.7095998250589538,6.764107202487213e-6
50,-0.09520336245824579,4.197481751184502e-6
51,-0.11026494526038302,2.944288473867281e-6
52,-0.6542919629312823,1.884254422454732e-6
53,-0.530856760619009,1.3630390988368684e-6
54,-0.2698746378539282,1.142225113795312e-6
55,-0.5018921682504061,6.118681383517102e-7
56,-0.2145002819944943,3.7969864870462554e-7
57,-0.5910874458824353,2.7466782772660727e-7
58,-0.22389313102334898,1.704467767143086e-7
59,-0.11859525418354129,1.1955837320149952e-7
60,-0.1361671095815759,9.97859727481225e-8
61,-0.1713970104530605,8.495815291969654e-8
62,-0.6244192656078882,4.479392246420874e-8
63,-0.1795268655530564,3.813771563374137e-8
64,-0.6020574906089383,2.0107992638232958e-8
65,-0.5235378875075885,1.0815056698580842e-8
66,-0.3314313950477497,6.921294637671608e-9
67,-0.2006406982864725,5.006754757052536e-9
68,-0.1820067828027719,4.1956708119117955e-9
69,-0.20942918830623725,3.5554577724968813e-9
70,-0.5780470560023717,1.8834366294322716e-9
71,-0.580135525016143,1.0089172334517913e-9
72,-0.22620431843193345,8.45474702976684e-10
73,-0.24073158493097002,7.164645968163939e-10
74,-0.2557214387543826,5.906046611567128e-10
75,-0.26665252337276474,4.734110636035759e-10
76,-0.28181042394397465,3.704533315438949e-10
77,-0.29377075311184164,2.8449261712949747e-10
78,-0.506108871524275,1.6629650055438235e-10
79,-0.30175602040089694,1.2770873582145246e-10
80,-0.4717080206314971,7.465049910529507e-11
81,-0.33783482461959935,5.732845150846531e-11
82,-0.2963347967832469,4.341997666576418e-11
83,-0.25304843597106347,3.253420353688323e-11
84,-0.24145197472247978,2.413048916812891e-11
85,-0.2334741471971888,1.774153564708898e-11
86,-0.25214261738016197,1.2946567748970582e-11
87,-0.25876082548098905,9.386576257085554e-12
88,-0.5144367715768133,5.811714262511181e-12
89,-0.2806409494737802,4.213634081806873e-12
90,-0.4884676332819171,2.608878532440925e-12
91,-0.38933537614714525,1.6048706118324333e-12
92,-0.3844180143511269,1.1711255732128272e-12
93,-0.25538029517393507,8.49094502322464e-13
94,-0.18881594357840356,6.121701377292308e-13
95,-0.1796714134798546,4.3919935906518327e-13
96,-0.6137974574316679,2.748031748266715e-13
97,-0.18945015791107683,1.9715659228436216e-13
98,-0.19777844767039787,1.4084190830171448e-13
99,-0.22619313962869694,1.0023033352640943e-13
100,-0.26142866845585716,7.108775818009702e-14
101,-0.5341999238464384,4.499339672000564e-14
102,-0.548121132760003,2.8381223360588946e-14
103,-0.2667395794439188,2.0197535787610536e-14
104,-0.540002838135693,1.2740331166568378e-14
105,-0.2763146686059722,9.066673815058369e-15
106,-0.27619889830461497,6.430483596992609e-15
107,-0.49973470002582376,4.0700298755797114e-15
108,-0.48375681177668184,2.5673195491759233e-15
109,-0.32369260279395673,1.8270364111477323e-15
110,-0.31458880311936566,1.295814530515131e-15
111,-0.4888796555015471,8.20156644964217e-16
112,-0.31807185163506463,5.816911427482423e-16
113,-0.28958481227443883,4.1131123037902883e-16
114,-0.27511168572721656,2.9004324728701375e-16
115,-0.26338935756604864,2.0402442696984758e-16
116,-0.2577967505463026,1.4319461759989476e-16
117,-0.5403771931610319,9.15865652667646e-17
118,-0.5135849879263308,5.84469657131354e-17
119,-0.2816736220339295,4.111320914825063e-17
120,-0.5160789787621073,2.623684290862648e-17
121,-0.28909339865413286,1.8455719586649716e-17
122,-0.24387037309876136,1.2953153443395093e-17
123,-0.23067400391446383,9.072571307981344e-18
124,-0.5659914344931655,5.8146705807400586e-18
125,-0.5302678099702341,3.719034385326484e-18
126,-0.4497203815123794,2.3733423627365523e-18
127,-0.33968809307649983,1.6694745355730593e-18
128,-0.46318039340596506,1.065393386632438e-18
129,-0.3451915621236253,7.494271190187463e-19
130,-0.45615583526508163,4.782550912593016e-19
131,-0.3395269888136368,3.364178337275152e-19
132,-0.46307073885101246,2.1468871046630052e-19
133,-0.37729746769979644,1.3666793158618348e-19
134,-0.42198692219112294,9.637376212832234e-20
135,-0.32399677746032807,6.779196474001044e-20
136,-0.2633920464625095,4.7579814885234234e-20
137,-0.5426907336465786,3.043181297179067e-20
138,-0.489962319241661,1.9420393418730412e-20
139,-0.3960064375773758,1.2362759985669739e-20
140,-0.39585204533867285,8.717814605668084e-21
141,-0.27626084514439464,6.1323514544392386e-21
142,-0.5251771431679941,3.913426976484402e-21
143,-0.26349183087979644,2.752812567897774e-21
144,-0.5427923408589582,1.7567373697438478e-21
145,-0.37119894956843547,1.1183152674473344e-21
146,-0.41970226576330977,7.885994052780136e-22
147,-0.3794867641301032,5.020117235571085e-22
148,-0.19174604246622096,3.1870241044905565e-22
149,-0.14015633673387642,2.0171551834041915e-22
150,-0.16567193085628706,1.2723940841681193e-22
151,-0.6260293947979192,9.055009618301414e-23
152,-0.62417818268945,6.422210835950586e-23
153,-0.5293729159922105,4.541116834284731e-23
154,-0.27051361890821546,2.882930444258219e-23
155,-0.5206868916821915,2.0385073469104164e-23
156,-0.28180411925983195,1.2941474764275146e-23
157,-0.1535036862413762,8.191015205962806e-24
158,-0.6295607087444436,5.809428021683115e-24
159,-0.17156901369170668,3.676946725956703e-24
160,-0.6196429820616635,2.60785223893355e-24
161,-0.42670385577433495,1.844000766411368e-24
162,-0.3690623486170186,1.1706648700572707e-24
163,-0.16593629980538738,7.409459838530739e-25
164,-0.636901546544009,5.255114601687089e-25
165,-0.1695725234032431,3.3261065215164503e-25
166,-0.13245908379660093,2.098062804542547e-25
167,-0.6586358743992422,1.4930892175087346e-25
168,-0.5989993198169431,1.058964502074634e-25
169,-0.19861630870541283,6.702477497396712e-26
170,-0.5822964577037277,4.7536916498130315e-26
171,-0.35013819533247603,3.361314308637066e-26
172,-0.4474793573365124,2.13393218160107e-26
173,-0.34155008951144605,1.5088939931471788e-26
174,-0.45571705926989814,9.579221563207209e-27
175,-0.21103122994841414,6.062952709386347e-27
176,-0.5965795656043343,4.300112559723716e-27
177,-0.34337903179991536,3.0405905432081976e-27
178,-0.15774696916400954,2.144125153134297e-27
179,-0.6446167559042151,1.36492109484616e-27
180,-0.15586078204139672,9.624977812419858e-28
181,-0.6468041226813628,6.127130794764415e-28
182,-0.517097902073916,3.889812252972048e-28
183,-0.288477546466403,2.4619691258362586e-28
184,-0.16422018278543496,1.5529766757121696e-28
185,-0.6122196359569643,1.1051779405878967e-28
186,-0.1911453487890837,6.971312297271931e-29
187,-0.5859491887180396,4.9611437752990684e-29
188,-0.214451466979668,3.129422090245371e-29
189,-0.17715476700457813,1.9664963811874992e-29
190,-0.19566136905833373,1.2304194841854281e-29
191,-0.5902700914469177,8.827602255150687e-30
192,-0.21783461747736285,5.523353064508388e-30
193,-0.5580421079683145,3.962710652337141e-30
194,-0.5109792489573344,2.830824594075266e-30
195,-0.2956905501843069,1.778860811834144e-30
196,-0.25528841698920823,1.1130175592862936e-30
197,-0.2508979984437476,6.930036305501765e-31
198,-0.2640865162738846,4.290743475928333e-31
199,-0.2597650777007299,2.6394820693284963e-31
200,-0.5234843305075509,1.9261147463442283e-31
201,-0.47094611794201513,1.3964800012655905e-31
202,-0.3465354198908287,8.646329096339246e-32
203,-0.4331809059352206,6.268798725681236e-32
204,-0.36884789230409293,3.881337131346687e-32
205,-0.4110942188805511,2.814063747958307e-32
206,-0.2812273754552069,2.0288504841969883e-32
207,-0.5286552649556355,1.2632332164584842e-32
208,-0.42200953072698383,7.821329417556002e-33
209,-0.35780598646523293,5.670653908682138e-33
210,-0.4407673969594719,3.510994775540889e-33
211,-0.2951964699629913,2.159813982713376e-33
212,-0.1874716609485477,1.3186844094407307e-33
213,-0.16738810571201101,7.981132676108244e-34
214,-0.18188116801652646,4.781493198019877e-34
215,-0.6196833681879029,3.58273045830499e-34
216,-0.17856478891172695,2.1464122965911227e-34
217,-0.6287117126492505,1.6082877027331105e-34
218,-0.5988122789002377,1.1928605826949169e-34
219,-0.43485789626340593,8.770306479147804e-35
220,-0.36476903038502817,5.354751155717484e-35
221,-0.4239643433620491,3.936990578489449e-35
222,-0.21332177579025471,2.872948332388564e-35
223,-0.5915947464633028,1.767315070683914e-35
224,-0.36446701857687674,1.0790423846375284e-35
225,-0.16116441024435135,6.530736522917397e-36
226,-0.639510624614241,4.843821264637867e-36
227,-0.4184682261350468,3.561337983447512e-36
228,-0.1793992740789751,2.5988225820299608e-36
229,-0.6230806956230804,1.5986846207695876e-36
230,-0.41923722585543804,9.760842840609069e-37
231,-0.38495470498526574,7.176495262634681e-37
232,-0.4361180037229137,4.381642351149413e-37
233,-0.36805145477968654,3.221528723396709e-37
234,-0.19723825360186706,2.3508528631469372e-37
235,-0.6102208060583774,1.4461442439327827e-37
236,-0.20116423336505126,1.0552978502666597e-37
237,-0.5960354497821178,6.491741511014262e-38
238,-0.20824554649448532,4.737232049847035e-38
239,-0.1917117742261291,3.4346083645961006e-38
240,-0.21759427733584935,2.4762434214909146e-38
241,-0.24641154132645662,1.7765723229201548e-38
242,-0.5412156015946202,1.1115856719072717e-38
243,-0.26850429228925893,7.975033157588575e-39
244,-0.2812581752391307,5.697090194499199e-39
245,-0.5092521115398196,3.579992384441512e-39
246,-0.3004604373037686,2.5574237883106908e-39
247,-0.3023549544655692,1.8199940796145977e-39
248,-0.3027164398074189,1.2908197994448235e-39
249,-0.3001143558195491,9.12732962373898e-40
250,-0.29299711566128694,6.436294775342436e-40
251,-0.503205130744973,4.097258268096429e-40
252,-0.2958979870134165,2.8892527246512195e-40
253,-0.5006376803513144,1.839259236548487e-40
254,-0.2964858504083618,1.2969855480959326e-40
255,-0.4965832189643597,8.256434712866162e-41
256,-0.30110308804334385,5.822168125402645e-41
