t,lambda,delta_s
1,-1.9832851082746474,0.9858469030205783
2,0.11995576569805737,1.0285784837415823
3,0.6445246380503943,1.004873086907621
4,0.34106092952569234,0.8531194945628262
5,0.4562969152556193,0.8694389652876211
6,-0.0414453281641131,0.5820412812529335
7,0.2518974800118907,0.5015405014954858
8,-0.06860593886235102,0.31647663555404776
9,-0.2647966662460394,0.2801557510571831
10,-0.0052691222957537325,0.29877832683075856
11,0.18801891453542424,0.3076859999531828
12,0.1207208888160851,0.32150394294042
13,-0.5207374158438322,0.21400768466138748
14,0.12884210754053693,0.21582412615001015
15,0.24789486436549257,0.23331022459207898
16,0.174319592220349,0.28503848457928627
17,-0.6344227358598236,0.18801943855405126
18,-0.08781026583287393,0.1867487114561076
19,0.05817153553818977,0.2220880207586862
20,-0.5968037868948919,0.09479807414801276
21,-0.1176890134427934,0.08563579211337831
22,0.1750338469950232,0.09956140062907413
23,-0.7025488104510061,0.04753500554029239
24,0.04671214324862929,0.050579019654773814
25,0.09206133082702911,0.058503005328890176
26,-0.010588329597708794,0.057455797455513796
27,-0.6568209501995148,0.027933431938737287
28,-0.4288759841801225,0.018577540530084057
29,-0.15372286633132898,0.016689680232189183
30,-0.6374575864739678,0.00848753015204769
31,-0.15623815915147035,0.007478139260631889
32,-0.6445897207564224,0.0038040046225585812
33,-0.15887733723062925,0.0033594597899564435
34,-0.6504841332722794,0.0017214262584303172
35,-0.3288134446122867,0.0012837348123744667
36,-0.4824509862704575,0.0007736594736834626
37,-0.16388000117320933,0.0006793654355904799
38,-0.08724530560846458,0.0006297610300156282
39,-0.1301691594875967,0.0005558445876007468
40,-0.17506117032780968,0.00046719935223785597
41,-0.621055361742017,0.0002495052570256091
42,-0.17563271026717767,0.00020973592119273834
43,-0.6167657043090923,0.00011200053050939466
44,-0.5690463441049897,5.6962111737471395e-5
45,-0.23506114509876477,5.0278294283310775e-5
46,-0.5421666647110192,2.557023174334936e-5
47,-0.26220822599799665,2.2570115246330317e-5
48,-0.5227769857377718,1.1478465194058365e-5
49,-0.282199760753097,1.0131736527770656e-5
50,-0.5002203077305105,5.152680681038233e-6
51,-0.30166970177425273,4.548146806289483e-6
52,-0.13164870435313517,3.823532823739558e-6
53,-0.6585916364774622,2.0416616608703193e-6
54,-0.40764946797228474,1.0383196308879444e-6
55,-0.3936187603294455,9.165023369888335e-7
56,-0.11681997843493686,7.704862615772863e-7
57,-0.6710427412389525,4.1141786978793706e-7
58,-0.2992428126969675,2.0923303911990817e-7
59,-0.05603192595014117,1.0143248282891422e-7
60,-0.08290222857269154,5.278465689563336e-8
61,-0.14782630457658508,4.0449682136597826e-8
62,-0.6427189255926772,2.369503306031918e-8
63,-0.16244075009075434,1.815786270913029e-8
64,-0.631467194497004,1.0636700521101536e-8
65,-0.1735728530121416,8.151064656265026e-9
66,-0.6200530921309926,4.774814911770052e-9
67,-0.6487653224712856,4.11884594628589e-9
68,-0.6511180453150909,3.81397967949503e-9
69,-0.5407990417286578,3.3665175658771865e-9
70,-0.2554833992480244,1.7120954763070983e-9
71,-0.5522258564275258,1.511229732366057e-9
72,-0.2172966406271943,7.685596607284709e-10
73,-0.5816613019140757,6.783910263385363e-10
74,-0.2026714094582212,3.4500643183154745e-10
75,-0.08332745127251032,1.6725302326495103e-10
76,-0.7168802735203038,1.5487338723915025e-10
77,-0.07813748708196287,7.507988215341349e-11
78,-0.11145437343098243,3.9070972087202575e-11
79,-0.1638231126635821,2.994068030131867e-11
80,-0.6322693818759796,1.7538959370170745e-11
81,-0.17126710181632507,1.3440371387333712e-11
82,-0.21109153298045596,1.2158808540614546e-11
83,-0.23987768070566926,1.0720183752149161e-11
84,-0.5578882930203839,5.4580891538674015e-12
85,-0.24487465933938607,4.812290486341457e-12
86,-0.266516890671661,4.0759195599776905e-12
87,-0.5276758399374512,2.1602371993265075e-12
88,-0.27688832736693875,1.829680290470791e-12
89,-0.28886809382107015,1.491546752680578e-12
90,-0.5077818464161091,8.213434823924649e-13
91,-0.2958297239542091,6.695553372778176e-13
92,-0.4960089559345598,3.687010892462255e-13
93,-0.30599870653209216,3.0056339090391276e-13
94,-0.4837915198105187,1.6550991896268063e-13
95,-0.436188370456728,8.772025025057682e-14
96,-0.36484462472346374,7.429740262234489e-14
97,-0.4392761950447636,3.937762033748276e-14
98,-0.3818458513434089,2.0048775976184037e-14
99,-0.42163751558582,1.7676613769496034e-14
100,-0.3666512113990051,1.49717595022861e-14
101,-0.3214603573034092,1.2204907810288383e-14
102,-0.2939693163427761,9.661740909354958e-15
103,-0.2827632538685582,7.513322525381977e-15
104,-0.28065613566842085,5.764738803620311e-15
105,-0.5185255810117648,3.3727304816439765e-15
106,-0.28221894951181864,2.587791248945158e-15
107,-0.5176402959136777,1.5140187132099852e-15
108,-0.2827048715098872,1.1616594916514812e-15
109,-0.5163103237115056,6.796430003599626e-16
110,-0.2817288347658406,5.214689458023497e-16
111,-0.5166519589903602,3.050917428615873e-16
112,-0.49559349856777396,1.7611786587356805e-16
113,-0.30305563062145224,1.369556833705665e-16
114,-0.4978335834862414,7.90593099906447e-17
115,-0.450943395934429,4.483134217799214e-17
116,-0.34751839226951686,3.548972425480041e-17
117,-0.2930262814247632,2.7598105472379743e-17
118,-0.5049934795828449,1.5931337217979906e-17
119,-0.44096522800759,9.034018008211235e-18
120,-0.3559443905795399,7.15157727715118e-18
121,-0.27915553136672555,5.561327627446867e-18
122,-0.5166261390380978,3.2103430397131654e-18
123,-0.4206738748363815,1.8204558999964362e-18
124,-0.3748629657206265,1.44112299052724e-18
125,-0.4231904386248568,8.172026535084004e-19
126,-0.3772856318222321,6.469201104476782e-19
127,-0.2630092030606854,5.030686998906069e-19
128,-0.5402627067272457,2.9040243757996276e-19
129,-0.259541901649265,2.2582753938089342e-19
130,-0.21072241192700497,1.7327045056260741e-19
131,-0.5848805126752619,1.0137398242808307e-19
132,-0.5249531250992618,5.851934658368777e-20
133,-0.27027245029019104,4.55067807119665e-20
134,-0.2117062872057719,3.491593815011622e-20
135,-0.5858439120135104,2.0427993861601766e-20
136,-0.21680988533397624,1.5673764635587168e-20
137,-0.21207364002729195,1.1844869753820224e-20
138,-0.5798794064725816,7.035952944915083e-21
139,-0.22553154721501073,5.3171620324898996e-21
140,-0.23757092638245195,3.968235759745196e-21
141,-0.2559426534081752,2.9310724418356933e-21
142,-0.2754674219477398,2.1465147014417768e-21
143,-0.2910479135023052,1.5606760484269422e-21
144,-0.3016521512119411,1.127788366586184e-21
145,-0.4871291288368383,7.005874781388544e-22
146,-0.46333373558864627,4.325467747703211e-22
147,-0.42796037522633057,2.6514007110859726e-22
148,-0.378426071841679,1.941702471943972e-22
149,-0.3477661908872874,1.4117623043060913e-22
150,-0.32804180030699037,1.0201791107040535e-22
151,-0.30766238623646774,7.333250308100369e-23
152,-0.48252381555666785,4.5795840279504966e-23
153,-0.4216832193085441,2.844859301731088e-23
154,-0.3849165389432435,2.055775270146978e-23
155,-0.4009931365327815,1.2770573405470852e-23
156,-0.4040795832185263,9.228375187689784e-24
157,-0.39098269586088436,5.7327104017158664e-24
158,-0.2906510334922404,3.539408671051079e-24
159,-0.24038020298459575,2.1695666722360206e-24
160,-0.2329407626048203,1.3185406409422336e-24
161,-0.5647872041703071,9.7391847916675e-25
162,-0.552533399049513,7.132305239879954e-25
163,-0.24831571020885165,4.37192005297954e-25
164,-0.5447464611623186,3.2016918221821113e-25
165,-0.4895094239497404,2.3278683989295614e-25
166,-0.39157004319797667,1.6821831166708407e-25
167,-0.29544406092632997,1.2091866741021938e-25
168,-0.23846608936618058,8.652006477444385e-26
169,-0.21505763939240027,6.165776610739212e-26
170,-0.21992211432191486,4.3783300314765177e-26
171,-0.23041425477104027,3.099192807708984e-26
172,-0.24257434881813184,2.1875198192263134e-26
173,-0.5605939276022691,1.3912276513805628e-26
174,-0.560241064587634,8.822825824221714e-27
175,-0.23726598490074335,6.245220927047346e-27
176,-0.22964490576093183,4.4080976567127576e-27
177,-0.5622445711230117,2.8034796741515544e-27
178,-0.5357861170876328,1.7778983074581656e-27
179,-0.44662371394395833,1.1239210700476474e-27
180,-0.35307559818206713,7.980985502179706e-28
181,-0.2588527228919401,5.6493258134868555e-28
182,-0.22284900494485857,3.9874938246919615e-28
183,-0.21944183671876674,2.8073104030234374e-28
184,-0.23552558208258123,1.9718595633784186e-28
185,-0.2506262514098875,1.3821403765421361e-28
186,-0.5436166772546912,8.851677580005723e-29
187,-0.5370879219794432,5.657045161588407e-29
188,-0.5065308534793097,3.6070224029051303e-29
189,-0.44222266894237633,2.29400861284339e-29
190,-0.3599356712593705,1.45480420909527e-29
191,-0.29049328411187436,9.196730187194078e-30
192,-0.2528691514926701,5.793114345017088e-30
193,-0.5507682215760488,4.1284121810314216e-30
194,-0.5121358719962171,2.931593564878809e-30
195,-0.28882394746217843,1.853244228065006e-30
196,-0.5122637821227525,1.3159923512740979e-30
197,-0.4254283496173638,9.315227497122476e-31
198,-0.3810755294639194,5.907489664869424e-31
199,-0.29874755705898953,3.7344948682289537e-31
200,-0.5031283653605444,2.6518721105598854e-31
201,-0.42302026782227153,1.8771227643704219e-31
202,-0.34319788676812196,1.3249395907112478e-31
203,-0.2916723469495916,9.327956004216853e-32
204,-0.49250410081517293,5.947653822702792e-32
205,-0.31228516488516056,4.187319450292946e-32
206,-0.2797722208816665,2.941180246433788e-32
207,-0.2558076580162167,2.0615687084324836e-32
208,-0.2376872999441407,1.4422676980126704e-32
209,-0.24042146934550176,1.0072350190759986e-32
210,-0.5486978838640737,6.474339696378877e-33
211,-0.263332904729646,4.5214780006321606e-33
212,-0.27142066550086624,3.1525148622427486e-33
213,-0.5161512907936855,2.0296914744837766e-33
214,-0.2904929453470936,1.4151639216607702e-33
215,-0.5078229947478131,9.111285028957671e-34
216,-0.48573106072333455,5.856582945469681e-34
217,-0.4410040807254939,3.757905378411681e-34
218,-0.3828782222426055,2.4066851204426492e-34
219,-0.33581389812699197,1.538095608771383e-34
220,-0.3069437410730408,9.807143411757048e-35
221,-0.2966939666578416,6.237186504813815e-35
222,-0.4955746865080572,4.4024266775377394e-35
223,-0.464838631255497,3.0994350721920804e-35
224,-0.3375173048755539,1.9762493355466909e-35
225,-0.4549993521639324,1.3913364039070247e-35
226,-0.3497231098900452,8.871383267269098e-36
227,-0.4467642706825796,6.245709117138636e-36
228,-0.3880323020221518,4.386996621195074e-36
229,-0.3348969611484779,3.074988338175078e-36
230,-0.4645222361656357,1.9693227832544688e-36
231,-0.4202617338934339,1.2585804015026385e-36
232,-0.37311836715894414,8.024909779583004e-37
233,-0.42050423429022654,5.6497674223453455e-37
234,-0.3807016882127494,3.6023820000548096e-37
235,-0.41847318327023664,2.5361805958908253e-37
236,-0.3827186120484251,1.6171092798246048e-37
237,-0.32069059988605897,1.0284556627202583e-37
238,-0.4783631792312835,7.259203557132652e-38
239,-0.39149344855281437,5.110688206564814e-38
240,-0.40879627919325806,3.2586564767968476e-38
241,-0.3863112078063372,2.2941879359269458e-38
242,-0.4054525485633581,1.462810892434105e-38
243,-0.38125740065655206,1.0298609644376059e-38
244,-0.41658727434587384,6.5665580961367e-39
245,-0.28583880808899687,4.176226024307917e-39
246,-0.5036291428745081,2.947727929355765e-39
247,-0.29893655591683815,1.8747078623118243e-39
248,-0.48355277147301434,1.323235067487803e-39
249,-0.3001206262846333,9.315955670203194e-40
250,-0.1994900389644152,6.543542979969574e-40
251,-0.19306901409344723,4.586581684731852e-40
252,-0.5858786453667634,2.9373964437083426e-40
253,-0.5335513719645412,1.877269499409007e-40
254,-0.4252191962045585,1.1969770343423424e-40
255,-0.373843290774462,8.427062782847033e-41
256,-0.4202281181423861,5.373229907162776e-41
