t,lambda,delta_s
1,-0.9498100344529352,1.0490023592239386
2,0.5009270878993364,1.015666085489439
3,0.01611578145356085,0.9906800438431032
4,0.10526233588851167,0.9645288272808826
5,-0.11640808516122436,0.6426964584595776
6,0.31098937024526296,0.735437740585509
7,-0.14644455348121335,0.5156066701423379
8,0.13865168758832638,0.5444061758361658
9,0.10021600548730089,0.5947535771233438
10,0.38700534579867796,0.6091769954524591
11,0.06230505554975036,0.4615485534265863
12,-0.18682407100941795,0.2970666694774831
13,-0.12095040646573936,0.23631629498303366
14,0.32182903018377856,0.2693001658773482
15,0.34483052333954295,0.30561383516458573
16,-0.23217114162826763,0.1602604930601067
17,-0.38056943156500556,0.12877817076935053
18,0.129897182858084,0.1277599791335391
19,0.20549951192176158,0.1256272284015298
20,0.07674267831917765,0.11440479027644777
21,-0.5840224772235264,0.05652074870762107
22,-0.01394289269629605,0.03319365682024865
23,-0.6562867513915696,0.026337994508768
24,-0.12434261922675499,0.015135114416118577
25,-0.6912683427922108,0.011867484999429478
26,-0.08668278360813138,0.006911161756758953
27,-0.7015759752304536,0.005367107208397535
28,-0.09383771985757035,0.003126284543977618
29,0.04955450023396559,0.0027270222284258346
30,-0.8544575232272142,0.0014047992181625715
31,0.06034816497625142,0.0012244466494952938
32,-0.03613370282098332,0.0011429768562733738
33,-0.7685448560827508,0.0005501814518856134
34,-0.8543607489136538,0.0002837233514761048
35,-0.5009878440971809,0.0002189712918340509
36,-0.3091965379678412,0.00012740324626858392
37,-0.49167599744803997,9.830272892824517e-5
38,0.03451973791995629,9.397563287883854e-5
39,-0.8321908423332373,4.412780320941521e-5
40,-0.3349815671450931,2.567163026794179e-5
41,0.052162016244661866,2.2347655457975132e-5
42,-0.8579812484721381,1.1524112558702435e-5
43,-0.4321918789700359,8.892396955152892e-6
44,0.05447878811121756,8.501085230141848e-6
45,-0.005431189881486781,7.79215413066611e-6
46,-0.7856522456632389,3.816135188935298e-6
47,-0.814511837558401,1.7919040722217823e-6
48,0.010604610356313214,1.7130639004193148e-6
49,-0.8000499775036625,8.043856414421025e-7
50,-0.366539064262299,4.679550778264144e-7
51,-0.42532973775612526,3.6108880225270874e-7
52,-0.3808985909645788,2.100649706615001e-7
53,-0.39949221766070114,1.6209275099085958e-7
54,0.01870140028240143,1.549610463385868e-7
55,-0.023709485520369594,1.4203862003540674e-7
56,-0.7592327456866066,6.956201080907643e-8
57,-0.728785296805279,3.266349320660002e-8
58,-0.07527904032745052,3.122638692401217e-8
59,-0.0451652062619587,2.8622373917054176e-8
60,-0.10699259042811853,2.476348486324824e-8
61,-0.687176274518455,1.2848583967710963e-8
62,-0.11002577790806053,1.1116328259582647e-8
63,-0.6826633714870036,5.767729397211427e-9
64,-0.11339648908793239,4.990119730835473e-9
65,-0.6876368733555035,2.5891337335561156e-9
66,-0.6389694131166017,1.2680025872546933e-9
67,-0.37490294947352576,5.954023952694012e-10
68,-0.42498686638751265,5.692063613683224e-10
69,-0.17379982888537293,5.217394713859397e-10
70,-0.11631625654574239,4.5139815705971624e-10
71,-0.6797830672849409,2.3420884875454476e-10
72,-0.5881816586725822,1.147014627251617e-10
73,-0.3139101513841414,5.385913758560494e-11
74,-0.14181903706748666,3.133275008774629e-11
75,-0.13419360178829282,2.727523569247038e-11
76,-0.1647424138126463,2.5423232716252845e-11
77,-0.6270734078548165,1.2243853302330279e-11
78,-0.5785968189175978,6.313900382836899e-12
79,-0.23088951248257167,5.496265747405722e-12
80,-0.5527148271229126,2.8343098818588405e-12
81,-0.38650426698136686,2.187045491417507e-12
82,-0.4271442782371514,1.2723217059681565e-12
83,-0.2792904513786614,1.1075591612431042e-12
84,-0.5082038571632443,5.711452138092403e-13
85,-0.34747202709849156,4.407141833005907e-13
86,-0.45518164067751493,2.5638708647895465e-13
87,-0.3535450727230277,1.9783659688363794e-13
88,-0.2659761657961157,1.8913234158418613e-13
89,-0.24617327574745787,1.7336033913460532e-13
90,-0.2513000687953908,1.4998776567535136e-13
91,-0.530614097555679,7.782145623752533e-14
92,-0.27587865565433994,6.732950801166402e-14
93,-0.2641329861966288,5.549550490340591e-14
94,-0.2577140244635228,4.42103327751375e-14
95,-0.24938803111468483,3.435986280912299e-14
96,-0.5561577273383006,1.9846018382759564e-14
97,-0.5441074468541642,1.1182966342646974e-14
98,-0.2546178394725791,8.908877652020729e-15
99,-0.5416455854034056,5.020033591214244e-15
100,-0.4649150272950412,2.734033694933198e-15
101,-0.34155108544810825,2.2534930790960692e-15
102,-0.4569079233830251,1.227307725655515e-15
103,-0.34839439136872075,1.0115930432062246e-15
104,-0.44991506467475584,5.509384380467614e-16
105,-0.34099898696530634,2.858555253022397e-16
106,-0.4542694182670243,2.4731626483919117e-16
107,-0.33543479840453333,1.2832054530817545e-16
108,-0.24466647515225579,6.284371544288902e-17
109,-0.21875354802802155,2.950885050764305e-17
110,-0.569966793227044,2.821054386231289e-17
111,-0.5245754811480792,2.5858028352910257e-17
112,-0.4397806686291771,2.2371829201433182e-17
113,-0.3426194459978404,1.84397004197787e-17
114,-0.26956010842416006,1.4689933774837598e-17
115,-0.524105428127763,8.277581518438663e-18
116,-0.41716452917685776,4.508174372294136e-18
117,-0.38219417117714055,3.715806343627115e-18
118,-0.2679414233782073,2.9601863297873926e-18
119,-0.21617272569325108,2.3006295089036783e-18
120,-0.205930256240141,1.755057236567901e-18
121,-0.21034016794792895,1.3196277151205018e-18
122,-0.21625208724825384,9.807893298277257e-19
123,-0.22574493880885782,7.221800958147991e-19
124,-0.233337070867848,5.276286882501914e-19
125,-0.5831363659825763,3.2418664501126334e-19
126,-0.6204540893663706,1.9764004460867418e-19
127,-0.170565799937588,1.455273849455562e-19
128,-0.18515186680722914,1.0632309540000889e-19
129,-0.6304774619548527,6.532724310206017e-20
130,-0.6605895982197254,3.9826684533547913e-20
131,-0.6158800537219741,2.4054672870559138e-20
132,-0.18138707531427542,1.7878198687109663e-20
133,-0.1232092807174109,1.3164171803460303e-20
134,-0.1361158569399292,9.617815197085054e-21
135,-0.6793977584529199,5.909396722573331e-21
136,-0.10263952865301616,4.317437241971481e-21
137,-0.1242503966984194,3.1329172182598724e-21
138,-0.6886763145854188,1.938097577920998e-21
139,-0.10789121171324023,1.4063665392768575e-21
140,-0.1438657027261149,1.0145782857106406e-21
141,-0.17850400266128816,7.282460501258588e-22
142,-0.20571812491399996,5.204203283461944e-22
143,-0.6001855984244276,3.2690965190149804e-22
144,-0.19390399356200186,2.336166853946067e-22
145,-0.6072241280198626,1.4674974273858248e-22
146,-0.6137530432114976,9.177711030918203e-23
147,-0.5213033415321384,5.71079994397524e-23
148,-0.3079842100487509,3.532837533944602e-23
149,-0.17785452628019943,2.1706529099044878e-23
150,-0.6127581088329744,1.5858907689877312e-23
151,-0.19327263331140446,9.744060912561245e-24
152,-0.183295043884938,5.940456410107002e-24
153,-0.6075653654689589,4.374108943648743e-24
154,-0.2014440086055504,2.6666708824970336e-24
155,-0.5875623477773725,1.9635375048039208e-24
156,-0.22158793467894874,1.1970685591529184e-24
157,-0.5586737813607083,8.814319859064799e-25
158,-0.4958196265787295,6.4397898142136395e-25
159,-0.3087216710744825,3.95674818473419e-25
160,-0.4543022502232978,2.8908216476005035e-25
161,-0.267730863671541,2.097703894023578e-25
162,-0.17195713939285973,1.5133215710758617e-25
163,-0.16524665156203455,1.0862350123473546e-25
164,-0.6165679123101,6.793300532559545e-26
165,-0.17513707035563283,4.876108970427276e-26
166,-0.6025972446275829,3.0495126090659805e-26
167,-0.47815886683167275,1.8975490052298435e-26
168,-0.2814407360578292,1.1738692326715994e-26
169,-0.16711586108524074,7.21251017422504e-27
170,-0.1415687747364866,4.397099185022962e-27
171,-0.6687400456099514,3.237695817209622e-27
172,-0.6210869095716846,2.365478094574256e-27
173,-0.19315736166574374,1.4534016523453992e-27
174,-0.59787210818596,1.0618631166543832e-27
175,-0.3293419819633327,7.705333176035972e-28
176,-0.1259797122370745,5.5587668692627475e-28
177,-0.6776185101889033,3.4589240627225485e-28
178,-0.4708224560431393,2.139773214913961e-28
179,-0.3282411237479162,1.552711011756153e-28
180,-0.5026542683913454,9.605441961748768e-29
181,-0.1782780422919993,5.901794335248811e-29
182,-0.6092170932368292,4.3118828966290224e-29
183,-0.19998258319049658,2.6493154770931923e-29
184,-0.0804707862195161,1.6151523732785393e-29
185,-0.6917122741196088,1.1892777176671339e-29
186,-0.5073496216833921,8.688927398780196e-30
187,-0.1823046460814261,6.3050575446044346e-30
188,-0.06606495967097521,4.548582674756311e-30
189,-0.10793803076061437,3.264890854865905e-30
190,-0.6971785121666021,2.041858762698109e-30
191,-0.7572117384157016,1.2705397749328686e-30
192,-0.027805423997740088,9.165903985751812e-31
193,-0.7594905970107344,5.7034530496736475e-31
194,-0.5330816006657912,3.5282925692809415e-31
195,-0.09396911055828705,2.16786038387469e-31
196,-0.7076528782081988,1.5838505343502147e-31
197,-0.28682992673162655,1.1493097252179273e-31
198,-0.518666622544846,7.109905048698117e-32
199,-0.27586223119579667,5.159251356503276e-32
200,-0.024262285077076593,3.721977344201399e-32
201,-0.060527750692855334,2.671568411967421e-32
202,-0.7242927992732575,1.6707956298120085e-32
203,-0.07671872748417645,1.1992670601321746e-32
204,-0.13344356204416646,8.570220972717918e-33
205,-0.6490702561103461,5.3835098329333345e-33
206,-0.6488875447848983,3.366840490261301e-33
207,-0.14076327429518737,2.416657564003774e-33
208,-0.14869493429390385,1.726995598179765e-33
209,-0.18680280626127815,1.2293622739621112e-33
210,-0.22223560578448884,8.721109265338896e-34
211,-0.5593309539422157,5.5186072478159174e-34
212,-0.2551599718109556,3.91490594921063e-34
213,-0.5257310647381487,2.4773027935445657e-34
214,-0.2870430031840925,1.7574012806006526e-34
215,-0.4948187207266056,1.1120612240221556e-34
216,-0.32472744765423556,7.888974348616333e-35
217,-0.3216353746356356,5.579250983061521e-35
218,-0.3194208561098813,3.9348735554555287e-35
219,-0.3088532685347962,2.7682260541140375e-35
220,-0.46831056797432424,1.7663647390439868e-35
221,-0.39182917291077923,1.1242816164904169e-35
222,-0.2971931479699218,7.136238565485742e-36
223,-0.5126280006643413,5.046900176425482e-36
224,-0.4159708280744073,3.559422958660882e-36
225,-0.2940220200175575,2.504092503332306e-36
226,-0.4920910874634243,1.5978249661428697e-36
227,-0.2987864308585561,1.1240871247458722e-36
228,-0.18460702631577916,7.89018025281307e-37
229,-0.6120423963599612,5.046027102984222e-37
230,-0.4813041601571102,3.2197964229565873e-37
231,-0.27679396717721205,2.0493830335012985e-37
232,-0.5148002329840665,1.4453666142652122e-37
233,-0.29045678762988075,1.0168310272151453e-37
234,-0.16262612319383418,7.137329406912617e-38
235,-0.6324831140399542,4.5645544811687874e-38
236,-0.5210092326805518,2.912575753341863e-38
237,-0.28226130837602836,2.049028506596669e-38
238,-0.18589104967666897,1.4382518849555444e-38
239,-0.6057192069062467,9.198088966112446e-39
240,-0.5106723319806569,5.8691666427258046e-39
241,-0.29478585176693967,4.129022136887878e-39
242,-0.4945194039355997,2.634668905919615e-39
243,-0.31533791050059445,1.6769525291064916e-39
244,-0.20407514818824857,1.0644248856487997e-39
245,-0.19475292060016453,6.735545571070003e-40
246,-0.20855586834630768,4.247503381182166e-40
247,-0.5884982581439584,3.023586406853325e-40
248,-0.21088331869370117,1.9067042678126744e-40
249,-0.5828554150995666,1.3572879380364572e-40
250,-0.5062683605669723,9.628615309621326e-41
251,-0.35147960945913853,6.809562188670091e-41
252,-0.45136133007731627,4.3222854124890155e-41
253,-0.3422885925091653,3.056812466494003e-41
254,-0.205223690797028,2.1558755063916806e-41
255,-0.17731635402056503,1.516681708347514e-41
256,-0.19007164625190212,1.0645875930401527e-41
