t,lambda,delta_s
1,-0.8070564324697813,1.03426610366658
2,0.0028986942751646778,0.9884191460583148
3,0.04539749522541898,0.7442702052562296
4,-0.09366150516408017,0.662566044922201
5,0.21312510120384395,0.5319326351750379
6,0.5670222288350375,0.5769298630428766
7,-0.25639804952230705,0.357398674406722
8,-0.09026298262214744,0.3341698111455212
9,-0.21283200626607265,0.3429813450276946
10,-0.04484424769368027,0.19263109822577162
11,0.03969048509929816,0.17364075237721388
12,-0.30010837850207417,0.10963885914611504
13,0.03673235088266057,0.10403891763304268
14,-0.6789560559505724,0.05232047209214429
15,-0.11961718008139502,0.04635757701077606
16,0.08539624594550481,0.044495411948632824
17,-0.8807018123064171,0.02122195812467536
18,-0.31344405774411793,0.011627932663331265
19,0.07749158642320852,0.010571375390897378
20,-0.8600373269465073,0.005208894778548221
21,-0.4093978804299334,0.004289160024989128
22,-0.3873894381524397,0.002345590115209044
23,-0.4031947260193861,0.0019269172713863474
24,-0.3994221206053813,0.0010536435710881815
25,-0.3988357957555415,0.0008653480091071887
26,0.053257623376113276,0.0008365838277444077
27,0.00016363334621285542,0.0007931772302823684
28,-0.8036924524854097,0.00037548967936761816
29,0.00439351707221662,0.000356021065421983
30,-0.8002319404867935,0.0001686069321161
31,0.003672602787432046,0.00015981603941196985
32,-0.08533812883749746,0.0001397166427647519
33,-0.707369883252716,7.174544136015566e-5
34,-0.7610925451638705,3.39870351203966e-5
35,-0.040519557699836374,3.220645525074101e-5
36,-0.09264764426357706,2.8153554124381227e-5
37,-0.6942082033056075,1.4457642220990833e-5
38,-0.10664731102363717,1.2638051876553792e-5
39,-0.6966880295949233,6.490061282822251e-6
40,-0.6874645238157533,3.074637123705712e-6
41,-0.46884574523914746,1.4299776803850298e-6
42,-0.17989210554354942,7.8430337103532e-7
43,-0.6177038797866111,6.419171542830739e-7
44,-0.18385993617427968,3.520738706575651e-7
45,-0.1051572309658944,3.230530441266799e-7
46,-0.7183378813761342,1.580459447657576e-7
47,-0.6651043974914319,1.2935352721422717e-7
48,-0.3297879064002195,1.2485134492920625e-7
49,-0.0910005066109308,1.1830360957763286e-7
50,-0.7231496869301531,5.60457630401359e-8
51,-0.48019127771838793,2.6066182134460775e-8
52,-0.31914801130790427,2.515894330964826e-8
53,-0.08152980005004891,2.3839504090136688e-8
54,-0.7292424903508231,1.1293849415415168e-8
55,-0.06809318902705176,1.0701553391210664e-8
56,-0.728291470464527,5.0698090113884824e-9
57,-0.07221743645048638,4.803927323117766e-9
58,-0.06834873903224574,4.199304399481657e-9
59,-0.11465570990791547,3.482344760900996e-9
60,-0.6966388300589018,1.8850677479752315e-9
61,-0.7370554632563866,9.680452112768907e-10
62,-0.5549346896753622,4.586067158514937e-10
63,-0.1598977283676619,2.1329222518473614e-10
64,-0.6342160749009523,2.0586855475836274e-10
65,-0.23121077185142733,1.9507196187976623e-10
66,-0.5602988070751234,9.241439423334421e-11
67,-0.23336293298810606,8.756780368683489e-11
68,-0.04133254492231375,7.654650823781719e-11
69,-0.7495059865371299,3.9309187075909215e-11
70,-0.5161923889056725,1.8622536404342928e-11
71,-0.11597636302355509,8.661107857610477e-12
72,-0.6769020616397783,8.359656591927571e-12
73,-0.2673481948874783,7.921241851811858e-12
74,-0.5257768621481181,3.7526498441132105e-12
75,-0.11622691478777217,1.745310324319763e-12
76,-0.040721425130036265,9.572546861220923e-13
77,-0.09016296414101097,8.783499046879857e-13
78,-0.7148623604610852,4.2971162860015314e-13
79,-0.7552949144440598,3.516995952791971e-13
80,-0.05079109056620638,1.9289755007859368e-13
81,-0.09143610109594288,1.769973520971101e-13
82,-0.7042118395189284,8.659171023028195e-14
83,-0.7203610629960042,7.087141100121048e-14
84,-0.07784029092833801,3.88710187223753e-14
85,-0.09169651992083479,3.566695058789255e-14
86,-0.7072119566135153,1.7449200304474182e-14
87,-0.09431347572886413,1.60108941189051e-14
88,-0.13237303985710666,1.6084843219993807e-14
89,-0.6688405865968374,7.18729036997655e-15
90,-0.1316333418221856,7.220486121455203e-15
91,-0.6673106794391274,3.2263746470824823e-15
92,-0.6681483085251362,1.5784264296855704e-15
93,-0.5360186426405575,1.2918708723493203e-15
94,-0.265007929229498,1.2469070968245766e-15
95,-0.130101604900369,1.1815141653355006e-15
96,-0.6715315430643994,5.597365957645525e-16
97,-0.5276895686500561,2.6032646265086775e-16
98,-0.24988899766267558,1.4278190120214768e-16
99,-0.5367093960571009,1.1686054908397453e-16
100,-0.261438591963133,1.1279319869379587e-16
101,-0.5369525280283739,5.245870048379617e-17
102,-0.26499963071054183,5.0632866893644966e-17
103,-0.12509902488691826,4.797747131180602e-17
104,-0.12526426246823752,4.193902037369506e-17
105,-0.6807082564389619,2.153708687186972e-17
106,-0.1132804230479763,1.882642624575171e-17
107,-0.14588669502256107,1.5612134886247016e-17
108,-0.6639336023418887,8.451182741717946e-18
109,-0.12979441569323077,7.008287350436286e-18
110,-0.16200639724874763,5.608464525682123e-18
111,-0.6475940309210397,3.146020191610849e-18
112,-0.6856978853235757,1.703008060214701e-18
113,-0.10695821954941867,1.4122484640141102e-18
114,-0.13481900043953765,1.1301684728122807e-18
115,-0.6718416562266775,6.339583354959341e-19
116,-0.12284063742868923,5.073326274454329e-19
117,-0.6813495028587347,2.845838968041249e-19
118,-0.6747634780164297,1.5405135394778883e-19
119,-0.12195404736381354,1.2774971127537168e-19
120,-0.6761424098683765,6.915365278716243e-20
121,-0.42462324079401004,3.5512709031191224e-20
122,-0.13853712724149325,1.682397337475138e-20
123,-0.6707012991427825,1.594165508410174e-20
124,-0.12047156824942698,7.552281647925894e-21
125,-0.6797100852796413,7.156208967253272e-21
126,-0.414588553080664,6.255527552203474e-21
127,-0.11968984421659218,5.187502856612163e-21
128,-0.08582887969523452,4.151360281534806e-21
129,-0.1347925033762216,3.236913994339079e-21
130,-0.18342663429640094,2.47493341842211e-21
131,-0.21324249961102354,1.8638148041412927e-21
132,-0.5890168268460229,1.1109976115296854e-21
133,-0.6141998857874111,6.52274455665201e-22
134,-0.628766333084048,3.7552533486828304e-22
135,-0.5783182350426225,2.1064772373029432e-22
136,-0.22249779685823043,1.6857332282237222e-22
137,-0.16326382513840745,1.3144061481318604e-22
138,-0.6302956068221713,7.567256461496293e-23
139,-0.16257568396898975,5.900369198963922e-23
140,-0.17057497613283118,4.511402198848348e-23
141,-0.6242579764020004,2.6486757334149053e-23
142,-0.6012556219809758,1.5248870059364366e-23
143,-0.19431804066444902,1.1889905367299512e-23
144,-0.5968925666395867,6.845217769648666e-24
145,-0.45800639742406973,3.839766342583562e-24
146,-0.2652176561686577,2.0785476991527827e-24
147,-0.17230229167885422,1.0674036247173866e-24
148,-0.6284445721812354,9.330600621496842e-25
149,-0.17318968544376112,4.791574871356348e-25
150,-0.16845502386930256,2.2699853167502177e-25
151,-0.635986355972378,2.150937959751865e-25
152,-0.16249276712429214,1.0189964086891733e-25
153,-0.18563273228136265,4.739224351869506e-26
154,-0.6175177360221253,4.5742748786056997e-26
155,-0.6283207676127589,4.334381109045297e-26
156,-0.5685659078100561,3.7888553245797746e-26
157,-0.38911413983855875,3.1419728640831484e-26
158,-0.22432764364504246,2.5144008040379788e-26
159,-0.5764858574429164,1.4104316186869256e-26
160,-0.3974368201369374,7.634968209710136e-27
161,-0.21772335144672816,3.9208110282811384e-27
162,-0.5811790676634027,3.42733722933888e-27
163,-0.2226042419170178,1.760052070595403e-27
164,-0.5759623999170822,1.5385316822502238e-27
165,-0.37729783288775126,1.2758536238642326e-27
166,-0.2077116589649991,1.0210168949422533e-27
167,-0.15866944812260356,7.961110700016954e-28
168,-0.1803439877013094,6.087038133755805e-28
169,-0.20969981249178885,4.58400686766746e-28
170,-0.22862430076602785,3.410652479594289e-28
171,-0.24488132379242655,2.51280363017482e-28
172,-0.2581847255228478,1.8362713530175947e-28
173,-0.5470154205036015,1.1279975495854766e-28
174,-0.25325708457762885,8.243022103695981e-29
175,-0.5491316026788684,5.063581000089206e-29
176,-0.2449895243122458,3.700292622349127e-29
177,-0.549889190268094,2.273041510940044e-29
178,-0.4832458047920078,1.3849557313416525e-29
179,-0.35900569593399506,8.355901014709156e-30
180,-0.257389585819869,4.980852201030477e-30
181,-0.21574214068451325,2.924293107797706e-30
182,-0.21853460371074152,1.683564547133517e-30
183,-0.5690438111785472,1.3127151760903904e-30
184,-0.5054913282655997,1.0036975538608146e-30
185,-0.29555862917689774,5.892778425469763e-31
186,-0.22093042148259812,3.3925712900597715e-31
187,-0.19670356161049052,1.903033839499806e-31
188,-0.20213791212522728,1.0301529456713624e-31
189,-0.6099998827474616,8.542718905514631e-32
190,-0.6458960920780625,6.836411456712055e-32
191,-0.15123021039734386,3.8348265166855177e-32
192,-0.6598798852278924,3.0688651029180424e-32
193,-0.13821199736652598,1.7214536233401285e-32
194,-0.6706852653100575,1.3776135446999095e-32
195,-0.12545541414105416,7.727605315173842e-33
196,-0.16490444408743415,4.18311814176903e-33
197,-0.6357751963014406,3.468922025981538e-33
198,-0.6627893425159639,2.7760457230486786e-33
199,-0.1332868709785579,1.5571990974631124e-33
200,-0.6803983936775866,1.246166925076552e-33
201,-0.6734046510922064,9.716658843138211e-34
202,-0.4513974264374165,7.429324266367995e-34
203,-0.1441192085411818,5.594851339981049e-34
204,-0.09335374312821557,4.162754146434686e-34
205,-0.15338573945005998,3.0669157274946538e-34
206,-0.2131467722442924,2.2411976108637442e-34
207,-0.2506660160322565,1.626571368093923e-34
208,-0.2743379949684672,1.1735906647037678e-34
209,-0.28966809838837504,8.424766972450812e-35
210,-0.49078372246819574,5.268248493855215e-35
211,-0.3294249825019098,3.7818778939331696e-35
212,-0.4495336319791801,2.3649167488916064e-35
213,-0.3915308533552962,1.4713701444019335e-35
214,-0.4161607759297924,1.061611128577442e-35
215,-0.3655985908525982,6.604980578220282e-36
216,-0.2772073304325302,4.085339732553522e-36
217,-0.5327294983134556,2.9649757815630834e-36
218,-0.45524350561540694,2.1392654306910596e-36
219,-0.3242504775771859,1.3309776283436683e-36
220,-0.21979140295763125,8.232417527679368e-37
221,-0.1918027252668245,5.057066747311981e-37
222,-0.6108350132717367,3.6955322281752697e-37
223,-0.5928796474937368,2.6820691237046306e-37
224,-0.4841855779958258,1.935144898903823e-37
225,-0.2979466988553361,1.389167903385356e-37
226,-0.4854876169558092,8.686865451179264e-38
227,-0.31473774950400196,6.235974718296864e-38
228,-0.46979959720995634,3.899533901034372e-38
229,-0.2150007438870412,2.4261563379574843e-38
230,-0.5877478164510818,1.75050076817433e-38
231,-0.30729617140827487,1.2566188110134108e-38
232,-0.11742482105316289,8.980975152892852e-39
233,-0.6705923785058444,5.640961842639203e-39
234,-0.4489136898465166,3.527455279007387e-39
235,-0.16440552267362069,2.194661772206997e-39
236,-0.6441088074087521,1.5834746747464168e-39
237,-0.34643077322102533,1.1367170464740554e-39
238,-0.11359408674630257,8.124044826306752e-40
239,-0.6741671799164396,5.102722821622036e-40
240,-0.13167710622789555,3.6468837225291017e-40
241,-0.6536564456598435,2.290612274626132e-40
242,-0.3685938918137713,1.432385572831444e-40
243,-0.12163450813069877,8.911812088624377e-41
244,-0.10431835608070188,5.512170639041923e-41
245,-0.6979427760179597,4.0005124465834835e-41
246,-0.1079515045956445,2.4744133998659194e-41
247,-0.6873664874531034,1.795830037271326e-41
248,-0.11850456020158058,1.1107641751998111e-41
249,-0.14630770241217914,6.823279499153167e-42
250,-0.18581781790665092,4.157398799545037e-42
251,-0.21256139553487352,2.5082977066722822e-42
252,-0.23725028378472493,1.495166126444737e-42
253,-0.5600506164352896,1.1259748405251879e-42
254,-0.5651093634845337,8.377624625488681e-43
255,-0.2373921130979616,5.0545010591175685e-43
256,-0.5605936083797811,3.76071569438187e-43
