t,lambda,delta_s
1,0.04899120930154386,1.0653197186487904
2,0.35176588936277153,0.8634475732938917
3,0.21495308800158658,0.9676072803324465
4,-0.021981724198742447,0.7332167247863414
5,-0.027989828647260327,0.7297837783545731
6,-0.03135455128896943,0.5154187980377446
7,-0.25627543933810837,0.4666100537949517
8,-0.17294178923793613,0.30364054678601904
9,0.2709856289916017,0.35848237932219035
10,0.4539593258995064,0.43276132093120745
11,-0.20780443307516436,0.3626392354370026
12,0.36407638284486216,0.3873473099021947
13,-0.2993519602656127,0.23774964005961038
14,0.27810926543586756,0.2249609528745652
15,0.2786737481623169,0.24644347357682292
16,-0.4428046046104574,0.12697384245674834
17,0.07967877005309638,0.11245435402723657
18,-0.6410350792296322,0.05999981361337684
19,-0.1833108823403753,0.05067655953483924
20,-0.00780488564489006,0.052374812921673154
21,-0.7328122143349818,0.023171237664090356
22,-0.28549850190579557,0.014852678463819654
23,-0.023488177867728586,0.014535767236806517
24,-0.7863481001066678,0.0066913456123336105
25,-0.49906877028185365,0.004771858755011783
26,-0.29878085540943566,0.003020365563836655
27,-0.511936753505297,0.002143133783672328
28,-0.05084743797061732,0.0021851318346565868
29,-0.7289045745646268,0.0009628484654982958
30,-0.08292937670198254,0.000980760046681612
31,-0.6917017160552844,0.00043239317594140217
32,-0.11223366567728538,0.0004402654046601144
33,-0.6626623380441253,0.00019415308233423632
34,-0.13974622662383063,0.00019764518824287564
35,-0.027355608174773723,0.00019326889685498917
36,-0.08931709471597797,0.0001724970022797529
37,-0.15086171599146103,0.00014487492344494876
38,-0.1963465055750869,0.00011687963763249462
39,-0.23012578921888532,9.166208575585411e-5
40,-0.5543299212362812,5.246657255532096e-5
41,-0.24434408388617454,4.1145910467936944e-5
42,-0.5434691684037098,2.3552308617303524e-5
43,-0.254631707791692,1.8470422754141272e-5
44,-0.2643769373862791,1.4184148582773494e-5
45,-0.28096313790888894,1.0718419409812166e-5
46,-0.4915291971753387,6.367255983142466e-6
47,-0.31460586102065674,4.811493305105352e-6
48,-0.457964384168629,2.8582595358995415e-6
49,-0.39481766927682155,1.670788478702104e-6
50,-0.3456132559097438,9.563654436088373e-7
51,-0.44481105793036857,7.500168430337299e-7
52,-0.39083429230370187,5.75970906008117e-7
53,-0.33122510921605136,4.352387124472944e-7
54,-0.4393980481366198,2.5855335132543586e-7
55,-0.3201091327480721,1.5113678985231617e-7
56,-0.2425003236004327,8.651120766457195e-8
57,-0.5405377444812809,6.784530408327585e-8
58,-0.26152981099225775,3.8834880748296293e-8
59,-0.24022630908053078,2.1607245229969824e-8
60,-0.5364550268925372,1.7432977923646052e-8
61,-0.2760964660129417,9.699492361296207e-9
62,-0.26941319989613893,5.183755286225004e-9
63,-0.49007929925534666,4.354102129885688e-9
64,-0.38758809809646105,3.5129404819141486e-9
65,-0.42055840725948257,1.954556447232292e-9
66,-0.34330507320934206,1.5769589827125888e-9
67,-0.22208984335035709,1.236709828301846e-9
68,-0.5379702189934092,7.078968872273635e-10
69,-0.3546446935820224,3.9386503441110636e-10
70,-0.19163292814208568,2.1049554685775098e-10
71,-0.14414577967549372,1.0586571921584807e-10
72,-0.15891566285120803,4.869235912248511e-11
73,-0.1833297391573117,2.1572516947580116e-11
74,-0.6258076871672665,2.1858000010101887e-11
75,-0.17459699783956548,9.683902857858376e-12
76,-0.6302198811295461,9.812056204540637e-12
77,-0.6300222971760858,9.576441687594323e-12
78,-0.49213889049874526,8.547543785198989e-12
79,-0.31234393955437784,4.29886467355644e-12
80,-0.4710538584329528,3.836992405177758e-12
81,-0.32837359509363584,1.929760351958871e-12
82,-0.4489584784507511,1.7224258906847453e-12
83,-0.12147068033840386,1.4467539128787955e-12
84,-0.06698421537399732,1.167257964499428e-12
85,-0.12479708644570901,9.154070670727578e-13
86,-0.18087291776049674,7.029814181696166e-13
87,-0.6028988647097048,4.1092623240895404e-13
88,-0.6247263894706123,2.352155648084071e-13
89,-0.6412216906634952,1.3087101835566798e-13
90,-0.6186406990838104,6.994214811935527e-14
91,-0.18159298581112798,5.874800013985954e-14
92,-0.6229117568940916,3.1397030290778474e-14
93,-0.16716023539594096,2.637197726278306e-14
94,-0.1544594462733028,2.1277219453536494e-14
95,-0.18488221020687773,1.668638608414092e-14
96,-0.22463521603282627,1.2814211049370674e-14
97,-0.2559936376989148,9.683199426575925e-15
98,-0.534716250561953,5.7522993400624984e-15
99,-0.27658715917051463,4.346788222589933e-15
100,-0.2824699007292361,3.2430670630500003e-15
101,-0.5073816054050232,1.9512732331206214e-15
102,-0.3079269603426156,1.4558128046031455e-15
103,-0.4641371616450832,8.759265543478469e-16
104,-0.397522586002784,5.203436920538602e-16
105,-0.4161669899635581,3.9320343024674857e-16
106,-0.37137384933560325,2.933625997890734e-16
107,-0.31708616610196283,2.166228522993503e-16
108,-0.2680309851701169,1.5859740202754342e-16
109,-0.23793779130056555,1.1528541992092023e-16
110,-0.23498064457445028,8.329174580733107e-17
111,-0.5487654667174587,5.175162500250108e-17
112,-0.5171704533615148,3.1959154385426736e-17
113,-0.27459178572090026,2.3231304463622742e-17
114,-0.22675899059401364,1.6784220480647714e-17
115,-0.214203531915299,1.2062719488017556e-17
116,-0.5806067339806495,7.534436573762758e-18
117,-0.22643721900275374,5.414954778171081e-18
118,-0.22388658513606965,3.873927954209583e-18
119,-0.5756310762029849,2.4307731999209987e-18
120,-0.22409082032448732,1.7390062586446816e-18
121,-0.2222519649207283,1.2391183709210216e-18
122,-0.22461697642204417,8.797921432249334e-19
123,-0.5763731326818986,5.562402367064468e-19
124,-0.5620871526613515,3.504292553770628e-19
125,-0.48792104785558077,2.198838110846169e-19
126,-0.30466486327580045,1.5730769273876352e-19
127,-0.477367207601646,9.870584279588452e-20
128,-0.29969263933587953,6.165217658788581e-20
129,-0.5124940977905558,4.4309052831072563e-20
130,-0.2807671810025151,2.767566207030194e-20
131,-0.1532405398725779,1.7195707345014557e-20
132,-0.6591040300665202,1.2423604703358538e-20
133,-0.13277674827514782,7.719153027177038e-21
134,-0.13645031537541435,4.766953758618449e-21
135,-0.6686573331224952,3.4651277938997735e-21
136,-0.6931980710521002,2.5034956163354708e-21
137,-0.5729963479388446,1.7992474177848155e-21
138,-0.25199536531324274,1.2872046312176582e-21
139,-0.08785518300895956,9.17189859293263e-22
140,-0.10777968068307586,6.512181975415383e-22
141,-0.16498119835619734,4.609114613301017e-22
142,-0.2051258388963488,3.252926955286111e-22
143,-0.228204083931243,2.289908829671932e-22
144,-0.23920643358530919,1.6082494622540654e-22
145,-0.24366122361239187,1.1271203314665553e-22
146,-0.2504370363055423,7.88401642403291e-23
147,-0.5377177771064013,5.059643167953366e-23
148,-0.518560505327561,3.2408029512066614e-23
149,-0.4639208535681755,2.071414480466313e-23
150,-0.37755025147257254,1.3209084939944273e-23
151,-0.2827539735257177,8.401668362637072e-24
152,-0.230120396367914,5.328735456064082e-24
153,-0.5616982141195435,3.771508927987782e-24
154,-0.4556272052154308,2.6617786892409483e-24
155,-0.3355542340598142,1.693030357773715e-24
156,-0.46019402813152716,1.1948724536002616e-24
157,-0.3359623949316345,7.600013276046212e-25
158,-0.19403918165643,4.8202878836214535e-25
159,-0.14995121421864843,3.0475812884058824e-25
160,-0.17709469681631354,1.9199647402723855e-25
161,-0.21634912657402955,1.2047200904642608e-25
162,-0.23055605227578405,7.524743586848045e-26
163,-0.5405782266161042,5.407988486094066e-26
164,-0.26245234778330134,3.377857396136089e-26
165,-0.24474061823058496,2.098762699501173e-26
166,-0.2418291948254636,1.296088405504008e-26
167,-0.24162237184272436,7.946802724343114e-27
168,-0.5593703978465183,5.818140852307492e-27
169,-0.237995042132925,3.567319742957625e-27
170,-0.22909506871490384,2.16866324274113e-27
171,-0.5712506114986475,1.6013698326136782e-27
172,-0.22660688763010392,9.735129296664932e-28
173,-0.5706490059895569,7.1885491786028015e-28
174,-0.22787130906695052,4.37009954127289e-28
175,-0.5780944086948937,3.2269397262747982e-28
176,-0.4994269325148418,2.3625589435939208e-28
177,-0.34705607058569754,1.7173585217546552e-28
178,-0.22941049583120912,1.2407621844302753e-28
179,-0.5714709751500249,7.709222404156647e-29
180,-0.45880942290432813,4.760821114199327e-29
181,-0.3120864130136983,2.9190374699569397e-29
182,-0.47928004261334994,2.1371325981640777e-29
183,-0.327383481982552,1.5534947348207158e-29
184,-0.2297289170772189,1.1223733986003719e-29
185,-0.5655818787113611,6.973637864610194e-30
186,-0.23318111206461808,5.03833418631707e-30
187,-0.5601611813574773,3.1304660374235148e-30
188,-0.24657203858374863,2.2617082162377322e-30
189,-0.5500476025798112,1.4052662041994167e-30
190,-0.25786499757158343,1.0152808182691183e-30
191,-0.5324692247179936,6.308239990651181e-31
192,-0.2670149605791754,4.5575955932100715e-31
193,-0.24626851207150657,3.2755168608578995e-31
194,-0.5464096238126678,2.045904661792002e-31
195,-0.24942652123800607,1.4703795188391114e-31
196,-0.5412539802221292,9.184066026784296e-32
197,-0.45543357819426555,5.706331838880937e-32
198,-0.3355700384880278,3.5239384310049815e-32
199,-0.47771561081612274,2.5615723624736523e-32
200,-0.3608262168101732,1.850692257777196e-32
201,-0.4203584146762762,1.1498898335144229e-32
202,-0.25260354993618445,7.101130971973158e-33
203,-0.5552776205472277,5.161855462646243e-33
204,-0.3668120629396966,3.729352362023148e-33
205,-0.41544888528088897,2.3171569171818998e-33
206,-0.3859486769939372,1.6741062753121914e-33
207,-0.16103004416294256,1.2031702285789764e-33
208,-0.6291640788814667,7.515063069876427e-34
209,-0.3441962004038424,4.669330941411943e-34
210,-0.4506855239187917,3.3735118120675282e-34
211,-0.1354671411982049,2.424522885969262e-34
212,-0.07819654684524775,1.7345347040459564e-34
213,-0.7061009836635224,1.088368323511602e-34
214,-0.09795454583217049,7.786326286462301e-35
215,-0.13085373164838154,5.548099608945706e-35
216,-0.17953438800937843,3.9392317637512216e-35
217,-0.6019459964632488,2.490541914455728e-35
218,-0.21034954545186052,1.7683211387479228e-35
219,-0.5707331622335251,1.1180042653991764e-35
220,-0.23939654830562415,7.937993591839429e-36
221,-0.24256151708717533,5.618258581003986e-36
222,-0.2511111815380615,3.965140013480022e-36
223,-0.25971144980486327,2.791273598381422e-36
224,-0.5244038173924512,1.7799513520511822e-36
225,-0.27965105282115954,1.2530027183134209e-36
226,-0.2578659980996347,8.800092483241543e-37
227,-0.5302733860672384,5.6247292025089474e-37
228,-0.2692610485995289,3.9503615157271286e-37
229,-0.23522362260759852,2.7685585386601475e-37
230,-0.5568386978300537,1.7733172844099085e-37
231,-0.24025669531233396,1.2428059280045405e-37
232,-0.21715781112863783,8.693217640324325e-38
233,-0.2214287181040121,6.069979051916106e-38
234,-0.23894299274267067,4.2314002596075257e-38
235,-0.2536979906909294,2.945270906367123e-38
236,-0.2667741700128434,2.0471923038530862e-38
237,-0.28006837949642316,1.4211084928393076e-38
238,-0.28862149852421287,9.853025089916269e-39
239,-0.5083565645801859,6.379356024355652e-39
240,-0.29225470814459764,4.4230229628634134e-39
241,-0.5032810432941036,2.8636929193332535e-39
242,-0.46644858826410357,1.8518570379537813e-39
243,-0.3350813925829855,1.2855117514886973e-39
244,-0.45573665945700786,8.312986243374523e-40
245,-0.36244111160716364,5.3687511527724296e-40
246,-0.286376606701327,3.4624358897358906e-40
247,-0.5162359551710967,2.4100323924795434e-40
248,-0.44050952156035317,1.6751599166157554e-40
249,-0.3574417159364462,1.0818635409840674e-40
250,-0.4512829832073298,7.519792865688128e-41
251,-0.3314043439558149,5.220047713987855e-41
252,-0.45957218808889266,3.3756350174074004e-41
253,-0.31117350752098943,2.1800763119858401e-41
254,-0.4836961736755786,1.5153225593141825e-41
255,-0.328382778990739,1.0518981311034265e-41
256,-0.2152295280237259,7.293164969474326e-42
