t,lambda,delta_s
1,-1.9465940092571323,1.2486499803464304
2,0.023279403241382796,1.1882877184496912
3,0.49114533002489125,1.109898465501554
4,0.0977780686570156,1.1028388448407251
5,-0.042404132089655495,1.265399385640867
6,0.45760486022658037,1.2472010899630093
7,0.2908647692988395,1.240286790079482
8,0.27180962716695234,1.1807413187804823
9,0.11517387642550703,1.150102461206049
10,0.2460894969652453,1.1741815749973665
11,-0.02911008018244581,1.1321525188269579
12,0.5465526248571226,1.1285575076195096
13,0.4165498917427081,1.2004697646162077
14,0.18574768024589705,1.055087845255278
15,0.18931695897391682,1.0431305324755298
16,0.3583789131430093,1.0284640899772306
17,0.4618515589120349,1.1112262603283973
18,0.47819802508635223,1.1941071051720522
19,0.41163467110962726,1.2171146515581774
20,0.5811492852560303,1.0589671935068117
21,0.5380198490796664,1.2267870999424684
22,0.17066228661963634,1.0763298570416007
23,0.29485157027530257,1.2093217498974909
24,0.27534684663304015,1.0941498368556504
25,0.36826593501358856,1.1845346237649454
26,0.6344725300562061,1.2856440300433738
27,0.4738803008053565,1.186116005008051
28,0.18593355243412202,1.1082735834087458
29,0.6242565287940555,1.1343782104648341
30,0.6173981568911633,1.0326656845158737
31,0.44120500381680744,1.1622072512237525
32,0.41205382721173034,1.2362596216821586
33,0.7057020625970367,1.2155623024868654
34,0.6013651612340859,1.2568259626528284
35,0.7552142913796898,1.007714546507557
36,0.7840622688303909,0.973502600022737
37,0.4207273607964862,1.1975454021004264
38,0.3519592994502555,1.196704528910961
39,0.6044690592674441,1.193376805401652
40,0.4652608607009532,1.1240092658993819
41,0.2614630141912899,1.2094018167699951
42,0.5697677955400708,1.208590117803206
43,0.2811009938323692,1.1354757203325843
44,0.6247465088600979,1.0222841535244198
45,0.07162824601158696,1.0672641045489784
46,0.06907593913476254,1.2458853431534833
47,0.5849758131025146,1.2372211533753832
48,0.8293440793397239,1.174006829648331
49,0.6354526262752793,1.2119367716135432
50,0.4721232007445516,1.0819452452024139
51,0.419903142379191,1.100623941528764
52,0.6901781981498204,1.059274259356644
53,0.45979305029656337,1.1033968065501751
54,0.4815727337916047,1.0379921198080009
55,0.09273729487257276,1.0892809744084642
56,0.5494960748920614,0.9569974886175906
57,0.5773943526985258,1.1433047232227693
58,0.47753165531058983,1.3037985853572225
59,0.09087002394386433,1.2919891924021165
60,0.3869106618414741,1.1963550308178363
61,0.36628398023703823,1.228038744439612
62,0.3947661726359347,1.282753025879368
63,0.2719188266037339,1.15891216604337
64,0.20986270883710148,1.1409599388389025
65,0.5676315037481992,1.2252565653770366
66,0.6245046491941333,1.2495269260599398
67,0.5622794137252329,1.1302771477259783
68,0.6752330200697733,1.1561273982371782
69,0.6171212053130873,1.2573310116551841
70,0.5553430754422344,1.3462937491428906
71,0.49379157400607976,1.3239575572539513
72,0.6864365834444178,1.2508658661200542
73,0.2535611101377904,1.314835935762759
74,0.3104399661974286,1.3169624040151513
75,0.18732143691248673,1.1568707331310226
76,0.41907402309477054,1.1116518195090954
77,0.6172111432029754,1.2665952424771638
78,0.5889106275993337,1.1967293414400026
79,0.5295333859347869,1.0751846034617762
80,0.16623326832597543,1.2091626137444003
81,0.28889464808259135,1.169425024525496
82,0.6146218774286965,1.2746375113022015
83,0.44217184484395616,1.1335848082212374
84,0.706114560997915,1.1299776669609867
85,0.7184406717372275,1.1221883410701248
86,0.6946468225388251,1.1370840526496873
87,0.1627570144019251,1.1822249288766074
88,0.6103630361250822,1.1313742572827121
89,0.20057505599537373,1.1883013182064661
90,0.35308969873041124,1.0502178427349202
91,0.36075006497398293,1.1908880733688099
92,0.31080840215949973,1.0838521068356037
93,0.3072112810363081,1.200252480173174
94,0.33461378338069736,1.1485430711705615
95,0.6344362017842701,1.078765584053125
96,0.30065562001607943,0.9842360756523142
97,0.5085532572949054,1.0296935508423846
98,0.40106095816276643,1.0500536071802316
99,0.1731368926563186,0.9607756892469937
100,0.32795780901103405,0.956436861113954
101,0.6337139692142616,0.9996045246429534
102,0.6425412104233996,1.1061684140555077
103,0.35741644974726217,1.0882825921295234
104,0.012979526749643406,1.0743650727674492
105,0.3416978284364006,1.0221253250631637
106,0.4800648719579443,1.0726263720355187
107,0.6838385095887295,1.1292771663475867
108,0.10429068372756567,1.096107747282051
109,0.4847021883674386,1.0770720625316883
110,0.4356439478255699,1.117936401395331
111,0.1661745831791312,1.065239677048821
112,0.4130321791780497,1.0458943977742636
113,0.526600374381992,1.1087101444353404
114,0.23597030930971724,1.1121647195104722
115,0.2024053480436911,1.1026399646611358
116,0.37086290018551465,1.1235147546393294
117,0.568772535457152,1.045059230961752
118,0.5236305607614853,1.1875582758186582
119,0.3944058862644711,1.317791315109108
120,0.2991872843923921,1.2050429879602234
121,0.7646150175882024,1.0743790949866392
122,0.6468197424257682,1.0942959122211684
123,0.6122175195451613,1.1642577111915033
124,0.28012934473909684,1.0970773005761212
125,0.23961757411578047,1.1420588535066076
126,0.2668329502632215,1.0885038427117484
127,0.25441072602406206,1.1342423927544159
128,0.3977031004612075,0.9449498405310655
129,0.02166161343382065,0.9893120003401246
130,0.3993617796675765,0.955865994634861
131,0.8084388219754545,1.0175658643314067
132,0.6346712620613417,1.156375331727193
133,0.3369077431238775,1.1619133548312193
134,0.23172532038696486,1.1076779562019157
135,0.4531044363521744,1.2097560481454763
136,0.42144614791023005,1.2253128194615543
137,0.6177238956673268,1.2166566780426566
138,0.3017294156491678,1.2102295146948703
139,0.38565448201822794,1.196351815819222
140,0.3479657250799482,1.10410930949271
141,0.5001335082070156,1.0848060475523296
142,0.47312141312209927,1.0251490607536025
143,0.3921298141479119,1.0390989034388989
144,0.3971818273061379,1.1424437271977879
145,0.3281870078197455,1.1426517478355118
146,0.44710655041787745,1.2226896851055542
147,0.7363498217785788,1.2381958775751183
148,0.7103991177490445,1.0712785574144525
149,0.03946420783158761,1.1817187227898904
150,0.2804584785980167,1.1213777514894834
151,0.4298963062408501,1.2424284821978975
152,0.6351504893897006,1.2035330198082128
153,0.23512905485899754,1.1974248613530944
154,0.3427207702029875,1.2553956459251998
155,0.21989582163001128,1.1685340321771103
156,0.6008515503071695,0.9902129718832722
157,0.8323220726518397,1.0894644769743864
158,0.6925843717931094,1.1303579051531438
159,0.2294189364097131,1.1775325939334629
160,0.28650310091722764,1.3339377184110486
161,0.5188774256921496,1.2468110681375077
162,0.3971101438705006,1.1287093005932407
163,0.37538738394908605,0.8717840771341246
164,0.6639218202580588,0.948939128620967
165,0.24482309891004186,0.8427103830804419
166,0.1650325030788041,0.8247670016065989
167,0.2297890254529256,0.8143539850705713
168,0.46541758000695843,1.0528008724748916
169,0.06364135856135868,0.8945318252926369
170,0.30443018652783854,0.8225613355477106
171,-0.06994033760691323,0.876924997013079
172,0.5960071411999428,1.0339856621221157
173,0.2779010750177029,1.2656794025091205
174,0.357773381605201,0.9912030434344954
175,0.827087897098604,0.9517313154741099
176,0.4456160615376919,0.9751697548864351
177,0.6031203842911771,0.9805126970819553
178,0.22203535981017852,1.1201951248138762
179,0.6047078776131842,0.9280125999342517
180,0.08862846718586062,1.0244054300278234
181,0.3857359145340834,1.172760701233034
182,0.39660135768418736,1.2570345726442647
183,0.2457941965337285,1.2524887231982325
184,0.4813634256258389,1.141725321890479
185,0.5380995100574472,1.0381256246602646
186,0.3691990000272585,1.1282336977428484
187,0.0027032886012423344,1.0339497065315095
188,0.3452964661118501,0.9739703696461229
189,0.7188019059985076,1.1925706640806817
190,0.5898522600320579,1.2987474736180602
191,0.42128282530950345,1.2148237225985727
192,0.4323577460308952,1.1429907981838876
193,0.6899221951811533,0.9991962569296767
194,0.3145728791561108,0.9365044880681318
195,0.20257513227763968,1.0224583776874079
196,0.49024841170913186,0.8288580899682648
197,0.2566661685951749,0.8983079473554743
198,0.3769731052273478,0.9471360378537286
199,0.153541479436416,0.8531591975229832
200,0.7410489659654401,0.8947924402028054
201,0.907530097262961,1.0589332411657222
202,0.4836811979112931,0.9667244744224439
203,0.3569010333107523,1.0413104961401245
204,0.266076181720485,1.0818114945146977
205,0.28748430297206384,1.1999736925281241
206,0.566139766434235,1.194860000443995
207,0.04597184278056253,1.1733238185199248
208,0.27353766087644454,1.0942787272334922
209,0.05413340705870617,1.1074033446407214
210,0.3050221844250587,1.0004573119271207
211,0.48624244678181916,1.2101024421313198
212,0.3782378967860096,1.2486117469124631
213,0.667450374920013,1.2126692602430929
214,0.3171496001452906,1.0674647766539864
215,0.3607970578429012,1.1316243169285347
216,0.17928398655343103,0.916687298036264
217,0.47854179422063775,1.1094735317723388
218,0.5371964057908889,0.9969937113270235
219,0.22327727829323524,1.133255341806646
220,0.3124346936033317,1.1078870120909152
221,0.33846076165728756,1.2179090573296347
222,0.3757978641682703,1.2927179864687677
223,0.473111390998773,1.2965490175714665
224,0.34292231703646714,1.3239740244118177
225,0.40570112904237815,1.284635291336384
226,0.43560751859000696,1.176171920823186
227,0.36882179930221637,1.1075643353540987
228,0.29887338170023725,1.049565727919973
229,0.5541790457890456,0.9924416964889742
230,0.3469040444640265,1.0044112472620108
231,0.49858029359846495,1.049342924518523
232,0.4491986425398664,0.9942697618609196
233,0.4957054333300221,1.09445466978373
234,0.4250330976434596,1.2614201421725861
235,0.4852129995515243,1.2989386128904354
236,0.47566978060104936,1.2798360307074372
237,0.42475216761376133,1.2130020214994066
238,0.5282447565108265,1.1249250000604718
239,0.6439069007583987,1.0579374208569834
240,0.8527132976081688,1.1739392636382893
241,0.7591002511103577,1.2071920824756985
242,0.2729442150076865,1.0760137815759874
243,0.10376805077920831,1.1700668113340824
244,0.49837062926306797,1.2256020184417482
245,0.3822191043459909,1.1692499983899969
246,0.27599574700006846,1.1176349420554417
247,0.17334717075784414,0.988298472695415
248,0.5629244642571473,1.0508545806719394
249,0.5670826013709996,1.1762053996112614
250,0.27716082732276337,1.1470674806089105
251,0.8207590583109805,1.138425762258454
252,0.3263231885413626,0.9740399421462442
253,0.5641466951742213,1.247360441350079
254,0.4321424702117646,1.2720812632910865
255,0.5998050227693068,1.2198697430887067
256,0.07974146917825525,1.1047129546201573
