t,lambda,delta_s
1,-0.9375182328818865,1.299811764476848
2,0.23047332480671207,1.2437253380129716
3,0.4651484345736084,1.2319229312024107
4,0.12784723331855843,1.1747939009482047
5,1.0135433967108085,1.2406618812976744
6,0.7103763734783971,1.1137025176280368
7,0.30161594586017726,1.26241632135953
8,0.26421628117268997,1.2759736146252227
9,0.311537621415401,1.2340443922599222
10,0.3420702827500151,1.194058388995041
11,0.44255434945291955,1.2934572921512606
12,0.3540096842572724,1.1877145547734111
13,0.3231558116911522,1.2769747431210592
14,0.5745317775235957,1.1433263276825885
15,0.23211160268096598,1.117110871585544
16,0.34454513325576325,1.1318301950818086
17,0.4304528271430466,1.0518189198694845
18,0.3330302857301178,1.0902386358779292
19,0.6739478865831056,1.1463225627910525
20,0.4020314445022625,1.1119339095575194
21,0.38288884363134196,1.302350644353567
22,0.25393977285475355,1.2725977826574317
23,0.4466791380502647,1.3498353319932737
24,0.4878128168313905,1.2370036606319543
25,0.5918968963390945,1.2440363694343246
26,0.4446204793925227,1.1815330697573474
27,0.09176541754955804,1.099167387252992
28,0.4709761489825043,0.9938483512945407
29,0.2925668125764035,1.0558286072702752
30,0.28506692169788406,0.9048646587529235
31,0.4022870235446205,0.933137652990532
32,0.3852513725584247,1.0636270041947251
33,0.3911729937459942,0.9354389864478778
34,0.2756008991274245,0.9559433314822939
35,0.31792579614513994,0.9760230514402995
36,0.5941642644122221,1.0697334077407783
37,0.6741388025284262,1.406462748288483
38,0.14834556483787334,1.4185265826903923
39,0.2799185698248146,1.1527392993328869
40,0.25012136638642246,0.9628958022270857
41,0.7739531203293079,1.141930187869707
42,0.19897850224317842,1.0156312751232306
43,0.5447396516231793,1.0983545649413913
44,0.5704083115979911,1.1398063503364555
45,0.36480725133252223,1.1994576915643045
46,0.24305199331347285,1.18679805482771
47,0.3570145261817483,1.2443067623806974
48,0.5886478337584068,1.3008382611432556
49,0.3984357903368482,1.2860634976515164
50,0.5168105797141805,1.2081796606112363
51,0.4233673380609772,1.167824670640475
52,0.14435927341401755,1.2402711867489737
53,0.7523977117950702,1.2048489004384983
54,0.35398395325583226,1.2094611404108881
55,0.543255229034386,1.0503317118757387
56,0.39435236082079134,1.1315814605952508
57,0.04144628360593033,0.9287499099276547
58,0.6728602741338565,1.0353197668962086
59,0.6566136826871743,1.1106185198888547
60,0.4117929084411168,1.1906879405065907
61,0.3128750192205099,1.134542354393671
62,0.39855392791000205,1.1972829286438542
63,0.4271795529149156,1.2242509261794008
64,0.2272618686113455,1.164810000174838
65,0.3937367738379259,1.0393968734865022
66,0.1661145203529637,1.1340507250643996
67,0.24402474075020805,1.052576606729232
68,0.5070618637325247,1.068206285180435
69,0.6585594389016122,1.0372363532018336
70,0.6144666924759835,0.9965109665641206
71,0.09265717724660286,1.0459778010761411
72,0.5745174837211412,1.1099715635466811
73,0.4211780718272043,1.300106326108318
74,0.5476697975700052,1.2943787563570746
75,0.42706587730379786,1.1973136545617344
76,0.533715535060128,1.075665159047607
77,0.2462579238399492,0.9627134445748123
78,0.39460279598885656,1.143073552412376
79,0.15630608119676997,1.052060673997625
80,0.25662031709194627,1.0567754449701057
81,0.49702563127835436,1.0979478363851953
82,0.4772266833271738,1.122199252677198
83,0.395993622908493,0.9942399086982433
84,0.513240181997665,1.2165898881235482
85,-0.06709701884470784,1.0158650667957931
86,0.5730819064852068,1.062202607810337
87,0.3483645647163742,1.1339274838621574
88,0.35365020219598153,1.1901805828060916
89,0.18410208387223087,1.2578975247255886
90,0.38532171405925036,1.1963373408711389
91,0.43433135876560214,1.1417382858969842
92,0.6602551410537582,1.217207653998944
93,0.5576534788404353,1.0940842097861447
94,0.27006386811522004,1.0257053956593225
95,0.39526301774348743,1.0524009054429542
96,0.5777805649295142,1.172861110002978
97,0.17923415934162154,1.0214369974718782
98,0.15150203891678707,1.0681670521374844
99,0.506041236753557,1.0089703909770311
100,0.15004052480239144,1.0318271912179124
101,0.18882380736332552,0.8766645583026117
102,0.332138207759041,0.9346501130922351
103,0.6180995212684417,1.0202826647965075
104,0.07517441737687573,0.8465829415024629
105,0.3322218014694853,0.9064905074094501
106,0.5590885557744797,0.9438760647776259
107,0.6983221013156662,1.1477003186303736
108,0.38069563513035876,1.1302723251420554
109,0.596469069963823,1.1260802472330944
110,0.39611969821207965,1.0696609199947604
111,0.5209019415632165,1.1336044394447
112,0.29781804325191674,1.013218794447618
113,0.8696637286171752,1.1443405454113775
114,0.6876580620992585,1.1690776402164598
115,0.7460327959428282,1.1888239739201083
116,0.8521228268966542,1.2906437138001932
117,0.12254939164188844,1.130788565333207
118,0.11345560823199119,0.9668978817815295
119,0.42847354686325567,1.0084920073678838
120,0.5279737044926486,1.1147028110563126
121,0.34825889675095545,1.0420039550349307
122,0.4576804463939199,0.9165982141623145
123,0.3966184389417708,0.98045616500461
124,0.24770557817263167,0.8579662490160314
125,0.2934604782362638,0.8951742027002916
126,0.72126805480562,0.9285347595047704
127,0.03447547337787395,0.9783836449274738
128,0.945160701655626,0.9102182475582625
129,0.33933498248188865,1.0738849452401107
130,0.6976024502831338,0.9871918242301518
131,0.6641179381637041,0.9850825638463948
132,0.627003233623293,1.1456997402685904
133,0.1432978669756556,1.024142873318326
134,0.2390678771984224,1.0274986083343987
135,0.4015265327141843,0.9607652283992326
136,0.326068654229804,1.0042846783734398
137,0.6442482152447573,1.0408483350233841
138,0.21850413216550943,1.023261489539958
139,0.6257504530220266,1.1198640089361036
140,0.16988039781978528,1.3350516585989365
141,0.5004731807533641,1.0751374137853291
142,0.5337485590367118,1.0785453004975611
143,0.24542211311502488,0.9583767904965151
144,0.48218720567275225,0.9277885846079591
145,0.15738521475136447,0.8517852802420891
146,0.055121000740980794,0.8446040366684341
147,0.4192016467519424,0.7898381790992208
148,0.5118589558744457,0.9706497155403091
149,0.07184999817364889,0.8940367418033524
150,0.4877407926738755,0.9926181568828908
151,0.1612524700782961,0.9313993562221418
152,0.6223948510002956,1.0040024518317117
153,0.48381737011221176,1.0001735962292073
154,0.6133660793580896,0.9344859358745685
155,0.3013511418054822,0.9821845556917934
156,0.4397074461684484,0.88950749445639
157,0.3418825673302005,0.8145976617277896
158,0.6265637385461642,0.9701058931761871
159,0.3959880673698247,0.9612892403642562
160,0.1319565756944457,0.9469446172834366
161,0.42294613784834467,0.9666841331362075
162,0.5518051693708563,0.8019604228367089
163,0.8095740533577976,0.9096443512440705
164,0.08875703863769684,0.8326885403450173
165,0.5199403559565994,0.7568115156807504
166,0.13833747326697957,0.7711795540338138
167,0.6496488778306458,1.067764239209256
168,0.3629937803896015,0.9943144982820797
169,0.2970458843683037,1.0721211820289707
170,-0.04379847661297689,0.9990275380324549
171,0.2374010336997005,1.1580846523233774
172,0.2817318709749504,1.361575149885428
173,0.3828136369239939,1.3781149930485526
174,0.30027890610561436,1.2898480897629017
175,0.17931839461891347,1.1757416830340996
176,0.09139892823076133,1.0464875356955223
177,0.10076673617127198,0.9615872318218985
178,0.27624938834381535,0.9710161508258821
179,0.0754290677013295,1.0182693235667528
180,0.1814872124330862,0.9803333778588024
181,0.3373184926778895,0.9917089112281411
182,0.2813839790760154,0.9017213207171587
183,0.44895945186524777,0.8839640808382664
184,0.45332554266841263,1.1085559512639118
185,0.3798488150111365,1.0862736730359248
186,0.6991082281285365,1.2323958296545545
187,0.6197252717049627,1.1787757986770788
188,0.1731940283348298,1.173051711376855
189,0.32529977726682857,1.170642680129743
190,0.5572773355935708,1.2313952610455021
191,0.5272462256003957,1.188573840727585
192,0.512130349815705,1.2167109091257176
193,0.49793293535081956,1.1627299405896552
194,0.2654026973820149,1.144964032760356
195,0.2795240354627,1.2201322711679894
196,0.320465765639265,1.0668887805284573
197,0.31206395476527143,1.0974144831704313
198,0.5050409366363582,1.0726497874137293
199,0.3181169313522527,1.0464783758841094
200,0.584448221218156,1.1843145027726572
201,0.7225254378695652,1.2838366584131715
202,0.08566509287621704,1.2702272357550393
203,0.44103359327514297,1.228014340604794
204,0.22510145062862383,1.2284491216932132
205,0.47915068351537915,1.2420245985807816
206,0.69071411110838,1.1833277248946827
207,0.6733993869809778,1.0477555616186898
208,0.25071533199364626,0.9619673048982572
209,0.6394601820108776,0.9730599870675697
210,0.4815375926379041,0.9445795220185251
211,0.38565268249027207,0.9960516692699135
212,0.3450253787208827,1.2424594690790143
213,0.28608797068596653,0.9991639887998626
214,0.4179960069451005,1.0533332186994633
215,0.4175258316240574,1.0425128972084345
216,0.3562611167991466,1.0321058701166788
217,0.4641341275958371,1.1140931298344743
218,0.2905357686803962,1.2055781114989221
219,0.4448507545396292,1.1495540780524314
220,0.5833455389464809,1.0653909357700986
221,0.8314791120437177,0.9925961747895938
222,0.23438249245299,1.0886113791726373
223,0.41785253506257586,1.2126172674288498
224,0.4682760580077644,1.033962031755303
225,0.3616865748565304,1.1082658192510826
226,0.5291484498505075,1.0364209458308522
227,0.6144155379410048,1.1727161601661726
228,0.3909962290599922,1.0933350795413523
229,-0.05690021131102684,1.093682868916018
230,0.06295404749828415,1.1005078073089694
231,0.1274577108074934,1.0208798489419644
232,0.15162035918854005,1.0378709517605882
233,0.5390887545740867,1.0110533995696487
234,0.2901258997935222,1.0296133487792558
235,0.46998389063386914,0.9458311561374293
236,0.10612829021495858,0.9903154855687565
237,0.5833379763482118,1.2491167185660368
238,0.5165106980191226,1.277195529433968
239,0.48264917533113866,1.134907030365428
240,0.36857573730646265,1.1293861556744473
241,0.6598511164948843,1.2336447613960972
242,0.39069649554955843,1.198801346675087
243,0.20547175846856924,1.0942725310371098
244,0.3827322576848467,1.1391873719962553
245,0.5895205435404796,1.0610768224818734
246,0.1211915569556256,1.0387356217126518
247,0.18002341849144268,0.9801718338039188
248,0.4238984927749576,1.1456367620468855
249,0.26471313289509485,1.0012959508417871
250,0.4910239280801168,1.0747197184325608
251,0.347057628830319,1.037199281614817
252,0.4475764191585694,1.1789711613725127
253,0.27614638966316807,1.0522225832120726
254,0.34031005618371307,1.1491294540850976
255,0.4603884650510509,1.1881982966482159
256,0.27347671372029053,1.1139427408396931
