t,lambda,delta_s
1,-1.739225986757994,1.2116829373083713
2,0.38655767318542683,1.1114987281516986
3,-0.26029275132359475,1.1188346468359136
4,0.31138956302865584,1.1035370268841933
5,0.6408804154460341,1.2787214627753845
6,0.43142253501282374,1.142349445074793
7,0.6165529212146074,1.1985449595580937
8,0.4010993854648918,1.166306971898906
9,0.4419308937717737,1.1298193962413898
10,0.5267134207573708,1.0965909589671254
11,0.8273538387368996,1.1536567185221773
12,0.23580229594647723,1.0963815839133277
13,0.477832859866712,1.0620787438814425
14,0.09533853851301849,1.009694463986899
15,0.27942570405242845,0.9567561075657646
16,0.29879051719864275,1.0522199596337356
17,0.4250987728236562,1.032369815384437
18,0.484371783978459,1.0235671781726174
19,0.5695844163845357,1.2022220066548903
20,0.10691032028459674,0.9940347933929264
21,0.7328587205832325,1.0423661958463926
22,0.5141044084525419,1.0662458972885855
23,-0.02394502651675333,1.164742966587903
24,0.35116733031868175,1.0453804373064204
25,0.21387844319962496,1.0818700639272305
26,0.49586365098684204,1.055798081838022
27,0.4436246723225724,1.1246179121611268
28,0.2101917645294424,1.0285948248630152
29,0.5127209388926872,1.0760796153544439
30,0.19205823115315665,1.1335237919895862
31,0.41902042231618375,1.013952868727777
32,0.09107955298788878,0.9819600274925678
33,0.4229356837765631,1.063670979831153
34,0.1228858452757899,1.0075539482226588
35,0.251654293884194,0.9398449069259166
36,0.42091634879374007,0.9000164991061119
37,0.3787194855876398,0.9144392210656437
38,0.14948106782013,0.8184031673283192
39,0.20147065695095528,0.9605625648838537
40,0.38937010738302025,1.1333475616008573
41,0.46095659526720345,1.2808338941019022
42,0.5136841215816195,1.1664992383855157
43,0.3858518343963269,1.1115586458956617
44,0.4870399789390885,1.1553738651643397
45,0.13534026336603885,1.1248161275032578
46,0.3221641203851467,1.0591512048290337
47,0.54199276985933,1.0728914019171083
48,0.21438855121309022,1.0976246217272125
49,0.8010344471714888,1.1675911290611256
50,0.014311779767908157,1.0846446365668525
51,0.49763454588113243,1.182220417527137
52,0.34093847462090665,1.1148303270915425
53,0.4675086104471017,1.1599194204591392
54,0.4214635409641838,1.1506849947066902
55,0.536060658172472,1.1673883581660986
56,0.31680654483817955,1.071787450275995
57,0.47874328137569827,0.9680165165353403
58,0.4247566625791853,1.174856051690124
59,0.21535525761762028,1.0749869503211147
60,0.43899877313534974,1.084775843325664
61,0.7207743329097835,0.9307322446821246
62,0.6701869137780193,1.0313321665184856
63,0.3824426153315154,0.823245079116825
64,0.4704165710798362,0.9055737091522622
65,0.8275225176162258,1.0341516324598432
66,0.5693741699942448,1.0442874397796755
67,0.6092888409865798,1.158530223003765
68,0.3770000568613694,1.2264981371131094
69,0.424521221073267,1.1705293808948702
70,0.5144939893335714,1.271736844218517
71,0.3243552804729189,1.1823723781895001
72,0.711266527134426,1.2485901598789293
73,0.4850637216048017,1.2681756381913432
74,0.3652486861495472,1.1428367803332404
75,0.31161322966605176,1.169380432889065
76,0.11140912871971474,1.0767170004031206
77,0.5818641070198014,1.20772199251801
78,0.44661585403709003,1.2240659547725636
79,0.6220778709125104,1.122709764051221
80,0.6498986517158872,1.0489582663645796
81,0.46204500151421574,1.1774342566380154
82,0.16271536524046584,1.2253626813632081
83,0.5116837101200347,1.1205390885769164
84,0.5498808117409852,1.2841295117810092
85,0.43956124411452696,1.3148891753335552
86,0.5487091479357884,1.2666819403905285
87,0.48869556070789033,1.2347367412078363
88,0.6021769715946624,1.284111138187087
89,0.20578471898362927,1.039121097749291
90,0.5047750041325443,1.0229447945867547
91,0.09306065310688655,0.911527504417171
92,0.6015729472509425,1.0630886387464304
93,0.1318405659683361,1.0192332923194705
94,0.36412935420929504,1.0471257372405376
95,0.3395894752348637,1.0394547152553237
96,0.3779268621959399,1.0092206065553904
97,0.32851492306714575,1.0773547283142841
98,0.24841233963155512,1.2426598605162593
99,0.20950912126991145,1.0930410330887028
100,0.2831387860635775,1.1207390333779461
101,0.5265529270199589,1.1133598344805384
102,0.21399661106210816,0.9015747303074023
103,0.4867380663995946,1.0534493564503822
104,0.6189622248452407,0.9636127407045899
105,0.24729251382286446,1.001183847020404
106,0.631561429093791,1.1428276696988144
107,0.49720987241612696,1.2211942595765224
108,0.5846649783118985,1.103169277425901
109,0.6496789609421721,1.2237909142096666
110,0.22706549704401133,1.2120054473142787
111,0.0357143361109323,1.2116581912851505
112,0.19561870316183083,1.0503312913007152
113,0.3894258058759913,1.2069841743644898
114,0.3666925347167987,1.2154770355957951
115,0.418902331616262,1.1493175084859952
116,0.5367362122319871,1.0849556287442836
117,0.3820350172438898,1.0830296455552275
118,0.3962097151057503,1.1684223244228493
119,0.47695425576659384,1.0986212806375117
120,0.265895487398621,0.9833664319390092
121,0.5192434374023305,1.0715900652352506
122,0.5417553184234408,1.198007714540378
123,0.2983023520221348,1.0410986225504995
124,0.3835897864425261,1.088354894086608
125,0.3373684961634482,0.986966804499943
126,0.22350788634819038,1.0405296698008193
127,0.6289302362320742,1.1578746833332276
128,0.08827843478624073,1.077145451791345
129,0.6038990676425277,1.1871216612494693
130,0.5482321031043662,1.2827499362438761
131,0.22763339358039344,1.1863419286857588
132,0.30968622993671346,1.1422323673428347
133,0.4666781676049588,1.2061178775031924
134,0.2313205411682606,1.1999356457553956
135,0.5068194256347092,1.230256774879247
136,0.3301591793174949,1.2308877131559428
137,0.4609937884329111,1.1830231173078842
138,0.7041860764764238,1.3139852372002718
139,0.4509957153858241,1.127653624287696
140,0.4572301775099273,1.0649102644066273
141,0.3527771709847989,1.1371980102836865
142,0.45388430825166054,1.0987340857889512
143,0.4882656930142959,1.178773578747304
144,0.5120495140756873,1.1762256128867619
145,0.45536113704628,1.29279609930916
146,0.23809301701597888,1.292311914725179
147,0.32467559517908234,1.1634380451647386
148,0.6205821837099013,1.3177960727626281
149,0.24086701129819688,1.2683686922360093
150,0.22035547981775883,1.22400074099418
151,0.6119279041708114,1.2234174129122364
152,0.3623633896945482,1.124521674720564
153,0.5127978262417622,1.020514858223961
154,0.3752366608050808,0.9255679906204778
155,0.3549773973565967,0.8457556159066967
156,-0.008376347966633613,0.9600318651629294
157,0.25467717698290926,1.0932810648586515
158,0.4584287996831012,1.0788463310911234
159,0.19723058112595507,1.0481035372034135
160,0.2353138347191829,1.1273257091798883
161,0.22467855684530114,1.0849166577277705
162,0.4097901588545265,1.1561489584492004
163,0.4472795908088849,1.1149094733612472
164,0.5800693605081265,1.1034240032130411
165,0.7543662206206264,1.1928080897216389
166,0.7482771093030585,1.1972190889204994
167,0.7753611838171115,1.1794855833219797
168,0.7910923602505822,1.0369028584438857
169,0.8113900199521333,1.0234642114186792
170,0.7721349709925847,1.1639578245534414
171,0.36168578853683253,1.138035436861298
172,0.4727502867421074,1.1775169852780127
173,-0.35220165386346863,1.0687745224318925
174,0.195896470862167,1.0329751547872565
175,0.4791534517027345,1.020785761644498
176,0.36121004261717277,1.052303096333896
177,0.6332625061506022,1.0512271363859027
178,0.3461945950102199,1.1799982666554587
179,0.11122966325058238,1.0453434266724615
180,0.2928301657613757,1.0603112239870094
181,0.28202639400501933,1.0056570831144742
182,0.7383996923903544,1.108428468321484
183,0.395241114155662,0.9029364420334733
184,0.12713299005631631,1.0674686940084563
185,0.32849353088287153,1.1584264056140468
186,0.44950787812351495,1.0978520296608432
187,0.488481097129282,1.2709728565489016
188,0.4680595459491996,1.3578322303235566
189,0.40634152340476115,1.1980151320609365
190,0.7144641984074855,1.1483760611535163
191,0.47710375759475815,1.2249122107002837
192,0.3951792882399014,1.0804672394439325
193,0.2155060542417635,1.1073775102284735
194,0.29497341389020587,1.2517892445487087
195,0.3971328012213729,1.1630471076342155
196,0.5196026189925627,1.1731800828336518
197,0.2123737680102256,0.9984349690380221
198,0.44118466848338417,1.1423145340093288
199,0.2576356906209837,1.089248412820592
200,0.46825656818222566,1.2360409218522959
201,0.2859681895937914,1.1667706777529356
202,0.5132161740156164,1.1045011299189895
203,0.6053077011268148,1.186601250246238
204,0.5075149993216012,1.1012607120374789
205,0.3883948410344795,1.0908369234601498
206,0.7425437467152409,1.0569837299254747
207,0.784357110655682,1.0821220120353425
208,0.5082815413442663,1.0140567394811972
209,0.6738086329975914,1.0251465347669861
210,0.3387958568523903,1.1918720147545754
211,0.18335584110697078,1.1916745860998355
212,0.4376987300279969,1.269873655049573
213,0.6092744486426399,1.2307343425380106
214,0.5428083512935219,1.113703092986361
215,0.8875161981614801,1.1069875285577861
216,0.5144183118225252,1.055441745184916
217,0.3287136051367718,1.0984893879588236
218,0.44194149935012234,1.1621706227885815
219,0.4787968619248563,0.9806920491271296
220,0.37374199679346776,1.1172732270618895
221,0.10356889321163731,0.8834838685978411
222,-0.007874548414935593,0.9850269495590342
223,0.5266562743433828,1.1455974148994017
224,0.3861784226493265,1.146173578234523
225,0.2734766554494836,1.0852274548483418
226,0.31566725479304836,1.162814530736029
227,0.31046855065056067,1.2343385253933756
228,0.4857883245009994,1.1571855679035579
229,0.08417139962891963,1.1088821697639577
230,0.15495960411901497,1.1470003937373459
231,0.33325065557883704,1.1038672050854648
232,0.21055172581566736,1.1115714555658638
233,0.3132862303165953,1.0705958150439463
234,0.47359466564605385,1.000416934569495
235,0.35345968003177236,1.0315397660463703
236,0.40340206726938105,1.0319468722652168
237,0.47443886706990057,1.1052375390502385
238,0.1828130737283319,1.139721339065388
239,0.41635484489709484,1.0887852923759258
240,0.22469912371350498,1.0493627260982783
241,0.49195727661591426,1.041941489682652
242,0.36755991297029333,1.145169962402913
243,0.553376670621284,1.1738649238882557
244,0.2512954035277536,1.1320394743341091
245,0.18107788636934175,0.9939969482639037
246,0.3691278984601769,1.0857971796548191
247,0.49702002517276117,1.0295666765572988
248,0.6172254590513999,1.0576201000929029
249,0.47284072825744355,1.0964138202042326
250,0.46112957230206625,1.0959193117622876
251,0.4324264030157061,1.190946825356798
252,0.26399569913732446,1.2399554454813306
253,0.17518455632493501,1.3102130452969996
254,0.10524771660599752,1.1029726264194346
255,0.09722839852077445,1.0841969261595232
256,0.3608890596588022,0.9841111544288768
