t,lambda,delta_s
1,-0.2806442745620187,1.2157350097911324
2,0.224661889743355,1.1224380764949913
3,0.5032512274047369,1.1617571136736289
4,0.7618866035457975,1.2301297208675968
5,0.03183082802357981,1.1299498756320354
6,0.29229029044038096,1.1328822689970948
7,0.714794671661427,1.2250398707031456
8,0.8349770907478221,1.104613972977478
9,0.5864712057755221,1.2121725597719673
10,0.3316307342743953,1.0669424208452616
11,0.2512118882021774,1.049425995479187
12,0.3826492550744917,1.0556114354417256
13,0.4085527366035168,1.052101750268651
14,0.18387826426421536,0.9088665008997371
15,0.30513441821879334,0.8988502649492038
16,0.09696422325767634,0.8776010763867157
17,0.4860236565577212,0.8641151968532397
18,0.3085660146332208,0.7992085698292197
19,0.13929401929054513,0.9349216403511359
20,0.2002687719309818,1.085974796428984
21,0.5176572771866534,1.1467660428512512
22,0.5485293708833794,1.2108454739287415
23,0.4656583889915181,1.1129001221873809
24,0.34443608152981137,1.0866902205543607
25,0.6039993189925604,1.15195180117001
26,0.7709638382005916,1.2210209665406593
27,0.3064814817734737,1.165272974047096
28,0.3242818836819078,1.1462076842349045
29,0.38748221309281006,1.1064700172400501
30,0.4968413680564883,1.0735813418278284
31,0.07792862143766939,1.0073756315118092
32,0.3791974722759526,0.983351913548205
33,0.6413878204895983,1.1797757897717873
34,0.13924994047179237,1.0027435083054574
35,-0.03982523670089416,0.932171785545841
36,0.51121109309039,0.9760901662901251
37,0.2528394366580714,0.9324886192001116
38,0.23826533339782305,1.0334193008814998
39,0.43890178297934535,1.0788650950201832
40,0.2845688434922372,0.9787558560661423
41,0.18382917275285424,1.107400471245041
42,0.22121021296932386,1.1883834270190474
43,0.36135263105425713,1.0958162056408332
44,0.30074251276134345,1.0960217143150506
45,0.21147124590515412,0.9977967662087432
46,0.13752319009304037,0.928391931547363
47,0.3591872609203733,0.9530222807378687
48,0.1602224868354876,0.8989874537300286
49,0.3562200327395063,1.1328492078992143
50,0.4781277717386408,1.0900719213340198
51,0.5097256036699706,1.0583932789656094
52,0.21066138177852423,1.0976466317038223
53,0.39521173132089626,1.071438488947361
54,0.4458596650105426,1.121963331695134
55,0.24022928322789097,1.0744585187907858
56,0.8011553581231369,1.124883409636249
57,0.4516555519895649,1.318791324480873
58,0.4705682289145794,1.141865559724909
59,0.5540680717486596,1.0875880039896182
60,0.8148618270285937,1.0578976406498282
61,0.40181072923987243,0.9402716684550831
62,0.39498886077682616,0.9322413647418354
63,0.6799760037254565,1.072849901095082
64,0.46131211887195805,1.0665646752831865
65,0.8385910034369941,1.2696875108332726
66,0.5132470695294983,1.3112737218301
67,0.14480698018743565,1.232989765832767
68,0.3919467719476445,1.2084131148272204
69,0.6387979497410018,1.2592478101383604
70,0.5992027402736747,1.1507915653837646
71,0.556470178426725,1.1357308329134506
72,0.6016362218249719,1.1375214077985665
73,0.1713266501233854,1.082039778989827
74,0.19948617894088144,0.9898143949697906
75,0.3080736342197916,1.0203250302804632
76,0.40760129244266663,1.114632983396064
77,-0.04583102238666538,1.0344807386486037
78,0.2022407821576246,1.02109214289448
79,0.4220177234607808,1.0751341577560365
80,0.33506750170959676,1.0525513450422057
81,0.3874845049475434,1.1433058996504017
82,0.7109475533329412,1.0700229278980629
83,0.3940723355087395,1.0968948479188836
84,0.23945846993253836,0.9546740714414205
85,0.5184638795105363,1.0875568078475732
86,0.8801854052288951,0.9670863519607904
87,0.16814843357197176,1.0147123970127272
88,0.17949661130369288,0.9838762199623203
89,0.4378896831883079,1.186667526224332
90,0.4000850029451717,1.1412755490211957
91,0.26101030698265343,1.2265030967885417
92,0.3773870295277133,1.1520222875180317
93,0.6098186714603533,1.1059745771454677
94,0.3662329205221035,1.1193047772581672
95,0.419411463691716,1.1510504212739947
96,0.354112030931496,1.0668482381448243
97,0.5111752011620511,1.1294533837477383
98,0.3495545422758916,0.9621886318871686
99,0.36062438425713655,1.0388503314373108
100,0.49189962293444545,1.0214597192397248
101,0.02740759183208663,1.045347668390251
102,0.5608121224728733,1.091693031944691
103,0.5235483289300694,0.9687351525924065
104,0.7042186587080513,1.02762818702781
105,0.376719039381974,0.9551486700095
106,0.2480380987791023,0.8068244266451934
107,0.5925842875085319,0.7759540464626697
108,0.5114810927727197,0.8650478791213769
109,0.3949155260975705,0.7460882278294372
110,0.4453693603845063,0.7792163802668931
111,0.3113578687799427,0.6690657026101754
112,0.5228529731291031,0.7601318523293894
113,0.2834471572435359,0.656361770469182
114,0.6180913430293485,0.7276549058194347
115,0.36931571748598435,0.6591061254149336
116,0.6956280087950399,0.7321424472879173
117,0.3306658077198568,0.6370718855037835
118,0.46480813824126566,0.7915258545998572
119,0.5880307181439562,0.6873706993671448
120,0.3505487409332363,0.796531357994543
121,0.26295106866956497,0.9030966285268258
122,0.47756677671037845,0.9199357611835073
123,0.8233001828594332,1.0537885301534209
124,0.45537956894340503,1.196647348320855
125,0.6601747576837809,1.131645199680501
126,-0.048094475464583966,1.0268812273891792
127,0.5853127573542192,1.025313904371951
128,0.20797703007146426,1.0394041319399008
129,0.2263556183380632,0.9007652929122603
130,0.17216076471765654,0.9420042462601441
131,0.40770950110272347,0.8287848732271413
132,0.25780189781973145,0.9081788729064311
133,0.4236838579457242,0.9729737086108777
134,0.5556384136538036,1.0612504722319793
135,0.2526395924241269,1.0149074401320377
136,0.516932291538855,1.2089768731522448
137,0.3379281128336119,1.1956299647681228
138,0.07033862128484891,0.9481911335471364
139,0.4661746431644913,0.8761524707765177
140,0.2258836970381508,0.7955356073098072
141,0.4784993967340737,0.8481966957591198
142,0.3719676289045887,0.6632114301100062
143,0.39038661323295953,0.8159379608859052
144,0.172170976703082,0.6070339886456396
145,0.09426029884225882,0.7372470070867246
146,0.41758159465293776,0.8449037217783512
147,0.5491200974001406,0.913887013813985
148,0.05732153581675708,0.8184651815098323
149,0.3317179774320556,0.7948771551218214
150,0.14617717561758803,0.8282184479493359
151,-0.23002411649012827,0.6902456783202284
152,0.4133094848580596,0.7885391832746532
153,0.6097449242144993,0.9031841271095966
154,0.48204862392737974,1.007135605003577
155,0.3631598261102996,1.0914010110547956
156,0.43189562917558944,0.9736021076094582
157,0.3206110785261176,0.8922927214074858
158,0.46899286613412333,0.9835594632326236
159,0.3683591314208735,0.988969051379889
160,0.640635550664588,1.117734955273232
161,0.873937503994048,1.1348773522885691
162,0.5297538877833596,1.0437234072779242
163,0.4405244444833219,0.9448869572010493
164,0.40009258138464726,0.897807190470825
165,0.3385907002403686,1.0762651875479523
166,0.5354086256256767,1.1429720447073102
167,0.2748387934323933,0.9820752292277591
168,0.32288396824871296,0.8064008635818863
169,0.5045769991455213,0.9402617460415268
170,0.13716467671937446,0.9727365681979036
171,0.35102628311788486,1.1848098743242568
172,0.136674008512905,0.9451280481113293
173,0.47093106450448335,1.0126771534671843
174,0.39274735136412947,1.1012967825095585
175,0.6456294205002712,1.2147715507538217
176,0.36489444659657055,1.2829164042534615
177,-0.03541102533971034,1.190741719848741
178,0.27926196070085013,1.1893063928371346
179,0.4697131520223795,1.0240720791901063
180,-0.03147018934025763,1.00561082053887
181,0.4997777094689513,1.140978867646438
182,0.59632843591809,1.1632011907955773
183,0.5489402225134306,1.2013625302621123
184,0.05494413326802304,1.0670398085656716
185,0.4226929564157534,1.1206263057761328
186,0.5051689436252391,1.3250112013518598
187,0.31776724633936354,1.4001803873926182
188,0.5031479982284079,1.275554547065808
189,0.39389749109259925,1.1650626142029392
190,0.32315057532636615,1.1388894016286435
191,0.2959788935265308,1.0552594398621578
192,0.49047851795352526,1.0548924196762917
193,0.10653827370452118,1.1939218576967268
194,0.5977444038154732,1.131854325545183
195,0.19922268859953993,1.1622295325596201
196,0.29458375782496,1.114107644410489
197,0.397582192023446,1.0009141680238074
198,0.41752966316462625,0.9526377492168117
199,0.04163763018690627,0.9579032433439887
200,0.5907075338953688,1.1403538666685609
201,0.3993100047781906,1.2070558077091877
202,0.4457001351697859,1.257625577956189
203,0.48813887466381234,1.059206540983192
204,0.797428552919733,1.0164965690432328
205,0.5479254369428183,1.2133746135512626
206,0.582153235873467,1.2045151655756123
207,0.31986745879821943,1.168568100763641
208,0.27788541626945495,1.104052101768292
209,0.228222243950416,0.9298421852345223
210,-0.09559328760096744,0.8180847318182036
211,0.42274943358764616,0.7966233728511739
212,0.18379972122139432,0.8727998164401524
213,0.4448339673792061,0.9705832995886702
214,0.3585503742799613,1.0039171022133904
215,0.1573794472109832,0.9907640592544736
216,0.23969293736446207,0.9901047335932878
217,0.6535726605267442,1.0572234850063682
218,-0.06450126756483814,0.8669459730338447
219,0.30419701112260517,0.9226222607261705
220,0.6226854813247877,1.0965759097866534
221,0.48298628522549913,0.9787484887023534
222,0.24479420736624763,0.8551368047450423
223,0.16685067655334032,0.8757796421960972
224,0.4241522934831851,0.9425945686501961
225,0.4809913550619059,0.7999241594805923
226,0.6042829708757371,0.829818933369476
227,0.2583417597627172,0.856113342535462
228,0.4599962697844399,0.9664375491577732
229,-0.015668979506680024,0.8639506274671845
230,0.218893349368837,0.9951500491871624
231,0.6366139528389909,1.1045238047059376
232,0.6199422978844514,1.1184601405659176
233,0.25103710389515393,0.9454981320104534
234,0.419545330720408,1.0126498791569132
235,0.32182530934737413,1.1165128024784594
236,0.38084533404732657,1.133001352980137
237,0.6700004001024946,1.332910300253441
238,0.3979926378234323,1.1857118370966198
239,0.36899496404460047,1.0415012642099086
240,0.6555177315284973,1.0729748390481264
241,0.41194265605001523,1.1636835330201973
242,0.4538201864634208,1.0402520526712205
243,0.548925119784716,1.1247767488793923
244,0.5301254472668394,1.004546097833
245,0.3413396634389039,1.0081332727920087
246,0.21408998851928923,1.0309474308076851
247,0.45389747692559257,1.0382890868868304
248,0.20649330874050933,1.043840069730508
249,0.29482948964822,1.0887778279872007
250,0.3366354109959798,1.0152656351121783
251,0.25956568567929683,0.9249624634970969
252,0.14822145932490885,0.9074933452840763
253,0.3889565150901185,0.7675921136587038
254,0.13938196606611516,0.7393620820530179
255,0.34087772299011493,0.8523661368683034
256,0.8420048035500637,0.968417147030769
