t,lambda,delta_s
1,-1.1113620593607658,1.1904045701936128
2,0.30880236508181313,1.0899752617162166
3,0.1306079470440343,1.0701649341347321
4,-0.14843735339790562,1.2156334843463563
5,0.366220842723817,1.2688880793116104
6,0.44178250822599247,1.1670119828878625
7,0.2981884307537396,1.05325594551662
8,0.5842258989529034,1.141720174714106
9,0.2636758898928712,1.0903690349447186
10,0.4421821169834948,1.1941150323253251
11,0.3857514010675143,1.2206151943140087
12,0.6562902996666263,1.30211053203987
13,0.5108117147186765,1.1600728576409038
14,0.3949013379533227,1.171568128776412
15,0.4559084173619861,1.040187081488172
16,0.24248290468630274,0.9084930134623199
17,0.04810798743298602,0.9726844621497017
18,0.46274303016606094,0.9208004471981929
19,0.46391626623788623,0.9677082283839658
20,0.2895837648328948,0.909646815027278
21,0.49381962860323564,1.068942367289127
22,0.30940421526588396,0.9826757596876502
23,0.6070426436691341,1.0348369338130279
24,0.42595861006048785,0.8645886309691505
25,0.4198124247913311,0.938991837854685
26,0.32602050016786543,0.842386303406208
27,0.28111700511741156,1.0865346340366535
28,0.35692796423359124,0.9109805111560957
29,0.4917263376104809,1.0140405647965167
30,0.20567142620443077,0.9043679828379421
31,0.6234071588506448,1.0139080757495058
32,0.3109139540486509,0.9651764741587956
33,0.5648123513890774,1.0400658482422789
34,0.39703733040720857,1.009387921039197
35,0.5341915012266202,1.022343991689584
36,0.7413624929949106,1.1299802678658424
37,0.46061717532949015,1.1246031577647273
38,0.20448785090198776,1.0860127801228978
39,0.3521629253476595,1.1776128830151726
40,0.5762346254579606,1.1759515654792565
41,0.49447257222236884,1.0514278570634366
42,0.3617964566709337,1.0464058902147348
43,0.2512464682001895,1.2255820853024595
44,0.638660669501914,1.1178240997447573
45,0.5945276930147959,1.1777288910432484
46,0.4843497909987154,1.0593633572310566
47,0.5060592087706963,1.0806065727645064
48,0.2538754377199106,1.1390338815038181
49,0.6075168738169969,1.1232283750428567
50,0.26590481749367006,1.1007399693251265
51,0.19660174530290359,1.139582452409694
52,0.2545107717027531,1.1148249105500525
53,0.2526302875846711,1.0920022661265218
54,0.454389349019292,1.1749139148792798
55,0.2395352899835034,0.9643779270756413
56,0.1117434353767929,0.8549574825260592
57,0.4793889511664706,1.0794489123224695
58,0.6021537827947968,1.0860797184477322
59,0.6390415076414439,1.1151425900101672
60,0.5253802493890238,1.1551112647730748
61,0.564283266954864,1.1831562979857224
62,0.5789598511141589,1.1737450179024376
63,0.2242076104526316,1.0317063692828217
64,0.4774586989280294,1.0234491126545882
65,0.4962639504941648,1.0981447215175884
66,0.292997265554711,0.869344421777736
67,0.35950578603418676,0.7923545750525406
68,0.37286393900770715,0.9373913375120813
69,0.2933411911532338,0.9140925546317017
70,0.30998752310709465,0.9679063447526217
71,0.4318821871271827,0.9178261807785913
72,0.35940136511507037,1.0286963201249049
73,0.6445859729200739,1.2481863099508752
74,0.47065374328607545,1.0479508597390235
75,0.42853708914150784,1.1010250575592846
76,0.6013173805717292,0.9801744383338696
77,0.6558713029103835,0.8925141272401316
78,0.24880537264727443,0.8547784603439856
79,0.7945400340267016,0.8160552041007987
80,0.16653813844208035,0.9970340249393128
81,0.3261465123662915,0.7876433393356231
82,0.039594675655261286,0.7982082047231497
83,0.3891980052664059,0.7740611723921335
84,0.2892320466911968,0.7291090435412487
85,0.1997900225128777,0.7122306818669651
86,-0.08406749061885276,0.5985969048379206
87,0.2644548684174563,0.6903877831477145
88,-0.05216029134026022,0.6008014829729014
89,0.37984555495011624,0.7638914123345059
90,0.07217517540681932,0.5391496472292606
91,0.4811719892452398,0.5714766703732638
92,-0.2872561820640366,0.5530562570118275
93,0.2853943239467199,0.46393927617543185
94,0.29916572405920494,0.5350636555349204
95,0.401055990822936,0.6909291634871378
96,0.3181129146303096,0.6382937093707852
97,0.49218291552159377,0.8428974280966328
98,0.2323539557958999,0.9087934418185561
99,0.4518667183092131,1.0367815544852108
100,0.5556435774691366,0.9643796735485665
101,0.4782913994830738,1.1093372856724582
102,0.8260743927410219,1.2420601974819285
103,0.33073289983873577,1.2794211251328986
104,0.13434783558424995,1.2299300004343217
105,0.3764820620303631,1.1268021551058445
106,0.29023184233712307,1.002139299451522
107,0.21240466751856088,1.0401096214420573
108,0.18094149454954034,1.0472651849744306
109,0.39864301102555627,1.1033228705727518
110,0.44853661433348013,1.2014120818615626
111,0.08173486052015248,1.1219834939496076
112,0.44723403922922056,1.1420917155096366
113,0.418727520930305,1.1609170366886954
114,0.3980356430123201,1.1459553570261622
115,0.504211254729766,1.368124799004095
116,0.28485276679570176,1.2411050474628156
117,0.5394476266341327,1.0550593813722433
118,0.48516015875733276,0.9315444270218739
119,0.5473511795230114,1.0921301303377944
120,0.5871680717363126,1.0528419955311998
121,0.4599461467666603,1.0774390189319354
122,0.6928360514873027,1.1399629369832867
123,0.8980397152628328,1.1712370061686086
124,0.5993138862141855,1.0221598834657064
125,0.44043995496584165,1.187083998783372
126,0.2917797572548326,1.2788129492918328
127,0.5350430206628889,1.217985279835211
128,0.313010430076965,1.2326841869976124
129,0.3318566922117321,1.1979963651130787
130,0.45447100505915794,1.1084727945651967
131,0.17195293442568285,1.0301826102879852
132,0.12052356105207755,0.9739955865197526
133,0.45394223955830376,1.0269296524809555
134,0.3473188383206819,0.9436619575893327
135,0.20694856481441054,1.0289870498941447
136,0.3055527046651175,1.140519619318457
137,0.4453180690011545,1.1397659790963093
138,0.502038628477664,0.9065405915705316
139,0.5837966781248087,1.0324470887243902
140,0.7512374670405408,1.1393096396350326
141,0.5746622330168502,1.0005107583353825
142,0.266619167441687,0.9692880800058843
143,0.6437558165117836,0.9121223600651265
144,0.47930512657268176,0.8134015261485505
145,0.6603499733079857,0.9693340032407343
146,0.33187245932482323,1.0275638890366632
147,-0.01713617984292867,1.0451629643068665
148,0.3422566602647814,0.9960189916581913
149,0.44548548975918867,1.13490320005128
150,0.3690707273176148,0.9577416893037238
151,0.52002034647888,1.0672582881797
152,0.23688784042347696,1.0554980069589683
153,0.5251366474031656,1.0241682435086084
154,-0.05076931637570453,0.9078148327320592
155,0.3961889481111502,0.9242624215741803
156,0.11996312618782269,0.8413331036156368
157,0.6647882132337334,0.9313657461994004
158,0.5564141376462425,1.0380579537393853
159,0.24420687603396027,1.1748556300960715
160,0.07556879906664118,1.0058177601951435
161,0.3484582663026919,1.1139778078927274
162,0.18817544810381429,1.0777903457032376
163,0.4725815488637311,1.197031237164339
164,0.3595421268140957,1.1980150447372613
165,0.4874162818247963,1.123662932470924
166,0.509950790037292,1.038252895193158
167,0.7302743300318258,1.0074488817636669
168,0.44281417303364634,1.0867923967834845
169,0.39295687622680964,1.0627133196472003
170,0.444272346835276,0.9083215317538107
171,0.5739734315835903,1.1093614726271728
172,0.5256593567429458,1.040245110507006
173,0.1909366342734456,1.007084472820248
174,0.22905768633784454,1.1665382731618266
175,0.5943008882695204,1.3130306000224996
176,0.30522507532930554,1.2745327910095319
177,0.16492476504328518,1.0590305240356173
178,0.3921844003928416,1.2074322800507873
179,0.297641749685613,1.1815462447661582
180,0.6445731085135503,1.1571707875561217
181,0.49311662716361926,0.9259873300716612
182,0.17622235872621025,1.0291459270889578
183,0.08759139574641482,0.8868718952753814
184,0.5669509367846001,1.0105577997942257
185,0.7207565052591002,1.1698257298706667
186,0.09399488671123189,1.2292607118229133
187,0.6718479514289406,1.1763227180681204
188,0.3451033829219675,0.9773045795476077
189,0.5336119836987658,1.0830518954812693
190,0.4644519389121324,1.0545396477060272
191,0.24278558160929453,1.0421377920420167
192,0.4939127661593193,1.1345677245141512
193,0.5598864110039947,1.1584371778834353
194,0.3947390229234291,1.1905307889201564
195,0.37217755079103865,1.1345924863434447
196,0.2073478621009991,1.010646666561891
197,0.3242942073039662,1.216996369703773
198,0.44782587065899765,1.311038392778093
199,0.35640881524431917,1.213525557304051
200,0.27719525168279097,1.1515417738993197
201,0.6906019406401113,1.1349059307982676
202,0.7246192053395001,1.1571009223433362
203,0.9240406111982206,1.10835538020308
204,0.586550310361726,1.035125387212925
205,0.16954491178083816,1.0567907900691962
206,0.18889722977421525,0.9967847714275192
207,0.5198230415766394,1.080920901892603
208,0.3132532940993183,1.153735919906237
209,0.422301352124388,0.9124284267995431
210,0.36897752557887525,0.9692123867111178
211,0.5500814730081001,1.192941541661186
212,0.38316620144467095,1.2573592377298703
213,0.5468017022204517,1.1796765772957811
214,0.5430794691458024,1.1516163402212063
215,0.48495564497255833,1.1592672714224599
216,0.2948544420389235,1.1113570893491256
217,0.5302477132487007,1.0681327019491487
218,0.6274079712379438,0.9492214315083115
219,0.5521811690757142,0.9409578008726152
220,0.5249432523044031,1.0771131074872307
221,0.4675294481826976,0.8157116123838373
222,0.345259835309094,0.9646055169391111
223,0.6208451383376146,1.0093931887933145
224,0.19104542581479153,0.9887352696193525
225,0.37474359634791254,1.0316635116373312
226,0.3503419465267816,0.9530997020667387
227,0.1509601145470115,1.005072060593083
228,0.34881336903751986,1.0316292584513067
229,0.4130421563472534,1.0570044744615923
230,0.29379298864173914,1.060120140473959
231,0.4083011236489452,1.1272238152810024
232,0.19867390413557368,1.17937407236784
233,0.22648937040131176,1.0365158469273463
234,0.5748166505538322,1.1385621781503976
235,0.5270607990928506,1.1096235939180583
236,0.38076449014136865,0.982672977361201
237,0.121356035327166,0.9351064476175185
238,0.5767537123218663,1.033312712586423
239,0.0888097964222781,1.0992779023063954
240,0.2449138540022466,1.158899776813444
241,0.38471947825115366,1.254280013747428
242,0.5744641253712377,1.0848334174550087
243,0.5562553311295215,1.006539294135056
244,0.23789865838179303,1.0091686544618077
245,0.23570307025403517,1.0375925095750598
246,0.34744152667584455,1.1170211585196448
247,0.16384949701771762,0.9433265663811337
248,0.4477881573772989,1.0032024206353247
249,0.35675946792367264,1.023782360863833
250,0.20786577970859185,1.0095378023194006
251,0.1526313382333209,0.9591535693997885
252,0.5206890100456485,0.9949435764636698
253,0.5799079278613243,0.9676352871778815
254,0.4380253148425364,1.1186834593005242
255,0.546695657360481,0.9987967502261825
256,0.2479266461239502,0.9845828221222975
