t,lambda,delta_s
1,-0.14498095305167366,1.2267230426630058
2,0.26459325702143743,1.167908670109922
3,0.264600112607701,1.2338625274139634
4,-0.06273737581322464,1.136732603380521
5,0.35393811544780857,1.1739189366901814
6,0.06725791865706711,1.0513328864433333
7,0.26493037784687495,1.1696515978294308
8,0.2921613528756084,1.134985542175806
9,0.42646825091395413,1.150464730095862
10,0.02254021187881232,1.0323596766458283
11,0.04952907324149772,1.0400467989315147
12,0.10243138079592912,0.965540976048624
13,0.008485209937643994,1.028262705636499
14,0.4913570055551904,0.9783164552130421
15,0.48710414537738655,1.0094845072773546
16,0.30525631762011096,1.0746539187286173
17,0.5872548743344453,1.0177662438356894
18,0.48502154302288564,1.1254819569216543
19,0.42264259820208533,1.3190464195009712
20,0.5015039554955608,1.3019641147959353
21,0.5491616761572048,1.0564225851399183
22,0.2412409785047292,1.0640987720402435
23,0.27284144683907113,1.0053860725639865
24,0.14325423977125343,1.0376090229421528
25,0.45065265052027564,1.1212332921212973
26,0.5262539520931541,1.0012026581584568
27,0.3464894467998917,0.8950656174043101
28,0.3593669393870196,0.8049639354381848
29,0.3164314881811922,0.8887777205609033
30,0.6145146133195841,0.9577528321493273
31,0.2599044443900382,1.0082900193754019
32,0.4015575986232004,1.2210135589326245
33,0.4290378406075993,1.0936634370923661
34,0.402267397128454,1.1379648875745187
35,0.09298334387325342,1.03373373174916
36,0.47522204010172836,1.1179259128990708
37,0.38658881428691766,1.127492801266502
38,0.21521428203513238,0.910690696233547
39,0.4479110954160893,0.9340923735954026
40,0.23881140181086868,0.9004903929578748
41,0.11542739489328624,0.8198316818036198
42,0.6177066688368436,1.0401116017566023
43,0.5871879755821876,1.0639578437653545
44,0.2849827156267312,0.9539049327397127
45,0.20991142601163854,0.9883223513233834
46,0.28271579306388855,1.026395479714364
47,0.27418928873179393,1.186628978620408
48,0.44040656142721946,0.9538954852330833
49,0.2979545874640132,1.0397436853361013
50,0.5323766258347742,0.9677568197382884
51,0.12664273320845268,0.9637809789451333
52,0.3155901502540484,1.1695522234521374
53,0.5873311534138999,1.1134324291240423
54,0.4248532784189241,1.1766525171107824
55,0.5959754962138648,1.1680730034081868
56,0.28565541624943286,1.259040394771399
57,0.2732097079674177,1.1637267628148658
58,0.24074440469851976,1.1616998825921419
59,0.2812285952620052,1.1733396409401922
60,0.4491615615016039,1.1027149156165612
61,0.56320048454738,1.1146383012610483
62,0.3846864253725882,1.1865442845762175
63,0.5542212446950951,1.283434554002449
64,0.4921737456523612,1.2775992048471343
65,0.2857794826977764,1.0688399588650932
66,0.29451136160644276,1.122606900827813
67,0.31700101128307645,1.1531112957749259
68,0.21328271214003117,1.0665545817998765
69,0.40123472978281116,0.9835589720177627
70,0.5432125413820924,0.9633504437026077
71,0.3929769372965925,1.064648722295419
72,0.4870074722693543,1.1466303321037221
73,0.31216870388819395,1.0405808913466545
74,0.33015372685161387,1.100465591931947
75,0.0801332224390096,0.98302576186037
76,0.3533650429486198,1.0460905916124814
77,0.35624201357137913,0.992963628158703
78,0.2909484839744734,0.9948560225579536
79,0.45377767390016355,0.9775162865675565
80,0.13252042866484803,1.011711023258909
81,0.6076194383355568,1.0977792721246658
82,0.19014472830323423,1.031275890446973
83,0.7823492364934584,0.9287957596917862
84,0.3031427565344582,0.8863893456359466
85,0.17547555305822188,0.8277297153522865
86,0.07318539201441847,0.8086810150477282
87,0.4447571076252944,0.771957296010236
88,0.3035476747166564,0.7919297426005583
89,0.5094429564578936,0.8277095616212066
90,0.3075910079952142,0.8341926109148773
91,0.1813836760699439,1.0611250643548742
92,0.11704395268331395,0.8875066874113675
93,0.47887928003258107,0.948030224293056
94,0.4911120583093978,0.990607992846777
95,0.4457060160280528,1.0569928811097875
96,0.4755762952193321,0.9894021531732737
97,0.3090986386058991,1.0160105154465837
98,0.6526058375561458,1.1520149958875983
99,0.7465676959758847,1.161273093069696
100,0.5765708548133398,1.0781132738710226
101,0.9289735599721507,1.164694433802352
102,0.6515927442462932,1.1842583818935484
103,0.4923700821948972,1.1293452541761861
104,0.3434626001853397,1.0005809579596725
105,0.47447989856228306,1.104555575714621
106,0.6343408939551592,1.0845983626282851
107,0.22701725912848156,1.0632959440735505
108,0.5488193373389809,1.246582438646627
109,0.5402416867344476,1.2341896949520423
110,0.3739760162421365,1.0549341883081138
111,0.45384471948273736,1.1931406913207006
112,0.3620631621200753,1.1384852082125811
113,0.2769010018868073,1.137929287075734
114,0.40608168619135465,1.0337092826883523
115,0.5464635333496557,0.9163949000823672
116,0.13890634890713327,0.933481789471782
117,0.45324933181608085,0.9504344090979919
118,0.2738192592482499,0.8539017297350544
119,0.322977507810669,0.9315515509695597
120,0.4573237350933141,1.0225707345522559
121,0.49964405131173645,1.036201443167056
122,0.5320186128454164,1.0383419965686398
123,0.37200212656134035,0.9469789221415182
124,0.7590633632923187,0.9231261091486832
125,0.5397601044405723,0.8864383113248634
126,0.38575915009452866,0.9286092406348893
127,0.6401425516434422,1.101141352427029
128,0.5636025406776529,1.2299911926699338
129,0.539997678613858,1.1909438739213851
130,0.5086192731370741,1.2264842151679305
131,0.43214307453747114,1.157200355394466
132,0.5282606504789594,1.0819097064072118
133,0.5202733650437442,1.218392943021141
134,0.27617505571776996,1.0836510202071472
135,0.11500437559792594,1.206366441163555
136,0.05356147682841862,0.9812887914376357
137,0.49685155130659747,1.027747377206839
138,0.4289082854153296,1.0949979991324768
139,0.3673476725173474,1.0688695339132694
140,0.4819491493692479,0.9917010306179387
141,0.5027039858973228,1.1574866127640158
142,0.21237968633129353,1.0420907534159323
143,0.3345198802840415,1.0598691333221875
144,0.33552184486181974,0.9113503264766907
145,0.21358990683799686,0.8465697247546909
146,0.4439958384872158,0.8504587537477886
147,0.5786057005221703,0.9878900032448368
148,0.23530732936448076,0.876065193924396
149,0.28458113376728245,1.1083069067150424
150,0.6440246771168159,1.1955296204518868
151,0.332657305340205,1.2627536555341745
152,0.46303344650209466,1.0352256568937968
153,0.2094326475554934,1.067380665806909
154,0.49156433210245637,1.105091569202902
155,0.5707406066147905,1.2052601497292539
156,0.5248291061637281,1.2621190721271185
157,0.48924412534803946,1.1554450735670916
158,0.5381576349672046,1.1592537565704035
159,0.4861371764933776,1.1037209844715299
160,0.5364137338737431,1.0237947895695991
161,0.5580002343036362,1.0305923005152355
162,0.09438065785894016,1.029385330014713
163,0.2682332955494657,0.9780240293791428
164,0.39598437480469295,0.9343936779789161
165,0.44844594957228484,1.0754147259857563
166,0.4877286901710234,1.2299858214292045
167,0.39257583577522837,1.0201809807905757
168,0.2906778931853398,0.9926053172678977
169,0.4440411385645364,1.1734610107895957
170,0.3452663985761575,1.2662201949960374
171,0.4500031828454138,1.165625710610783
172,0.36286260761444467,1.1604327934633496
173,0.43763508041033244,1.0493773577575514
174,0.18135357966908583,0.8693541229739753
175,0.6641595320013929,0.9245582089577081
176,0.7076835472632917,1.0982928549081306
177,0.27816887596748396,1.0657925287412648
178,0.32958764301355753,1.1712980970668354
179,0.7308857709490015,1.2090307386936192
180,0.5027952944451237,1.0123233785267198
181,0.13718193043913302,1.043329746621
182,0.8383982709945601,1.0726772495861085
183,0.7103648996053272,1.1410108876474503
184,0.7530412903354538,1.1023424329607825
185,0.484671961550395,1.1757954115890612
186,0.22658078343228116,1.134000723161422
187,0.08812260170863678,1.2009517760221105
188,0.591452546765275,1.1267981045011584
189,0.3990087535345306,1.1097869613590399
190,0.037517247138669815,1.039660859240745
191,0.8911612827633302,0.9789946442296519
192,0.16503677794667426,1.1884385654962848
193,0.5070516200159051,1.3244308828346512
194,0.3298935707274582,1.2145602357578962
195,0.429744667683338,1.1321039695454282
196,0.49625239342105504,1.2418689890935095
197,0.3749486685553963,1.2481734850285457
198,0.1896146332431673,1.182968166687241
199,0.3940375350221607,1.1022778799286486
200,0.5143329592006628,1.1116797069715916
201,0.23563273171785615,0.9814094167691727
202,0.22250867757139095,1.0225824240761072
203,0.5146658810354136,1.2237457438595978
204,0.6431970473935267,1.2589661735101212
205,0.4972240298571338,1.0731901267324893
206,0.46108757328480227,1.0694708238221275
207,0.543991960846212,1.2067704049276604
208,0.42686632338046426,1.2225310689470401
209,0.38166108802971166,1.1508507847269012
210,0.4007881394565058,1.1197851021929475
211,0.5487812148215195,1.2231580201809664
212,0.44860356645066224,1.105610236443439
213,0.1846150599859564,1.2059277028856428
214,0.3277776628192495,0.9760477052492331
215,0.24070412877263683,0.9048452081923075
216,0.4939773146378361,1.0253461029454172
217,0.5190671453443775,1.1359262839564055
218,0.2604597559945024,1.015655885063543
219,0.41111721522937916,1.0019863359548171
220,0.5216597141183981,1.023939456574388
221,0.552559563225942,1.0960634344879878
222,0.5021046428479026,0.9708340011409226
223,0.7818628920171371,1.1652999777835642
224,0.26419069571411913,1.27825037316168
225,0.13916249319388596,1.128757491027962
226,0.11597176120129055,1.1045488016823815
227,0.22804526039933248,1.3104239096875219
228,0.5446097452302137,1.247770117958808
229,0.1469902089110994,1.0599766142097387
230,0.37271614721640556,0.9814486151515956
231,0.4668401188711917,1.0251306358933834
232,0.20264374425622123,0.9021096904957936
233,0.32670828601934915,0.8657777429523091
234,0.1406858143980282,0.8198120448727558
235,0.23796164817139256,0.9092943812649525
236,0.42466711020956477,0.846574531334983
237,0.3777035411543016,0.8339244879502065
238,0.562262857527444,1.004215584787488
239,0.22224706838202618,0.9398129300831399
240,0.4374150961820661,0.9423759481137098
241,0.6081375706729433,0.9656656225550091
242,0.3749571822902034,1.1534404896611847
243,0.12514840491524046,1.005168931556405
244,0.36269496745768387,1.1130900623924085
245,0.39211016800896714,0.9082232849969978
246,0.09385510278759279,0.9441359223849823
247,0.4088951180625058,1.1149705364238567
248,0.2820032800559231,0.9444697268224564
249,0.5953981611751771,1.0058644464864253
250,0.8107692674262678,0.974487474408334
251,0.42034288322357305,1.0324821400473108
252,0.545614138698153,1.2073422267129301
253,-0.1216107067700381,1.0025165064073238
254,0.29878327258777554,1.135344719510184
255,0.5807124268556664,1.3895667205637712
256,0.595011866498967,1.1866917710099363
