t,lambda,delta_s
1,0.2689871605492577,1.2452717652157173
2,-0.03610083346997149,1.1690913454248133
3,0.5878443622806515,1.1601640219618332
4,0.6868543481868192,1.2685565414568936
5,0.7413861946746191,1.3402936625984312
6,0.539669963913306,1.2380646461297606
7,0.4195360824673177,1.1656418971825047
8,0.26172078362269713,1.1152290979608301
9,0.29582815920465927,1.0533287749373892
10,0.45123304658725116,1.0685487745197764
11,0.5344933531997729,1.0757383074356266
12,0.5979987203786377,0.9721199082559974
13,0.7362969354648711,1.0800943090327846
14,0.34276103776319106,1.1599864272568292
15,0.6433648821497131,1.135514334033241
16,0.1556876459104098,1.115628608590268
17,0.22706589825062717,0.9181684887633942
18,0.22616374253986776,0.9659029237753097
19,0.2410761648966964,1.0538126107990922
20,0.12343996989997957,0.9960319094419322
21,0.39556174118900034,0.9791955425033
22,0.25914257168134985,0.8942512426017829
23,0.366692780699929,0.8502184320410918
24,0.5656604144744999,0.9312887697960487
25,0.4409356269067912,1.0458341357590204
26,0.2862220263905484,0.8673739759164086
27,0.5705559334939548,0.993918841275442
28,0.555241862853351,1.238458916121754
29,0.3196619166068681,0.8846999807371146
30,0.321663972445628,1.0442695563049802
31,0.6951999469615466,1.2051199669461699
32,0.7352517157511224,1.2549670066585472
33,0.15401212087810082,1.138335584890481
34,-0.12400724269499938,0.922366899006706
35,0.5088910624520078,0.8987939862668521
36,-0.32914099103363803,0.8350858266318238
37,0.47222712583983667,0.9592475279677513
38,0.44442088767891524,0.9079475439872735
39,0.4662337923910973,0.8947029191482113
40,0.6510558180339965,1.0473116401457647
41,0.6920302633193327,1.2173809205163024
42,0.8167998422207008,1.2939865752205717
43,0.45628124209038623,1.2165818538591182
44,0.543269532476395,1.1352173356947255
45,0.5843126205212271,1.1178843519880912
46,-0.12826585820936243,1.0122455726029107
47,0.420686934464408,1.100417053225883
48,0.2824400681327058,0.9391226469930871
49,0.4241951974328191,1.0089654000193717
50,0.3381782371220021,1.1121636007107656
51,0.3669437030590833,1.3244419044252798
52,0.44241814654724204,1.1626336817444638
53,0.3289354321179523,1.1418278673857991
54,0.28031616711107593,1.07567888153407
55,0.30881291255549,1.2015294747006435
56,0.37210320245112555,1.18763532815898
57,0.48791269754048505,1.0951600140239557
58,0.520344660607504,1.0747012432183334
59,0.6271404112151499,1.1720230461860723
60,0.348063552300128,1.0446337297816473
61,0.6083591019846087,1.220906531777875
62,0.3746708296191636,1.0854094938719465
63,0.67057089169672,1.1428264496266602
64,0.12416944722621867,1.033709509637366
65,0.2751615170937739,1.150132076684274
66,0.281532654299135,1.122599809425626
67,0.24152307220346755,1.1634145034023098
68,0.46318230093321633,1.1449605621795504
69,0.37170398174673597,1.1503609244264714
70,0.2640718781018403,0.9020775299306468
71,0.3893722072605052,1.0561574318207994
72,0.27436526315136023,1.0676355685121968
73,0.42970371973500465,1.1300629183825024
74,0.5720724395940802,1.1233974223526828
75,0.5484713159292591,1.1058181503758857
76,0.393903285240248,1.101437428996306
77,0.6915896723148722,1.1302643468516076
78,0.4153507134088602,1.062923311603904
79,0.5157168811927737,1.2483955613113704
80,0.423217079587681,1.1351845578011874
81,0.4756717710133788,1.0543441247566494
82,0.11423960195877192,1.0061966588074616
83,0.46716595222137297,1.1541515654510608
84,0.08457344378309178,0.8399706728796578
85,0.21814876026314164,0.9839035882181384
86,-0.017172719761276278,0.900122422508493
87,0.44031171939146185,1.0700075278147199
88,0.3770406156361785,0.9493507031915761
89,0.284258808933558,1.0824294034426303
90,0.3351726928032457,1.2211390328037035
91,0.24084488105511656,1.194499734875805
92,0.7521184589032425,1.1240334513644687
93,0.20445323263300866,1.0322429079929598
94,0.7181180346194637,1.081979894942246
95,0.7038115673330146,1.1912613100264207
96,0.640488507607502,1.0834252166736882
97,0.32014407617773866,1.110422739525346
98,0.35477401566962097,1.1711831319164805
99,0.18151036196112807,0.9938431365604328
100,0.5571532483080844,1.20604472844895
101,0.5136154182492927,1.16095444159931
102,0.4590184901745047,1.2015874153438848
103,0.590133184430384,1.1094792085549787
104,0.39635256264916,1.121978434139382
105,0.27350997229944907,1.0865294698641
106,0.5032004185864318,1.0907734742436852
107,0.5476974401620129,1.072025445855004
108,0.5067877815361312,0.9529827242167986
109,0.7552534990686229,1.1880955030184472
110,0.5743972055902122,1.1553284042817193
111,0.5588896376143296,1.1108541778713246
112,0.7662928006776798,1.2605396581486716
113,0.6465389655640609,1.223226740505007
114,0.48551849425425275,1.2345681373538566
115,0.368518469053302,1.0676075908339708
116,0.436363484491043,1.0996131081778808
117,0.523785113608668,1.08750287789778
118,0.19202126675277195,0.9271166848005032
119,0.4106769063799153,0.9858279508995706
120,0.5880798275059417,0.9754840391544843
121,0.18471587807670856,1.039136393985479
122,0.19437191107174626,0.8989482327454745
123,0.3557139943108999,0.8972722075493701
124,0.3602815342657197,0.9847947212342723
125,0.5602813994329399,1.033155801751369
126,0.32826346988811134,1.1039662799329044
127,0.4225147020200338,1.0495884568159417
128,0.286703989877763,1.0846875205766775
129,0.5258158309802542,1.1315492758171115
130,0.5096496325176634,1.2099584117520046
131,0.4732851134548326,1.1328980286066401
132,0.4808226874895538,1.0451063961540767
133,0.5117382947222534,1.2828929509148042
134,0.33122091395513015,1.2301458244367658
135,0.5030278314507065,1.1838915451229823
136,0.43073304534323786,1.1262286561844488
137,0.4709918545288351,1.0799725498150199
138,0.20206973874907833,1.0342697317620406
139,0.21425448960707458,1.072588344674888
140,0.3890005734894066,1.0170281375199541
141,0.3596145358240728,1.0141494424011752
142,0.3467756532082467,1.0102757195511536
143,0.47594513523590665,0.9336323267483602
144,0.5397960229485412,1.0674711017094283
145,0.6394866964748713,1.0359461862428725
146,0.5966425936984473,1.0301547797321065
147,0.6969747190090505,1.0666915757045565
148,0.5890065278532852,1.0652166032569335
149,0.6547812034532808,1.1331009764033186
150,0.3876770518936666,1.1895045432734064
151,0.5341615779293518,1.1648872310476788
152,0.136693537786304,1.1518388845436565
153,0.4314089893051468,1.226947559878192
154,0.5597901445381034,1.1954674399949705
155,0.4422134986966278,1.0905334468380428
156,0.6195457120318788,1.2320505085736178
157,0.5071797410324126,1.2911302765180028
158,0.3496756269561484,1.2015085918535582
159,0.33431481470176105,1.102268322699733
160,0.4594400084536558,1.1931138075197805
161,0.3214693561665597,0.9531851149966285
162,0.5090409448819779,1.112311185485781
163,0.2489722673143015,1.0386963722530809
164,0.5982050364628128,0.9552768322433952
165,0.7154215960103638,1.0566255243809786
166,0.1634897260865179,0.9426960890121054
167,0.5236791196666515,0.968736849264614
168,0.320132374563086,0.9838312978545279
169,0.18649917339044747,0.8476333483028576
170,0.6206763834096877,0.8681949108043661
171,0.7430605963399755,1.0053200004641072
172,0.39044397103759154,1.179451224900873
173,0.2811118470062964,1.0310177169915142
174,0.697472968507746,1.1178190184777177
175,0.46125602111938874,1.1053049313773706
176,0.25760661415738645,1.0287705256315633
177,0.41900118326587843,1.0881314545799987
178,0.6062978769192295,1.07266175190947
179,0.32330782317338064,0.9952728069723582
180,0.22852344801228938,1.0488087357053568
181,0.403414568005452,0.9667481715417172
182,0.3285602341845149,0.9754160055745473
183,0.47028844428015415,1.0784109348166673
184,0.40838604824423436,1.11338184504358
185,0.3719472929939949,1.0336046040212463
186,0.41897907210267926,1.0023196572254773
187,0.08820683899809002,0.8658520224704847
188,0.5016849410078621,0.8742489710274192
189,0.5445790745115564,1.03801880615663
190,0.5057587225543094,1.060632398048795
191,0.5105208416377963,0.9736205391437969
192,0.5412409276300215,0.9771549536872399
193,0.18102120947588607,0.9519806156379693
194,0.28135030706038733,1.068238782371268
195,0.5011245776842185,0.9663658661920125
196,0.15325265456250117,0.8946011092197678
197,0.43827927243274944,0.9000143072432875
198,0.36419879953383877,0.9125191121116071
199,0.35630065011923623,0.9572041593214166
200,0.4422869714353144,1.0517642754060668
201,0.3767198127011102,0.8822672150027878
202,0.4353471060693466,1.0053738232642941
203,0.525089644581638,1.253994885007926
204,0.20307492632529386,1.0953315717662617
205,0.6277236520691722,1.2207476019003725
206,0.28723975686144193,0.898041047151242
207,0.8088176803819944,1.083120649302866
208,0.40870814170088443,1.1370935720763018
209,0.691243787087796,1.1704360925958381
210,0.7438749252924074,1.0342607506540153
211,0.3796127553585428,1.0483209846576862
212,0.5400250421322997,1.0884900014453107
213,0.0226845099866742,0.9271863526601574
214,0.0920718265357973,0.8475700265080677
215,0.012237938269660176,0.8874148631552801
216,0.39618977620666274,1.0387734232680226
217,0.3633778463756038,0.9595468437167538
218,0.3877992722471701,1.1570057906400977
219,0.3532673062388226,0.9405713473594416
220,0.6551722887963388,0.9569752250631409
221,0.37325545569754714,0.9717397120300834
222,0.35485780757991875,0.9596606984021355
223,0.43302996443177827,1.1298601945497302
224,0.2433666650683029,1.0894123802294238
225,0.4218895258416712,1.0714057627775735
226,0.2578167433959437,1.1565574366766764
227,0.4087396674036826,0.9701729839102015
228,0.5143129978396119,0.9774284942914883
229,0.613234809394472,1.1284095269155443
230,0.608184229744357,1.1277972122227857
231,0.05772145830287198,0.9891455022471042
232,-0.08337861959534576,1.0713917886980102
233,0.4011383929217294,0.9974015064958894
234,0.6494444856929368,1.1091429201124736
235,0.3305616739803132,1.072041150701151
236,0.4486815831484496,0.9857827608886212
237,0.31208655679659936,1.026328562706553
238,0.5144000338202475,0.9811386349792156
239,0.38922504700518845,1.1087070450771062
240,0.5553367334255159,1.1126843404417173
241,0.010933918399130167,1.122281193006935
242,0.43773635685636647,1.0487990773365594
243,0.6655548343918551,1.0217827362603993
244,0.5062521699996708,0.8552382640885628
245,0.5031931707966998,1.041065856096709
246,0.3914716058685039,0.9229345361846282
247,0.41170616904748225,1.0459646831889338
248,0.556020442030092,1.2000788140870844
249,0.5930017769684827,1.2916140974701722
250,0.30169821242826633,1.2241260026744702
251,0.5687591963376611,1.1484922610204238
252,0.2797509365955629,1.0940935344859095
253,0.640485878253136,1.1790092552656672
254,0.1646601784751062,1.089379329074876
255,0.17404539373474895,1.0099355133923444
256,0.6846105188650398,1.1928757026475734
