t,lambda,delta_s
1,-0.25022342188458424,1.2349272296601863
2,0.1168011398525476,1.230083479126189
3,0.6604195969443877,1.2010805593898177
4,0.046995208362736525,1.137318902307418
5,0.42931680106556364,1.2044740596817207
6,0.6364985373577013,1.2875876560458568
7,0.3558279024132522,1.1734996671220195
8,0.00028008897708552073,1.133580706423268
9,-0.19916391981348583,0.9515823808448047
10,0.3488402605379188,0.9865691810137835
11,0.19374099700238356,0.9171698939115916
12,0.3860157031445302,1.103684394361329
13,0.2519880576207314,1.1400918963890025
14,0.2346230814246671,1.1426410180008457
15,0.06882849281442627,0.9677416755972136
16,0.22087899807150663,1.0640393563898511
17,0.1610337346976781,1.084167248665117
18,0.32233018799755087,1.091478889905343
19,0.3235537427891681,1.0416721588192202
20,0.14459643037590056,0.9546880055909099
21,0.3056804124442955,0.8336210925496564
22,4.6574079064991735e-5,0.8767597215668688
23,0.4162122994524918,1.0167694993833847
24,0.07832214733936145,0.9308007307724572
25,0.453156767716541,0.9792967175645931
26,0.7020489076342126,0.9589850568470927
27,0.5469513471839854,1.0996970579755532
28,0.6653552954444674,1.1611199031994843
29,0.7540023715410877,1.1310283694436671
30,0.3844180229066676,1.1182149955477683
31,0.14116548206481228,0.9796690972867498
32,-0.006188752457742699,1.0676201718304446
33,0.5969022132569382,1.3033351722956201
34,0.5981296492564965,1.262453702382421
35,0.3086500095919869,1.120113875313908
36,0.22174135832635536,0.9863047125582847
37,0.37725284809749526,0.8833096416884606
38,0.2725644075449489,0.9232081634355559
39,0.4547835991188188,1.1211960539942043
40,0.47298187678321313,1.1740099058707065
41,0.819392886670299,0.9353292517412727
42,0.37660718177128105,0.948930475465764
43,0.649922132166169,1.0726584891453026
44,0.20372727975942653,0.982119257381838
45,0.373333623929577,0.9851340221417506
46,0.3801140710915065,0.9949937226448083
47,0.3595532663023443,0.9282298497771836
48,0.36899138469616116,0.971074701122798
49,0.13136446079210162,1.0091315618983774
50,0.4717123032521065,1.0519434345994239
51,0.2715031384228754,0.9992462092823123
52,0.5525082191823244,1.0168166294866061
53,0.28715298048244997,0.9679202140366258
54,0.09761283974104523,0.8635142002163827
55,0.3522414874575666,0.929393183946027
56,0.17858786535200896,0.9405774629119373
57,0.3427507839492611,1.0041855708561147
58,0.6083253966167129,1.1460861161457032
59,0.43603190913148115,0.9452548080576766
60,0.32645556012836036,1.021867627485477
61,0.5514597743847766,1.1962176985099184
62,0.33435105424075096,0.9546459586412313
63,0.14608772442768989,0.9841778221259514
64,0.46594236095298613,1.0354288785549433
65,0.5014895804000443,0.9438542686802082
66,0.41755843356568356,1.0553322136482521
67,0.45449711324967795,1.0418551169770573
68,0.5657790643141318,1.063133050840386
69,0.20206670388912415,0.9558474566894312
70,0.33782967604916414,0.982515720021406
71,0.291481568385783,0.9392688589621792
72,0.4973279402228981,0.9775181228266514
73,0.7133874097474904,1.1266927215109124
74,0.6099391384515889,1.2333888822553822
75,0.43710899266573244,1.1460854267957379
76,0.24074539863982727,1.0121098720348163
77,0.4123620786090233,0.9778205222938828
78,0.4265896941358953,1.0601036610422194
79,0.34893029356003014,1.0415823995180225
80,0.5985570051448339,1.1119464976658708
81,0.5778961759197451,1.1290459650228082
82,0.6041647253885827,1.133456098340633
83,0.5418037818693263,1.0440028354118773
84,0.23371373826548536,1.0787437408169442
85,0.5565992755410749,1.25706447811739
86,0.33552013556867033,1.1588177339861903
87,0.42346730540743766,1.137955579375321
88,0.2697882530175513,1.0661202455686896
89,0.5142037428826415,1.1686802071889812
90,0.4412776318993967,1.2558630478484674
91,0.2801610262781355,1.2074972776210149
92,0.8492848731577948,1.1839460378976754
93,0.976894716900835,1.1630743009018374
94,0.6546593768849005,1.1924075117856026
95,0.1634280362637146,1.0950015483402198
96,0.4411927454777095,1.1496683285559204
97,0.33047817630441023,1.012722725535538
98,0.155983985813892,1.068195934077007
99,0.5732779574884588,1.0220925550189544
100,-0.003629502880280806,1.0070220136968673
101,0.29273626680578246,1.0884506200962896
102,0.5246182370580943,1.0078912808615064
103,0.363646869494164,1.1458708457222107
104,0.3866364812957289,1.1436927898147586
105,0.1503516630366297,1.0859011388309414
106,0.13964198253739712,1.0803317975538405
107,0.35541824288859347,1.2504289102716744
108,0.18497749100664235,1.1269841219421066
109,0.427135284944651,1.000532434592175
110,0.6020674697435705,1.0149476352578335
111,0.6193579039859192,1.1056219137137406
112,0.6690448902387166,1.0713960622244736
113,0.49982715264065,0.9637442681322952
114,0.34939661546947653,1.0941604560457248
115,0.39409823098728847,1.0745502299901346
116,0.21922938720181803,0.9301408060843346
117,0.6488191252775135,1.2129893016183202
118,0.3252714667759849,0.8717938021297963
119,0.5085569041801161,0.9075759624142553
120,0.1872861154963476,0.9649472374174053
121,0.2881006516191845,0.9085972727312815
122,0.21970095885699445,0.8254069010149044
123,-0.017698099935869783,0.8174240244753024
124,0.46711508849125144,0.87482733049521
125,0.623065191805608,0.95786941360423
126,0.6411176624431741,1.1059189084124623
127,0.3291515098198245,1.0972608820217844
128,0.43820752089925263,1.001226741124454
129,0.6766450694606461,1.1831673055272112
130,0.16729445363606238,1.176980127155954
131,0.1786780890806477,1.0786878598220895
132,0.6410836237659747,1.0654655993431306
133,0.3030317487207109,1.154542697756789
134,0.2783714187075531,1.2109490567495393
135,0.47400119832041704,1.1860153474155375
136,0.31321561453560376,1.1590323523747557
137,0.4335997425097642,1.09839700785592
138,0.26892912090523996,1.0537860787396622
139,0.039892742670423566,1.0303601586484366
140,0.34430990099488595,1.1541744370417868
141,0.6733934004586489,1.1807555217875596
142,0.45380736176090997,1.1048268112738626
143,0.08623577711348429,1.0049354693397943
144,0.5476300979361346,1.0957196976315113
145,0.5277696731835221,1.3282657741760795
146,0.6133645042812562,1.2691910150550456
147,0.47828430600584326,1.0277004809068992
148,0.27610744594009073,1.0578450733315916
149,0.532590065193187,0.8548877270879135
150,0.0992177446618664,0.8752153255221982
151,0.4666712247949047,1.0448040126808393
152,0.43866887472421157,1.0699177004351081
153,0.23611272744039205,0.9804325822857278
154,0.3518184373902198,0.9648899724033894
155,0.34472022231671495,1.0173944317674954
156,0.4883442011425928,1.0386602207582483
157,0.4327385678013672,0.9972045515611457
158,0.6261563352211407,1.1274740908142538
159,0.5237374931744093,1.189357366326432
160,0.5078808626984772,1.113139260094147
161,-0.08785544636907543,1.0955384091799942
162,0.5531433419706526,1.2527940320918047
163,0.8027309289171906,1.2583650279244447
164,0.2878061681110625,1.2472738249590039
165,0.3264071492946032,1.1105563573029478
166,0.4825964465210952,1.166335255524342
167,0.009570304475655298,1.1200395964445724
168,0.758862484068552,1.0230720241590356
169,0.5656480951816204,1.027247047389062
170,0.3116244955984605,0.871407872065743
171,0.29327419926426074,0.751535265356512
172,0.33127682416861715,0.7342472649741518
173,0.25261394516486657,0.9494080826965334
174,-0.18933612288138116,0.7950865964947592
175,0.23994382925734223,0.7840833278761343
176,0.5732883487633349,0.9395023780456765
177,0.29400280193427075,0.8712552930704928
178,0.4217612594637708,0.9591547743449507
179,0.4829974858025798,1.0495520633775006
180,0.616954129895854,1.1532231334805132
181,0.4622126988488754,1.1110900822702652
182,0.5438884913584767,1.1229465563897099
183,0.5892586178928851,0.9754203829613194
184,0.10109633264515022,0.9863611196275116
185,0.17604457597103698,1.0405451657040905
186,0.12119565422749709,0.983171920839193
187,0.4490646557090305,1.0634718303576287
188,0.42242010807284786,1.290533128822201
189,0.4859793417372778,1.3330460975668628
190,0.3437364651003282,1.299860612552763
191,0.5505110500678809,1.1716406235293952
192,0.4161292807198165,1.153203229630566
193,0.3511579400818769,1.0359293326569428
194,0.7538125646966299,1.1870731862938144
195,0.16284893132263117,1.2823363895684723
196,0.40978062857039693,1.1959374700537122
197,0.372986402660021,1.178454300823119
198,0.39632746637673294,1.1211739272230836
199,0.40420073913432275,1.2527409260595848
200,0.521282981017355,1.174920250849991
201,0.4767943193663577,1.0298005504095054
202,0.5015292029552006,0.9417461243891582
203,0.6099421413693062,1.013189483859035
204,0.4525813073348321,1.1813882835492073
205,0.20270463927971438,1.0996742000266493
206,0.1639111964432625,1.0668039775225489
207,0.5457732215387661,1.1094476182736357
208,0.3705819117547422,1.1624217522517422
209,0.3430491678373776,1.1575675501227911
210,0.3878174497257577,0.9674070626268423
211,0.4680513512463008,0.9763399368245645
212,0.2557098658503259,1.1161768182501417
213,0.8739907010128315,1.0170128056744756
214,0.4135011512838255,1.0535706368436313
215,0.3402063925200103,1.0072265985268758
216,0.7865142420386853,1.1052631367087058
217,0.614690149858207,1.069215803096115
218,0.40548553097681983,1.234190240876663
219,0.4242724123153572,1.110789552112645
220,0.5041800042296911,1.2465587764278523
221,0.4066743576303892,1.2495092143250333
222,0.4174789494387377,1.0913039084120784
223,0.28640869261665275,1.098672507113836
224,0.06389615610224562,0.9748316007555085
225,0.3514818884640668,0.894237264228707
226,0.5332111817096062,0.8627748653529625
227,0.2338024789831317,0.9714451025838179
228,0.6838817944795929,0.9679117527691347
229,0.4217125248051257,0.9599670415596744
230,0.27240419213401207,0.909576330361318
231,0.3971855107946229,0.9358467208245697
232,0.6986981218566737,0.9989274148287004
233,0.6643909558554238,1.0847562462643396
234,0.4510847950175542,1.1899589040588243
235,0.1006178471502453,1.070482528296399
236,0.32517161750686796,1.177268671635468
237,0.570541762383082,1.1095090760665158
238,0.361128933989248,1.046679897914713
239,0.34314523910619765,1.078003692577095
240,0.5281890504216794,1.2465037024152839
241,0.33114740147666066,1.185917075996153
242,0.33036682114929045,1.142185578621328
243,0.4124516620232738,1.1077506925782508
244,0.2800032625614737,1.0580711810419774
245,0.3864111685343976,1.031791120421727
246,0.32258901916951216,1.1135593010360159
247,0.5585684186126145,0.9204207441690071
248,0.49069745239475926,1.087104949097275
249,0.6631500372171848,1.1173807682278214
250,0.2826040834982781,1.014752355408121
251,0.484045401950161,1.0873889296864934
252,0.6683105542199179,1.1218159986121217
253,0.17719093074076864,1.1884602770208865
254,0.6029688133914843,1.324619721815798
255,0.5790432268948156,1.274188190776775
256,0.5732484232203897,1.1103368715262816
