t,lambda,delta_s
1,-0.5247927072356676,1.2091352587291382
2,0.41549710956614616,1.135105157448974
3,0.011256074365865846,1.2383034371251784
4,0.8196045755527773,1.3028436122172782
5,0.6659256900038615,1.1849992745107165
6,0.41312021591291537,1.1518298459222291
7,0.45209178421948315,1.0683459893626615
8,0.3067976358854022,1.1157317424212125
9,0.49644493982119053,1.025623700754148
10,-0.02026954341797885,0.9012150471345975
11,0.04368547233305999,0.9397857219828788
12,0.28568007430234726,0.8179779796560457
13,0.5186869205376095,0.8492800959321624
14,-0.008756618327717913,0.7116990783436351
15,0.5110769178478295,0.8064617175235058
16,-0.22501629563984243,0.6434464677889863
17,0.0018106823504750783,0.780897352337283
18,0.10625305585699799,0.6929009071403077
19,0.7421744939503632,0.8670425319875728
20,0.19713378187310318,0.8549866543532781
21,0.40541896262042443,0.8961411554698789
22,0.534885638781651,0.8440855529994794
23,-0.1708889949929735,0.708120276250031
24,0.2390984395099935,0.7846704323375949
25,0.6813039228865059,0.9491087299243822
26,0.15222117940933697,0.7463153698064207
27,0.21857449350094832,0.8253674986311867
28,0.36624609648955603,0.9213432098154728
29,0.36965236259843304,0.9732072553309266
30,0.14142970304742133,0.885096453972554
31,0.4193596048993467,0.8167897692619628
32,0.5114595371791304,0.8657176917073997
33,-0.1038206865012663,0.7909853664620258
34,0.29029205601389385,0.896549025092082
35,0.23884750508646985,0.8742105824560663
36,0.4258929592223295,0.8861107102024385
37,0.25396922312040016,0.9290414196688627
38,0.10763387210928961,1.019481179875548
39,0.5166362632868624,1.002266563983124
40,0.3665045249146999,0.9892745985566925
41,0.49232781524624797,1.209251946097602
42,0.2164343468547891,1.116168907522727
43,0.47163806502889966,1.0802873131433166
44,0.11186740604007915,1.052201649183768
45,0.3697163067215105,1.3230262680113531
46,0.33774852822423057,1.0470428970982986
47,0.26343410074153734,0.9383805668439074
48,0.5667155711204177,0.9782056168251251
49,0.5944804561144107,1.104536572529464
50,0.636138177752296,1.0717802451899048
51,0.27395531087889796,1.0095942317286275
52,0.2910100658282775,0.9292638265399411
53,0.6159902318096948,0.9255426218795069
54,0.2849298686595323,0.9081014447541467
55,0.2503365441627223,0.821718549056119
56,0.2284896313262852,0.9906946635416802
57,0.24371257622231268,0.9454565854232412
58,0.2681812448274239,0.9407790460796003
59,0.4637217288884555,0.9552581185951148
60,0.469288686526485,1.0209986885114681
61,0.5631176175585803,1.2320165448900884
62,0.3919600460976035,1.1611302364076996
63,0.24168201528355043,1.1201990115679359
64,0.6375425848465757,1.2360697311607418
65,0.6355894849191754,1.2455298574592442
66,0.3386266170486026,1.1112440421041425
67,0.3662641427374236,1.1030992378427258
68,0.38876668081317634,1.0216478109412515
69,0.39705795659118515,1.1413524517993392
70,0.5701957060755634,1.116659832390907
71,0.48079639035453287,1.0114032949421639
72,0.5077264474052312,1.1059855897610111
73,0.36303426837233593,0.9547294331225251
74,0.5610406058011232,0.9820370143455598
75,0.5876194857064757,1.0735892379547147
76,0.35333931677811203,0.9733206568436166
77,0.4502438548581826,0.9715153826474979
78,0.6269301049124326,0.9705850540112682
79,0.31905746063076806,1.0200172830572565
80,0.5773792794552667,0.9824998228824064
81,0.5090044682681224,1.076062832981586
82,0.3009256656528429,1.019964179348189
83,0.22243523943733165,0.862041454828679
84,0.21340262100644256,0.9177772403127789
85,0.3119319120869885,0.9535779565328016
86,0.05236367193840206,0.7529678654621493
87,0.22382006287110418,0.8968785397068619
88,0.4423019037175976,1.0731062128021724
89,0.18559354211148624,0.930079805438776
90,0.3131705131056724,0.9608181156595037
91,0.35347552104089286,0.8479986444798117
92,0.466597706299711,0.8465375187619065
93,0.10312144983869076,0.8389688124406119
94,0.13161667217550824,0.9262343634309854
95,0.7179531715946306,1.0602626160389628
96,0.4523644826639689,1.0530423981974413
97,0.08846490833843951,1.1691292302309828
98,0.38617046917108466,1.1539965712559974
99,0.5951112059545264,1.1776865339351918
100,0.4427286961368495,1.272233999807478
101,0.3744374095716495,1.1499379032589663
102,0.23994986343061916,1.156747698530626
103,0.17618582234837651,1.1334782019790737
104,0.5386412529466473,1.0142559762902954
105,0.5493463920443689,1.0791339539172584
106,0.2470063869259307,0.9336289731053299
107,0.4891042597215618,0.8920513377112254
108,0.34328629697431806,0.9094268049278945
109,0.20875031669245578,0.7841245841340561
110,0.23562778135217213,0.8362228279498561
111,0.5253645264783796,0.9707122644272206
112,0.06485371377080179,0.8570463321960345
113,0.4701195838216823,0.9073629583407575
114,0.502419472107582,0.7630344955696817
115,0.6753918519874261,0.7381721889747684
116,0.5585844208449713,0.923275602540857
117,0.4827198255351657,1.1396501501431322
118,0.5636602279546976,1.247273795088898
119,0.6726885560026077,1.143258443097791
120,0.45079435246881616,1.0570902883255282
121,0.42419218708521395,1.0860716704465827
122,0.8888284199855443,1.0537195860370887
123,0.2523640156818924,1.1342488043061187
124,0.21576406118105967,1.0514962970190167
125,0.5479503211502023,1.1371171162488685
126,0.4587357907933319,1.1012393371775302
127,0.3992508912186994,1.1134585423028673
128,0.2664813593801264,1.1872781101016567
129,0.16927405221166217,1.324215572167283
130,0.4420180583762987,1.3489609919009993
131,0.578999574092111,1.2306742262601682
132,0.581198680386519,1.0934283585699978
133,0.4381890709033595,0.9980896105189166
134,0.17924197318593835,1.106944345789417
135,0.19941942827520528,0.9860904872735531
136,0.45880200258289927,1.1816154384317943
137,0.40364948179947635,1.2736378360025888
138,0.6061429239005883,1.3059078914359823
139,0.46572016751764694,1.1753295701106639
140,0.2065907775769074,1.170691817093185
141,0.39772608939200266,1.1141772225920576
142,0.5004736164812604,1.1467960801195392
143,0.4725440761248635,0.9606697255374224
144,0.15641485828006887,0.9795026747218645
145,0.3374940604633545,1.1924174322591745
146,0.35899335985414577,1.1268692778804448
147,0.5257509795336506,1.207297231747518
148,0.4010120289479481,1.1871515225121478
149,0.3793683287272386,1.141868505106876
150,0.23914511820711581,1.1443232382590658
151,0.381907219326693,1.1167226594878228
152,0.4987563813834955,1.0590917150889148
153,0.42538789921840936,1.0227044868547241
154,0.3109674547365395,1.0575837281515241
155,0.22416510940638598,0.9554731022507545
156,0.5117553468283107,1.0377601154096774
157,0.4278901559723635,1.1582363754646015
158,0.48749772294689786,1.1604440689392599
159,0.41899706507389545,1.2188868369113381
160,0.46653462568240994,1.28496948006242
161,0.7148214004653614,1.2751173903494477
162,0.22319326611568893,1.204531852255899
163,0.6095305351658407,1.1854720138412405
164,0.20008677243487516,1.1382845458501993
165,0.4167779408208117,1.3103078637754344
166,0.3262970038060716,1.2524679908005039
167,0.2334018225893505,1.1885700316169452
168,0.22916580922304275,1.0643461660404225
169,0.3335125950008777,0.9960613975623682
170,0.46606080073251044,1.0657304202121591
171,0.5538383022405242,1.1569509641035565
172,0.5660539332210126,1.2468418040180824
173,0.67497187643011,1.1698183121774677
174,0.5174343966987119,1.122667166694815
175,0.7264059911302786,1.1758664916090027
176,0.27369732652475165,1.1836162633022003
177,0.4602786532573043,1.1544103557715621
178,0.26675207451642335,1.086619895261012
179,0.5317573150563664,1.120450266410248
180,0.4772141868152843,1.1381079666400624
181,0.4512384738715359,1.2201682790366064
182,0.20854681935448569,1.2187341656329929
183,0.4729538610649361,1.2717609228034408
184,0.5060374766291996,1.107294631511208
185,0.03865505879100687,1.0430177151325333
186,0.34336366703801885,1.1031150572488209
187,0.04261788223177113,0.917839140320663
188,0.3479503473637935,1.039938320188721
189,0.49485257681721156,1.2306067036573456
190,0.6329399970257903,1.2066416335993406
191,0.29404215815922735,1.130362181692717
192,0.4968439566811778,1.218493287968954
193,0.5743744571461302,1.2778235820255264
194,0.40728082239398683,1.1881035580248627
195,0.22444659247002693,1.15802674013019
196,0.49619096874111523,1.2803826285235007
197,0.5574724444234647,1.1669585326772527
198,0.5563959056921257,1.174418413752373
199,0.506694952254098,1.1664159652379584
200,0.4282934341391728,1.112386927281858
201,0.2949558293680604,1.0682948342124945
202,0.43603563105181853,1.0902188049676467
203,0.44880686393088204,0.9694334888088296
204,-0.12976294705116034,1.018780813381229
205,0.37084738156211966,1.0598784757205622
206,0.6290714831725185,1.1432085408907193
207,0.46952228663537154,1.1421587779843172
208,0.6000540414539367,1.226672678530498
209,0.6813478330514766,1.1853257438882088
210,0.4345364761330617,1.1875641834027724
211,0.47128183455412714,1.1056514950288916
212,0.11063408107217235,1.0430612931491388
213,0.5599888079403424,1.183559649704007
214,0.407209085890991,1.1160410998727115
215,0.4502388134197609,1.0856301226744198
216,0.3597156245129633,1.126762058985175
217,0.33973117178229356,1.105773508350981
218,0.626805654488503,1.0714635252938993
219,0.32888681500412886,1.013826472482319
220,0.3248768902264446,1.0517875471537363
221,0.01677989120855438,0.8874722748215141
222,0.11368445080855384,1.013531188400345
223,0.5283901046869298,1.0768728766932891
224,0.5507123694863199,1.1542973558475627
225,0.6799523989050574,1.2147695164476402
226,0.6370706500207372,1.2601783772931605
227,0.3911294920172755,1.0908432494210494
228,0.117485766663615,1.2502098816708052
229,0.39766116920328703,1.290611096123269
230,0.5515270735545561,1.1136428599444643
231,0.49690585884097327,0.969210761901258
232,0.3175563145005936,1.1104200293932787
233,0.4911612638981878,0.9479571667149749
234,0.6091173479979736,1.1159246830532747
235,0.5449720790040806,1.1421426907997319
236,0.22881040894207727,1.1014669689365817
237,0.3878519089114436,1.1530281702941703
238,0.5937008034488758,1.1373393206211884
239,0.24071723544143125,1.2498787365637283
240,0.47864741076933526,1.1656844048785933
241,0.14646072078106978,1.1367294545408906
242,0.3786845410470426,1.1528710805422548
243,0.596279504605867,1.1225344186841963
244,0.4151937997965534,1.1458520475911504
245,0.49452476053153727,1.0929350017946258
246,0.4471276543787767,1.0414711300629587
247,0.37552711159188695,1.1483004623041457
248,0.21200587908435192,0.964457132379915
249,0.3221539694899441,1.0300087699652685
250,0.20671677726684137,0.9672836925088165
251,0.2175342333743188,0.8476608758821627
252,0.45524125284620987,0.9541436668078768
253,0.08931166025933694,0.777746392691499
254,0.5302068943712935,0.8072543794059768
255,0.347951289046716,0.7172322921561674
256,0.7082053539804197,0.8408278183865721
