t,lambda,delta_s
1,0.16693356528075218,1.1104446303749016
2,0.31496867185789784,1.069935757186467
3,0.44559241648925035,0.9920756291955396
4,0.6928828345728596,1.0949401480869723
5,0.5321387771632864,1.2083678603558614
6,-0.1398426097099327,0.8017482715048483
7,0.47792800181533734,0.9498043021606544
8,-0.08606767832350799,0.7120771792449864
9,0.7043506033034324,0.9285770836077533
10,-0.06937274039454634,0.7125874188162802
11,0.04050761942342535,0.8199222799123203
12,0.22032989891488985,1.0175171399466285
13,0.2616375240869815,0.9174003698768644
14,0.4124418871113876,0.9923282712992726
15,0.6152424889858055,0.9209172660601942
16,0.4342667290896312,0.9209153581741051
17,0.8486108800708027,0.9964061683987087
18,0.12890521338924266,0.9837862071284718
19,0.6654769221499586,0.9247875730127306
20,0.24130734930378772,0.8101275615691926
21,0.052857865024907844,0.7703168195462605
22,-0.09806039046168154,0.6071665691865635
23,0.20080576344751333,0.6509566019329137
24,0.3674662918752004,0.574117148167
25,0.5995009597657301,0.7058755949105637
26,0.20350120735460767,0.7101847319947838
27,0.17533101996252423,0.7232580825624287
28,0.38289144055263435,0.6458770883324735
29,-0.027129518181310736,0.8176381900954467
30,0.3064101848976533,0.9265491165504339
31,0.35651001676367144,0.833332049401968
32,0.4565090112795823,0.7689096500152521
33,0.6408331323785309,0.8662350779972573
34,0.18724070170081333,0.8110276358622288
35,0.418950648975863,0.8041114715306134
36,0.26147205834188364,0.73733156898658
37,0.46386625630133294,0.7694441774675503
38,0.16959845189948525,0.9357423465310333
39,0.07893488735296028,0.7062774513002291
40,0.5846901183676916,0.67754180976384
41,0.45566982000076633,0.8108049916874782
42,-0.08463791744360367,0.5722128756690205
43,-0.09977125144969068,0.6753448543028674
44,0.13492062946356032,0.5847274024591345
45,0.2960008907293736,0.5830418863318398
46,0.3197052700801038,0.5170594402059202
47,-0.09696500824270655,0.45710510604394905
48,0.1526960257909861,0.6204681942389721
49,0.10768884191686766,0.4807514370952409
50,0.46691263709217956,0.47524524860646783
51,0.49401808279043147,0.5606663979051065
52,0.4218875331475814,0.512030181843485
53,0.24888703997592992,0.5975005543782264
54,0.22329796198858007,0.6456197541173454
55,0.3612401602383036,0.7534788857749267
56,0.4933167428223863,0.6985124439723273
57,0.5352705792197366,0.7218530973351195
58,0.26300064959702296,0.6790849621744082
59,0.09892166986661517,0.6237820937853079
60,0.17859450864491744,0.6157276686323894
61,0.23626188081547905,0.4803119894380404
62,-0.06787887218374446,0.43612917114290795
63,0.3233520366869023,0.5627511935858401
64,0.3639672578341598,0.643982068572556
65,0.4294675248030252,0.7596951510797542
66,0.49201761967427177,0.9369779940693417
67,0.34308831182507693,0.9320421011227299
68,0.29874907726595,0.8833365355111241
69,0.36789336610536044,0.9173904840937925
70,0.6287699288952285,0.8328236551366032
71,0.6460148451300458,0.9186873485759331
72,0.5230121406088519,0.9396077527333154
73,0.25379599954968,0.7849866708179083
74,0.4043274380445221,0.7357415571891756
75,0.24429283666631402,0.7611235278104062
76,0.4639418897775304,0.9177395758370033
77,0.32855657617392003,0.9026598954216595
78,0.08633385920314443,1.0121776915440144
79,0.3130577365757337,0.9382495148639697
80,0.22994700085524702,0.9704557128354421
81,0.28695436489051196,0.8337971666134225
82,0.5307631936127081,0.910129152021003
83,-0.21562848768710072,0.7104784190779043
84,0.4410298756558376,0.8144197296431446
85,0.07423464400018959,0.5482921667347723
86,0.4580835634644859,0.6152213790227803
87,0.25137412454379143,0.5522138618853825
88,0.5471642128872697,0.7151031034118353
89,0.4147472858529465,0.8308403327632247
90,0.2040654526431334,0.8569480715737419
91,0.46308777488459213,0.7586980090070783
92,0.8409350688325486,0.8210663536477114
93,0.08451579772280483,0.6793053261221564
94,-0.09342369205411388,0.7576233719425141
95,0.12617890911122392,0.5724897557247758
96,0.3596650308303692,0.6570094717241318
97,0.2511104968717982,0.5718105636479409
98,-0.15680530852791086,0.5489903905583032
99,0.43669597669133825,0.664480813419965
100,0.11566938558754133,0.5331134020850101
101,-0.17637172529618694,0.49671735042374526
102,0.41828220582441356,0.5496646201005306
103,0.07436624910033153,0.417681323076297
104,0.3642463200996752,0.5331047516885352
105,0.43268338057081845,0.6984826616460492
106,0.5629770670511438,0.7309925174697047
107,0.5359704382225275,0.6917378867883182
108,0.23344937420349382,0.6462632294820548
109,0.16508124457575837,0.5695837263521425
110,0.4670618241859319,0.6412149181337754
111,0.7076760514458715,0.7643178553578878
112,0.5062823271442585,0.7160057029404345
113,0.628785010328231,0.8375373675046682
114,0.13569416162804898,0.6641507878728674
115,-0.02459974939968161,0.5812239486389121
116,0.279458885855822,0.6541166519226126
117,0.6511441360753738,0.7631690143807527
118,0.22843934736386032,0.6874433903691878
119,0.3531138364527813,0.7548092146755051
120,0.5354146198998619,0.6862006028978451
121,0.4823011421067899,0.7810303994059707
122,0.6537328898815621,0.9541596347791179
123,0.4529572671543734,1.030773408906855
124,0.5397314160206633,1.1048145038901644
125,0.0808249272169909,1.0032042441944793
126,0.4438350451162202,0.9889763434756393
127,0.29522985785383093,0.84476108415766
128,0.3528422446367506,0.8710714054034203
129,0.32439177351839016,0.9667341407151897
130,-0.09279035406900972,0.8037283803752244
131,0.3344099642942004,0.9149066763291475
132,0.4868400351132188,0.9803964324832813
133,0.30834499768124374,0.9451678964984058
134,0.5393401264029968,0.8281728807588996
135,0.522650651101059,0.8836593862051791
136,0.5840883634091236,0.9800674847373968
137,0.00827631754999636,0.9113245416852206
138,0.19139874428222542,0.8358855756170019
139,0.4114305238462817,0.9527409602397197
140,0.2583633254891035,0.9759264962044447
141,0.5128427452521382,1.0874120068053281
142,0.3325678763430848,1.1370005477608203
143,0.3310026762328599,1.0661686640988206
144,0.22020921150725897,0.9591203539081393
145,0.47841139788818343,1.0547644249480848
146,0.3411270574754069,1.0344139328085384
147,0.7516609931835214,1.0628294592764995
148,0.47912770959760453,1.1697169451157317
149,0.5463063637196443,1.1184679214480928
150,0.3053242894737667,0.9893493119863007
151,0.37883981434716635,0.955799251602147
152,0.3618424761216297,0.9966981409787888
153,0.4625636076310503,1.028760961556915
154,0.3926305985344564,0.8937021598083699
155,0.2517963628428667,1.0480473075938992
156,0.24502527577227035,0.8268802653038012
157,0.312623087810537,0.8132689854646207
158,0.401207061216705,0.9089652163181313
159,0.6746431311429844,0.8652480951986753
160,0.29081561883131196,0.8792548381059595
161,0.17524938570688725,0.7733764827175761
162,0.3224609695060216,0.785974322413687
163,0.28339209002702576,0.8826210463905576
164,0.2936111334486669,1.0443262612900688
165,0.2699370025409354,0.9732636339562859
166,0.614050214625732,0.9264734331786394
167,0.7202699268553033,0.7500794009612871
168,0.6189377292021687,0.8991746627334424
169,0.34204914989708546,1.0918373336511042
170,0.4168142448800505,1.1238685996420872
171,0.3299034275183947,1.1074184979607928
172,0.37981929628273975,1.0597683226368135
173,0.16741523133833458,1.017933717871943
174,0.25701810831223804,0.9664061509657808
175,0.3644696746956781,1.0574191828333175
176,0.2865716801882417,0.8853008860966816
177,0.3122464765354052,0.8213613185884641
178,0.19569648765076306,0.7498236470851849
179,0.4425942934212796,0.8888385817582675
180,0.030317574003130312,0.6898795645320335
181,0.13875852614235412,0.7217018656907382
182,0.13927421949515456,0.592317042565767
183,0.3512993686978285,0.654129935649138
184,0.15990742854228146,0.6112752449306091
185,0.5066349178115337,0.7812293253127867
186,0.5722175994134527,0.9566221704494284
187,0.07418058612163322,0.7223114928281654
188,0.26401806764141916,0.7047133942344498
189,0.7183218680673009,0.7092121026234635
190,0.5577726611031862,0.7447145704494946
191,0.4045370627525084,0.6012348529244439
192,0.4087607630168283,0.6090114187903364
193,0.5022438126876988,0.6327582759819078
194,0.4873250762002877,0.48839924985560235
195,-0.04090641251082147,0.4002151393963545
196,0.2702702139775098,0.47139582800528973
197,0.497841656735997,0.5754963599996674
198,0.40060238648559937,0.6589067647704915
199,0.19004264051366593,0.809129654508127
200,0.09152163113192226,0.7951514389928072
201,0.42295426498101957,0.7658985934414438
202,0.22539877257257,0.9407441018590627
203,0.6412161494574723,1.0252017058678415
204,0.3249300974439225,1.0094430389835292
205,0.1079606647223082,0.9097054145754314
206,0.20973882483553272,0.8693171939807269
207,0.25104577640494713,1.0366434788267702
208,0.5730786364625228,1.1114595196445178
209,0.29087163342680633,1.167174241935469
210,0.282662782885081,1.019657750965944
211,0.34502396838202815,0.8649824471090537
212,0.28739506466829684,1.0041010534811488
213,0.4435353395565425,1.0785314163929505
214,0.2795520772949355,1.0852764241893735
215,0.4788398534781513,1.0634775900420292
216,0.3006084053262125,0.7485066464811686
217,0.17253656084155805,0.8603715602625904
218,0.36703651513728536,0.7756165350832166
219,0.3024404770190464,0.8831454180292779
220,0.2918295851877228,0.8218539349585456
221,0.29057257372289935,0.8365404764089202
222,0.2596687310274262,0.6984697616833011
223,0.48351136061499717,0.6931018078023269
224,-0.14624780301757814,0.6361084520824435
225,0.13163268543765325,0.48641808263592085
226,-0.12580062236301603,0.4837049882280616
227,0.44054758928882665,0.6719582366266986
228,0.18216389180111425,0.5354510444527073
229,0.31819496228920474,0.6285325753274212
230,0.41676493891223565,0.7343962701135965
231,0.10796927096137593,0.6655495476136917
232,0.4816805525480028,0.6666684574622819
233,0.34966421968995454,0.8059090093878584
234,0.18194236077243814,0.8915202605192212
235,0.4033027696352739,1.0354339357489222
236,0.24255499061375763,0.8709943273101515
237,0.2929123942825543,0.9837836720867761
238,0.5058529098052993,1.090598939581144
239,0.18317627461411157,0.8988975581902356
240,0.38512758941848213,0.8307814184517683
241,0.5420512906599205,0.8793071693266529
242,0.3556241382914795,0.9559219379604147
243,0.3143332238543452,1.0862213755750394
244,0.354365621918273,0.9158013688333023
245,0.3025596851970138,0.8700805750455023
246,0.3418320181471465,0.8301200723410288
247,0.2237313763917232,0.6617201435610197
248,0.5009440160310477,0.7582468442602236
249,0.32408399777898006,0.6963186890845394
250,0.20755980024206624,0.6843132247706979
251,0.33885282915279286,0.7472448436868638
252,0.29665579479929244,0.8936445752751109
253,0.4072919881944189,1.1236618868889303
254,0.6143775915001338,1.0220886921898618
255,0.6147437126775347,1.1221151994839893
256,0.38347948489795036,1.0341082679683102
