t,lambda,delta_s
1,-1.5651709006744625,1.1509866167689031
2,0.25754280763291004,1.0290112522856159
3,0.46984765620600216,0.9933211274480088
4,0.35042945402716213,0.9324696380420867
5,0.2137485043087966,0.7509379347856
6,-0.10685117817346106,0.8858225815304812
7,0.13531910203889125,1.1358474631307556
8,0.3725932163560116,1.3383072736828625
9,0.46442973460467807,1.1203973254056823
10,0.23772402086405123,1.1562846211049331
11,-0.12704814590678604,0.9621288036675328
12,0.18413452632586835,0.8612816996360588
13,0.6108277941969583,0.8512285373744948
14,0.6007561689084732,0.9959340915083787
15,-0.040371869775708724,0.730964467599967
16,0.23141724204977449,0.9117222995212289
17,0.011505512489448885,0.6410090718193189
18,-0.0547128701691883,0.6861664037193871
19,0.7910142516344291,0.7107627029348823
20,0.1995519363952435,0.7203816672574093
21,0.9452639857089279,0.6886316861068607
22,0.5220990258315226,0.7531921338226981
23,0.23582572194456278,1.0053582116849078
24,0.47994635941744607,1.0433316199664109
25,0.32882062948432694,1.0540615489192815
26,0.4792750035196801,0.9333419424600297
27,0.09214372533626423,1.0365726016051628
28,0.6002950070278097,0.9598825407308809
29,0.0904392759606673,0.9307224282295418
30,0.6084502642622915,0.8824503823950475
31,0.5355030674376622,0.9132868069942343
32,0.221676517419015,0.8968619269028191
33,-0.018515020930025543,0.8653062125412005
34,0.26789908520892014,0.8491353085614588
35,0.31879127315616407,0.8669313032539151
36,0.19647176043564343,0.6953432148862804
37,0.20248292429467837,0.7165985849123786
38,0.6878765143016633,0.7683697870006887
39,0.8618759830027495,0.8647350628438508
40,0.03744810342701633,0.7957104445628242
41,0.3727563141039928,0.7950929717858309
42,0.31207333256240843,0.8466652822153178
43,0.23786327985905686,0.7615392565776161
44,0.2620511854274475,0.6962051372110583
45,0.40724684709714093,0.7398505501341363
46,0.23366647195021947,0.5999054419829722
47,-0.0261840659867674,0.6177329305092324
48,0.7918445769203487,0.6441222078054798
49,0.6978772474070085,0.8137649712405114
50,0.5746488175171277,0.9675617554557256
51,0.06520671756150972,0.9615945682196683
52,0.28970936423960425,1.0271101938041733
53,0.13454885721202434,0.8264423327913974
54,0.57367396484548,0.7844744048479478
55,0.01710758117656055,0.6775136472744802
56,-0.1368781288350836,0.6991433020682182
57,0.39358639784795413,0.889324406226447
58,0.28108430757262803,0.772154653575796
59,0.027259453489295732,0.7750401783399683
60,0.4774413663983021,0.880932390834263
61,0.414628854871903,0.8905267237625314
62,0.07903697090912942,0.8250805209505012
63,0.388062917874711,0.9403481651321011
64,0.4330715236233865,1.0647791318496211
65,0.34874457654695995,0.88535550525871
66,0.1281953348073212,0.9224053858328303
67,0.12946057312021983,0.6922944623298075
68,0.34580575588738355,0.7552525234737875
69,0.425083106855569,0.6806885800569005
70,-0.01640297710024587,0.6480253972784537
71,0.36976984501352594,0.6063948189523233
72,-0.050183531892179424,0.5275645179817621
73,0.25506536343655395,0.5389759956503569
74,-0.29729241193824546,0.37717704975802135
75,0.10227328921264922,0.42025211178531546
76,0.34553245509682184,0.3017353690973043
77,0.24241514030379105,0.2993043283066885
78,-0.2345787066595504,0.20528556364143297
79,-0.08131795968249209,0.23534426080801246
80,0.19387360625077368,0.2759390462355632
81,-0.5554648568785064,0.1799736117229624
82,0.1128043988416856,0.19422184761317984
83,-0.1470705649133869,0.15413754971233387
84,-0.18251908655305354,0.1541216906637616
85,0.34235616894288534,0.21245715375715765
86,0.486271168729987,0.29969131686498457
87,0.4818865606201094,0.27246863588762255
88,0.3303964662827813,0.35253860698212547
89,0.41559342992031584,0.2574526684391434
90,0.11214255801894368,0.24664302691976522
91,0.33894771539378304,0.3340997855752775
92,0.23160178201590154,0.23214371367997425
93,0.34797665772117653,0.28842883583456463
94,0.5305098294696082,0.42231953549527357
95,0.4862265200852834,0.369186262960088
96,0.15117465561048077,0.4857542993782107
97,0.14329280790415558,0.5517391265451759
98,0.15562366211174958,0.4083989957570789
99,0.4548254263051308,0.5234039631436503
100,0.09917064238492125,0.3451611682147688
101,0.16124805062484907,0.4631140642483721
102,0.577250085483,0.382509165391637
103,0.09897918953386375,0.3446467602871644
104,0.3195705371295473,0.3704542874976939
105,0.16142331206459262,0.31254070238659154
106,0.732384419349529,0.3991497953714527
107,0.5831220560405445,0.5040764970782914
108,0.4075451006546732,0.45396244091121024
109,0.22839798660850102,0.5359137826521665
110,0.48406259454982264,0.7115632394409218
111,0.04480033497930107,0.5297004168812961
112,-0.06439557713151316,0.5492990269776217
113,0.5756832295906763,0.49682168155897205
114,0.08499841968945664,0.5960142427199646
115,0.474660192942551,0.7218378887652787
116,0.8443137747902381,0.5452492027308541
117,0.05506686150903816,0.544935397160513
118,0.4357371229960706,0.7200371501360981
119,0.5954436746016495,0.7233944535707278
120,0.14204928447808332,0.7830629324258802
121,0.24270580647913312,0.9019717270810165
122,0.5448917288471495,0.8417593739029382
123,-0.10856348964883723,0.7640287387127187
124,0.5540479322729963,0.8437565483506855
125,0.41419312814885756,0.6860804373424098
126,0.40303622216987,0.6943533202580183
127,0.21712922231844822,0.5837904356446031
128,0.2415738478594608,0.6426897709055669
129,0.17685974059249152,0.5475388448485999
130,0.20609325177639817,0.6551176473848089
131,0.24890455155295757,0.8100485429791571
132,0.08830846033067422,0.625879467367393
133,0.5214533986275983,0.6170372162313216
134,0.6142442577137441,0.7374934851403825
135,0.47759336528827634,0.7476728109465772
136,0.1129442253766013,0.7454456510043604
137,0.36889560115290126,0.7278930574094398
138,0.2922869309651478,0.7600016748606409
139,0.48703785619911505,0.7110751493747052
140,0.35581003321740107,0.7547300332180977
141,0.3233608683227947,0.6006519978105915
142,-0.18642110100349243,0.6062452555552857
143,-0.03567862922023311,0.6398449975751866
144,0.3818437902590439,0.5236386597765836
145,0.39765985441272006,0.5522051299553012
146,0.20414652511777956,0.4994350920113853
147,0.2944813516357412,0.4980114264384765
148,0.32955061227725185,0.5648776092482212
149,0.15521296857665165,0.5826446124940438
150,0.3987268780559731,0.6664366713161192
151,0.24614672431416512,0.5545447068819997
152,0.01282413090278937,0.5204074722644157
153,0.20458542283492073,0.6000221921167069
154,0.41084016680408886,0.5740592495743799
155,0.21538410786456452,0.5820142878371952
156,0.21857585318793266,0.5381840831830532
157,0.31770132190064654,0.7195078618388018
158,0.3132846261976449,0.6148245571320776
159,0.2758740984610459,0.76357037683019
160,0.45378527154296344,0.9086212044610471
161,0.655190450248689,1.0991264989726575
162,0.5960851970344844,1.071441176344229
163,0.46037766447960654,0.9770643725937329
164,0.5794160372979844,1.0808111345258002
165,0.6349845324966008,1.1284533657371798
166,0.3205948877439253,1.0124571769064972
167,0.5348578903988942,1.1411833439546128
168,0.5281327628778084,0.9867853298178862
169,0.6728983213409796,0.9902745096979012
170,0.4139698043481311,0.9134919597263171
171,0.3658757329728389,0.9750795386663235
172,0.5217648160748611,1.0883420214912516
173,0.5572713635405206,1.0632279604924064
174,0.2807503365367994,1.0038939928668487
175,0.23771863703202575,0.9332699762624213
176,0.3192873907279841,0.9674138404541957
177,0.7030990598146817,0.9019041255609834
178,0.577355676441527,0.6435236169383334
179,0.3622342218681435,0.7799946740300955
180,0.2803479873356237,0.5488790817059483
181,0.6541869546966452,0.6621601635080189
182,-0.37335424865106337,0.48101555150263564
183,0.5245179669919225,0.5057971619485082
184,-0.11438584122644076,0.3979790681706875
185,0.6391995414004328,0.42362705554112073
186,0.14437613959616652,0.3520823044839859
187,-0.13921732525906158,0.28998347140475733
188,0.413172307501609,0.3255276457156084
189,-0.3202580367013071,0.2554226799919421
190,0.34518752245552753,0.30169997647261454
191,-0.4797145613801549,0.21201444155659419
192,0.2216069676263092,0.18997153784498852
193,0.28019431427729713,0.2285069586919703
194,0.2074382635188492,0.3021491606784733
195,-0.43084737299014475,0.17443605832563233
196,0.20786943059187096,0.1934419937377319
197,0.26673246104799714,0.22714085425491432
198,-0.4027889137208173,0.17552268738945814
199,0.11239817390655131,0.18304826678531008
200,-0.479236955286195,0.14116519369990915
201,0.11252996084164522,0.192846524638888
202,-0.4719213444333895,0.14305005810682292
203,0.09518245200083016,0.1469683394474844
204,0.24626449551166676,0.2039834313854944
205,-0.39919313619458063,0.1296817430030961
206,0.3636035103026917,0.1899059492197805
207,-0.1700908240644645,0.10502579213636587
208,-0.27325924905437066,0.1187206972126028
209,0.07522815409187433,0.08354745532195143
210,0.4216050169037189,0.09744550178380842
211,0.16003131970717221,0.11863762883687608
212,0.162844820433262,0.137789436957124
213,0.28582517887162945,0.16250424230952554
214,0.3707691043297965,0.20569853981926092
215,0.43007487561801955,0.26928660311329317
216,0.010700282036162845,0.24333064620369654
217,0.048375600235647874,0.23918429982654235
218,0.08116998518547903,0.21929504455766421
219,-0.1781328387332529,0.18662151343607628
220,0.20136181902393832,0.2521853537119119
221,-0.21740053243091137,0.15820104343073207
222,0.2640560956907697,0.20760283719458017
223,0.4170627481748291,0.274078021162853
224,0.3566047943339439,0.3425983756402983
225,-0.08443663174383169,0.2575753656774615
226,0.1903577925856982,0.31103668830621256
227,0.3982832000750369,0.42547349112325217
228,0.2778401426346585,0.5339603897782689
229,-0.049725893599089716,0.4479450833989623
230,0.4680766604043356,0.5758800339266125
231,0.4172413049284082,0.7112337860195254
232,0.3286465380856544,0.7343517781798844
233,0.33955589362386857,0.7703180118647694
234,0.5084125808944389,0.783053794754548
235,0.3191173264655284,0.7274986073682683
236,0.44677790954096946,0.675785317007185
237,-0.0364168008186474,0.7355350345988299
238,0.18867865993735086,0.7072148170734575
239,0.354403755300329,0.7832557911338224
240,0.5029358774048099,0.8942308540458946
241,-0.05690537204565033,0.8154548598258005
242,0.5423070682518216,1.007157200182541
243,0.5706290500272655,0.9700323105884351
244,0.2169614369520961,0.8864522121434062
245,0.47444335468717175,0.7450154973337499
246,0.9630008063613424,0.7423705781265086
247,0.28408530421225087,0.6161833293348276
248,0.39198484644866644,0.7596475652688361
249,0.09465836528498407,0.9050097381962718
250,0.36243326295621575,1.000181360334574
251,0.6211586591367869,0.8571755641075097
252,0.5988474378633557,0.7800425110831957
253,0.4087410271888669,0.8219961730864364
254,0.2134534632637675,0.8367485623804263
255,-0.2970376795813533,0.7755742334707539
256,0.42630228730873465,0.8944727208208632
