t,lambda,delta_s
1,-0.8831178499720443,1.2131379216823293
2,0.26854810164554777,1.0610578549514011
3,0.48587003991134536,1.0915001774493602
4,0.34416136723793533,1.0566981968630909
5,0.35028266999226254,1.0410987406222534
6,0.2922255694101682,0.8727623773825655
7,0.26877479838941926,0.9680581687455863
8,-0.06745993890057572,0.8227862358311179
9,0.3438153100498259,0.9896914550391879
10,0.47574911327721214,0.9978875900783388
11,0.3753471546001913,0.8955431933878014
12,0.3105957414654296,0.7995292384382229
13,-0.039827917566909045,0.7725493874615914
14,0.21575801102237774,0.9181063662421354
15,0.47396929358504547,0.7668474090673391
16,0.031207794817954052,0.7343052292063502
17,0.4114691663334001,0.7856944904492588
18,0.2940244964055376,0.8404604916400781
19,0.4390277209788328,0.9286312006821542
20,0.3869551659134292,1.087174810519446
21,0.49824041422023385,1.1697594928015986
22,0.41264320550199635,1.1558237067009547
23,0.6031463642827734,1.1296483919115916
24,0.3569237521342762,1.024494327597471
25,0.4169683158216188,1.0819659285503587
26,0.39401641664497056,1.0043393394091746
27,0.4532337177804799,0.9330538633910368
28,0.6581553032157211,1.0884455997598632
29,0.414136253220433,1.1202106069531406
30,0.5149184744952676,1.0730898926631585
31,0.24120674580111773,0.9406224647406533
32,0.5047402726295825,1.0698242687523436
33,0.18084023200311208,1.0928257836549882
34,0.5908066017110648,0.9603840912419102
35,0.5109279911234902,1.063706916217049
36,0.2961744148469226,0.8104685239591455
37,0.4568671436919524,0.8918335106877846
38,0.5265632557392887,0.8533966636729831
39,-0.05977536746963979,0.7542022643038604
40,-0.015943866034230137,0.7544049575851847
41,0.2277460100790595,0.6649851498426229
42,0.503064033148651,0.7385163654065409
43,0.33674480209483393,0.6240074993621948
44,0.42776793299411225,0.8039370510526193
45,0.44355562350863176,0.8802229209158605
46,0.2959499580058519,0.8773642021969701
47,0.4239258994603437,0.8373407835918286
48,0.41976042449086104,0.7399196897348495
49,0.23122452755071551,0.6162835953893092
50,0.5310892525411612,0.6240979959879724
51,0.6290477980654374,0.7139943319623757
52,0.37754192897245403,0.6266803227165297
53,0.3485927586770975,0.7115531447839377
54,0.2698823600548841,0.6476732521317892
55,0.6216440487295062,0.5646685588770413
56,0.6722547683713344,0.6409776080464292
57,0.5724607809222403,0.6047666638463326
58,0.5893190309883836,0.6515762812115364
59,0.5889757123962578,0.735007658869593
60,0.09593290871692917,0.8026638962408498
61,0.3537730606011646,0.8445481595850718
62,0.49801181355562757,0.8339728070805495
63,0.15959712450426974,0.6683175309507216
64,0.6008220414390629,0.7565201787877698
65,0.5514908009389702,0.6605559917752135
66,-0.06076694439729727,0.6483220118981475
67,0.1162240308964209,0.6739375953034967
68,0.04749581143205862,0.546158113956559
69,0.42002449869644465,0.5779441737413488
70,0.23855663548855727,0.44109117963714894
71,0.6887736780348077,0.6235586601188057
72,0.32722243966981407,0.6880017968775534
73,0.16174479733645847,0.5814509779075185
74,0.6619948100224811,0.8024452786594878
75,0.39823763330509376,0.9383853874585215
76,0.3259903990529196,1.0223328749190548
77,0.08317047586523776,0.9643429623165153
78,0.4119046751869155,0.9028034806511029
79,0.58379254024405,0.9674391497242919
80,0.07066388019246467,0.8404256624840775
81,0.24087310563264738,0.770177903693189
82,0.2550633011562039,0.706230274561999
83,0.18559380340600407,0.7490916202701426
84,0.2970185647376941,0.9139582565718644
85,0.5488844121164507,0.9219605490936015
86,0.07813907463039241,0.8256714576552406
87,0.30702745266634573,0.7978725282457432
88,0.3038767097310517,0.7473088654361558
89,0.6060421769908564,0.7325381841558786
90,0.2609438006003477,0.7725809949906708
91,0.5034044757273588,0.6604283591838244
92,0.5575617650119861,0.6867139557227032
93,0.20035077941977741,0.6216519287321312
94,0.539629120965474,0.648811821401255
95,0.4100970892267187,0.7767430450604647
96,0.07681547958930052,0.6207104074936292
97,0.36480587633756273,0.6555347132514459
98,0.41857247965549377,0.7638367551775802
99,0.30143014497106807,0.6944077166067764
100,0.5475320906973903,0.5813608684492798
101,0.5096051402951284,0.6494385818149339
102,0.48745483234505627,0.8179410949775587
103,0.2668948918870566,0.6149321993325961
104,0.42134315718399623,0.616009200582512
105,0.08261742297161827,0.6021153275547482
106,0.2544826857808048,0.5290163183752252
107,0.22283389498448508,0.6478845226748735
108,0.14246273760453856,0.4026962075418602
109,0.31126267136479485,0.4757584230443671
110,0.06230313309004895,0.30908607540972344
111,0.1305956645281583,0.33497456729469494
112,-0.03387468791394056,0.22745374632212842
113,0.34134829504345415,0.2380992915566466
114,0.4760514012923039,0.3047261684889742
115,0.2894879236158201,0.23069400530212789
116,0.023750939297603958,0.2299288978009498
117,-0.18388889729468663,0.18228670246754422
118,0.2589205294103512,0.159935768904882
119,0.16194656290407014,0.18407072973099642
120,-0.35463869639519013,0.1116235503338537
121,-0.03407786887116502,0.11412783729518187
122,-0.3906677122118661,0.07093239116426665
123,-0.014357252901925237,0.06918196484418142
124,-0.4873857427708291,0.046040682045824566
125,-0.33889759786081886,0.047383265923829805
126,0.027707165900783724,0.052695572378345386
127,-0.35654482970149265,0.027914280228906643
128,-0.07050027726794564,0.03265954186336308
129,0.17195320451679422,0.03620112430953163
130,-0.5918420889578399,0.020208498091040063
131,-0.0878071358551657,0.014500767352069793
132,-0.3523055817764898,0.012379577348432149
133,0.13050360143403805,0.013685432060178566
134,-0.5690580882504334,0.007520357092661821
135,0.060823146593443754,0.008180480486669821
136,-0.5488069477049251,0.004505801612111315
137,0.03173189956104894,0.004855502224990025
138,-0.5185524890842361,0.002682410956718112
139,0.05325618702673996,0.002232258494536293
140,-0.5617766362267823,0.0015870013612113117
141,0.011181110866249119,0.001702417869168072
142,-0.5061863201887746,0.0009383473865497983
143,0.057916029393699234,0.0007850033549742133
144,0.15196648614308214,0.0008078380652947932
145,-0.6654294362104942,0.00046209189976535557
146,-0.5179938168977005,0.00032661725716547904
147,-0.00819201928023037,0.0002723621897153367
148,0.14233364489857622,0.00028058144539216983
149,-0.6585426788931975,0.0001604177576082471
150,0.13427293507688928,0.00016528034012126778
151,0.0759754073665755,0.0001700743091851783
152,0.014449567918167398,0.00016754443729130063
153,-0.03588540778967785,0.00015990848296734418
154,-0.06846369834439164,0.0001472457445826256
155,-0.086008655312316,0.00013197868610003883
156,-0.4551306438053634,8.67235961834276e-5
157,-0.45721893118167234,5.545503505983848e-5
158,-0.3811740304676223,3.4183032188360295e-5
159,-0.22226040371649522,2.0353207492847976e-5
160,-0.08878522514629024,1.1586347801603666e-5
161,-0.054957752912425745,6.568454532024195e-6
162,-0.4622849764070396,6.825020224036901e-6
163,-0.07485948229989886,3.869182110597678e-6
164,-0.43434064361193386,4.020322139105629e-6
165,-0.3298923343518016,4.160163754577343e-6
166,-0.18338196373989696,4.115699177144148e-6
167,-0.08877567072139016,3.933098079491105e-6
168,-0.4341050699432801,2.4243671775271784e-6
169,-0.3013501322363865,1.4434944318442649e-6
170,-0.23681843907245637,1.428086992410458e-6
171,-0.10210182318911676,1.3647321386865576e-6
172,-0.05443218056596592,1.257275527841241e-6
173,-0.46351589738421645,8.039022002228243e-7
174,-0.3453289697657293,4.955234980820639e-7
175,-0.18391012623092431,4.7354354857759907e-7
176,-0.058058180627451224,4.362589597580251e-7
177,-0.03530472187652729,3.911188909342904e-7
178,-0.4832729779381972,2.5698086856262537e-7
179,-0.03783782872222809,2.3039098660878298e-7
180,-0.018142809957290493,2.023944602187851e-7
181,-0.02826323430828804,1.7503252253458903e-7
182,-0.49886232844877765,1.1922170010079086e-7
183,-0.025419962353702592,1.0310400236130532e-7
184,-0.4965964972370253,7.022827358298661e-8
185,-0.016140096193936405,6.073405486072761e-8
186,-0.01932583076337838,5.1873550847990936e-8
187,-0.5065814389045654,3.577576976080686e-8
188,-0.46187404027030216,2.4368306066014295e-8
189,-0.2740197704471866,1.6339869043240014e-8
190,-0.06774485887853181,1.0735940357147209e-8
191,-0.0007082127660922592,6.864531540787896e-9
192,-0.5239211973109492,6.324072753828945e-9
193,-0.007865075897825242,4.043595164652555e-9
194,-0.02882138914689891,2.492443746708128e-9
195,-0.4762793323392686,2.3819050062580314e-9
196,-0.05731191387773598,1.468189564388502e-9
197,-0.06572288699346095,8.741358696296908e-10
198,-0.45225011578702856,8.648462394559478e-10
199,-0.4211789806535396,8.264907063555322e-10
200,-0.32953533918405054,7.614193954159091e-10
201,-0.19756540379991627,4.868495156242376e-10
202,-0.31482406897577636,4.485188538800877e-10
203,-0.2216327428002172,2.8678174992255476e-10
204,-0.27943282224209076,2.642028342151128e-10
205,-0.1276797402382108,2.3686600218587026e-10
206,-0.06319700536267228,2.0808284378164899e-10
207,-0.060575339343941305,1.7995201068051014e-10
208,-0.4643351667393054,1.225724996493596e-10
209,-0.4451381795474005,8.21894864339708e-11
210,-0.344800439763341,5.400174292676457e-11
211,-0.18641662351034333,3.452856928709705e-11
212,-0.3389395863867948,3.181006418240203e-11
213,-0.19195707759891917,2.0339269541212538e-11
214,-0.3325438902422092,1.8737917119787874e-11
215,-0.19338095862276117,1.1980973843726553e-11
216,-0.07563927787644155,7.384988325273068e-12
217,-0.043066741830031036,4.396900297077567e-12
218,-0.05784572737075799,2.5027460641188156e-12
219,-0.07987225313760041,1.4186447338188914e-12
220,-0.4450083335860609,1.4742582112323893e-12
221,-0.4340993356446918,1.5256684114831163e-12
222,-0.0945893926939281,8.684210134399953e-13
223,-0.42325490877848204,8.987045132119772e-13
224,-0.2914345475998022,8.891537946704986e-13
225,-0.2444878454300764,5.293875104109361e-13
226,-0.09265979591972409,3.0133103289923954e-13
227,-0.03485763956184955,1.70805056528733e-13
228,-0.032031102073045464,1.2410697707504528e-13
229,-0.4900918002038409,1.0061378607985729e-13
230,-0.02942420800719296,7.31059905146634e-14
231,-0.488572268946,5.926717952650421e-14
232,-0.030110902094985265,4.306354062510364e-14
233,-0.48316987365636976,3.491170251995981e-14
234,-0.3256760201049259,3.628030533731942e-14
235,-0.0904651768332883,3.754546889436916e-14
236,-0.016342642973646265,3.714646543922441e-14
237,-0.5238186203614472,2.2116393111409113e-14
238,-0.013080812809037529,2.188135763238428e-14
239,-0.4804184184415482,1.3027799589732067e-14
240,-0.35792835269352086,7.415513644682719e-15
241,-0.16425726682746603,7.674106772079162e-15
242,-0.3301495257984213,4.368154659360598e-15
243,-0.10130917083377369,2.4760241132139546e-15
244,-0.0064778268233434255,1.7990794540933347e-15
245,-0.5111021693722807,1.4585174790393882e-15
246,-0.39523923787811877,1.51569404124927e-15
247,-0.1377948843346444,8.591488367623955e-16
248,-0.022143961181835942,6.242576604882419e-16
249,-0.4930017960997009,5.060869919751188e-16
250,-0.3596945051167912,5.259265309563972e-16
251,-0.17466556665350882,2.981137056666436e-16
252,-0.33645707490897886,3.0980031010068416e-16
253,-0.11061874905104328,3.2060363875679146e-16
254,-0.3847283377629678,1.8248980891674608e-16
255,-0.14807625217570836,1.0344165958624967e-16
256,-0.3800502932408667,1.0749676250371499e-16
