t,lambda,delta_s
1,-1.0037430003471728,1.1777388059728244
2,0.8869884579750436,1.1641384644285941
3,0.00312084221144706,1.1841997577518384
4,0.4460068518426434,1.027517674266433
5,0.48319865956807856,0.9901599180205912
6,0.49435920744717987,1.0043815650283525
7,0.773098887981456,1.0956145867429352
8,-0.18593189832740667,0.9798436465148953
9,0.3470709224200263,0.8994744783124101
10,-0.1584842141612143,0.8196287262346518
11,0.5491378549073859,0.9436684799910452
12,0.3333442675537354,0.8693003851428747
13,0.4183983764915448,0.8285542276553567
14,0.05774150486533132,0.8726115797932543
15,0.5828950846346769,0.8423274130906103
16,0.6110422652107719,0.8384092101978011
17,0.8234695079827988,0.9644349223231313
18,0.3103950497285617,1.016724034478909
19,0.4313879278490064,0.9828111947137568
20,0.44250067595622045,1.0101927907953832
21,0.5101794771225713,1.0578351101490662
22,0.5139687963843454,0.8496696377630952
23,0.1315153585435949,0.8973862213194107
24,0.13896106056054833,1.0545881550496818
25,0.4915311458114623,1.107848861658383
26,0.5198794278873475,0.9384984837427384
27,0.17157662514657068,0.9618467209030914
28,0.08825898858456066,0.8404332025051203
29,0.41695004725613016,0.8313142905199061
30,0.17927436982193837,0.7301497796825583
31,0.21755454657978998,0.9316365915542585
32,0.5083949573580211,0.9279241651826922
33,0.2048209105740249,0.8079756048600718
34,0.4316205274064234,0.7681380045057756
35,-0.13382857980623342,0.628664360955919
36,0.2156221500316027,0.81694055967156
37,0.7010743222359059,0.8349117406255699
38,0.4606217823165243,0.789813589669381
39,0.3575484533621291,0.7754611216326576
40,0.7247080610119804,0.8256534015993886
41,0.5082152949828248,0.8392314069982025
42,0.4313255531517306,0.7077698337505154
43,0.5405493656304124,0.8466525782880026
44,-0.14581064552211748,0.9248531950254764
45,0.13427482603116628,1.0756220275152333
46,0.11183015288388092,1.03473945095154
47,0.3713515625137773,0.9984565735176729
48,0.5410812644613222,1.1666442205992458
49,0.23587155715747815,1.0774868612286999
50,0.35687666498431225,1.0066452885531738
51,0.314093416376231,1.0728326883281623
52,0.2914721524138053,1.0575883120757463
53,0.38852864398852327,1.0823827142063258
54,-0.11955255338790624,0.9553715568440453
55,0.26704329186451115,0.8645966537492539
56,0.30692420049679625,0.8287034738578979
57,0.49684272799163687,0.9608433501722801
58,0.4529836825366372,1.0419525252948765
59,0.2256530638465562,1.0668696051603637
60,0.5779018512391088,0.9320907622399822
61,0.526582305038886,0.9455778667740241
62,0.1430221347896704,0.8151934839757372
63,0.1122441646957977,0.8592932784655051
64,0.2621818720115965,1.0485042595841598
65,0.43888619682626034,1.1163925382492446
66,0.5428061075479608,1.061459376650858
67,0.5136441441534907,1.0483974792982789
68,0.26408967206299777,0.9419232677916182
69,0.15900136751976632,1.0553244457861657
70,0.42273058822868315,1.067894753779304
71,0.5036134981253809,0.9571247567776865
72,0.35189551989110773,0.9314264897762735
73,0.28786777925617646,0.9797423165816583
74,0.5427423366296369,1.1021001415888
75,0.30484156750631775,0.9128026996688288
76,0.644171664960604,0.9619553539057879
77,0.4640028696603251,0.9239496627754805
78,0.3636575772269128,0.9639234462262267
79,0.5834966889500418,1.0251649475986573
80,0.2560199960819824,0.9066301658095262
81,0.4613265240597094,0.9808448379230493
82,0.2909196274749788,1.0303525715380113
83,0.32977767184279316,0.9264923821505483
84,0.2720212646281158,0.9491383292165295
85,0.5247526780103448,1.0667075242604398
86,0.28244034931842127,0.9103797011865149
87,0.43946234557165714,0.8142849329553337
88,0.398347279059363,0.7056932325251543
89,0.23697524250991947,0.6986254780129152
90,0.4378600967024773,0.8316530457296087
91,0.16012849218718023,0.960525001202968
92,0.3285498691665983,1.0159941085190165
93,0.48360787171389724,1.067951462401234
94,0.5316289034835997,0.9424285291197665
95,0.6609133482725614,1.1732704811717038
96,0.673983327331706,0.8996970434802035
97,0.206453422454073,0.9033529242733022
98,0.5945476219290734,0.8361428906582921
99,0.4181632345000519,0.9375129649383319
100,0.17047421625348272,0.8470166141217629
101,0.3589598188829687,0.8570923585459199
102,0.32274063901585737,1.0230269114734027
103,0.5638851372234803,0.8922375417336812
104,0.1750051621094954,0.8685953223376212
105,-0.03817738632091286,0.8412784032512093
106,-0.0755622256769314,0.7301182478604195
107,0.42602551368325475,0.8112633501429687
108,0.2378909947765449,0.7235961156365829
109,0.47041480974933825,0.7355348719911361
110,-0.21002646449525253,0.7110754870257612
111,0.3070512711864085,0.6620829104587391
112,0.19244282166515092,0.6474993705840077
113,0.18427093034498415,0.6106038701148411
114,0.2051873640885078,0.7513584120504411
115,0.6936358197936252,0.9373183838333892
116,0.30473034118503867,0.9733031981344948
117,0.41658990428694986,1.0071706265959226
118,0.5226152318678579,1.1976636833470196
119,0.4875030121215689,1.0190604963534386
120,0.5358047420137801,1.1943758531523687
121,0.7099291743679572,1.2809773996444482
122,0.5451907141148209,1.234207140104919
123,0.22687856520751376,1.150256659198917
124,0.6052775649356401,0.9928155066853186
125,0.515501604173846,1.0682151204543606
126,0.38541545465967625,0.9644193340764003
127,0.3718469072103598,0.9612330890450986
128,0.6286727400920554,1.0868351579520241
129,0.7001665784862284,1.2380046049894289
130,0.37526398387425064,0.964346410943313
131,0.6513117701246316,0.9427549546000645
132,0.5741029427960047,0.9171586966848244
133,0.47533230181092506,0.8673908560787928
134,0.46116958376440775,0.8357216226269724
135,0.5506264935737984,0.8442756430139426
136,0.6614455814398291,1.0928946822953696
137,0.07176556427875055,1.1710580728459725
138,0.08350606669583749,0.9774483228892328
139,0.27470109420625816,0.9847582173621391
140,0.24629316722056602,1.0623012963335918
141,0.46692998260198854,1.0444742475340654
142,0.25865161640412193,0.9344037589181814
143,0.4627301533107221,0.9522216664710967
144,0.2951116517611018,0.8171615725147146
145,0.2439574274064932,0.8143208026715081
146,0.5024117882296646,0.9021204839890161
147,0.38162187656839314,0.902154546065419
148,0.18484172043776134,0.884550023542435
149,0.4351850692413261,0.9555252053184461
150,0.1788471092248588,0.8112822957588932
151,0.1623201419253866,0.8243249113965462
152,0.26032000115756304,0.7324728773681254
153,0.152052157944273,0.8344786519054727
154,0.5369376999149699,0.6054066133444669
155,0.5442550503847631,0.6948060948726826
156,0.9846859626338665,0.636985064970978
157,0.15650599283799244,0.6282510248759496
158,0.28882471810239996,0.6523086877305309
159,0.7041592625754995,0.8467921951180718
160,0.2743989990618511,0.8377669217998442
161,0.601444475159202,0.8954681742236332
162,0.3335062227345075,0.8611336618432787
163,0.4712215366941934,0.8787999174985178
164,0.055652096823124664,0.7652918440592011
165,0.12160382253668761,0.6091068820900354
166,0.4455324804836145,0.7238947686416267
167,0.35888323285045226,0.7351095162273007
168,0.19994346839367824,0.7905584254167528
169,0.042687736747736946,0.6475164769560813
170,0.6953822514289597,0.7276002439222599
171,0.2820324541545316,0.5298016088024984
172,0.01467069863102105,0.5591053709681407
173,0.48233570132067816,0.6505091174553875
174,0.33528976188191095,0.7655045332314205
175,0.5378784031952775,0.9042341078566178
176,0.11137357319670194,0.9206314775199972
177,0.1123606527843289,0.9904172059108948
178,0.35580968435176397,0.9617169895590933
179,0.5229153724060903,0.9198020378937327
180,0.768502364724205,0.9420172970686918
181,0.36592709947501917,1.0367766741889441
182,0.48006132329690354,0.84869623392736
183,0.7172150545025908,0.7526051533806486
184,0.5984494923096602,0.7863137401883518
185,0.5656464113675564,0.61045819853017
186,0.6787741533532666,0.6865407919175354
187,0.4765369348359287,0.606668909247023
188,0.3317094830289477,0.6373214825524911
189,0.0654117219376856,0.7218748876290446
190,0.10568460247899168,0.857793448503645
191,0.41773872356022923,0.658509365305349
192,0.24886911317194169,0.739055632647161
193,0.4602665392251128,0.6354452455546827
194,0.48022507803797765,0.7413128367990784
195,0.3116927969592469,0.8451655730979679
196,0.03615536455257415,0.788429146843435
197,0.2824392360790012,0.7224499589281058
198,0.21573685055812555,0.8044325850728874
199,0.5662972825141526,0.9065825543712572
200,0.33837084848737786,0.7894292687127418
201,0.2238002491398554,0.639280119837391
202,0.544083651829821,0.7023015081103627
203,0.24231556865428014,0.7735412067271482
204,0.6930227721013023,0.9295671904188422
205,-0.14612625613285402,0.7210646884782416
206,0.42604231415875127,0.8228305830527548
207,0.6201175824129452,0.9861541829301608
208,0.7550663145678483,1.1308314143727136
209,0.22657545855911781,0.9209950440762494
210,0.6346307441006684,0.8664847232706976
211,0.14654806025922393,0.9154880584727606
212,0.037894327481576305,0.8307152655457067
213,0.03391866456646303,0.8261379786647007
214,0.47388825310255867,0.9147449375500453
215,0.6718216406753944,0.9347718638983363
216,0.5588230272344824,0.9022642141443743
217,0.2657668911705662,0.7995768827888856
218,0.685270100962627,0.8563938110866364
219,0.4732249977616646,0.8480795492833759
220,0.5036949367095862,0.8619868163734182
221,0.1862607353564753,0.7343953117014557
222,-0.06113874187288234,0.6205409076399792
223,0.02172748638965068,0.7871281690599218
224,-0.11695813155019369,0.5072025893255437
225,0.37262911195938103,0.6069577384714544
226,0.30142708311058203,0.7297686495364193
227,0.47653892791999564,0.6038337103006035
228,0.23669550835219824,0.6306521197975858
229,-0.04652643238339196,0.5528618989512827
230,0.018229636503472334,0.4736886670487042
231,0.19894655241089965,0.5471413179131497
232,0.44749872525972173,0.6134677347445823
233,0.40038152450100795,0.7213963527536785
234,0.1830245177119549,0.6737644883084813
235,0.16450451261079396,0.7050784973622317
236,0.6811994720659739,0.7982221130606948
237,0.2402099405132929,0.7386117176088096
238,0.6913818086580683,0.7840668823416805
239,0.07457096911828139,0.6802620659156733
240,0.30183768311353437,0.5358226804063876
241,0.43223765082151266,0.5700522102349266
242,0.2888620584478723,0.7756568948428464
243,0.2720146054622773,0.9620230420361127
244,0.3168549131234555,0.7818273809145471
245,0.28661553721920174,0.8776406612738403
246,0.43700277099435253,0.9804577146073215
247,0.11095241303330282,0.8489808111225677
248,0.4511648516745813,1.0834067647206782
249,0.041116079440746245,0.9033723363704379
250,0.4727006684998568,0.8677975045060814
251,0.5029184066149651,0.9649793152433607
252,0.4750613805562904,0.9910366353337823
253,0.35690183480254295,0.7831586993322057
254,0.13730678613532443,0.7521077041594382
255,0.591125312801893,0.8606581124443271
256,0.0938205668818105,0.7594564189661028
