t,lambda,delta_s
1,-1.0651949831130954,1.0874604634453224
2,0.5748913964524214,1.0906937588601577
3,0.8142845367680421,1.1888643247828072
4,0.41726174313394465,1.2532567214290835
5,0.6569296252912658,1.1305926127553323
6,-0.002582164627335085,0.9514391938396606
7,0.25151914595204833,1.0098205527465363
8,0.5716511722165722,1.040242655219513
9,0.3671506069750154,0.9777683355626875
10,0.3426862101035231,0.9009299781695317
11,0.63940141551189,0.9436346257442575
12,0.5566707071342778,0.9600840341949228
13,0.3021331660901109,0.9753950674874081
14,0.336077406484482,0.8114934663297739
15,0.9394850905926333,0.8451398896011587
16,0.12928362863365062,0.8434535887281719
17,0.3562248773564552,0.8702637817012274
18,0.4891967845386843,0.9599914824893842
19,0.4462772269491129,0.9205055651879166
20,0.5075341349004566,0.9850645447808629
21,0.6579571177773852,0.7885505215579276
22,-0.05586602098138316,0.8168831561005584
23,0.2676341583881935,0.8211099956999398
24,0.258178063770479,0.8766983905318682
25,0.369941729608048,0.9351481248261894
26,0.44752714104795,1.0527683238457832
27,-0.0878459886623662,1.0050890913967339
28,0.3181294564381172,0.8722906782414422
29,-0.010473480616330586,0.8375899816599154
30,0.49805181949427724,0.9366270657523462
31,0.4583429411315077,0.867093296462377
32,0.3507597300269831,0.8910752183680796
33,0.2907940900315868,0.9210205315668618
34,0.5409437869108498,0.9094980574415682
35,0.5818844688843112,0.9437859471005764
36,0.6296019328678781,0.8840013402933173
37,0.2003014757684292,0.7718929872944378
38,0.4255294523686905,0.7086870469537279
39,0.3842405888236415,0.7397880860312646
40,0.4605995467853102,0.7049636558019515
41,0.26683513701991113,0.7290916037612679
42,0.43989096453543153,0.8624601652634739
43,0.43246357885824577,0.7531218395675423
44,0.33696838538723384,0.7360476767265549
45,0.22157026299474172,0.8397107628645586
46,0.3453273026502727,0.7528472607709151
47,0.45644509719709236,0.7231159155965461
48,0.3714482866001928,0.8093844749192781
49,0.4585416316781541,0.9246582490754082
50,0.6411926169295594,1.0205660051622616
51,0.6466982384902077,0.9479658000509946
52,0.13782812337694825,0.8976709197233635
53,0.22318902604005708,0.8780694548829276
54,0.22312674059138407,0.757926670639355
55,0.15633206270610456,0.8448819462913755
56,0.16772221645121355,0.9060207182821536
57,0.3888436257278003,1.0130606479380035
58,0.3572433110759817,0.9263221215872285
59,-0.0038403370732040584,0.8813239260613421
60,0.37316353696085947,0.9593715946200425
61,0.4176812484050901,0.9838754542219779
62,0.449598581329238,1.0517149383919073
63,0.6760514241456322,1.0957993676558353
64,0.4109722387524153,1.1095355048102027
65,0.5358415835929587,1.14182942946288
66,0.6435542679830359,1.033143911445736
67,0.14888315555147158,1.0143308195392289
68,0.5025063723941432,0.9257065321918813
69,0.40500140072700047,0.9802645309562011
70,0.14045636942998704,0.7691354817530757
71,0.36194914644654547,0.872097263311551
72,0.09766496385289183,0.6918898174496279
73,0.11257465651537377,0.6996360064736903
74,0.09323044113064514,0.5805206280267199
75,0.14060563891544436,0.5517620162318918
76,0.03840794924705709,0.5529279755676874
77,0.22987448625055185,0.6023002884966068
78,0.648467616710999,0.7290976950277848
79,0.5311944477656587,0.7798450881412623
80,0.5301284337256107,0.7074268017732167
81,0.6425281324251204,0.7498099826708317
82,0.3644009515588793,0.7885118251165689
83,0.48133607465443157,0.8606489279382328
84,0.6407018433067004,0.8996019627140024
85,0.8524358180259264,0.9902968552458568
86,0.747620424217134,1.0056365676862848
87,0.8626429927782692,1.0075732538378872
88,0.7074317189422331,0.8443793246063789
89,0.5006652526171261,0.9101461314313841
90,0.2503666825165699,0.8548873302778044
91,0.6382385339438306,1.0033211940087192
92,0.14018095943735626,0.8044307359860778
93,0.05046192054641885,0.7159385610274561
94,0.36645329451214403,0.8275957207105481
95,-0.09319324949236364,0.6663695565721136
96,0.4169216214951735,0.7555404965593112
97,-0.32083184430706985,0.6130935271512346
98,-0.04009696628393218,0.6904280206679284
99,0.1286416029890166,0.6549242562423726
100,0.21347485196249438,0.7988725486266504
101,0.3527697758951431,0.8779367355558035
102,0.4028381049143863,0.9477509940435034
103,0.5466724725002414,1.0037318608674726
104,0.3236673297864568,0.9222554419981405
105,0.35141299016812655,0.9685553545460196
106,0.15367992339406847,0.6966695873566583
107,0.3711600616283813,0.72399042338889
108,0.38786970880311156,0.798255325723062
109,0.674413718225262,0.908724404647758
110,0.541084379588437,1.0518532347006677
111,0.3263727095491153,0.8432191077519946
112,0.5045711866569974,0.7914806085059523
113,0.2293017347658572,0.877433182244065
114,0.2877526575426887,0.9018566492827915
115,0.252898324674831,0.89528902248434
116,0.3082770481870962,0.9230495450536464
117,0.33414268006817127,0.7552050277862372
118,0.19770863212596468,0.8282114854443782
119,0.400795039563485,0.9402655844775208
120,0.1360085701044618,0.8198950471443506
121,0.19576906590246232,0.7225541625420304
122,0.2770010807277452,0.6836596587145043
123,0.625000259415596,0.7832890300153295
124,0.6841046771671565,0.7501419577293672
125,0.5274285235793132,0.9428862308491927
126,0.7671741087020468,1.002585884847278
127,0.32045279500399154,0.9165917843560998
128,0.2956032791525773,0.9868006395161726
129,0.3558865721973363,1.08917411739028
130,0.3386057650455477,0.8581120189983132
131,0.5868154623117129,0.8728106402753482
132,0.5926206435526704,0.8761280255064204
133,0.22266480822951237,0.9439269920517988
134,0.17948589611152768,0.9925035116060917
135,0.5295251695933035,0.9092778013948377
136,0.5020241060054123,1.0458549326092643
137,0.3900138259143564,1.0495916769442333
138,0.3138031878463563,1.0346960984451294
139,0.3816678896760628,1.0150232522072715
140,0.3110024090035347,1.0108289424952601
141,0.6153443983578792,1.0926169362793923
142,0.47746816884732624,1.1027844859306921
143,0.4979546188648025,0.9742726416216443
144,0.39797718668747184,0.9961465213158464
145,0.12920510331642374,0.9963084562331999
146,0.32419972369429745,0.9044923863108084
147,0.5201330970650457,0.971746659824774
148,0.5774270865415547,0.9773867259214228
149,0.38971351882868155,0.9474532949798378
150,0.5195824791345282,1.023286995835951
151,0.4238652910185012,1.105394472086042
152,0.18032938681571362,1.088081593710386
153,0.45075540952708665,1.0756301800546426
154,0.19456071814574868,0.9751869231381499
155,0.5280409113780897,0.9666184321795324
156,0.4099918103249517,1.0103218808938894
157,0.44605131850237306,0.8673657509104814
158,0.17385443309417573,0.8591164765442202
159,0.17316151167246308,0.8696793370930473
160,0.43019331984226383,0.870473256504024
161,0.449891680513247,0.8594928707056152
162,0.12999851172016952,0.7358589988888083
163,0.6941324310999386,0.8521323945249194
164,0.3576329101453299,0.8636825957023841
165,0.25318249696624223,0.9084143795021455
166,0.25737022943591437,0.7824524047156455
167,0.26092839707816823,0.7619850788679596
168,0.6273196092343998,0.7297603685048825
169,0.21204145650026607,0.7319049648263503
170,0.45444311788312375,0.632308460479217
171,0.2072106044035427,0.7229925875488153
172,0.43248480542544987,0.6600776070997846
173,0.21495924629861524,0.6620355246101289
174,0.18531473392365494,0.6501072686961024
175,0.4946915356894711,0.6508228322504936
176,0.22970654293440154,0.804386472874596
177,0.4649019093361454,0.8058932427659529
178,0.4721326371233186,0.8406121324354083
179,0.4809201714478505,0.9223009835966318
180,0.2148891414239567,0.8972984804853988
181,0.4371485388311257,0.9337826813371223
182,0.4262824358383785,0.8656990462854147
183,0.6440061463813715,0.9478323814899319
184,0.744013798019394,0.8722019556795483
185,0.5429783991179907,0.8174957537768107
186,0.49439132939418967,0.8483065248227117
187,0.07535663689478561,0.6770449038971263
188,0.1753890693109203,0.6279162717357503
189,-0.17780770987218594,0.5484690960814881
190,0.35455275529602365,0.6721492763085292
191,0.508937403031918,0.6292577844991022
192,0.5414351093698256,0.5970206292274524
193,0.12163484489158799,0.6444944589774481
194,0.49082256003149877,0.500027054261646
195,0.32722015582046055,0.5491481390234619
196,0.25829728406065255,0.590424265058451
197,0.06297808501390541,0.49869343218899365
198,0.6177328218729234,0.5615180183501786
199,0.0845465618837497,0.49918643722003275
200,0.7347458907847109,0.543742735524376
201,0.6219094059356485,0.5716526152099828
202,0.26388663709429117,0.5382134527336639
203,0.3291536590789715,0.5145147865937232
204,0.1776998418080137,0.4711877728676853
205,0.16915448145886958,0.44112380648168725
206,0.5760179261474871,0.5233351016791126
207,0.5786745586460891,0.6052343908902783
208,-0.19761790028101245,0.46791501102626615
209,0.17772907015875022,0.5121290638087684
210,-0.19692660862634595,0.41522714731407573
211,0.4587587196668911,0.4809436568949414
212,0.5390938598177073,0.5626134388642263
213,0.017277850520607763,0.4542838115697542
214,0.20600057371763686,0.5516811397310634
215,0.47468139001979764,0.6339021711800555
216,0.33937902175907647,0.5442517636846231
217,0.3491664319086638,0.5493591116926105
218,-0.1890060281206099,0.4778930813212614
219,0.3258819840626777,0.5133863931231176
220,0.21981765238431616,0.4025874896574651
221,-0.08062620918215434,0.35807544285529647
222,0.20785224221899623,0.30917583928424097
223,0.3721784055959707,0.37390497418883467
224,0.0874172745599249,0.3090189933617514
225,0.24487038672175573,0.3509997709870176
226,0.5392064375321017,0.44538041420333124
227,0.36499674733854387,0.3997595966781481
228,0.13471428468509453,0.3631011926992678
229,0.7114155399016522,0.4812998235823592
230,0.6227029531664432,0.6097005917887782
231,0.3832937809505075,0.6567819711004302
232,0.22458169754644278,0.6646976113260992
233,0.35103208637353767,0.7763025036218654
234,0.380204693637336,0.8206497997456271
235,0.5889380875345985,0.8023617996082226
236,0.17655834273970974,0.833214869811102
237,0.4364578015592358,0.7025430966782584
238,0.17162058038232372,0.6980547164393623
239,0.5235996299226037,0.6331511985817865
240,0.5617280232515914,0.7785395089699522
241,0.48279370104959696,0.927290393282195
242,0.6314024686908137,0.90691305557441
243,0.7482322094093491,0.8260396018817251
244,-0.0016360757394031776,0.9136031715680437
245,0.6258574500459964,0.857781755926066
246,0.3110834687509773,0.7236168719068052
247,0.5438444800048022,0.80321206317629
248,0.6429054632220412,0.9587832298866601
249,0.35633046542432684,0.9810936290871467
250,0.6105431060657259,0.8721109803991484
251,0.48578847375196543,0.8604175562943158
252,0.4133564117515982,0.80449972367263
253,0.4145427907523244,0.926455241045329
254,0.07684119087952379,1.0132232542494037
255,0.4138998087248872,1.0130452390817841
256,0.38441664544344584,0.9787177186416518
257,0.315371106114701,0.9906260520260801
258,-0.053630515466182416,0.9262170425231633
259,0.4288226575430899,0.8670451267276341
260,0.5695533795879909,0.9253659265428008
261,0.4312236687190518,0.9510841581816731
262,0.6078003367869913,0.9695351252476968
263,-0.16792626258361407,0.8998228392695318
264,0.18154820627036738,0.7712033427541155
265,0.2845644420298178,0.8648795522270044
266,-0.09767818453603624,0.7438390443355503
267,0.4385445598605876,0.7972329456830838
268,0.2242518816561129,0.6574762977419721
269,0.13448954765310225,0.766453002077731
270,0.4699952317857907,0.7661049623973782
271,0.7173664808928819,0.8552534194888052
272,0.2838164516369632,0.6878205872235085
273,0.3627132374786601,0.6670330243327638
274,0.31816663013259844,0.5717713764794455
275,0.19060042169240055,0.5192594893184457
276,0.16310994146148863,0.5430287856952762
277,0.37116129026608086,0.6268654810263059
278,0.26369060300236663,0.48243786852755405
279,0.42842404676358253,0.4845755450488358
280,0.4476787413152705,0.5661785596052842
281,-0.08618506987660876,0.6511854973334192
282,0.47637615419369994,0.7131674153772094
283,0.125362878439389,0.580154599461144
284,-0.11828713177408108,0.6041747128208254
285,0.1392496735169308,0.5202988636116469
286,0.31235942976692915,0.6545373019598513
287,0.5635671735684302,0.8343998347868883
288,0.24005902252380779,1.0250048426512126
289,0.5313659880476793,0.959042737304547
290,0.017371993561628146,0.8909640162998924
291,0.06657566794113726,0.9139035901465755
292,0.44049787281283787,1.0534218640744548
293,0.6972205850368076,1.0458922766796015
294,0.5301114063087057,0.8753617455662853
295,0.4153037263152705,0.8843440778546179
296,0.3625469330783781,0.9353055583648857
297,0.4103628705041253,0.9992189675540653
298,-0.09245874908887596,0.8786851930672246
299,0.5136948367069458,0.9254301224979672
300,0.03605863834340179,0.7798646981098479
301,0.09204212803818189,0.7612703713885236
302,0.30878249834961535,0.6389998845713238
303,0.5449526609787408,0.790651841012714
304,0.25875707145346527,0.8213836994008873
305,0.32834992801406243,0.9325475030980762
306,0.28310997421996176,0.8962282410192582
307,0.25034813495172736,0.8447340781870925
308,0.4627026941222234,0.8895626219426356
309,0.38587041357071533,0.8433253463834635
310,0.5667334265993014,0.9804396771998233
311,0.0324842613478841,0.7901812935358379
312,0.6408309703043219,0.8299172306434808
313,0.40850342600869893,0.7714460774828832
314,0.4482956680304514,0.8269335449071266
315,0.4272418407251039,0.8133258478253157
316,0.3715911552360712,0.7290605874850342
317,0.2650931863544742,0.6692177638806885
318,0.3968747336973363,0.6113426635349465
319,0.3741467052575897,0.7032165421470434
320,0.3461487440679665,0.8225559423459433
321,0.43322958915456844,0.8949121369912043
322,0.07087611612189043,0.7473173530408793
323,0.5115230154913858,0.7788904615972193
324,0.45230404503186167,0.881311143498472
325,0.11371890218887964,0.7316738625748184
326,0.7274173766129277,0.7073656092115104
327,0.8579206260890382,0.6330780491632313
328,0.07393555420702479,0.6978789509022865
329,0.13305375910265432,0.8840439151582048
330,0.23341684171323526,0.983030170760582
331,0.4099636345362952,0.9534501188708161
332,0.9093744254934899,1.0294856066971507
333,0.5095690253232485,1.1100166036574093
334,0.15637393110620157,0.9192851300836924
335,0.25590351177999415,0.8843647265743472
336,0.39511766361045497,0.7445995246537477
337,0.009787266295639084,0.7248590541796891
338,0.43911301706794603,0.8346795169394402
339,0.4535574715944982,0.6643945145499727
340,0.3856037083643535,0.6974901211139217
341,0.24581398336097116,0.5613052213086832
342,0.09998161501689982,0.5565416381400025
343,0.2613659270834671,0.4497249141590001
344,0.4732090905516407,0.5326255127842265
345,0.4854893691220653,0.6387982725743736
346,0.3202247803625101,0.7604776631971588
347,0.2917589507972737,0.8990315431195011
348,0.11096501704609042,0.7069528463677458
349,0.33428845182835554,0.6928353345465033
350,0.3253643477688989,0.7783762609292446
351,0.5760294364636879,0.9275836947621173
352,0.30599476057665126,0.8144085543428438
353,-0.01202904629720024,0.8948983907960235
354,0.15748641344895328,0.8239072588088551
355,0.36399542229432136,0.8864282489764684
356,0.08261832412964272,0.7869438513668843
357,0.34677683219114264,0.7941437768123039
358,0.5716719653367341,0.7957959426863398
359,0.07686878381199846,0.659718625639613
360,0.45748434866366566,0.7615401498620156
361,0.054609079829826,0.5962613014532174
362,0.6021741849386846,0.6122559458349426
363,0.02184411184287436,0.5864020899490853
364,0.249949214733223,0.5761370222018982
365,0.5553845405597442,0.6473877900163106
366,0.09544154676453595,0.48907773397657034
367,0.38400252604808605,0.4782616084245967
368,-0.11118456442738192,0.35687711859589233
369,0.16501395628396323,0.44114460953257906
370,0.16883834422283822,0.4851336077358057
371,0.7095477483170523,0.5526418586988794
372,0.6818192589462773,0.6687304221571091
373,0.45664643816429784,0.5286537972902063
374,0.5755543636727166,0.6419158254672106
375,0.2741614857874693,0.80442334926382
376,-0.08422013654189191,0.7229750522436861
377,0.216292317560908,0.639680749060695
378,0.21360809732576827,0.5704200996286962
379,0.1314161626860767,0.5454109110205159
380,0.5543709032906305,0.6562145962352355
381,0.5092828586401636,0.7407988001283399
382,0.44920503775786363,0.8944204265240345
383,0.6955686937100279,0.915610582731392
384,0.6246825321149893,0.7691069598613157
385,0.5286712855673915,0.7454857617255704
386,-0.14057772195424026,0.6932626329866749
387,0.08744813144509808,0.5948748043253521
388,0.48379173327218444,0.6402806142519932
389,0.2730799856886947,0.5473231186103661
390,0.4569491243802824,0.6178779060871307
391,0.3939630935824331,0.7120498660101819
392,0.13664060104634637,0.574521359841576
393,0.13279411841617486,0.527808270452784
394,0.2663987589874377,0.5512291690393195
395,0.2044540710976629,0.6440556924193152
396,0.44348758510941566,0.6906034469786662
397,0.25801506435013466,0.5686370800718759
398,0.438892988434259,0.6333205489385252
399,-0.20074129615007005,0.4306609227401832
400,0.3670640031309037,0.4358514619884246
401,0.2509265685179456,0.5004560833561101
402,0.26474894545677247,0.5501869617521928
403,-0.14184087558030636,0.4497316713758254
404,0.38395947128470725,0.48365914549653394
405,0.09397924648172762,0.3499027439503171
406,0.49478202704530894,0.38607308515729033
407,0.5296559651735554,0.42202375771788453
408,0.09737800986288804,0.4823906221025663
409,0.038107282721634154,0.3902999450591135
410,0.28347794392147624,0.4767474479607635
411,-0.06167515677343468,0.31231180494671174
412,0.3822458741786566,0.3327746723058745
413,0.601344063105844,0.37556353556199357
414,0.15318665399609807,0.2674783646797453
415,0.3018968002328546,0.2537162156687863
416,-0.06767589985907974,0.20816871060971318
417,0.2668189547120892,0.2654498734651172
418,0.42348159561379783,0.33138239711692963
419,0.13664584003144095,0.2363374531979584
420,0.41218036805344827,0.27936219619104335
421,0.14195248925718215,0.20989754402914268
422,0.5201518939804927,0.27958098326503444
423,0.3830014536514408,0.34468780285671485
424,0.23615205559968214,0.4019820851053375
425,0.4115640223699452,0.5045441520231061
426,0.4359924518416216,0.44605504156265247
427,0.17177159492924038,0.389046186656562
428,0.4999991127803413,0.40218705195774807
429,0.39024329900116217,0.5046988507039233
430,0.2068866066503801,0.5452925337911263
431,0.025052019414113044,0.45637702129647634
432,0.3463731916637008,0.48124277243232627
433,-0.027322738032126218,0.4422219025600925
434,0.4704343998088584,0.4718749618876915
435,0.26023725281668436,0.5675258348634608
436,0.5887900094014895,0.6729727033296519
437,0.569408134089945,0.7155167207419282
438,0.6413391174609273,0.7261967079206285
439,0.4831872927634636,0.7835993490167903
440,0.072121460370143,0.6820282932939328
441,0.15553052109639412,0.6040502446938669
442,-0.02416965756264579,0.5493908696839288
443,0.1667413073437758,0.5671544210893568
444,0.3248932604857353,0.6904274481476065
445,0.5184986233272358,0.6311826996799756
446,0.5082362033561297,0.6570017886811145
447,0.20619206254428268,0.7156508424274203
448,0.39000415646368725,0.7482245090795976
449,0.4670041032302085,0.9220594704473292
450,0.6199726501114781,1.0236817660368114
451,0.4542063370847951,0.8808719590530254
452,0.8538354613857251,0.8609399614257647
453,0.3312373526068607,0.8747289461511976
454,0.2514735677945507,0.8600568022931179
455,0.5318435541213306,0.9147933033256958
456,0.0725027823199119,0.9624684416160516
457,0.05814103671721061,0.919783445170709
458,0.5357909574880034,0.932139332572226
459,0.6524198973564047,0.9188691816377433
460,0.5629571209884644,0.8266851810553851
461,0.2094132529884564,0.727207046623552
462,0.22254522285702266,0.7206906728683011
463,0.20681857821569571,0.5976670770594069
464,-0.02415569402824096,0.5766358421627064
465,0.41231844041916366,0.6945987282594513
466,0.463164059926444,0.5134445499746566
467,0.10892081694424535,0.548661075040026
468,0.45461124365762623,0.4287292498093794
469,0.48489681563750553,0.4865728638510943
470,0.40638895585807966,0.6062150833281301
471,0.41019333429732374,0.5355235900099637
472,0.7084067810647781,0.4760116263219869
473,0.1624353159635441,0.4824296804751797
474,0.6201137156106498,0.6562992303296662
475,0.7143048809785919,0.7227621931658306
476,0.504637259069582,0.7814672309625412
477,0.2149066311059577,0.8295181073907337
478,-0.2929195228084672,0.6975796857986095
479,0.02734748046940374,0.6703403271976759
480,0.4428190047109845,0.7028217769016154
481,-0.0827207512697253,0.5752882019670308
482,0.32033560229520813,0.5952062170719609
483,0.5634699216180529,0.6621460311183164
484,0.20504925361063348,0.8167016118781927
485,0.5767016637321724,0.7810091503132102
486,0.6943686555971322,0.7856421859449906
487,-0.0291006117471641,0.7267852367878663
488,0.31935163831527547,0.729348281512212
489,0.2697251835375049,0.8195753088311142
490,0.3647208236686306,0.8797563453455425
491,0.3083925350775074,0.7730884070531077
492,0.27045873869156883,0.7735892699337691
493,0.32204354783186534,0.9086707930190241
494,0.3763478619657701,0.8578794613124606
495,0.4028412138909369,0.7956355706801216
496,0.24675570932710042,0.8184902380992483
497,0.17590800825940134,0.8977791582159946
498,0.31251676157596836,0.7950098065079186
499,0.4691104810621024,0.8488981223515873
500,0.36907736365307164,0.7460761296642768
501,0.4173754885478121,0.8785962863500585
502,0.26321190078356715,0.6451539374014451
503,0.7180018797068972,0.7398197568632192
504,0.11660259574056084,0.7964365564376141
505,0.45441576767961134,0.9685440336783195
506,0.2405977182577613,0.9893417250067904
507,0.7158821630841793,0.9657906082074206
508,0.592976764616886,0.9833364465355818
509,0.1194299997838586,0.7851619053265125
510,0.4272861767458827,0.8307993111873476
511,0.532018136209555,0.9211402207477087
512,0.4277338042230796,0.9464844052127368
513,0.368649103434446,0.8390332845703843
514,0.196733716353965,0.7755882403383703
515,0.6749574600025089,0.9357691508205933
516,0.5853660395897924,1.1138912148575217
517,0.4921320669930578,1.0775378981787995
518,0.39423722366198144,0.9778504316766716
519,0.2208536166990562,0.97630771697717
520,0.26589172826260266,0.8721662417395046
521,0.35686729729146016,0.8876214015446939
522,0.5119615065588331,0.9568356480340683
523,0.33239762928750854,1.0573421133132102
524,0.11518125406307192,0.9485614945960759
525,0.22240738608983307,0.983676359350648
526,0.2339970018936127,1.0482268976390543
527,0.38552320524352107,1.0663945544598812
528,0.45919725282078205,0.9874377768831014
529,0.03558274775901181,0.9106810811298937
530,0.17908276507514342,0.8443867690625166
531,0.27276483679344443,0.957842341549325
532,0.12664269277950974,0.8002736867980517
533,0.4325460148317064,0.8671913813361283
534,0.5625754309315177,1.0052746607600922
535,0.5230836288505546,1.0742016765080409
536,0.5354629900118377,1.069996515888702
537,0.3596340632599281,1.0180210062846575
538,0.18770277396694907,0.9909280859120857
539,0.40865208252524515,0.9713062285332925
540,0.23837042480567067,0.9793242037556734
541,0.2958050246565374,1.0544115820349869
542,0.4562049674475762,1.0283468309511337
543,0.3278663665031174,0.9787545049566848
544,0.3403254764037322,1.015618735198501
545,0.38584683837572276,0.7753630721136658
546,0.14813101945210774,0.8387177867902763
547,0.380938172562509,0.8674051564051067
548,0.3319508379773308,0.914147879564377
549,0.27656773979168586,0.940342531788945
550,0.420333867532153,0.7415588877454647
551,0.4584086738382336,0.8266687011593321
552,0.3163146359631473,0.9099561548620849
553,0.24784300837908266,0.7404907774785939
554,0.39785547500679463,0.8215368105787916
555,0.2932835654284002,0.8920937973103288
556,0.12837762499183947,0.727904977934553
557,0.32132737779986,0.7171074349724202
558,-0.11791338379750164,0.572932559120491
559,0.537506473435275,0.6516575831648687
560,-0.17193564821520357,0.45048141294782623
561,0.20223472737683795,0.49911455630312485
562,-0.1294655508366397,0.36165613248221834
563,0.06053449520648956,0.3244876502483729
564,0.4432298680286338,0.3959577545026661
565,0.3517198074854909,0.46042777290741854
566,0.013785803371335024,0.3559965355571736
567,0.3966259844433803,0.42755941240217393
568,0.6002386468201171,0.5706569553830229
569,0.10740757333897423,0.4132204535881413
570,0.5148479474267842,0.43447254802410573
571,0.4226615171750726,0.3866145940849541
572,0.41102628548304543,0.5128214525008975
573,0.26855406796912007,0.39848787118628487
574,0.1633682956819967,0.34670324807289
575,0.28276452615984143,0.35076748813779207
576,0.3787297542189106,0.27875763004867726
577,0.4919230190952001,0.35835791657656446
578,0.10554746017506385,0.23986764181497597
579,0.4638716911221869,0.2208540112680913
580,0.6009870768550457,0.22378164391632246
581,0.22215284697561313,0.2840666355128541
582,0.08474472223364339,0.23736906114740292
583,0.3443556033865299,0.24640962303857597
584,0.18622065254580208,0.2545096028690012
585,0.5988781994156491,0.2897161755621214
586,0.40004360713811493,0.3387139149348866
587,0.18272053292323098,0.24415500440208548
588,0.021870486270037837,0.25095726354593395
589,-0.04644624817170892,0.19991902811757167
590,-0.24201124481782996,0.1845873636987
591,0.2555903063757689,0.1857343240844098
592,0.27623679918102506,0.1328454718880141
593,0.019934258223066808,0.1356642816422792
594,0.34634348596840114,0.1957958296062451
595,0.09601616689895451,0.15716975097442049
596,0.28741889767226025,0.1634482681248503
597,0.3731030942960787,0.20848420903650394
598,0.4113924951145424,0.19201973993562294
599,0.37372406574244316,0.240051869882116
600,0.6489212063637785,0.3108595722275123
601,0.10412812051599579,0.2745836759676869
602,0.35062768972729913,0.27928024939950086
603,0.8776382376111912,0.38027814424175427
604,0.7315223160120754,0.3581171711250066
605,0.4732922660911197,0.34690615761644505
606,0.3948894278445753,0.35743385532815464
607,0.08800084750913091,0.44981443537516663
608,0.4000494733086502,0.518397874293074
609,0.6185322642208405,0.5025647924781735
610,0.798326656707565,0.5618449668534268
611,0.43049561020113664,0.5466015334216071
612,0.3979451877820004,0.5638029116164754
613,0.24262909384152742,0.4996215046541013
614,0.12616771141411887,0.5374744199364245
615,0.11635636347751185,0.5571957894143987
616,-0.06594205087747994,0.3838128309988738
617,0.42791453899472454,0.4667837599383828
618,0.5019697822264302,0.5937094572756605
619,0.45920081502828497,0.6803741267576502
620,0.42542873998695424,0.8030195016183038
621,0.44659772882257376,0.9037714279206307
622,0.606047995087489,0.9498113581009033
623,0.09444511409762665,0.8627295726322861
624,0.41312723092573683,0.7928539575262336
625,0.41199529713945976,0.866921672950731
626,0.20619913470433157,0.6770660476414769
627,0.44756156812671993,0.7971091595916155
628,0.6193691594966102,0.8135094059857816
629,0.44971680480692994,0.8903014405144567
630,0.30252548381172145,0.9045567569396159
631,0.3674728392666652,1.0305009037483661
632,0.5876831553751853,0.9698136416686125
633,0.4011067282600346,0.9020414849928835
634,0.5251481372264195,0.9791133923419917
635,0.7384657462549173,1.0624538684279388
636,0.160168727496202,0.8969785194815362
637,0.3134138131296422,0.9844514383234675
638,0.36299271206009337,0.8399887102125113
639,0.051798548089554496,0.8113539140057037
640,0.08753763945276388,0.6649779145472395
641,0.4430751403661933,0.8192553470771234
642,0.6367399163788414,0.8782467696114864
643,-0.03527833846741751,0.6927460555788504
644,0.34001881664800326,0.7200722766299541
645,0.5257084206804796,0.760922274096404
646,0.6286619178686127,0.9595538500776977
647,0.649244800899368,1.029090502577981
648,0.47746344274294594,1.0579713205617516
649,0.3088833745508126,1.0042928501251873
650,0.3586741877943704,0.9328968915721387
651,0.2456659906708471,0.7944884161258201
652,0.28085104545884787,0.7570615420678974
653,0.30647229806312837,0.9101175230446322
654,0.5753053139044522,1.0013805550729895
655,0.4028435709361815,0.9267967113766855
656,0.30923144249347195,0.8308436218154432
657,0.41354839414990124,0.8220181688927869
658,0.4288229174301007,0.9747996016482179
659,0.4220273687397208,0.8802689849848802
660,0.27973423717683743,0.8749198379093198
661,0.21740245897800375,0.7692999619863754
662,0.21522011374617803,0.9089343333933056
663,0.17983157589380577,0.7830896864269721
664,0.24237306961582825,0.750270857916999
665,0.4092713201659583,0.8378032766172924
666,0.023848244472108843,0.6663507253429763
667,0.38184779514658757,0.7497557061349585
668,0.5116048275659913,0.8755531236265708
669,0.24709073596000694,0.9664038305814421
670,0.20178100974812335,0.9799405017204744
671,0.33733382283494595,0.8721459845136803
672,0.25910381906863617,0.9169790603924811
673,0.39874230197730853,0.7998804405384831
674,0.2510888198385452,0.756881783990778
675,0.26508504446731834,0.6854660406831853
676,0.27726026053551106,0.689639639913101
677,0.24690957890872012,0.5912949394992747
678,-0.01905822947545074,0.4950046632089977
679,0.3351499095666985,0.4564947672672879
680,0.5008337052000704,0.5623566379722091
681,0.4562875672353365,0.5947462433716821
682,0.5595983080511653,0.5915307875064189
683,-0.008120547119486485,0.553909481105824
684,0.5062486796406017,0.6980094747709858
685,0.18005258318269102,0.524003008966856
686,0.3576401631837729,0.5595694528701431
687,0.46602972151096206,0.575231071488429
688,0.3333594511822674,0.6624119877068658
689,0.23458059787039348,0.7493817930654518
690,0.27854091962792177,0.8685319086076414
691,0.5068150760433694,0.7823134475102622
692,0.6331996248060143,0.8002019790390037
693,0.23473717649751144,0.7356552457557681
694,0.5169708612027265,0.6619764435211892
695,0.22957173910389983,0.7813819485147472
696,0.3205206712491385,0.8894144799557575
697,0.3974642835488833,0.9187740178667768
698,0.27311285617590986,0.9403751870952456
699,0.03361042904284728,0.8322817344949917
700,0.2810851263842805,0.8149584587603681
701,0.47674459008520825,0.8736919047303837
702,0.40151254862074787,0.9610742809772262
703,0.5053841080791288,1.0346109271082227
704,0.4605956556811041,0.9672640788623628
705,0.48091080510049333,0.881552291803771
706,0.5864457503040289,0.8575807473755797
707,0.3186560721197864,1.0298647746214014
708,0.5462959898343418,0.9805413672743338
709,0.22213826610739532,0.9937878101691223
710,0.5336247020135854,1.0737883584280783
711,0.34559289966782,1.029798413735493
712,0.5695715166673229,1.0071584090996715
713,0.6244473654330609,1.0333924719350633
714,0.5484263589374565,1.0929776419238972
715,0.36136805860485827,1.004986958274918
716,0.3139598670861308,1.0408195357335657
717,0.21266762959528326,0.933221300195658
718,0.25730931335279467,0.8660977388293439
719,0.5252087244605071,0.9127253112479657
720,0.21200424789765288,0.7267724030790684
721,0.30292548874642844,0.6742354519833217
722,0.11444570650620664,0.5861602347181629
723,0.13795259789451972,0.4991598143215874
724,-0.3048766018666276,0.4369093981741795
725,0.14591942010248346,0.41998723219781003
726,-0.06642954855122667,0.29969259242683455
727,0.11713860481558336,0.352008070683494
728,-0.24948804595554974,0.23280966035831402
729,0.1292000210038631,0.29176960391463436
730,0.39322793206753903,0.3642766075535592
731,0.5189706427050303,0.44019621089622807
732,0.5767718388022777,0.5366494365035792
733,0.41146883675409046,0.603132417435583
734,0.4776675474983557,0.6539623076397802
735,0.6391946647232757,0.6123744727209924
736,0.760534396386455,0.6462543920432886
737,0.50586538199065,0.7351443125173139
738,0.37018100974850354,0.5916605503423152
739,-0.08844082534297466,0.6079709240316625
740,0.45448246236696155,0.5103390956993955
741,0.37626570446119206,0.5594582792805088
742,0.40509841786876677,0.63345709940238
743,0.4040669062802688,0.7023519882457383
744,0.1601331808822313,0.7576153223604692
745,0.11282351409269051,0.6893790728451277
746,0.4010347563394073,0.6930893726423132
747,0.1998071360539085,0.7680303408378634
748,0.3461934378409213,0.6690910168479025
749,0.09558943150029847,0.7044662983993575
750,0.07861534324256979,0.6483358125564175
751,0.08170822906047537,0.6320809423357532
752,0.23900157624992815,0.6345707918319109
753,0.10772024691535159,0.5662561594817715
754,0.3693706769224959,0.6034043387769686
755,0.4171017106020913,0.7211506934397315
756,0.563659888027399,0.8246690684123258
757,0.31464637124486206,0.7625445084769208
758,0.35040121659197815,0.8607401626532003
759,0.3830397605699019,0.6408276405915215
760,-0.0025786658318169018,0.6035111193384682
761,0.5031364395094862,0.7611307434211496
762,0.44741881604617323,0.6968890828132517
763,0.2409852008969172,0.6748766953857538
764,0.3738124022179145,0.647113715181021
765,0.09804030955049718,0.5982010704900561
766,0.7868618625254302,0.7118567174653562
767,-0.02020793811735577,0.5820683430370329
768,0.346143813241212,0.6652102787821884
769,0.3800672994860025,0.508417129161219
770,0.4564635984782574,0.5086726569987414
771,0.7162898962215695,0.6550059010166288
772,0.23035566570903146,0.7680442277591906
773,0.26805043422077857,0.8131282045743998
774,0.13423921697671937,0.7677353438949749
775,0.674628858611861,0.7186958781193634
776,0.0646077512404297,0.6878273707705139
