t,lambda,delta_s
1,-1.200284130241069,1.170918452714635
2,0.33121088226161444,1.147561455686135
3,0.4375728568567994,1.1807447581513544
4,0.33414543920804857,1.1211792550004254
5,0.46644710107903153,1.0504471578662606
6,0.3330835805175001,1.130055952161473
7,0.5500184353545672,1.1767693926333893
8,0.4543769810465415,1.0341806353257539
9,0.18282491357556008,0.9983940838590075
10,0.2891279673758476,0.9527940788520344
11,-0.3440155854169498,0.8365908371558313
12,-0.21226944385385518,0.8080809165547028
13,0.0667589307327337,0.7322459665623192
14,-0.017403193384751513,0.6067786512187349
15,0.46896767668317624,0.7401875528667241
16,0.3285418746298861,0.8730920768131571
17,-0.30803834256576823,0.8334688961061408
18,0.35733604298944477,0.7957082130662265
19,0.6233400870293374,0.8316623214242282
20,0.4086847669190162,0.7195311656170695
21,0.4203725088600442,0.8203632231478397
22,0.3315722471754195,0.9372209446781966
23,0.14956352499037667,0.7836588131390774
24,0.06611730585941503,0.7501381742688072
25,0.09947135364491132,0.6172092709290545
26,0.288034237944196,0.601459340559469
27,0.3097613678449825,0.6980059338245455
28,-0.07532616001660562,0.49651305562265574
29,0.2566270549401778,0.5894541964493459
30,0.20928983279019758,0.44992984714418155
31,0.12950491851673035,0.5257029229182874
32,0.08187168878273464,0.5944668816719259
33,0.30352712478932514,0.5047271841241664
34,-0.08006343998205913,0.45686903917504645
35,0.15835665608785413,0.4228458222024151
36,0.026753726564690126,0.3497259924853041
37,0.5669383833157349,0.46338616679883643
38,0.06596510190959996,0.33079007204291366
39,0.26087590473811423,0.3288252519484538
40,0.500921132480786,0.4090220752091568
41,-0.09464118705066213,0.3290636576903465
42,0.128682987150286,0.416800660605282
43,0.3976086370843566,0.5219723643344464
44,0.15677505208214393,0.4140946561024264
45,0.2600297571121182,0.500807262664401
46,0.131786050015397,0.3968939736791607
47,0.4315362327148451,0.5110762745728025
48,0.34182494426547094,0.368489010690398
49,0.6134557159715268,0.41422669875778034
50,0.4217064680214594,0.5381666222553358
51,0.5924977404523485,0.7079236724947822
52,-0.09634582318637476,0.7020882136123707
53,0.5997391029537704,0.7060492499939053
54,0.48669268747271494,0.7347191296702543
55,0.5889857985866415,0.6645307743326953
56,0.7501074477259639,0.796339916921358
57,0.6479691823449376,0.5708189045249509
58,0.1589214220762342,0.5454150321186899
59,-0.013703935193087317,0.5027562297869219
60,0.17948577151299958,0.6037833861581671
61,0.42901460493621296,0.7145411182664547
62,0.5610215312976731,0.5951466766146016
63,0.3248051294141021,0.6626425636397062
64,0.5718251773760678,0.7738782095474885
65,0.381773147133412,0.905083250111098
66,0.649973907335469,0.7611387083478972
67,0.05436857587023278,0.7234375543336645
68,0.19329739996258363,0.642301599823677
69,0.5327086957098409,0.777561038674743
70,0.5441062019950679,0.8282796035106765
71,0.48427835370958433,0.738287003380309
72,0.2823835257577435,0.7238015075395187
73,0.32670031056319576,0.6384869194950417
74,0.385545360039783,0.6250533169639874
75,0.2757902481906984,0.6247966638334721
76,0.39959440661463486,0.5260594058083387
77,0.26190121187379056,0.54551120610725
78,0.3774961978259449,0.6887613445468516
79,0.12349980745927307,0.73152863716466
80,0.23725345238459022,0.708216402415798
81,0.34844576628789964,0.5703275962853589
82,0.3087207430097862,0.5590787849783982
83,-0.30110002589662327,0.4596576023674127
84,0.02786215766196662,0.48926583256224215
85,0.449241926035078,0.5366801741259158
86,0.5125194788999131,0.595261317348463
87,0.2691574748357245,0.6453850372408912
88,0.30530607756342476,0.7907877703861512
89,0.315981303010459,0.698444344734363
90,0.5673689048493731,0.7205180069417022
91,0.3154332441282709,0.6519473577342219
92,0.05522760517719362,0.6934625493610305
93,0.4170088158226176,0.7759938539289688
94,0.13540569532429975,0.7598492443655541
95,0.37771846342940224,0.7551987713389022
96,0.13794538606382487,0.7063373644459173
97,0.1436785062298208,0.6983430607439727
98,0.4725186944677295,0.7537291644024826
99,0.2742122816514893,0.6714054142756182
100,-0.08172851036046218,0.608697422696831
101,0.5622073234836217,0.7346963841139532
102,0.8535259336490105,0.841168822555007
103,0.5103821258185,0.8187251992296763
104,0.14088099421481168,0.8429630731049765
105,0.31107668940906075,0.9360996978714987
106,0.004388839017246153,0.7578842638089591
107,0.2346297346499505,0.7614018375408697
108,0.39303685452790266,0.8597531237774085
109,-0.09033888137027091,0.6879786804902315
110,-0.03541125502092327,0.5374524885155456
111,-0.20564836292285163,0.49971764240757616
112,0.4942825217743532,0.6373203180388046
113,0.5798764269276618,0.7747513271150711
114,0.2796368705115561,0.670573465820268
115,0.5665153168690147,0.8022873640988347
116,0.27452729811686644,0.9141565758661975
117,0.38016041370132825,0.9064166582307441
118,0.07380984569314124,0.8492546840798618
119,0.29374048737312936,0.9317924537727362
120,0.5094368067463692,0.9985655079588218
121,0.8376669150992407,1.0340889041897452
122,0.38913723695397706,0.993383691048686
123,0.4664305100521046,0.9965469094439544
124,0.7018840287349409,0.8423837738404418
125,0.6701658693669482,0.9233369282840013
126,0.14354516929328756,0.9160014883332045
127,0.1864846358778324,1.0600925245007777
128,0.3266029082076431,1.0337818930229234
129,0.13309742673987066,0.9330893632219773
130,0.5483173867180503,0.9096013883919289
131,0.19871639007428765,1.0489937742193487
132,0.46943117832132925,1.0603532016900998
133,0.4036678842899833,1.0119606201993085
134,0.4018002388689285,0.9901582412739364
135,0.48423544256814327,1.0598455599317143
136,0.4499542568060023,1.05687329036572
137,0.4960966960739189,1.089708148435443
138,0.4467125831992263,1.0600572727677242
139,0.46013597532608963,1.0183322338753376
140,0.2927614392273246,1.053303477529572
141,0.2198261993929998,0.8764830767538256
142,0.49814688007585733,0.8734290125540002
143,0.28405960511361467,1.0325999860954185
144,-0.007613651454153654,0.8995358542396162
145,0.4511174691370885,0.9470247879169815
146,0.5690389756135633,1.0362747968365857
147,0.48450299575571587,0.9121761540254412
148,0.6271379980398208,0.8756448789068861
149,0.6517734130544943,0.9765780093214186
150,0.19499801536163122,0.805812077893077
151,0.5094289111323811,0.9321848395200691
152,0.39351337616215615,0.8031472361969156
153,0.25798660591105743,0.8266347541100707
154,0.43658091371554814,0.9114046458469688
155,0.45205536081209347,0.7826920721543676
156,0.20716135236948913,0.821275342683496
157,0.27197795598297286,0.6936453538176349
158,0.3002850763723666,0.798256873349967
159,0.367884842165695,0.7806972924653085
160,0.04959891112753896,0.683446588873617
161,0.12402646809240139,0.6032005798117661
162,0.05330977063101896,0.5948011702425264
163,0.2797485481454258,0.5864526566856892
164,0.26954622307075776,0.6203926519135309
165,0.016864861181022366,0.5478895990856414
166,0.42117952983398754,0.6419166795912
167,0.14496245147276285,0.5705618704666391
168,0.4441618661808996,0.6590414451505959
169,0.1763805737797307,0.4972878776355351
170,0.25503587284922996,0.38357352587389765
171,0.3683531541045178,0.5100007492827795
172,0.062424800837612586,0.4005235539587999
173,-0.03294476171361507,0.4267610858274468
174,0.3828533653147594,0.35857466673400323
175,0.14596361738792937,0.32990844044228856
176,0.46672604748247304,0.39439570880830593
177,0.2644097789079058,0.5010071519123411
178,0.243392350744352,0.6067269361688908
179,0.3935237318081384,0.7123597030320448
180,0.19547205084812058,0.6078767263170451
181,0.46797353368026906,0.7072137007642061
182,0.17333403168779357,0.5706692453829966
183,0.3872131368318874,0.6637084945352002
184,0.3473384766112348,0.4976769343617129
185,0.6022700889132137,0.6301549756930638
186,0.04855993023190108,0.7293744185004224
187,0.176700123903188,0.5870727376864846
188,0.6699808262771716,0.6109877168047888
189,0.5470163683768406,0.4945444141357516
190,0.03813972369412683,0.5051783718906607
191,0.6576775682559106,0.5910795387786232
192,0.20062503720978733,0.4919935787574065
193,-0.1896047687039867,0.49487986616458934
194,0.21105044406544624,0.6132175194773072
195,0.805896427527819,0.7059625615442124
196,-0.001603866877026434,0.6635372368102743
197,0.5150112625138301,0.6062442204994609
198,0.24172653405528108,0.6457788844461638
199,0.44436733383661275,0.7546344903726341
200,0.5263231726678351,0.8063199610106146
201,0.44535396960828044,0.8771429692882832
202,0.25948669366260957,0.7545056263700117
203,0.43417654261598054,0.7723099686799114
204,0.45185928560504995,0.7977937446654776
205,0.09644069437486463,0.683583313107933
206,0.6079363654321843,0.5696198211622284
207,0.6972662173924689,0.7032963998200745
208,0.35596723559621574,0.8557532069990004
209,0.44210486445285246,0.7941768312299304
210,0.15492663174093063,0.8300009091851002
211,0.3201917565617651,0.6909241677246883
212,0.32023859482869904,0.7950577167195098
213,0.42603100685613304,0.8484385703330234
214,0.5155058127153364,0.888745701524923
215,0.22867020859021395,0.709553467035343
216,0.09985093680113388,0.6916720846191491
217,0.47582999483222954,0.7306262799224896
218,0.3729959380942858,0.6973268996824521
219,0.16067811620745093,0.5941354711850455
220,0.25773740628471914,0.6901216929900299
221,0.11888429178803586,0.7637489790550208
222,0.5505550887848814,0.8737206944550828
223,0.2068871594049653,0.8608273443461959
224,0.5197626221360189,0.8064879625263428
225,0.5782635282311612,0.8147250459202181
226,0.5284869127891956,0.9944682912095483
227,0.4402970405086209,1.0512323930256782
228,0.44949482101948846,1.086490719054428
229,0.07735668847385709,0.9543022479094837
230,0.2200660194595706,0.9920652093208476
231,0.4526456893869213,0.9173600495837454
232,0.22462067671821984,0.934248076218547
233,0.14881725295843592,0.8235762594640067
234,0.35204826849139537,1.0099590850153977
235,0.4670746763899282,1.0497724738485736
236,0.5205191517616249,1.0470381806061722
237,0.4659883119419113,0.9404677882200029
238,0.32459145187181127,1.033365784309405
239,0.4000052335225913,0.8487141052555698
240,0.004432194440525432,0.7889854794349997
241,0.6114992467145381,0.8251522233474636
242,0.3994064151079839,0.8653411941563659
243,0.18758497812185385,0.9327656669275487
244,0.4917730584178015,0.9495202750370638
245,0.4655586283848416,0.9555044708553763
246,0.09329783806529987,0.8034014411875093
247,0.22678782381519536,0.76294956115245
248,0.5133476455191273,0.9189350677967636
249,0.42807461297295407,0.7768452942385544
250,0.23423324021700037,0.7506267816539047
251,0.12828631446974217,0.7194018283211018
252,0.4291785164102421,0.8891810982037738
253,0.14782160561009527,0.787522952042613
254,0.1780576198196012,0.6582346399810514
255,0.49906198020776754,0.7735307775899525
256,0.27390058275195167,0.845199671922664
257,0.1656509762692918,0.7203271618720304
258,0.37954310626391863,0.7366867720351163
259,0.16301214984331996,0.6548203800739268
260,-0.0076553800496156075,0.5840710795416275
261,0.13301220130497202,0.5290785109515823
262,0.268703227921766,0.487971197404977
263,0.1560029615277865,0.42595925289538095
264,0.3814626676004148,0.534562159211717
265,0.1453951272965392,0.3723929654030313
266,0.5376522841608982,0.4688071862295407
267,0.07191005886665615,0.33532711866618614
268,0.1636466853227117,0.3962138494463501
269,0.3929372720642268,0.5137315036731674
270,0.15463211398438104,0.3821395303847159
271,0.013282745409400885,0.39813560821688115
272,0.31576783265433755,0.5087602665068715
273,0.2841227006795957,0.6019029696273036
274,0.20797451951923956,0.6396070977597268
275,0.2533597980629081,0.6584970415080456
276,0.5810293758562021,0.7539597940420905
277,0.4883349601335856,0.6239599474040346
278,0.5129420803665768,0.6736259406950531
279,0.7133880676268427,0.7700839922580849
280,0.05394407213631835,0.6054749546003872
281,0.23543423836210378,0.6930997700609697
282,0.5223448862503269,0.8234121954689845
283,0.039546182562482345,0.7632299230038584
284,0.6369400567726069,0.8325437720318438
285,0.19465060429300948,0.8133078913791381
286,0.5246960770454526,0.7163872857349559
287,0.15565482302556669,0.6535214178549485
288,0.4244057421925828,0.7590146554356494
289,0.6875926659933833,0.5899737091118019
290,0.4739927104901201,0.5838974623570748
291,0.45969490735411633,0.7426938687110906
292,0.5465478734803928,0.8091396398850441
293,0.6238759345850244,0.911946090073672
294,0.10074618996090998,0.7644700151904315
295,0.3704225528682982,0.7117680223086008
296,-0.07003010654168951,0.6686542024899768
297,0.23386375576362214,0.6635882269347928
298,0.05812678731059823,0.5924316319437714
299,0.25095659975394913,0.6641489600972899
300,0.5003586656295268,0.7492871728143197
301,0.45436862369871456,0.8014227215398265
302,0.48291217569290523,0.9677613596246756
303,0.7619004771351281,0.9719966400367798
304,0.6346576925461889,0.7944537932688316
305,0.22888536836931006,0.7674709001337101
306,0.5763436216670949,0.8060187623284008
307,0.27808107427451273,0.7392279868145131
308,0.18363389298193009,0.6779746570574723
309,0.44985995337269996,0.6347879912130806
310,0.08304269440327498,0.692760948006784
311,0.24234863715298002,0.7667916530429395
312,-0.2500344001818133,0.7306001398475496
313,-0.056504166098271656,0.6324172029534683
314,0.1578927957796276,0.7085288072755318
315,0.5133918675861547,0.8178207652905589
316,0.05109441032138856,0.6470411207609813
317,0.187812428485097,0.6411919688819405
318,0.4390105346859785,0.6342286130385527
319,0.23155789205521665,0.63252355746656
320,0.2317510469911822,0.5284078304861698
321,0.4293916897371857,0.552110160840196
322,0.1996825174920817,0.49524317759382147
323,0.4112707688623475,0.5688270266298894
324,0.5187411069211547,0.5211101936522625
325,0.016380903268221857,0.45171191073064093
326,0.19078540315147383,0.402124023075716
327,0.3215157277933401,0.5484257332995517
328,0.022623471076222628,0.35782354075864126
329,0.5101819843617285,0.45818753788851696
330,0.3455233157040201,0.326357460044808
331,0.14689709355195543,0.33481632983162823
332,0.6121943594464804,0.4106062868788987
333,0.6960441502508037,0.550961875265195
334,0.6961038998462729,0.49511745343876007
335,0.08342144061605458,0.5567328239386432
336,0.12388534640437054,0.44491995496838327
337,0.3871651549399616,0.4040886755531635
338,-0.021967333348910302,0.35765746383911057
339,-0.2881802884694351,0.30525677982158544
340,0.1742328579278804,0.3795782970050582
341,0.2536818818209355,0.4902627405397217
342,0.5699892631918121,0.6199142770863714
343,0.04123247629113357,0.7030537586075878
344,0.31501421751199576,0.6918457522545642
345,0.26158155996218463,0.6758250404242845
346,0.4563952209909113,0.8233080245143847
347,0.15137058506117154,0.887196464533546
348,0.19074055760019987,0.8631666545143848
349,0.10563935250058563,0.9787740400749357
350,0.4966856628203011,0.9954057927616186
351,0.48412581372036567,1.0451852895706377
352,0.5313277140193037,1.1670459136980518
353,0.665471008980421,1.0481347732804849
354,0.1527866387510441,1.0011918028479596
355,0.3168418158323605,0.8495604075070988
356,0.36333876334564763,0.9416023429693778
357,0.274900771956153,1.0019286565758947
358,0.18226858126518067,0.9436507129554976
359,0.6510545764549001,1.0990269350088029
360,0.4217442017279066,1.0285865346908019
361,0.4094966705780606,1.023189868257285
362,0.35088109395968764,0.9796995185460096
363,0.4161383268509,0.9811207540080069
364,0.42675775199172805,0.9540333020856707
365,0.41472856346773623,1.0304726038171117
366,0.4382464082641,0.9816098328375674
367,0.48463557359600434,0.9900523351430278
368,0.4562262681931042,1.0402619916868785
369,0.5090295585530671,0.9631591834947196
370,0.6103433317767827,1.0013844258922555
371,0.25719157101780815,0.8541590059976985
372,0.3986190557081635,1.037186821972789
373,0.43274930985910365,1.078737160132291
374,0.50541616565556,1.0826199244512826
375,0.6514979048733464,1.0191797521997894
376,0.41226574789681497,1.0069414747664267
377,0.6291662945494741,0.9955147096090283
378,0.23874369179283952,0.9028571928035969
379,0.3800718965239795,0.896080086311503
380,0.40469126353407037,0.9284392451361498
381,0.38649457411839166,0.8224027157592475
382,0.5146213791521013,0.9222360444206993
383,0.5552332913586903,1.0528052224596143
384,0.1509157778919971,0.7287468882690703
385,0.4049971770649291,0.8273044527075634
386,0.6309380127697474,0.9834838731867153
387,0.5820518048942419,0.9082064901280058
388,0.4027714775519482,1.0034885474419595
389,0.41035706193021687,0.8461760112918727
390,0.6860878593546814,0.9566703705785775
391,0.5142687702582176,0.7640900039233733
392,0.39573467429557047,0.7050237244137239
393,0.47073823245305807,0.8360184043464493
394,0.5291119714278383,0.7106227171337072
395,0.23459618838279703,0.7400935686489781
396,0.24293900794216733,0.5693028516212234
397,0.1681719945870015,0.5022338273342742
398,-0.049149955587738645,0.44570356358992824
399,0.5161250229519152,0.416831500980437
400,0.45903138652862746,0.3774231360277351
401,0.5151815528525229,0.34862092497129216
402,0.5958968407661146,0.4224304050853006
403,-0.06867293870926044,0.3660534641131143
404,0.1325493543804258,0.3036156905636857
405,0.28002066200832865,0.23548083208043755
406,0.08773595770120475,0.18901439191379585
407,0.4739607903072867,0.2287814288064333
408,0.41549829340907524,0.27724651568250497
409,-0.5126467175158693,0.17334709127739478
410,0.15729831049093412,0.187538520139079
411,-0.3861341958225322,0.13919638300660125
412,-0.027944216763330962,0.13844427608718204
413,0.15624276457717154,0.19183519285244108
414,0.1585279108958997,0.22859637125358614
415,0.25432709605449827,0.26744267280227946
416,0.145912351661492,0.2733751856398866
417,0.37978851275796516,0.3077430308174465
418,0.39130936417696766,0.252587212446008
419,0.5586549701165043,0.32415214077365573
420,0.501684610345658,0.38156166450777657
421,0.2679053320424415,0.2837063193008031
422,0.2869366704449057,0.32725701875811647
423,0.21398265233615082,0.2552958122155817
424,0.09996416289299462,0.31560015602648306
425,0.2385663864286665,0.26055466723608217
426,0.13530551912381655,0.27275188420738045
427,0.3813893489563988,0.2959600203579544
428,0.5612009620969041,0.3647319145186585
429,0.1908882759480821,0.3473508194384473
430,0.3888860711327318,0.39925027784224915
431,-0.012671545776966608,0.27653662896803494
432,0.43987752224085813,0.33172808353560146
433,0.7555508624709482,0.4050261620550157
434,0.6108703913453434,0.5113865213138903
435,0.08904840027889462,0.5581151558003485
436,0.22974825722366252,0.5116060226563709
437,0.4997633471707014,0.6033584588676402
438,0.4070314200082119,0.6171659816387212
439,0.286298244554122,0.7079861418401124
440,0.3314681122740827,0.828617074214968
441,0.2788598471919143,0.7984454895813845
442,0.2537970757710292,0.7239539088074599
443,0.2764025606364201,0.7893546202697646
444,-0.025226936473927774,0.6639992210207027
445,0.567835436983768,0.6811998168811805
446,0.4524740317160354,0.7836595103877864
447,0.4058615560173877,0.6815818021731442
448,-0.11363670408734139,0.6784148945577244
449,0.36256558866457894,0.6695601769398783
450,0.42174056342822475,0.782322204709715
451,0.6197095891345924,0.9013077533012497
452,0.5122814213943977,0.9505223385767385
453,0.2969263727652372,0.9352115310819025
454,0.39593954208888504,0.993450256564428
455,0.25893621448543314,0.8569987166437066
456,0.34624857943065723,0.795856991148988
457,0.352888440334451,0.8710866502297064
458,0.47192244622809765,0.8877197855308332
459,0.4680782793303355,1.0239143121054
460,0.5396820525124157,1.0549830817002377
461,0.4085103417486303,1.05501284025329
462,0.6557247353416554,0.9465636120665909
463,0.4398142957124832,0.9914045581655562
464,0.3540105987527997,1.0794069727490265
465,0.4539530333064797,1.0880560472571428
466,0.17638498506488717,0.9666996382619186
467,-0.002010839583923147,0.9014254756999684
468,0.33612544267855593,0.9392171447466964
469,0.16538441580336294,0.8139301453710678
470,0.2702406103759053,0.8078749412111994
471,0.5154314942689031,0.8109251608694814
472,0.545453851924887,0.8205438782967979
473,0.7153955879655727,0.7598272205621861
474,0.055600840608330385,0.6859980612743497
475,0.610042523804813,0.6877018302992451
476,0.3678997759241035,0.7962647448393018
477,0.3491985603473424,0.9017476457020218
478,0.6097279547308502,1.0628503052146188
479,0.6601092396682918,0.8161713718259652
480,0.11458574620711207,0.7850863470450261
481,-0.21813966403493068,0.6215025450084953
482,0.3132506961186154,0.5790597237257772
483,0.20570191280762384,0.558393004804141
484,0.10900178032914266,0.5158982246407177
485,0.18207639402460257,0.5630043773155582
486,0.1295705932261663,0.7271976195771876
487,0.39244742654655623,0.7601789932978852
488,0.2867030009851603,0.8296965664110719
489,0.49627484260782617,0.8912662213349426
490,0.44641936201890997,0.948884362004882
491,0.15038176678409854,0.8475057175756092
492,0.3042641369513293,0.8432645703175067
493,0.4417088906526599,0.8683952766637106
494,0.5335254774475666,0.966651052855472
495,0.28750451309502467,0.917572838577597
496,0.5136865776637984,0.938782903296591
497,-0.022022579137110636,0.8929706298505271
498,0.41768357834174286,0.8885487087642223
499,0.3841884420882112,0.8441207635198462
500,0.5064787338957237,0.7460380510713446
501,0.35920307377808214,0.6942374717252323
502,0.3506391646343521,0.657419419500015
503,0.4813675390326239,0.7366563272121107
504,0.6646560885108972,0.7732809896032169
505,0.22817372983347853,0.6357467446935231
506,0.5629478522779942,0.6905086243593008
507,0.5223630845771543,0.7861094818244901
508,0.3598142214139326,0.565191039738797
509,0.36438217116202226,0.6600568947861983
510,0.418421118113536,0.7386338709631026
511,0.4058417518209715,0.8522216073916498
512,0.2634378011360465,0.9760083075870282
513,0.5245178381508143,0.9088312189137572
514,0.2045742808887631,0.883086091254004
515,0.14500234758225097,0.7735509116939936
516,0.31309968623286993,0.8384693366531731
517,0.276848063508348,0.9591888464650384
518,0.2284757438303309,0.8197548794336528
519,0.12109656831124857,0.846090035345298
520,0.47557927029432334,0.9723670190496672
521,0.5482423351014832,0.7962056938805746
522,0.7371287324428114,0.869449536870993
523,0.46731814759143875,0.7929670196718283
524,0.3909910857161789,0.8698271114474165
525,0.018174736482938016,0.7661156458698409
526,0.06242043115281757,0.7513826251474721
527,0.18743631233925703,0.6257988735544495
528,-0.046186421798134744,0.5852444337857848
529,0.10662625645238022,0.5425778051708725
530,0.46315957164735755,0.5447316098849599
531,-0.005684254796745995,0.3624992491151971
532,0.5441461265027316,0.4111037893398903
533,0.2182061975148622,0.47132815779996906
534,0.519749300464051,0.5924989469349781
535,-0.2963978668027322,0.43218786087407995
536,0.6368957887052745,0.4881034881097938
537,0.42956919794686704,0.643490650990698
538,0.1947891009637782,0.7340583861761526
539,0.4419603603686498,0.6530417695146895
540,0.41983163972984666,0.5607699185685573
541,0.10445032959450067,0.5082512257417582
542,0.2694978090609421,0.4183544733734208
543,0.6436609723510648,0.5124514615655082
544,0.07867037007836851,0.3732018979180529
545,0.13165719473677873,0.3993426863120513
546,0.06645662342812021,0.35654391650839323
547,0.24008447419768036,0.3987177767122346
548,0.11638772932193549,0.2788387170916171
549,0.2905011057026315,0.2849015431491457
550,-0.24269342756171433,0.19925872476451914
551,0.2597148092081608,0.2664304805185036
552,0.4923668509704153,0.3326673343018951
553,0.054857995677438896,0.27037905223702247
554,0.17310684519250163,0.3082707996895943
555,0.042518848252355766,0.21506834027289887
556,0.5636359101739922,0.2441116415651603
557,0.32577927325091255,0.2984855949888945
558,-0.08643706610373098,0.2301222730190084
559,0.4779434661580071,0.28247695289460867
560,0.4455011281343017,0.3776537002723957
561,0.5185265754374785,0.4325665930481044
562,0.4635775716151874,0.517181806811359
563,0.5682004267863747,0.6364829318376868
564,0.7132768401382601,0.7643188096635987
565,0.5640665453452617,0.680767055251731
566,0.11661743345964116,0.6548451481920269
567,0.7521046345515622,0.6433498571309191
568,0.8080427693294511,0.5252951889934987
569,0.4176093143113086,0.5474622447026698
570,0.29212360083500094,0.5731306806107282
571,0.40502693404727313,0.6927382608960819
572,0.3725059850254625,0.7130798269729326
573,0.33835181353195914,0.8599616045063546
574,0.7431383873688706,0.9517699987244393
575,0.3789564929462677,0.8007200627809933
576,0.6379022765471579,0.782784669923902
577,0.5943651346880136,0.8652485243303996
578,0.3962423905007007,0.8016686825587552
579,0.34075915573421706,0.9087399406389642
580,0.6087098187423522,0.9075734738686249
581,0.534545102846557,0.823261908634335
582,0.8198451950352923,0.8115180714558222
583,0.23471655034951258,0.8592694411971002
584,0.11859808500236528,0.7680684893305092
585,0.4528328676033172,0.7405732160511681
586,0.5840097952766232,0.718000079731414
587,0.19549487201078192,0.6474034477253344
588,0.022765528474558355,0.6220397321597313
589,0.5248538257155071,0.7196116995286458
590,0.2508448773370542,0.8312537033671035
591,0.33964437102242895,0.8371800536428627
592,0.5638240861367751,0.8056111535257079
593,0.5846746084258441,0.8844840219347428
594,0.43001358640596293,1.0136352587439799
595,0.012051269925847019,0.8910756932737323
596,0.2201259745828897,0.9583519209858787
597,0.0907336403544683,0.9548433584273813
598,0.19984132136916072,0.9088627754244892
599,0.2202013677183755,0.9213119667621859
600,0.20824251079877787,0.8247821809031345
601,0.2291423832130826,0.8572302600582647
602,0.2582695282114806,0.9058034265340099
603,0.1838056427538227,0.7576498575065874
604,0.5556668900818055,0.8210768386403895
605,0.24506385870630581,0.8818709855015652
606,-0.05360846065046709,0.7919489353014831
607,0.19293667935548725,0.7335729152579715
608,0.6263557039383633,0.8186787460146774
609,0.7246276243465894,0.9354017132998476
610,0.16347626274803595,0.8646845630727402
611,0.16053518923231633,0.757986324627761
612,0.5375687427018189,0.8607369361871402
613,0.5476406644759494,0.9057785606525351
614,0.4221880923549953,0.9824690377084339
615,0.3548140267059119,0.8307467297554024
616,0.0988665907316162,0.807120023866911
617,0.5225158419352415,0.9570431618070577
618,0.37242491130578953,1.0011602542948494
619,0.10513644116605642,0.9265876411235596
620,0.44318765736782617,0.8686337232884035
621,0.5365305119014628,0.8317866912441702
622,0.29018391293920215,0.8120853712817477
623,0.32581478461615837,0.8221645663516488
624,0.12120407198327575,0.7056344835041756
625,0.35430123902651844,0.828249107945629
626,0.4408097938270376,0.9960303996397227
627,0.5709788580256873,0.8895491017587907
628,0.4662522099106781,0.8773929067520911
629,0.3778547537295992,0.7610908968335807
630,0.7316880312600157,0.9146241825159103
631,0.5419976817455476,0.7009426912301259
632,0.5345223364336609,0.7431357498633991
633,0.4441865991088666,0.8688804496814558
634,0.40920604817638523,0.6036295692639198
635,0.43081342331419364,0.6875496234134235
636,0.25018272906404515,0.5226987173078342
637,0.3437167299050895,0.5876226665915789
638,0.3591849123881962,0.6622510954041977
639,0.26718118190411305,0.8029991940234865
640,0.23791643602742713,0.8740012310180117
641,0.3613153558634721,0.7921391337134526
642,0.5281539416692499,0.8934752168938878
643,0.5834192971602259,1.0311870112827874
644,0.6711047399983674,1.146285796775769
645,0.42562709941302906,0.9559427302729465
646,0.25609695375155145,0.9418796619998023
647,0.6410906486961341,0.8263377708475782
648,0.2703574789564914,0.9863597008326737
649,0.34262608320030946,0.8488642696258318
650,0.3091053847072398,0.7767603560260224
651,0.11934121624444563,0.7587089157947401
652,0.3950076885721537,0.7570631181745915
653,0.07992037528128554,0.7731412181672571
654,0.28390760777963964,0.6442238764348236
655,0.3432673793923949,0.5416118443663142
656,0.2789001484771348,0.5886719611897057
657,0.14724303873904004,0.46505357780774037
658,0.46182275305993814,0.4481474290291866
659,0.3133440518071164,0.5158941996728189
660,0.4578733156674013,0.31863679539885614
661,0.36129196609943715,0.3587544951380393
662,0.38639047934686954,0.42331831847142043
663,0.24911114051602634,0.3290289814314764
664,0.3771699955008771,0.38356883569184225
665,0.08223673812603949,0.3435808864585501
666,0.4599204095183964,0.3257742274087024
667,0.35761910530175245,0.28538117904547367
668,0.32394784075445116,0.3679342084677795
669,0.17689468133143293,0.29696118296809837
670,0.3342649270658261,0.29213103297364945
671,0.2426181780178737,0.32230827486578195
672,0.32754490121457697,0.42135789943565155
673,0.18936571282331616,0.3079264362723857
674,0.3187359470179276,0.3521417858313058
675,-0.14609907751446843,0.32610931097285506
676,0.06619140987970647,0.3764969090654042
677,-0.21452055137928508,0.31777396641386263
678,0.025642229027890668,0.3022003555670294
679,-0.23509315840815936,0.25954897891602025
680,-0.08015361213632897,0.22536481365387775
681,-0.1622106225178798,0.18356557444932656
682,-0.13321760054834803,0.15710867929173986
683,-0.012499926952423548,0.1358343972256248
684,-0.34885376161497794,0.10130520593185324
685,0.15678943388318908,0.12852050211014765
686,-0.38205960292451424,0.0724996983817214
687,0.23815336947910506,0.08444834518362754
688,0.1587008191976711,0.10811713126160287
689,0.17443684015665267,0.12191938482957329
690,0.3445184627553511,0.13122083204906224
691,-0.4198323557734515,0.08348216922354301
692,0.06502244654299587,0.08400746229545097
693,-0.22231197524283214,0.059689247940449754
694,0.25093250096938047,0.07078520933793672
695,0.17723379412786516,0.07736810944008272
696,-0.4319199813701761,0.041886713920337694
697,0.07790925398973832,0.04540903450323227
698,-0.4399297651435664,0.025085378258751394
699,-0.06749735185893876,0.025869565618314768
700,-0.44247094198601106,0.014610318597165694
701,0.1484371629556979,0.01324498314222664
702,0.13590052137082495,0.014167171364679576
703,0.04265755370465688,0.014646914237593588
704,-0.6115473951066612,0.00796082258948931
705,0.05471479370559159,0.008370568409997512
706,-0.0016257955631147607,0.008347637869721203
707,-0.039642626078929016,0.007909680119930351
708,-0.5322362980592776,0.0047275265358383434
709,-0.5388727158922428,0.0027198286971113904
710,-0.3918807667593943,0.0017859144175087014
711,-0.18098586913518203,0.001542816409348499
712,-0.38272171700363716,0.0010160130116650544
713,-0.12158144113398621,0.0007985246454842462
714,-0.023101174959724146,0.0007148245197833356
715,-0.5482440033170971,0.000452151706110443
716,-0.4793081636675101,0.0003249924718459195
717,-0.08302795636980131,0.00025616417876577445
718,-0.48867627601880087,0.0001840064409018436
719,-0.07543480497460693,0.00014508865032727175
720,-0.5071376386363388,0.00010419560870392507
721,-0.06267490442232815,8.21783392415982e-5
722,-0.5151215790724983,5.9000596948364164e-5
723,-0.27736435599729603,5.103200487275117e-5
724,-0.04920440774737139,5.054653465587953e-5
725,-0.5195546450577316,2.8899583840883587e-5
726,-0.05139141938609419,2.8624044889646422e-5
727,-0.00486347196945209,2.7292771626007392e-5
728,-0.034465556361693926,2.5013470379959273e-5
729,-0.5374552757153668,1.545492951086412e-5
730,-0.029286537252963766,1.4164048151584582e-5
731,-0.06231118907149136,1.2758111951799509e-5
732,-0.5092714460530524,8.020456680516963e-6
733,-0.5346800548891067,4.955731291761341e-6
734,-0.02954281297429509,4.541649197544666e-6
735,-0.5315716629456875,2.8062265006820876e-6
736,-0.03437688651322062,2.57173882816732e-6
737,-0.5281502204199586,1.5890451646471034e-6
738,-0.37529395934752047,9.43814372908794e-7
739,-0.1943831672332314,8.998068236790984e-7
740,-0.3616966542673902,5.344410897936937e-7
741,-0.20920078276833948,5.095216083164707e-7
742,-0.016306278559358678,4.6694638902357876e-7
743,0.010353392028484747,4.2061723191971285e-7
744,-0.020110597028714972,3.701247786833436e-7
745,-0.061651629036327586,3.192138317350557e-7
746,-0.5045526742198483,2.0958542292470344e-7
747,-0.06607073925160603,1.8075682883815236e-7
748,-0.4999494748559585,1.1867903162815619e-7
749,-0.5258887695735269,7.637051383324918e-8
750,-0.5080901577267437,4.800863415839646e-8
751,-0.06315765009475525,4.324528130784363e-8
752,-0.03687318869415489,3.8053980421046954e-8
753,-0.5274824153752836,2.4487910302225308e-8
754,-0.04389672984374125,2.1548304300002536e-8
755,-0.062191458590668075,1.8584333856532878e-8
756,-0.5013929942488801,1.2201861834079877e-8
757,-0.48770266890089636,7.85195366692471e-9
758,-0.3830259617299379,4.935957161993904e-9
759,-0.18759318492273935,4.446217854648969e-9
760,-0.08866627994893041,3.912479961367551e-9
761,-0.4742999804883655,2.5176986422663093e-9
762,-0.09571539191829359,2.215466241962774e-9
763,-0.07697576672574633,1.9107288052259506e-9
764,-0.09435427407849799,1.6219515138341053e-9
765,-0.11500682649923333,1.3596631188511347e-9
766,-0.44861614768727986,9.184401808210764e-10
767,-0.46576076563740715,6.126678143264452e-10
768,-0.4703982253347906,4.022575066753092e-10
769,-0.09437690054563376,3.469269791543723e-10
770,-0.0941815821580019,2.944942998267667e-10
771,-0.1126411727106718,2.46871152476197e-10
772,-0.45674000889345756,1.6675923782842753e-10
773,-0.11196334886784223,1.397923330557156e-10
774,-0.4534802423102324,9.442846065373554e-11
775,-0.45950635525483735,6.299079645212732e-11
776,-0.11057782760175426,5.3470706025805306e-11
