t,lambda,delta_s
1,0.2886301415570549,1.088215246413783
2,0.48042784986137965,1.0989730549273742
3,0.46527162515342935,0.9829381466596603
4,0.2619883744901427,1.0682590307331101
5,0.39096792848239503,0.8446962238767276
6,0.6724756412244002,0.8462008197958931
7,0.13955839187907715,0.7064891638685385
8,0.024934191528053987,0.620461560283984
9,-0.20790970136567655,0.6037736591751411
10,0.06627205634559251,0.7510312855479246
11,-0.11337124903860817,0.5779402434625492
12,-0.13304028414735475,0.556537225291195
13,0.17378325584426704,0.523557154250629
14,-0.3418989779178376,0.40461067017125985
15,0.3069194629411603,0.5113282296395016
16,-0.3411612892634069,0.3847229808338225
17,0.1610379218093485,0.48243078186683097
18,0.14667683458277136,0.5464902182454346
19,-0.2865334882002666,0.47922204090248166
20,-0.1959611631928379,0.4411169989727529
21,0.13120076597144698,0.5057007031858437
22,0.1912413813468767,0.605162537902275
23,-0.2539610789647763,0.5631045067618173
24,0.08148160907492823,0.6014693220082008
25,0.17706355615278083,0.6007273725827419
26,0.09392982065047503,0.5844070347251251
27,0.18562837843275112,0.584241241420734
28,0.039909808518521946,0.5134105948582789
29,0.6299153255065418,0.5340024972080035
30,0.1468343699254032,0.5105519257692733
31,0.1881089642325161,0.49637339768065314
32,0.5271692517730119,0.5861478970428375
33,-0.02526339540788713,0.5094175897550584
34,0.511427454553376,0.49536587388546083
35,0.2692911752136272,0.5550631898096962
36,0.32747735526964694,0.6193928593232787
37,0.3769851599050786,0.5471336681834298
38,0.18547749832374932,0.6042426376806603
39,0.23104830401928098,0.5895135520015912
40,0.22168954866332352,0.719821986969726
41,0.05528069184937148,0.5838799476757106
42,-0.02800473713408214,0.5957764291670697
43,-0.16234446351307774,0.48525163898000007
44,0.43577553208803843,0.6615853637256804
45,-0.06999900661595491,0.6199828828296459
46,0.19252686892603482,0.560335265668916
47,-0.05535868664062315,0.5483576938296004
48,0.08749751543400446,0.5058847101036015
49,0.45685485436623047,0.6139430220413072
50,0.1020155056958722,0.5664703201075377
51,0.2209994408240449,0.5691026531589504
52,0.4805904554920016,0.4994854037398702
53,0.3162032985257753,0.4735429395056198
54,0.5025547577154715,0.4846896346853414
55,0.2634247361244722,0.6467899372401834
56,0.6840684880680622,0.7430157233511839
57,0.12079042927895395,0.7516507415217464
58,0.24458788359989983,0.653044874213533
59,0.035352037051893236,0.5789385550268802
60,0.46282046682428074,0.6102486083371723
61,0.6186698009986606,0.7106544366056102
62,0.5421428531318393,0.6079067938396215
63,0.1767459916224862,0.5853550496447737
64,0.47890783418109895,0.6370745912067415
65,0.48013089431927763,0.7294469013819017
66,0.37759744125480427,0.7856650321687938
67,0.14352838068844728,0.7123042950704116
68,0.3769497148586738,0.7361804846036937
69,0.31275778892404116,0.7922517201676442
70,0.3302926528166019,0.709784880950764
71,0.3179164433439151,0.7985633255738089
72,0.3422289481864447,0.8908494696790998
73,0.5555054654746155,0.9410508437856213
74,0.4670091874447935,0.9817924019972433
75,0.31285169922347694,0.9825690340523849
76,0.4288762393739373,0.9692815016991114
77,0.21033807737910298,0.8395854712514885
78,0.24172461447726207,0.8117505570835502
79,0.3062947173829658,0.85811655782954
80,0.4248842291171909,0.9666641641371428
81,0.3966424920237325,0.7845057375328415
82,0.5078470886568053,0.6742549998961056
83,0.42191092992195056,0.7866827240781238
84,0.10016809924522499,0.6496177494434439
85,0.5867165787225087,0.7566524668937491
86,0.4679566667375725,0.7619031669641199
87,0.5152322591586889,0.8367681059268267
88,0.4855421079754415,0.847922462811704
89,0.27267908354904097,0.7729880885379982
90,0.21049004610471353,0.7337961861564638
91,0.45117414591930183,0.729652031709221
92,0.05308529442267886,0.7678950993557725
93,0.15082726836734214,0.7178933146110272
94,0.29846253060947914,0.685905549340657
95,0.41588636015604513,0.7397332437748748
96,0.5015720820488738,0.7650000475028262
97,0.26970568004866396,0.7869636154977292
98,0.43191117442866517,0.7550890735227702
99,0.5622820642071147,0.8814278384655776
100,0.25546599573437273,0.7344244769626236
101,0.08439788640573191,0.853528829467151
102,0.7271662714829412,0.9397159800192727
103,0.5165301244203538,0.974496755136001
104,0.18697745372725041,0.9173527893088289
105,0.19507165382856415,0.8978647931205295
106,0.5204901533234045,0.8848870025575639
107,0.4352783658217756,0.9555368674733246
108,0.58415459802809,1.0256872605483942
109,0.4839569453472454,0.8276986787597073
110,0.27693530531635935,0.8463428086428708
111,0.39930263894580287,0.9378694215735491
112,0.14080059910233472,0.8513743582632741
113,0.07661322430505893,0.7647562854984868
114,0.6708446761949081,0.8476727704220185
115,0.6821564785344479,0.830509393246028
116,0.5902699925737716,0.8494251299699708
117,0.33738741772509667,0.7570880919878195
118,0.4038626350071466,0.6874205168737713
119,0.49327630217518587,0.7533666016733925
120,0.36883111481563974,0.8546532624699535
121,0.1796607644332479,0.8141850960200296
122,0.6375782521369112,0.7819093413823165
123,0.469293997709042,0.7766967350344014
124,0.3665840537701792,0.6666711695590098
125,-0.1258288470617995,0.5554054531249227
126,0.10018273424863995,0.6193660753467934
127,-0.12574055516137086,0.5400515924062632
128,0.3009619212728129,0.4759691809310728
129,0.3134726737216469,0.47346751686950755
130,0.1619040585889796,0.3832607597472031
131,0.20197999790250332,0.5086087430338961
132,0.521090764866066,0.6906416642443869
133,0.23047381420958263,0.5881449280084297
134,0.3895197959765406,0.6633466253944448
135,0.341528777235916,0.8130258029843453
136,0.2000970404180621,0.6270817588271184
137,0.1772498171571465,0.6110196699661934
138,0.015257406566389792,0.498593403657799
139,0.12600539432281216,0.5065350123123569
140,-0.18051368218173897,0.3984104198299846
141,0.23043309149290206,0.4119229144685103
142,0.39130934302860576,0.508661984148699
143,0.8584162585019927,0.6346163316666702
144,0.4149483453959474,0.46634299221768616
145,0.23884366333253323,0.5484833785292444
146,0.5191868781375355,0.6549165639364314
147,0.39366001962125585,0.5917957019876153
148,0.29941811617174985,0.6042664257887995
149,0.3735641458579752,0.5931955871635674
150,0.47568870473863284,0.5235205751940855
151,0.8421324843220728,0.5493137001895043
152,0.5728984002146419,0.578800389460882
153,0.43361491171316324,0.6388684676872142
154,0.13579055911609506,0.5098675162694127
155,0.42607180393900107,0.5274338139619443
156,0.44980346249219777,0.565269695012511
157,0.4798760860711401,0.6589444307280818
158,0.29033148075425347,0.5327043374040535
159,0.475933261226007,0.5899187743160731
160,0.4552169720510956,0.5968385771499994
161,0.5640853057082643,0.4710503280656811
162,0.15837127332606243,0.5653032662445814
163,0.5128715371721058,0.408549374598313
164,0.2786280907945003,0.47664137731181844
165,0.5980309739945847,0.6218184056800258
166,0.5654362529694255,0.7052657414517914
167,0.4058722021646368,0.8009885189868128
168,0.4223949250443674,0.8229785900036496
169,0.35786758153461373,0.7373439598771808
170,0.361848318175019,0.8180978183809443
171,0.2007992822836762,0.8357142051739599
172,-0.11551491636876673,0.7019319694826318
173,0.20351695747868512,0.6602973325004007
174,-0.19745099852802298,0.6018317296103488
175,0.4250520529439382,0.687210791147231
176,0.20649796398876116,0.5987127946982617
177,0.4195480610807958,0.6621970242958954
178,0.07085534354130754,0.7171657939760696
179,0.48421447678698715,0.6754173904751831
180,0.6247365107849224,0.7330771110247727
181,0.19614311482126312,0.6314247798624159
182,0.41722350727812774,0.7558897585672514
183,0.2227885393961821,0.7944396705443064
184,0.4103431410624214,0.9678896802699865
185,0.0005595002343625062,0.7452078176975794
186,0.2673064897649919,0.7634522309871681
187,0.4431052933297504,0.7897463103766218
188,0.04462449057784274,0.6634605881887121
189,0.4049987323197279,0.7148221850942033
190,0.15568077964274285,0.6761865843144521
191,0.25021786495398196,0.7157162166144576
192,0.3898513877160372,0.8290879685153909
193,0.4267414218555194,0.9142847100326214
194,0.1361930596603667,0.7439461433935327
195,0.48976485591337854,0.7856394113627662
196,0.20649196836083478,0.7116803198448237
197,0.31582101307168636,0.6432708222260872
198,-0.03265746487342989,0.5226499338212085
199,0.5363900661774665,0.5877632391736229
200,0.5616268768772398,0.7301161151002047
201,0.6504602766188095,0.5069589463643662
202,0.5051374963098444,0.544253847246858
203,0.052652906540540514,0.6143495445915408
204,0.3070246564215004,0.4696900139676229
205,0.5419913956069622,0.5293320231802282
206,0.6555878867774486,0.4209942774778241
207,0.6046855406923822,0.3716611031046287
208,0.21900750559348456,0.435821961573186
209,0.2621172394633948,0.5123917828891221
210,0.37909702586558514,0.39841984148977155
211,0.5521141934228686,0.44510899374778296
212,0.42896618815102483,0.3523502460367444
213,0.5773274114792646,0.3780160906880793
214,0.22594846287784376,0.3841903178579679
215,0.12968024078126264,0.3051850959711262
216,0.06636624711357099,0.2671301831753311
217,0.07442949778416243,0.2178451313614884
218,0.2674925137336536,0.22918972789907555
219,0.14436706553084425,0.28390956419311814
220,0.16751655473617402,0.2457857482117253
221,0.3066424988843123,0.30014503610205684
222,0.5581652775660702,0.38652941205936
223,0.5557827899674603,0.35731505940381536
224,0.30785843944725005,0.3901087017061108
225,0.6492273218982404,0.444420034529774
226,0.23232612997287228,0.4728367215233991
227,0.3194038963020963,0.516892965359223
228,0.5012620590540532,0.5095256353673244
229,-0.05154832755431287,0.4873341234044881
230,0.49686772543333685,0.5121534619296458
231,0.09414223801406642,0.5566272933046879
232,0.27959878262467336,0.5545361349592455
233,0.10494963774564252,0.4569498391692689
234,0.3473796006513484,0.47239789895064294
235,0.639899581574879,0.5907801773790411
236,0.2196215622620811,0.6822367737271877
237,0.47864692806951237,0.5892978209932708
238,0.24165405906902626,0.5875829891847761
239,0.46832421135011565,0.5206307468296653
240,0.031169100853384573,0.44989779779232486
241,0.27262346531870996,0.5213309550510061
242,0.4882987906976158,0.6394459754885881
243,0.19601753285249454,0.5591776951534543
244,0.6895158629058662,0.6673654638825023
245,0.6864533741952868,0.5929354434393589
246,0.5019339406586699,0.623162837959901
247,0.37568079793529147,0.6941493133706276
248,0.2944508021909145,0.6041045804872115
249,0.13006638542155385,0.6179043673500605
250,0.2507892823953415,0.7140429252035116
251,0.1562948830359935,0.5817308307109128
252,0.24848527018252567,0.4824604636584624
253,0.20772572996215327,0.4675550748993659
254,-0.05104124160491932,0.38474636876996055
255,0.38716522968402384,0.3843959163951041
256,0.4298656936234259,0.4957664932910063
257,-0.029420975224867675,0.3363396097117394
258,0.30716038200086804,0.38913645497728167
259,0.28318714139376927,0.2774545416365168
260,-0.030461598594246138,0.3267247523146253
261,-0.04597549056949108,0.22557474427906324
262,0.3128723166448144,0.32657885509240425
263,0.49773676118524085,0.40320443039082066
264,0.1684595292657833,0.43974710514495097
265,0.4764376745969629,0.5104887862984121
266,0.15047795477192416,0.4571484116596775
267,0.38885618589890225,0.4554459265204104
268,0.48514751357167946,0.4953415745704859
269,0.8332071676008557,0.6414987650745915
270,0.5190405180648207,0.7556064579544848
271,0.4335393511760664,0.8262470491060738
272,0.7349281025519169,0.6901392454819263
273,0.4222281612443956,0.6636535609388666
274,0.28010410463558993,0.7163239458771536
275,0.3030987220624186,0.5915460618066055
276,0.4719795866633303,0.6580426387711307
277,-0.1625854651641292,0.46632030015831194
278,0.7681245092346832,0.5100669279842439
279,0.5435374231790462,0.4872685041884551
280,0.46552205434842314,0.48303575766893103
281,0.6789459555692833,0.5817584352767889
282,0.1491381562832787,0.45527904219024734
283,0.7548797380790903,0.5271904924302172
284,-0.1693966931219676,0.5424452815027664
285,0.4046138275355683,0.6418614698201027
286,0.6368383609159185,0.7058048790899057
287,0.43937512443914684,0.6623084797335663
288,0.13454194743255063,0.7492138524301282
289,0.4549152904215841,0.8378625859432174
290,0.5974624625484275,0.9177554719509992
291,0.556742766246291,0.9443457232910845
292,0.23486709541624728,0.9424757996229601
293,0.09037087135272964,0.7375695476593515
294,0.2895446324443601,0.921216177464277
295,0.6122557549123403,0.8626499544391635
296,0.5713189505626701,0.9119801011443293
297,0.2624392395388687,0.9590224632890006
298,0.4885835240881392,0.95974808907919
299,0.35008712590418334,0.8976701514528833
300,0.418505163519131,0.8942551243090083
301,0.39685057461717577,0.9592474082480663
302,0.7551496501634172,1.0055867056328172
303,0.701525672183172,0.8138141898449279
304,0.3630161083015696,0.7963349630283155
305,0.2454214023651583,0.9633722575460716
306,0.48571016789280097,1.0177637468931229
307,-0.11167756113015827,0.9247511806276156
308,0.6293048527746234,0.8835869829663954
309,0.6718504983060015,0.9748088727310981
310,0.140816308844337,0.9962515662243012
311,0.3760236595968635,1.0676661294046033
312,0.3721190026446616,1.0837748890720726
313,0.6581634339628213,1.1131944948910921
314,0.17954651332950824,1.1720750793703645
315,0.4342591570741556,1.0321053707889085
316,0.5476806403824578,0.9748107891391763
317,0.3277521821272534,0.8086080314890434
318,0.3954182176704802,0.7646221642893729
319,0.28311796856203664,0.8838788644469134
320,0.4190771246622103,0.7797666746865755
321,0.014134121011478252,0.7455296457242927
322,0.22692272996281038,0.6759768960107694
323,0.4938269570740332,0.7310087961669404
324,-0.19214334704815714,0.5614159996443658
325,0.572740812338994,0.554534877363079
326,0.42650628311916816,0.570107185023216
327,0.08849703029222251,0.45198698615655075
328,0.26388793798771715,0.46160297777604437
329,0.055910233668827254,0.39336052396472926
330,0.056644583708184704,0.41045756682422785
331,0.24353682826137918,0.47136365624930787
332,0.45279788880869115,0.5366048310753716
333,-0.1941090616110997,0.4044508426037934
334,0.3308043239820004,0.3929200880386347
335,0.5494047206319527,0.4649312419479209
336,0.5360319533777076,0.5635178487388048
337,-0.4393752345085248,0.3989002859774289
338,0.07305589743278186,0.35933430117605103
339,-0.22888154882740172,0.3281157060316178
340,0.22538310935380168,0.4126329185025781
341,0.16617054581902974,0.30652349991998484
342,0.32566946733148755,0.32297630563640123
343,-0.1685101122701903,0.27047159941753435
344,0.2501017097047472,0.25961895397303564
345,-0.011767003397695692,0.22454223547332672
346,-0.0009785521760620566,0.22973564980749683
347,0.3733199969112769,0.3438808528085935
348,0.6660884286916728,0.5033503022805011
349,0.6891822270259849,0.5486005000010113
350,0.2504075863622892,0.4730197001747221
351,0.30915456657526974,0.4276034811373446
352,0.3761665605235299,0.4712375517598153
353,0.2847015719759755,0.4585929898020553
354,0.5449844242710404,0.5684668797045521
355,0.36336361704879067,0.4960637670634176
356,0.43689493592116857,0.48377360967007776
357,0.5488847777224283,0.6164413149942657
358,0.4928951024101341,0.7506143634416198
359,0.7080641183342006,0.8414975152915147
360,0.6099000649968054,0.679629957722359
361,0.11675250284043215,0.6553842496773407
362,0.28275301505169714,0.6797275518487623
363,0.26302879409597474,0.6485904160127688
364,0.43875761043283457,0.7046505015476157
365,0.06591619536507741,0.6133978825075158
366,0.3624814831017509,0.6657409087992405
367,0.10642460607520719,0.5278956943754488
368,0.46213469100638144,0.5277706793262548
369,0.9463163578827476,0.6188926209513884
370,0.1269712721327019,0.5559073664447409
371,0.35207729184413566,0.6234165538758585
372,0.15562902474871998,0.7622899204009078
373,0.5499515168696201,0.9280659650256415
374,0.056729782011338645,0.8427392477810027
375,0.3105534715800343,0.9508749242859257
376,0.10929408552655291,0.8431022826335819
377,0.5106469239823576,0.820585417695337
378,0.361393744817265,0.9522590082542918
379,0.1936262437221682,0.6827956952221009
380,0.14674992445112617,0.5658626359760369
381,-0.11239208108751733,0.523551500517613
382,-0.03221951769738165,0.44502230540360027
383,0.4302243915029426,0.5382571276546998
384,0.14614990949064646,0.5608517280623383
385,0.5756608296677349,0.640998897485553
386,0.5070923022303572,0.7053549901264992
387,0.21542559546888748,0.7625565488825016
388,0.5399738373436859,0.6945491218136328
389,0.2921210369089855,0.7979676882612979
390,0.21784798565411004,0.6539862083370529
391,0.2856651548413043,0.747899307537523
392,0.23121703908842803,0.7748415119109706
393,0.44286439419089413,0.9059164200537574
394,0.25530875817810933,0.6561500150815791
395,0.10658726268280694,0.696484465952941
396,0.38912984587266697,0.6285595473618161
397,0.5037951727956881,0.6452399901285144
398,0.0928006556002436,0.5262080498604503
399,0.16881750621857392,0.5913657383143082
400,0.12472304199817505,0.5756506649293227
401,0.4922860474345014,0.6802493561971548
402,0.600327395482102,0.824647266852451
403,0.1556603284899244,0.5855700892303562
404,0.4574599973246844,0.6556237983558895
405,0.2663704727146474,0.7043319610845057
406,0.3055423958065159,0.6993636157053725
407,0.3401584824975262,0.7773746475603178
408,0.23706790678260575,0.7799860363229882
409,-0.2150989637752091,0.6131574720747539
410,0.22423958751254486,0.6881330575147955
411,-0.3173694010464637,0.6158129673901656
412,0.27434326166651585,0.716736329114985
413,0.1338634642663716,0.605455814244716
414,0.8270413593986784,0.6984785364409158
415,0.2057962836667092,0.613979316375337
416,0.5966711935340994,0.5799393582297723
417,0.5033913060378095,0.6599179638728901
418,0.3141231827285754,0.526821730364082
419,0.2055797884917433,0.564712034619405
420,0.003936184067833102,0.5203289166200272
421,0.37556198829340004,0.4726359764300746
422,0.42584700098547185,0.478567915761275
423,0.36875295092506366,0.5834228913522743
424,0.44712206341932254,0.4999806458997649
425,0.3642335465521675,0.6035244950232567
426,0.18094587692911263,0.6580013831006785
427,0.021183701203829012,0.5705066882018891
428,0.3576190484132133,0.5163614193222689
429,0.2129957927389262,0.6151593255075848
430,-0.16773844218021244,0.5756123166950236
431,0.3872482426421094,0.5437485165209952
432,-0.14125372137512085,0.4651148163428316
433,0.5113282838753783,0.5753270828370569
434,0.5850206726632304,0.6508675594880969
435,0.21709256057019147,0.5249353268954159
436,0.34872145774596297,0.6121979318833388
437,0.0791894082587296,0.46611287964225495
438,0.021693108980588575,0.48036928881073115
439,0.41976396357920476,0.6291288738571654
440,-0.19050229290129386,0.4893830850190032
441,0.27782135578853584,0.49573153316175367
442,-0.121627882856353,0.3569538024084627
443,0.42224970512656035,0.446736384315589
444,0.3681823491745643,0.5154585733301641
445,-0.10474096855276178,0.4341615336763709
446,0.34403867710966957,0.49123451593538114
447,0.414649945734126,0.6040334491815105
448,0.4461933444599669,0.528427453640315
449,-0.06276123787278873,0.49191245903312786
450,0.16930057852635083,0.588312943395013
451,0.1908023200724658,0.4205656569664089
452,0.2943990187580088,0.4639659342825312
453,-0.04673740417335599,0.37565936215242457
454,0.10377684950493102,0.36336727008929215
455,0.21486491630793994,0.27398791289500213
456,0.08127730729617648,0.2779971589981016
457,-0.20677984567090377,0.2060003346620254
458,-0.132118629391218,0.1648957404620018
459,-0.1602864354935775,0.1328449076150009
460,-0.12353829297860987,0.09990485152225739
461,-0.051830719725804275,0.08682831344802738
462,0.11187245726899173,0.09921861218151411
463,0.14142692638563786,0.11559366423853222
464,0.15951072189735938,0.13634993092795772
465,-0.09632773596363445,0.09804889524087736
466,-0.11794030484412169,0.09179986834987776
467,-0.10016508744922695,0.06916061484170792
468,-0.2121815087661253,0.055727100268799235
469,-0.20956874142606738,0.042769736235672866
470,-0.2554569634466771,0.03287076738628219
471,-0.2040248258786608,0.025762221876087215
472,-0.2915444592512417,0.01908660624880375
473,-0.22983782170631664,0.015009807429496721
474,-0.3052613143027942,0.010943480712317166
475,-0.23555356754039652,0.008634758959291746
476,0.22229223119574404,0.010301818267577353
477,0.13268833504469432,0.011119662920205338
478,-0.696746487156193,0.005841113484638591
479,-0.6875829838487125,0.0028643486118739145
480,0.12754252982095937,0.0033117118614358295
481,-0.6652443168253785,0.001634443902101647
482,0.10498596795575833,0.0018767366021110786
483,0.1460986710153826,0.0020298949266881706
484,0.051714770383834284,0.0020329909686715416
485,-0.6096698423393242,0.0011506201642699301
486,-0.6118676973136549,0.0006077376621886475
487,0.04986282286529073,0.0006518086091316738
488,0.052386624902090596,0.0006531587859920905
489,-0.6109566533665793,0.0003690633416883941
490,-0.5751651487941372,0.0001949721071170899
491,0.010514211822451209,0.00020899313818569152
492,-0.5704529221976481,0.00011039120378426243
493,0.011829045674042252,0.00011835101799285066
494,0.05534732535434415,0.00011868604985773588
495,-0.6049691409724713,6.702311285758711e-5
496,-0.4759323133352567,3.541911657826678e-5
497,-0.12153340383389945,1.907112721009516e-5
498,0.03013687490095938,1.6540067150709094e-5
499,-0.6032780538825894,1.0799207610391372e-5
500,0.034376920723125474,9.36603688029788e-6
501,-0.6063840668629082,6.115175945950114e-6
502,0.0384316266853553,5.303615555691687e-6
503,0.024299021225965695,5.692117292458982e-6
504,-0.5895855430826099,3.0031767196723047e-6
505,0.01940208552061902,3.2232027061247715e-6
506,-0.5843802222827644,1.7005627090589302e-6
507,0.022094620226730467,1.8251592308360586e-6
508,-0.5848529966971342,9.629531556594875e-7
509,0.01775606884990631,1.0335084092041305e-6
510,-0.5746842148218071,5.452772957098956e-7
511,0.0121410101879275,5.852307280715257e-7
512,-0.5690964008367255,3.08766562899131e-7
513,-0.4018436490289726,2.0159186090969202e-7
514,-0.09117291803131321,2.1201507118007516e-7
515,0.020626585923173166,2.271906365318408e-7
516,-0.00265718892681001,2.278387084726139e-7
517,-0.5722746891237986,1.2864811564933016e-7
518,-0.6125146126018401,6.79818305434129e-8
519,-0.49234133626803156,3.660277370646034e-8
520,-0.07380823083989821,3.849513722215329e-8
521,0.04886927040677045,4.125052446638359e-8
522,-0.6132095662308693,2.1798113725112313e-8
523,0.04436314167664167,2.3358367804196275e-8
524,0.0158002191822408,2.342500384642328e-8
525,-0.594327876116123,1.3226821536523997e-8
526,-0.6034023768647641,6.989481166703878e-9
527,-0.34134197809976136,3.763279760973172e-9
528,-0.00032835170315922556,3.2639063794294035e-9
529,-0.579228734576494,2.1309806861225818e-9
530,0.015632526044541455,1.8482073878361244e-9
531,-0.5961144935808718,1.2066811319261402e-9
532,-0.32774265205609526,1.2690652904650947e-9
533,-0.2284506252417667,6.832907335248055e-10
534,-0.34860826642908993,7.186161521703821e-10
535,0.009654513925245207,7.700528647424421e-10
536,0.06374448004351774,7.722496685044862e-10
537,-0.6400587056530249,4.3604724777517026e-10
538,-0.5871785123453183,2.3042149677060978e-10
539,-0.16064742189850123,1.2406365198186424e-10
540,-0.4131327871192254,1.3047761267271662e-10
541,-0.13914091587086394,7.025181834522753e-11
542,-0.4375901501380861,7.388376365867183e-11
543,0.03568011662391442,7.917217485907252e-11
544,0.10514369932807692,7.939803687281161e-11
545,0.0347309635734884,7.540665597826783e-11
546,-0.602553102330312,4.4959634615808825e-11
547,0.036811230384739074,4.269949023952775e-11
548,-0.6053630626494771,2.5458674098947583e-11
549,0.03985432628223928,2.4178853220021533e-11
550,-0.02037827478172711,2.2055935490849145e-11
551,-0.5466788051524138,1.3691426753722605e-11
552,-0.022106100701965732,1.2489311321267877e-11
553,-0.06620103668756945,1.1060734097646344e-11
554,-0.5008642688392734,7.07215059382974e-12
555,-0.06582961892794363,6.2632098123883805e-12
556,-0.09514188942649489,5.42529305131288e-12
557,-0.4721348591001132,3.5465817013281215e-12
558,-0.09533453328969659,3.072106098388806e-12
559,-0.11519134576784931,2.6162041404220475e-12
560,-0.45110410040743526,1.739599278874812e-12
561,-0.11611454819419781,1.4814419457901884e-12
562,-0.1278511251617825,1.2447698409173471e-12
563,-0.4350760992022542,8.388757608154011e-13
564,-0.1315410699497009,7.048587022310711e-13
565,-0.4329955464687057,4.750186425351785e-13
566,-0.40436921950302124,3.1585535518310546e-13
567,-0.15681914015918147,2.689822752020952e-13
568,-0.4014688603625869,1.7885506896838236e-13
569,-0.29729203071670274,1.169197882565898e-13
570,-0.17954622815542834,7.475763748081169e-14
571,-0.11851355258684075,4.640649761876499e-14
572,-0.4513748355110832,4.2331979458743605e-14
573,-0.39190273201592685,3.7489878871734444e-14
574,-0.27473063389073177,3.247433591257333e-14
575,-0.29267218033632714,2.1228878222862484e-14
576,-0.1672536777708908,1.357358584011614e-14
577,-0.09557250118285136,8.425929446059746e-15
578,-0.07608860410839355,5.023783435100738e-15
579,-0.07983315638110171,2.8366563706013953e-15
580,-0.09052484302119483,1.4989811573718876e-15
581,-0.108814186885449,8.070821521151236e-16
582,-0.4606328052782453,8.488074489940642e-16
583,-0.10062046604856832,4.570153128986401e-16
584,-0.4678912127625015,4.80642523039445e-16
585,-0.09839378878725753,2.587877772745607e-16
586,-0.4686979811113429,2.7216683268685464e-16
587,-0.4361180876744271,2.916478392271078e-16
588,-0.13677166053096418,1.5411617005163583e-16
589,-0.0971857122243899,8.297930203411887e-17
590,-0.08594601060025299,7.19682541453969e-17
591,-0.09069704217539307,7.724148631097678e-17
592,-0.47906850329450196,4.0752473711419396e-17
593,-0.46382598410604126,2.6606992952237805e-17
594,-0.3542832317440959,2.798254645330146e-17
595,-0.21493098260443336,1.5066376052910606e-17
596,-0.09556957777416078,1.306712341808029e-17
597,-0.465868951660671,8.531429604810962e-18
598,-0.10046442471047773,7.399340305009326e-18
599,-0.4637081569821618,4.830975335159235e-18
600,-0.2849698855461115,5.080731669810029e-18
601,-0.2850525976846159,2.735569977129761e-18
602,-0.2769786450888329,2.876996062602865e-18
603,-0.10110117809166638,3.08292409049131e-18
604,-0.4700419503297535,1.6291170016742633e-18
605,-0.08869627233999587,1.7457250345162696e-18
606,-0.04055034352349732,1.7507052295876833e-18
607,-0.06200182229220052,1.6626963608615796e-18
608,-0.09111164522615868,1.5167106290232548e-18
609,-0.47491186773249644,9.415122061901244e-19
610,-0.4863257856055153,5.613568753076819e-19
611,-0.4614421341981502,3.169675956564191e-19
612,-0.36214440395907466,1.6749594991857006e-19
613,-0.21261731427229177,9.01832495131951e-20
614,-0.3545151050826265,9.484562849107726e-20
615,-0.21353985664834077,5.1066828682156183e-20
616,-0.3623310377570517,5.370692991825058e-20
617,-0.2073105416149995,2.891691090895019e-20
618,-0.35897730046894644,3.041188473452137e-20
619,-0.21041778569473116,1.6374381532886228e-20
620,-0.3557673687047611,1.722091980520232e-20
621,-0.21336981065528038,9.272095882881413e-21
622,-0.3527243325944508,9.751453470444591e-21
623,-0.2042786592432987,1.0449437596428357e-20
624,-0.10873974724961967,1.0479247696293938e-20
625,-0.45016114189868817,5.917059347962533e-21
626,-0.11951822097722341,5.933939503324544e-21
627,-0.43486140173478327,3.3505718374047095e-21
628,-0.2867808888720739,1.7705507451456897e-21
629,-0.12807870642877778,9.53300779528547e-22
630,-0.43760203317382124,1.002585425380904e-21
631,-0.13718532238448644,5.398125245379117e-22
632,-0.070140729487679,4.681813898704389e-22
633,-0.06918749643022172,5.024858091412316e-22
634,-0.5041773526455373,2.651106381478226e-22
635,-0.061840470790082085,2.8453572996252955e-22
636,-0.511007000291209,1.50120555792693e-22
637,-0.05477048729048801,1.6112013543959463e-22
638,-0.5172202083955896,8.500670297108609e-23
639,-0.04858575791271821,9.12352836935169e-23
640,-0.5245101312285873,4.8135576849271066e-23
641,-0.043358294839199805,5.166254961197703e-23
642,-0.07389813182375629,5.319584394521168e-23
643,-0.49877561962881883,2.925424160871707e-23
644,-0.5350768558717628,1.5434486945357152e-23
645,-0.03368328039989668,1.6565397149946094e-23
646,-0.5357945878916761,8.739874698351897e-24
647,-0.5433174635043033,5.7062004664842984e-24
648,-0.4368539977568197,6.001205018240055e-24
649,-0.12956955250594102,3.2311716778996494e-24
650,-0.4389098142836943,3.398219849109795e-24
651,-0.18816272382536428,3.641455743991569e-24
652,-0.3758208683545808,1.9242632284324788e-24
653,-0.1182667127913157,1.0360627283415455e-24
654,-0.015772307879006967,8.985810185918297e-25
655,-0.553900909407649,5.866769953154523e-25
656,-0.4479333700837723,6.170075778186432e-25
657,-0.18246575561555886,6.611714038815357e-25
658,-0.02195896868499539,6.6305759013759945e-25
659,-0.0047745703968409825,6.297253378417571e-25
660,-0.5617665747976293,3.7546050452535387e-25
661,-0.001544879976948367,3.565859083362564e-25
662,-0.02883878980400202,3.2527745297599594e-25
663,-0.05739631649763977,2.8807092103173503e-25
664,-0.08376200533890792,2.4953166395216807e-25
665,-0.10874837928900712,2.1250105025421984e-25
666,-0.4687625945176465,1.412988642858148e-25
667,-0.08801625976742644,1.2033004783801602e-25
668,-0.1121764437537568,1.0110636797528637e-25
669,-0.12468008177409531,8.40380112613612e-26
670,-0.4448850938225648,5.725211278080574e-26
671,-0.46626000723881433,3.858336544518185e-26
672,-0.08910713743011688,3.2419366687836123e-26
673,-0.4843059531796956,2.1848071829368242e-26
674,-0.08697930924710398,1.8357669008029e-26
675,-0.4859036413727594,1.2371607223828702e-26
676,-0.06957651300441191,1.0395144811227724e-26
677,-0.07757458437985218,8.640279679742508e-27
678,-0.4775745640852918,5.886315719012767e-27
679,-0.4518347955039311,3.966908110132308e-27
680,-0.11484502980371594,3.333163065364222e-27
681,-0.08408873106015628,2.770472333567557e-27
682,-0.08878656966916064,2.2823213501769312e-27
683,-0.10926425245855466,1.8661990759034702e-27
684,-0.13338326030983483,1.516310046423081e-27
685,-0.4296099636051683,1.0567468904745644e-27
686,-0.1376300103330231,8.586200407248594e-28
687,-0.42480402363590125,5.9838953139928785e-28
688,-0.15170712778398712,4.861989644357061e-28
689,-0.1569720801561959,3.9289887318743467e-28
690,-0.4049465689146171,2.7531320235524636e-28
691,-0.16943460916514047,2.2248144256034243e-28
692,-0.17042486063032455,1.7894061001780854e-28
693,-0.17263174009359336,1.4332649541749603e-28
694,-0.39023595800232963,1.0132623880139669e-28
695,-0.36858714110483326,7.133781592634704e-29
696,-0.20257981357645827,5.737661601028337e-29
697,-0.36178578618646673,4.039548412964355e-29
698,-0.3073278362971645,2.830603713927466e-29
699,-0.24239331765953787,1.9727045137732932e-29
700,-0.3257190815649479,1.6028470442846395e-29
701,-0.26034362092012664,1.2952656086426585e-29
702,-0.3050746658078575,9.076221566202038e-30
703,-0.23117422750194921,6.325400890119824e-30
704,-0.17862691299463052,4.380461692771264e-30
705,-0.3860394520924359,3.581797787785913e-30
706,-0.322222903862418,2.910255417014616e-30
707,-0.2475084304984439,2.0282153835699468e-30
708,-0.32362414596274053,1.6479503189808817e-30
709,-0.25059504976294056,1.3317137031501912e-30
710,-0.1904799177604272,1.071090063370737e-30
711,-0.15493496391813116,8.579136119193578e-31
712,-0.41064046564625095,6.06511442696576e-31
713,-0.15842337705125997,4.857989447094108e-31
714,-0.13869319276774633,3.8769158714661087e-31
715,-0.13724110211413873,3.0839237236706115e-31
716,-0.14301977103466929,2.4459980689387627e-31
717,-0.1486264482261181,1.9349494464354233e-31
718,-0.15335467724088078,1.527046013904576e-31
719,-0.15749531532639602,1.2025328283007694e-31
720,-0.4122582127145211,8.646993494110529e-32
721,-0.4140469380728129,6.204340723795827e-32
722,-0.15631247323105354,4.8964141097494244e-32
723,-0.1560236544992793,3.855875104164814e-32
724,-0.4140539957472404,2.7726250922337964e-32
725,-0.4090011002466589,1.9893979084500072e-32
726,-0.16077332080118126,1.570016287384214e-32
727,-0.40713835998571923,1.1265089993967441e-32
728,-0.1603396189196264,8.890315353331072e-33
729,-0.14486432221869436,7.001030727941795e-33
730,-0.1452122369086541,5.502376998352818e-33
731,-0.42402218981970524,3.96437740613909e-33
732,-0.14556039003227866,3.115755365173523e-33
733,-0.1500041042863099,2.4443668022605786e-33
734,-0.41840646558009403,1.764315949000539e-33
735,-0.41934555806282753,1.271162315414305e-33
736,-0.14871361943437364,9.990549330962366e-34
737,-0.14593620377349323,7.837767815122098e-34
738,-0.4212692452834313,5.657210999590757e-34
739,-0.14661210382366144,4.438185011361732e-34
740,-0.1477907211158627,3.476047665567325e-34
741,-0.4196698893420993,2.513150001339902e-34
742,-0.1493360214323948,1.9683337159254077e-34
743,-0.15306798127264484,1.5392592836746015e-34
744,-0.41254677253601946,1.1145812687284865e-34
745,-0.40287421864671585,8.058318488395227e-35
746,-0.3686901788820831,5.816401948370919e-35
747,-0.19205721048513624,4.5630732085443487e-35
748,-0.3759507826159818,3.2935739557772076e-35
749,-0.1987285500043685,2.583868723545791e-35
750,-0.37627676133653937,1.8650068372960673e-35
751,-0.19180325883060037,1.463131813887326e-35
752,-0.3701403250303505,1.0560717779116312e-35
753,-0.31039896497862396,7.608833594766989e-36
754,-0.25333339424398676,5.9800724469107295e-36
755,-0.31881244509081735,4.308549578246775e-36
756,-0.24961355069647526,3.098127493516901e-36
757,-0.31003147621331867,2.4397431271171004e-36
758,-0.23019007941238454,1.917487150993422e-36
759,-0.17663106163482073,1.5043035753188882e-36
760,-0.400335961669635,1.0857890835447186e-36
761,-0.36035395378450025,7.82294217921769e-37
762,-0.30556286156872947,5.625204446525042e-37
763,-0.24647065270599086,4.036164136242677e-37
764,-0.1964979845654587,2.889138187152016e-37
765,-0.1684949752818746,2.0626656733694233e-37
766,-0.1563998597588304,1.4683331331031351e-37
767,-0.4103751726924379,1.167997329205894e-37
768,-0.15816054769603627,8.31452813701732e-38
769,-0.14236880418919748,5.899576078049679e-38
770,-0.14372812940097657,4.170770050367793e-38
771,-0.43029835501989255,3.340671826546117e-38
772,-0.39849366172685985,2.666021358577362e-38
773,-0.17053088930801988,1.8916763009806552e-38
774,-0.13287639103835772,1.33734132024769e-38
775,-0.42643775302850784,1.0711735284071766e-38
776,-0.13531618710725518,7.57277880973506e-39
