t,lambda,delta_s
1,-0.013286293564174637,0.9575044378002151
2,0.13555974566389728,0.6872760844133393
3,-0.3222350721473091,0.6163711881791701
4,0.06461078253055233,0.7390584148520124
5,-0.25044609477989954,0.27871687594959654
6,-0.10248786015258494,0.2984813708535776
7,0.2282175200912651,0.29700069896149295
8,-0.460800212695142,0.14727605374577565
9,-0.08312894059812853,0.11927830630380157
10,-0.7788414396559985,0.05588256265670203
11,-0.2393715499290463,0.04339308593841589
12,-0.05392796385818571,0.03937530294168724
13,-0.942537095716079,0.016331274372575894
14,-0.07702202969870478,0.01432045563587239
15,-0.9458548183238356,0.005963363176658715
16,-0.0761264376164085,0.005175945757577479
17,-0.9437314893337067,0.0021590145527321286
18,-0.6653562888469323,0.0012626094851093718
19,-0.3521814508229374,0.0007776992720695529
20,-0.08372144773256959,0.0006715582309146347
21,-0.9319792688158316,0.00028018173711101985
22,-0.08807047587838303,0.00024181611017782634
23,-0.922606636307989,0.00010090029986990442
24,-0.11061798705124296,8.705783036802944e-5
25,-0.8959178072799759,3.632765905147803e-5
26,-0.6525112970398705,2.128499897417412e-5
27,-0.3810683016453428,1.3078082148782093e-5
28,-0.6292475931833934,7.66267619212331e-6
29,-0.19221423981239835,6.3933158543295165e-6
30,-0.14100888315897855,5.2496060011204665e-6
31,-0.20810368153256706,4.098464885650411e-6
32,-0.26497138724316915,3.0547509472772068e-6
33,-0.3043393656550916,2.196827313314447e-6
34,-0.32743979052042643,1.5386556370992906e-6
35,-0.7020895340621709,7.908568246067635e-7
36,-0.7369160339689547,3.958934885223683e-7
37,-0.7607408724066086,1.9121502843476005e-7
38,-0.679477295507727,8.817008496315111e-8
39,-0.42347598791117363,3.865410170349702e-8
40,-0.5976560374754312,3.174123074339338e-8
41,-0.31904384074841347,2.4781468616901327e-8
42,-0.21547892017404305,1.8470809341907125e-8
43,-0.22913817100282405,1.3283362896468361e-8
44,-0.7684204026359005,6.6494913313277385e-9
45,-0.7424049246572606,3.211678228456706e-9
46,-0.2809019734764163,2.393816880894093e-9
47,-0.24790884302389843,1.7215238387021423e-9
48,-0.7703561376738243,8.617740761657217e-10
49,-0.7288433926758447,4.162334961213711e-10
50,-0.5255816155378431,1.9192706105377127e-10
51,-0.49494294213506307,1.498440586191078e-10
52,-0.29125292780674733,1.1168592030967949e-10
53,-0.743352985989177,5.394386109763682e-11
54,-0.5268407605573273,2.4873747102436663e-11
55,-0.4910274875642625,1.9419789995208903e-11
56,-0.2949627196273988,1.4474495272614274e-11
57,-0.6920244414556946,6.991124398263013e-12
58,-0.3378452182285012,5.21081829815344e-12
59,-0.6855405335196104,2.516804783363274e-12
60,-0.4923586356999423,1.1605095447853783e-12
61,-0.3331304945031684,5.087716722559113e-13
62,-0.3011322322276922,2.1949605415424794e-13
63,-0.32415468430539374,1.348771150800777e-13
64,-0.6766829689836432,7.90185794955282e-14
65,-0.3550143009532723,4.855576142882826e-14
66,-0.6533346645954393,2.844668861839096e-14
67,-0.6129071827668878,2.373725114077265e-14
68,-0.53678662251103,1.949210399574392e-14
69,-0.4515153808668618,1.5218156098857418e-14
70,-0.570404840529825,7.01715743846776e-15
71,-0.49660075374009865,3.076347747844031e-15
72,-0.510867952605438,2.526176677848395e-15
73,-0.42321813169846534,1.9722730304119276e-15
74,-0.5987102549949944,9.094236040254214e-16
75,-0.41786127924372,7.100182909482938e-16
76,-0.3686606869287905,5.29210480568749e-16
77,-0.35682601810593884,3.8058402318295113e-16
78,-0.3736545361787785,2.6656110988232363e-16
79,-0.39362238922832105,1.830088481283113e-16
80,-0.39863727927365217,1.2371074384253664e-16
81,-0.40548757082640235,8.25980636872365e-17
82,-0.3984848812352534,5.459539140238264e-17
83,-0.6192754570355684,2.973530292740513e-17
84,-0.5705910332518975,1.6032912401992742e-17
85,-0.45552625865635493,1.0704709053865848e-17
86,-0.3962828895120312,7.07556272574879e-18
87,-0.3448040402453325,4.6378492007926505e-18
88,-0.6803801523663855,2.5472025812695646e-18
89,-0.595617917288418,1.3873302933810137e-18
90,-0.4312553584816004,7.480315610273734e-19
91,-0.30925819266339616,3.9837042793741445e-19
92,-0.725948867362738,2.692913619698544e-19
93,-0.28192101741561115,1.4341335405746917e-19
94,-0.749362591069569,9.694489030914758e-20
95,-0.26009315665419375,5.162880746068889e-20
96,-0.23804166720550873,2.7071934769133622e-20
97,-0.2741047932472474,1.3914754885134672e-20
98,-0.3169368685774043,6.965558514364352e-21
99,-0.6956222488953595,5.009311758648482e-21
100,-0.33229978042459474,2.507601065171166e-21
101,-0.3631713001378984,1.2111614710906989e-21
102,-0.38800359639929477,5.584717800790393e-22
103,-0.6244526017963257,4.360181295926515e-22
104,-0.40582994228098734,2.0104984082845409e-22
105,-0.4195395385434934,8.814099305317325e-23
106,-0.4286570599404804,3.8026095475448616e-23
107,-0.5812045016442585,3.173075749914238e-23
108,-0.4484207393867882,1.36893943711615e-23
109,-0.43858161169218624,8.411932629450989e-24
110,-0.5751260233712786,4.928181973618139e-24
111,-0.525470096243842,4.112306171888849e-24
112,-0.5028134207086942,1.7741455105025304e-24
113,-0.5053372469410099,1.480430221879986e-24
114,-0.5236975881699297,6.386923837809107e-25
115,-0.4842675462857638,5.32954879876795e-25
116,-0.3935217310023709,4.376417421709904e-25
117,-0.6346294731248984,1.9186375675564617e-25
118,-0.378306713115042,1.575510271815565e-25
119,-0.3314323973294235,1.2300550652242626e-25
120,-0.32796161022984016,9.168186798736462e-26
121,-0.3422582603889567,6.593341487504164e-26
122,-0.36063256567063134,4.617977418083619e-26
123,-0.6566149523590337,2.373602935501498e-26
124,-0.6669243574755155,1.1881970091162456e-26
125,-0.35462090204373775,8.544970567805395e-27
126,-0.6614414406159119,4.277509232818483e-27
127,-0.6564482595973148,2.066020168431714e-27
128,-0.36353866163723164,1.5399033238146536e-27
129,-0.35887562141265533,1.1074281855875793e-27
130,-0.37023554915631124,7.756428759051933e-28
131,-0.6464814057541646,3.986741468115284e-28
132,-0.6530743479529758,1.9957147076637908e-28
133,-0.3709744575852342,1.435226928521502e-28
134,-0.6463683451509503,7.184572947589647e-29
135,-0.6450331750475946,3.470120531220601e-29
136,-0.6296380958918546,1.60008754936233e-29
137,-0.5833517527318697,7.014842936043452e-30
138,-0.43704683686240886,5.760315177704389e-30
139,-0.5881352105478119,2.5253434569756416e-30
140,-0.5089157802604372,1.089492506004821e-30
141,-0.42453433945154534,6.6947721077500695e-31
142,-0.3657937250665056,5.77639011801578e-31
143,-0.3480793946987567,4.757568579993809e-31
144,-0.3549459206460158,3.6811735099499397e-31
145,-0.36794509993090313,2.719139200534941e-31
146,-0.6516133284106472,1.3252224635819781e-31
147,-0.6610730848758095,6.165808879671976e-32
148,-0.36104256308814847,4.770800868895121e-32
149,-0.6612479397980244,2.2196911966819117e-32
150,-0.3562192119271976,1.7174883128022435e-32
151,-0.36235571813510303,1.268641585401582e-32
152,-0.3723366735300455,9.061217282352773e-33
153,-0.6425444447563852,4.567109707445695e-33
154,-0.3814049333390754,3.262038221646998e-33
155,-0.38699649648041917,2.2726187004091275e-33
156,-0.627897489958864,1.1743337597929193e-33
157,-0.39473629526444404,8.181427321472856e-34
158,-0.3937045806976787,5.59345033916902e-34
159,-0.6127832361158091,2.945313835730228e-34
160,-0.4089793027225411,2.013642122100847e-34
161,-0.6036596321324692,1.0603129808628819e-34
162,-0.5443518230928142,5.478971589689842e-35
163,-0.46915217825843286,2.761556593817198e-35
164,-0.5474087987585741,1.972429772288343e-35
165,-0.46677433448523786,9.941603737741916e-36
166,-0.39928986288086527,4.8452232951862954e-36
167,-0.5942779122540709,3.578977345587088e-36
168,-0.4326175219265529,1.7442803862670666e-36
169,-0.5749950937884707,1.2884318444113515e-36
170,-0.4795903601403877,9.202568345588493e-37
171,-0.40601533152704955,6.411307131593962e-37
172,-0.6001464020663891,3.3129246044118565e-37
173,-0.4195542883931324,2.3080705673738274e-37
174,-0.5836211160995979,1.1926528575882679e-37
175,-0.46208155256789324,6.0113076132856e-38
176,-0.5530199037979986,4.293550287317767e-38
177,-0.469347202525081,2.164070740782816e-38
178,-0.3880136988838882,1.0546996482937238e-38
179,-0.6261349439646565,7.790654666818137e-39
180,-0.40415923131194736,3.796918733857405e-39
181,-0.6019491426720487,2.8046356800545297e-39
182,-0.4300614753589402,1.3668907441886658e-39
183,-0.4047068802010208,6.359677201124169e-40
184,-0.599799386151496,4.920806679079196e-40
185,-0.4331483528283254,2.2894837924047015e-40
186,-0.4191140457718707,1.0007175891042157e-40
187,-0.5837519563917519,8.242141652656923e-41
188,-0.5146538131540705,6.377365456086638e-41
189,-0.5166721929987018,2.9671709949564924e-41
190,-0.44178854825595254,1.296929995479063e-41
191,-0.378778460496783,5.411258951587685e-42
192,-0.348304698043328,3.170219020350702e-42
193,-0.6749051537384227,1.948053222571567e-42
194,-0.3459405237616925,1.1412788473262523e-42
195,-0.331650491204431,9.523365965036098e-43
196,-0.34307916749406053,7.820216362844456e-43
197,-0.6725339282591914,3.428411747412995e-43
198,-0.3514842221654553,2.815277890624004e-43
199,-0.6621035792682888,1.2342282290686783e-43
200,-0.35275020724430733,1.0135000406246413e-43
201,-0.3356499446081678,7.91274345129293e-44
202,-0.6865727045126231,3.6486001462487085e-44
203,-0.6607636265346489,1.5995597848730073e-44
204,-0.34784439902208464,1.3134960526495348e-44
205,-0.6670072736575596,5.758415225542824e-45
206,-0.3456107132415584,4.7285857895383254e-45
207,-0.6698447980286162,2.073029481195416e-45
208,-0.33724295851538183,1.7022908842337964e-45
209,-0.2669079056149855,1.3290370504686823e-45
210,-0.7493555459774054,6.128247183241668e-46
211,-0.26650735883779136,4.7845333816872554e-46
212,-0.7476195268004814,2.2061689859670015e-46
213,-0.2643808249174029,1.7224320174074116e-46
214,-0.2546237353066595,1.283810695160752e-46
215,-0.7569008327833493,6.200755262666685e-47
216,-0.7009322005709481,2.859195005813232e-47
217,-0.31319794318677224,2.2322718945600056e-47
218,-0.6934710346220339,1.0293102020927634e-47
219,-0.4576860794451414,4.5125339566734234e-48
220,-0.2750690968767302,1.94681318111709e-48
221,-0.22992913113386357,1.1962882270513941e-48
222,-0.7853792288447299,7.008527452021524e-49
223,-0.7325799347899185,5.848244007848757e-49
224,-0.28919462720054945,2.5230698827277482e-49
225,-0.2244687049914813,1.5503895422586075e-49
226,-0.25341623765788757,1.337708690727545e-49
227,-0.28077716223633586,1.1017678353026774e-49
228,-0.30742970328917185,8.524939790644868e-50
229,-0.7088283601743719,3.9663642070896374e-50
230,-0.2963038229004149,3.0689783246321527e-50
231,-0.7118906928832494,1.4278911145522694e-50
232,-0.6392567908804453,6.241213667458433e-51
233,-0.4505899056885219,2.6040590814102318e-51
234,-0.3057390395840878,1.5256038758931528e-51
235,-0.718055109502086,9.374612693076834e-52
236,-0.30460216311497595,5.4921739532153504e-52
237,-0.7194044568910862,3.3748605695076604e-52
238,-0.30343194046933325,1.9771826231575255e-52
239,-0.719095066855737,1.2149498050227575e-52
240,-0.6060787102208774,1.048284233528186e-52
241,-0.41608722804849646,4.373819298081926e-53
242,-0.29883063005754207,2.5624286796121524e-53
243,-0.7221269727815232,1.5745749473094936e-53
244,-0.29565284990780843,9.224743246603749e-54
245,-0.723984142750111,5.668469810314177e-54
246,-0.5982463728136989,4.8908749199491035e-54
247,-0.4122389754128576,2.0406491317131026e-54
248,-0.6077175478273449,1.760714971181678e-54
249,-0.40572059584749626,1.450165597211447e-54
250,-0.2844291929504009,1.1220671003974174e-54
251,-0.7288848897048169,5.2205961499612066e-55
252,-0.29218644591965964,4.0394415614307015e-55
253,-0.26003152873115715,2.983777827442223e-55
254,-0.7613115792393508,1.4541989621150526e-55
255,-0.24736552740558668,1.0741600178791996e-55
256,-0.7688441814109633,5.235116263614188e-56
257,-0.6388938860980224,2.4357213397259003e-56
258,-0.3862184233948591,1.884641854901107e-56
259,-0.2389628847525334,1.392111383171443e-56
260,-0.7717993807511766,6.784710677643985e-57
261,-0.5665376594845821,3.156694856284766e-57
262,-0.45369565471805734,2.4424958439518348e-57
263,-0.5543222079930277,1.1364101482625157e-57
264,-0.4681597363652403,8.792985038226606e-58
265,-0.2444231240404505,6.495034869324683e-58
266,-0.20515669617334023,4.639050373615106e-58
267,-0.7918077159058324,2.338212552956886e-58
268,-0.6869043282646853,1.1395708609541679e-58
269,-0.32580469744046164,8.417565190644786e-59
270,-0.19942942910779973,6.012209284205178e-59
271,-0.8029181309402805,3.030323468632123e-59
272,-0.2293686374045891,2.164395342313863e-59
273,-0.2260291997173071,1.5079054860176908e-59
274,-0.7999727180901801,7.791823232329908e-60
275,-0.23042807560461787,5.428459749663686e-60
276,-0.7889312991733747,2.8050563636387666e-60
277,-0.6706144326630546,1.4138277175250026e-60
278,-0.3925009501398509,6.890549224292618e-61
279,-0.2336069309544275,3.2059379281969224e-61
280,-0.7966338133141821,2.480597720745343e-61
281,-0.6672310154209735,1.832320721912404e-61
282,-0.34467562297875304,8.930151794683236e-62
283,-0.21882648585446446,4.15489555494321e-62
284,-0.24343397595083463,1.8160762161829812e-62
285,-0.7742343595505682,1.4957623997795558e-62
286,-0.2554868702100948,6.537874378258732e-63
287,-0.2945887056958525,2.727836612387107e-63
288,-0.7217380026214314,2.3536347761731433e-63
289,-0.29297645192129584,9.820211804593583e-64
290,-0.7275259102004779,8.473085194223314e-64
291,-0.6641879182804922,6.978629052411493e-64
292,-0.48425006706937435,5.3997213012403206e-64
293,-0.5276105451585033,2.5123064588681376e-64
294,-0.3301946664030483,1.0981118411713415e-64
295,-0.2538019993170711,4.581718019551181e-65
296,-0.2580615665804851,2.6842274120337548e-65
297,-0.28519825502290935,2.239845243611322e-65
298,-0.31679902050948244,1.8392734762726506e-65
299,-0.3430793981536593,1.4359840721410775e-65
300,-0.6649548575894932,6.621384514581542e-66
301,-0.3605264194824996,5.16954265970788e-66
302,-0.6455349618371745,2.3836984252493547e-66
303,-0.3794919761716339,1.8610353574948359e-66
304,-0.3529808595075157,1.387118372091347e-66
305,-0.6446272775479724,6.69972728698141e-67
306,-0.525181562403929,3.089273159123163e-67
307,-0.39064430161388103,1.3543487671296503e-67
308,-0.3297442409996503,5.842978816322068e-68
309,-0.31967521559515344,3.5904250272570866e-68
310,-0.3342555182003901,3.097894194623219e-68
311,-0.6625108805218556,1.2925530098125512e-68
312,-0.6096212270791089,7.572500545953399e-69
313,-0.49930854037454214,6.318849607920096e-69
314,-0.5318736331168155,2.726100196543224e-69
315,-0.4833870421602862,2.2747858588512345e-69
316,-0.5519055987814322,9.813960707555607e-70
317,-0.44779142587870074,6.030535322581436e-70
318,-0.3566822635525387,5.203272655596269e-70
319,-0.30451100582582874,4.285535774704429e-70
320,-0.29936019363717997,3.315937648513153e-70
321,-0.7187299065399316,1.542792878893594e-70
322,-0.6433902285867923,6.743441361652766e-71
323,-0.4517518744294117,2.8136065601035947e-71
324,-0.5784811275814349,2.427638890194996e-71
325,-0.43671114329686966,1.0128983616372941e-71
326,-0.5910689237020145,8.739500004701981e-72
327,-0.39091268098413745,3.6464341018942583e-72
328,-0.6157985737540346,3.146220001692714e-72
329,-0.2614623688813254,2.591299604075742e-72
330,-0.7457137782418952,1.132639200609377e-72
331,-0.32389129061047894,4.725778596054957e-73
332,-0.685359454267105,4.077501122193756e-73
333,-0.3210242147374616,1.701280294579785e-73
334,-0.6861462729765263,1.4679004039897522e-73
335,-0.33917362763872533,6.124609060487226e-74
336,-0.11171829367267543,3.588139527137581e-74
337,-0.1744877820930724,2.9941119061829416e-74
338,-0.8307677428603935,1.291730229769529e-74
339,-0.20073179825359383,1.077880286225859e-74
340,-0.8089580459986551,4.650228827170306e-75
341,-0.21388904467570627,3.880369030413092e-75
342,-0.27733538932388746,3.186407568177111e-75
343,-0.7269734192038011,1.396932850948713e-75
344,-0.30277854491796313,1.1471067245437597e-75
345,-0.33908193280517673,8.955856792046617e-76
346,-0.6581104232345462,4.129584208357536e-76
347,-0.37135283992059054,3.224108445136783e-76
348,-0.36813789973767885,2.403081725370448e-76
349,-0.6324580638315355,1.1606790402492425e-76
350,-0.4042692298277398,8.651094211333613e-77
351,-0.5970793800307171,4.1784445448972705e-77
352,-0.4394662603709887,3.1143939160801004e-77
353,-0.5565666445731025,1.504240036163017e-77
354,-0.4785013465195202,6.936115709704649e-78
355,-0.4131228701551435,3.0408187545232787e-78
356,-0.6144017016923895,2.4970016554936733e-78
357,-0.40061872947693483,1.09469475162838e-78
358,-0.6275246591255197,8.989205959777222e-79
359,-0.38820895324787386,3.940901105862168e-79
360,-0.6361803848530319,3.2361141455197995e-79
361,-0.5873054114791901,2.5265456325799818e-79
362,-0.4206112496199497,1.1650010923871278e-79
363,-0.6089982638966235,9.095564277287934e-80
364,-0.4001932792478279,4.19400393259366e-80
365,-0.3406907359516307,1.8386668199510526e-80
366,-0.6826288254835864,1.5098414157337176e-80
367,-0.6390091546909452,1.1787851303365162e-80
368,-0.3716342695465205,5.435429096641382e-81
369,-0.3210872381059513,2.382912198656564e-81
370,-0.7019441740080222,1.9567544747908973e-81
371,-0.6653766799346064,1.5277055289161243e-81
372,-0.3474339535784218,7.044316109247233e-82
373,-0.6841421736260552,5.499739904098048e-82
374,-0.5725128770641572,4.0992183367045325e-82
375,-0.4315970147051624,1.9799063654752976e-82
376,-0.3033842483332528,9.12943367758441e-83
377,-0.2810281581316485,4.002377455458742e-83
378,-0.3045948449330443,1.7267196792103522e-83
379,-0.33584454670753283,1.06104398906526e-83
380,-0.3623278855047639,9.154910599752148e-84
381,-0.6514940102705434,3.819758360634935e-84
382,-0.6607546307650092,2.237828704256616e-84
383,-0.6670731127013205,1.8673492256188302e-84
384,-0.6610165857713384,1.533394287580961e-84
385,-0.3572831407016976,6.722457212227788e-85
386,-0.35506774105354716,2.900226000716573e-85
387,-0.6662968535042694,2.4200845964020043e-85
388,-0.672872113152561,1.9872789967049255e-85
389,-0.3390479655872015,8.712304547047214e-86
390,-0.6866331120227719,7.154204388137731e-86
391,-0.66711787995655,5.5855334634775576e-86
392,-0.3438985506840853,2.5755135797295835e-86
393,-0.6905047541799096,2.010792046851921e-86
394,-0.3151621694478885,9.271848887026496e-87
395,-0.711501275103987,7.238851368666915e-87
396,-0.2933262033444615,3.337865599329539e-87
397,-0.2653830358786246,1.463332611409325e-87
398,-0.7589769956963109,1.2016316157586338e-87
399,-0.2583618864270823,5.267997401073569e-88
400,-0.28789437555193137,2.2727378623563932e-88
401,-0.7280621873507463,1.8964790643864845e-88
402,-0.7539704042655211,1.5573145740231893e-88
403,-0.2665478142187435,6.827324631791344e-89
404,-0.29948399415243354,2.945468269613885e-89
405,-0.7192122885753959,2.4578368674448844e-89
406,-0.7529303660687079,2.0182796879340537e-89
407,-0.7778433557532938,1.5757403792243558e-89
408,-0.2352212180141799,7.265806876562591e-90
409,-0.787458682145747,5.672665365207681e-90
410,-0.22466231502937656,2.6156904755625333e-90
411,-0.23626246168115422,1.1467283688750852e-90
412,-0.28163000347281825,4.947255633135794e-91
413,-0.3219906211615384,3.0400162314177843e-91
414,-0.35213903466963925,2.622989914390203e-91
415,-0.3748666549256578,2.160355195439968e-91
416,-0.3934625700070147,1.6715770217119353e-91
417,-0.40925963113408986,1.2347287065292882e-91
418,-0.6033224405929776,6.0176772781629664e-92
419,-0.4257426181332047,4.445023343505438e-92
420,-0.43485418789077784,3.174838567812152e-92
421,-0.5722865057080282,1.6002084036619575e-92
422,-0.5474823440834181,7.798909752499204e-93
423,-0.47811802971170403,5.760750253183046e-93
424,-0.537419517120974,2.8076075108997125e-93
425,-0.5072777710313738,1.3062841746998745e-93
426,-0.4813070366718402,5.709678113150745e-94
427,-0.5395539148160625,4.702623028919548e-94
428,-0.4819987164796686,2.055484120734268e-94
429,-0.46291635777159207,8.576219909279757e-95
430,-0.4488061422973783,5.024430677288478e-95
431,-0.5662465454215262,3.0874391673407125e-95
432,-0.5358549468792585,2.6639074204716105e-95
433,-0.48754060032262114,1.1114781002426567e-95
434,-0.5316255294074078,9.590066713697797e-96
435,-0.49188754681773944,4.001321160873563e-96
436,-0.4717388103133715,2.344198376795712e-96
437,-0.5434946312714217,1.440475617914483e-96
438,-0.5171277086432302,1.242872646095234e-96
439,-0.5084567091497634,5.185712224492138e-97
440,-0.5091189904726711,4.474341525942843e-97
441,-0.4811581649968078,3.6851712271987993e-97
442,-0.5396551905028081,1.6107629493394237e-97
443,-0.4793642134870632,1.326661641791567e-97
444,-0.45190799289168965,1.0265057897360186e-97
445,-0.572809787085503,4.775981910449641e-98
446,-0.44631821003946864,3.695420843049666e-98
447,-0.5787251078031933,1.719353487761871e-98
448,-0.5511423186958504,7.515175616438012e-99
449,-0.46690221171851587,6.1896725559427345e-99
450,-0.5598346426994316,2.705463221917684e-99
451,-0.521757506666552,1.1288166769853743e-99
452,-0.4831962695725445,6.613241265820653e-100
453,-0.4525861701492024,5.51839867505095e-100
454,-0.4341731331931995,4.5314935679014414e-100
455,-0.43035301720135466,3.537892907422978e-100
456,-0.4297604959818649,2.636960243992409e-100
457,-0.5755107161738972,1.273641446672272e-100
458,-0.46266141931925703,9.49305687837267e-101
459,-0.4546413169706445,6.826973220924928e-101
460,-0.549223900727705,3.4175004762141615e-101
461,-0.4984728395423172,1.650639314887264e-101
462,-0.5255849393601286,1.2303001714370977e-101
463,-0.47359797980419693,5.942301533594147e-102
464,-0.4133127483105776,2.7400208761959637e-102
465,-0.611428218362741,2.1392285520938926e-102
466,-0.5567600568654468,1.594469022182479e-102
467,-0.48030042406032813,1.1466693453437046e-102
468,-0.5226582541699001,5.740088479856922e-103
469,-0.5010056427608851,4.128009643237336e-103
470,-0.5159428949430388,2.066431852748492e-103
471,-0.4085609484966526,9.98078473264927e-104
472,-0.35793910506304516,4.6021829039927596e-104
473,-0.353761540907184,2.017613989141985e-104
474,-0.3681185130042911,8.704460833273052e-105
475,-0.6463742720893553,7.263410360911145e-105
476,-0.3787249890750543,3.133605899978298e-105
477,-0.3940542318214783,1.925554995580938e-105
478,-0.6139398464435056,1.1280981239921871e-105
479,-0.6055995826376388,9.413379827740842e-106
480,-0.4223622661869367,4.0611532463718736e-106
481,-0.4196556049968105,2.4955192742728955e-106
482,-0.5938368556757245,1.4620151686938736e-106
483,-0.566385060923647,1.219974025675213e-106
484,-0.4601048607079385,5.263254607297947e-107
485,-0.4426201207855219,3.234192979457671e-107
486,-0.4335629466398521,2.790529694755184e-107
487,-0.5824205950821689,1.1643094726047618e-107
488,-0.5582188647964652,6.821177971058138e-108
489,-0.5317126676289654,5.691910814190275e-108
490,-0.49911097475977084,2.455624069580929e-108
491,-0.48440948114737037,1.5089450764957707e-108
492,-0.5295534762177985,8.840246650491345e-109
493,-0.5012307994520514,5.432202275384775e-109
494,-0.48846663980188554,4.687018323785922e-109
495,-0.4804842620582774,3.860336759726835e-109
496,-0.532197580259168,1.6873265965629319e-109
497,-0.49569065777823607,1.389721233501661e-109
498,-0.5181119129483139,6.074375747626553e-110
499,-0.5094393515453096,5.0029964406059777e-110
500,-0.5035594603204052,2.186775269145559e-110
501,-0.5234428461936285,1.8010787186181515e-110
502,-0.48932417963611363,7.872390968924011e-111
503,-0.5352951906344667,6.483883387025346e-111
504,-0.47895267739104114,2.834060748812644e-111
505,-0.5492281945433917,2.334198019329124e-111
506,-0.4926367572988003,1.8060880828633626e-111
507,-0.5207904444880223,8.403112869584849e-112
508,-0.4437288542947804,3.6729427304611865e-112
509,-0.5833051778535987,3.025120633050545e-112
510,-0.5017563047160597,2.3406901553909167e-112
511,-0.510984475466516,1.089043427898196e-112
512,-0.4078296370565249,4.760133778677698e-113
513,-0.35273088214559956,1.9860992197277335e-113
514,-0.3427513399415631,1.163568326523565e-113
515,-0.6773983653937786,7.14995719101984e-114
516,-0.6688044431221963,6.169133377166296e-114
517,-0.35288205917150783,2.5739845887671423e-114
518,-0.34752626210888865,1.5079845511745401e-114
519,-0.6720113295546313,9.26634451956171e-115
520,-0.662629904245707,7.995196856807518e-115
521,-0.3571257777791463,3.335884027042216e-115
522,-0.34737491529243625,1.9543479783222033e-115
523,-0.6687014534536433,1.2009182497351973e-115
524,-0.6541310419006409,1.036177512642254e-115
525,-0.3662788895938177,4.323305699046711e-116
526,-0.35853903274281695,2.5328349799055752e-116
527,-0.3705547400488305,2.113516297896499e-116
528,-0.6434326229817117,9.11820592766007e-117
529,-0.38202814682895536,7.608658672427396e-117
530,-0.6304285332823912,3.282554133957625e-117
531,-0.3939124263433704,2.739117122073862e-117
532,-0.3947470882581778,2.249256052579749e-117
533,-0.4047512801808285,1.7560715724650835e-117
534,-0.6043128433903147,8.097321789287097e-118
535,-0.5883761009006128,3.5498957902077243e-118
536,-0.4385173696642929,2.9150358441433547e-118
537,-0.5720614545839006,1.2779624844747807e-118
538,-0.5380331099386468,5.513430444261368e-119
539,-0.489075687867437,4.6006649441092103e-119
540,-0.46966996552102874,3.777886454009787e-119
541,-0.5409207465570023,1.6562393798793156e-119
542,-0.4931071741288892,7.145405855762731e-120
543,-0.4476568282520164,4.390747394594995e-120
544,-0.4179318784400315,3.788429158250436e-120
545,-0.5913105977075664,1.5806690620541983e-120
546,-0.4359346528585475,1.3638344969701566e-120
547,-0.41481061782114037,1.1232856539346276e-120
548,-0.5801807803196352,4.909804189092563e-121
549,-0.4464425436046027,4.04382835416466e-121
550,-0.3998669928312186,3.128916286931333e-121
551,-0.6050233267087273,1.4557782074992777e-121
552,-0.5024908478747606,6.363106229063962e-122
553,-0.523259606463447,5.240801546997399e-122
554,-0.49262927844796345,2.2907182424630255e-122
555,-0.5394475006659717,1.8866885569190636e-122
556,-0.46666811667231495,8.246585672866895e-123
557,-0.369895178043704,3.4407724933412656e-123
558,-0.3329217292963436,2.0157975252486353e-123
559,-0.6749104988975412,1.2386780976028557e-123
560,-0.35261292210386014,7.2568710908950865e-124
561,-0.3568217190262278,6.055473587510425e-124
562,-0.6453143407457179,2.612473592722231e-124
563,-0.38888564114778973,2.1799704915037534e-124
564,-0.611197312911557,9.40490493380003e-125
565,-0.42426097152924935,7.847893769413509e-125
566,-0.4211891828990196,6.444384001912076e-125
567,-0.42241526871670015,5.031352270821697e-125
568,-0.4171886938154048,3.7501067044287257e-125
569,-0.4014153178135411,2.6969055779148245e-125
570,-0.6030321699547252,1.350038413594341e-125
571,-0.4195327506282668,9.708860080493372e-126
572,-0.35861585272826185,6.800087132150623e-126
573,-0.3233242560817824,4.6686334468536153e-126
574,-0.31489061446688027,3.1559136202718864e-126
575,-0.3215624264105206,2.1071116873278786e-126
576,-0.3384124663527323,1.3927516234981286e-126
577,-0.6793466433981137,7.585602074380362e-127
578,-0.33953768788304833,5.013905844593262e-127
579,-0.3487956466302103,3.2864861941755426e-127
580,-0.6588796018590506,1.8050061040535746e-127
581,-0.6312682878450578,9.830940288396947e-128
582,-0.5552515799526268,5.300723011226582e-128
583,-0.44950081406076176,3.5391385038228996e-128
584,-0.3590968834727643,2.3392879108534324e-128
585,-0.6530149240832829,1.2740898613762444e-128
586,-0.5330026882196549,6.869737022549649e-129
587,-0.38743787601532664,3.658535575333106e-129
588,-0.6063682780376454,2.4731053281178735e-129
589,-0.3948948283603158,1.6512204603436126e-129
590,-0.2764396892059109,1.0914181676877772e-129
591,-0.7304531613356025,5.944393657237005e-130
592,-0.5671722710127955,3.205144505240763e-130
593,-0.4493387805954274,2.1399817166053212e-130
594,-0.575759338033254,1.1538520218866748e-130
595,-0.33190791522801216,6.144934888898689e-131
596,-0.6746742822773678,4.153867278792029e-131
597,-0.34238434147494495,2.2121765600035277e-131
598,-0.6595686176164717,1.4953922203651304e-131
599,-0.35809581973649346,7.963835616012697e-132
600,-0.6422402874444421,5.38341199331447e-132
601,-0.3811336477282894,2.8669808217645714e-132
602,-0.6287907421651644,1.9380283175932083e-132
603,-0.3951014967469961,1.0321130958352456e-132
604,-0.6173161984746831,6.976901943335551e-133
605,-0.29037850998682774,4.658274400069419e-133
606,-0.19629490950807077,3.07901060604146e-133
607,-0.7855511504344981,1.6769787840249908e-133
608,-0.6293818148453636,9.04206491856287e-134
609,-0.38494593045746445,6.037123622489965e-134
610,-0.6105258267208898,3.2551433706826334e-134
611,-0.3221735609784303,1.7335536695744108e-134
612,-0.6874491153685947,1.1718516134457478e-134
613,-0.3757118911730598,7.824112214746994e-135
614,-0.6199475829897658,4.218665808404693e-135
615,-0.3183912930410738,2.246685555768437e-135
616,-0.6865720229106269,1.5187196910256893e-135
617,-0.337830955219399,8.088068000766373e-136
618,-0.23011067860348455,4.241036353430863e-136
619,-0.24972942149814692,2.1798582857188387e-136
620,-0.2988558947981035,1.0912107735665354e-136
621,-0.7235518403174123,7.847489828587817e-137
622,-0.7408697316948687,5.496383114046399e-137
623,-0.2782165118060228,2.8250963382916147e-137
624,-0.7129350060233924,1.9786979210567031e-137
625,-0.6590098073840568,1.3584848423175208e-137
626,-0.5232137640623081,9.183117213222491e-138
627,-0.38399626837677764,6.131300135019513e-138
628,-0.31710336155894453,4.0526462211558815e-138
629,-0.7083943053063414,2.207268048607024e-138
630,-0.315583652477875,1.4589526396161172e-138
631,-0.7063889305661198,7.946164974985286e-139
632,-0.31386525507489654,5.252229502618023e-139
633,-0.2933551823071579,3.442701216180472e-139
634,-0.7310013678306341,1.8908026209424875e-139
635,-0.2882632875402019,1.2393724378249703e-139
636,-0.7274225854948685,6.806889435392957e-140
637,-0.6968838345270121,3.7073627307291345e-140
638,-0.5627449582350057,1.998964733916025e-140
639,-0.4650445171111689,1.3346505830624885e-140
640,-0.3266740438881214,8.82172870826927e-141
641,-0.6747479070819755,4.804742099024957e-141
642,-0.5165662529685696,2.5906582951551683e-141
643,-0.4999335733825743,1.7297071556489846e-141
644,-0.35012822274306293,1.1432960405916973e-141
645,-0.2812345557090234,7.494011195507368e-142
646,-0.28276853625488535,4.8776525226204804e-142
647,-0.3001679578997403,3.1556952435448583e-142
648,-0.7206371106451068,1.755954908143373e-142
649,-0.7309404437166555,9.712238509377547e-143
650,-0.6558463847583244,5.334162006984622e-143
651,-0.3719994510478474,3.4964058633759167e-143
652,-0.6355481710144459,1.9202983225144634e-143
653,-0.4643945094730155,1.0458877730193084e-143
654,-0.333908005521149,5.639299215505644e-144
655,-0.6937961415756435,3.7651959828695114e-144
656,-0.3242169926300023,2.0301477175820317e-144
657,-0.2962233141624449,1.0811720483004108e-144
658,-0.30508945823534117,5.6692030293524734e-145
659,-0.3244817015875796,2.91392437297998e-145
660,-0.7011070608738135,2.0409130905668904e-145
661,-0.7187524371242228,1.4011989745973321e-145
662,-0.2988654549989432,7.347287126040803e-146
663,-0.7168583009085447,5.044316308550395e-146
664,-0.6648003724898882,3.40986858881426e-146
665,-0.3551422597233219,1.8159538710781424e-146
666,-0.2938077080262197,9.522084115348879e-147
667,-0.28347934509400136,4.89427399964714e-147
668,-0.7345914379372107,3.427950281525596e-147
669,-0.6629536881131525,2.353476216917273e-147
670,-0.46139125411021087,1.590908288797181e-147
671,-0.3068762569393523,1.0622031690786704e-147
672,-0.2764207417008498,7.020914919300024e-148
673,-0.7480317155922858,3.823931408683212e-148
674,-0.6990170735445487,2.0618171422811466e-148
675,-0.4969315717347756,1.0980378637649222e-148
676,-0.5079848551840765,7.422541712212126e-149
677,-0.28423454407023196,4.9558151056534415e-149
678,-0.22871552938632467,3.2756780647486193e-149
679,-0.7974090389674447,1.7840934380352395e-149
680,-0.21968619139706355,1.1792441033095029e-149
681,-0.7969941829705808,6.42273637692686e-150
682,-0.2191984981652465,4.2452787719142086e-150
683,-0.8010589515854766,2.3121850956936692e-150
684,-0.21385948289450452,1.528300357889115e-150
685,-0.23096966388776682,1.001761537299784e-150
686,-0.7933177096434704,5.501881288400815e-151
687,-0.2254177191976363,3.606341534279221e-151
688,-0.7962589292182826,1.9806772638242936e-151
689,-0.2235716916740788,1.2982829523405198e-151
690,-0.7902036894720212,7.130438149767454e-152
691,-0.7331460542292922,3.883583081688618e-152
692,-0.27279306338029247,2.5669577339162838e-152
693,-0.2095045599392496,1.6825747062333128e-152
694,-0.7983035698074609,9.24104784209862e-153
695,-0.21867120156163528,6.057268942439927e-153
696,-0.2342266119704941,3.9425152120129044e-153
697,-0.7762998793398929,2.1806168192783734e-153
698,-0.721223715616565,1.197639800335981e-153
699,-0.49858828175144826,6.522928281333508e-154
700,-0.2910925195366696,3.517083313205968e-154
701,-0.24706453912480103,1.8730519640763245e-154
702,-0.778351843330418,1.2661499927541486e-154
703,-0.2466110987430842,6.742987070674766e-155
704,-0.2713162929902232,3.5357335391760184e-155
705,-0.29917922115690315,1.817338360052438e-155
706,-0.72278152285756,1.2728640741033773e-155
707,-0.747405588029827,8.738911243594534e-156
708,-0.27327701699775836,4.582310666771938e-156
709,-0.2892618153359206,2.3552705146281205e-156
710,-0.7325430165499367,1.6496318400381807e-156
711,-0.2783468233214244,8.478973852659384e-157
712,-0.2956991781541443,4.244472072997139e-157
713,-0.7281258426216726,3.0524305869841505e-157
714,-0.2881722984359666,1.528009946276461e-157
715,-0.7273769824627453,1.0988750112695568e-157
716,-0.6909322899983883,7.696522311439995e-158
717,-0.5517595364403404,5.284085452783643e-158
718,-0.38423153282894873,3.571948289513351e-158
719,-0.29646153730044833,2.384885935967283e-158
720,-0.7287936710690974,1.2859013796540484e-158
721,-0.619130288481563,6.848174795583898e-159
722,-0.41480847609364185,4.62924514291105e-159
723,-0.3061927473302449,3.0908121535784157e-159
724,-0.2857306055713805,2.0429542844432888e-159
725,-0.7429316579008305,1.1126915907646696e-159
726,-0.2801224624555608,7.354648078185782e-160
727,-0.7489833147489178,4.0056611647968247e-160
728,-0.734707976406982,2.1598468965579212e-160
729,-0.5932000128509516,1.1502175773793717e-160
730,-0.3695806216342919,6.0318800802756655e-161
731,-0.2703900343431896,3.099114065611843e-161
732,-0.7398334534164508,2.1710732903391698e-161
733,-0.2828978485051727,1.1132042762495151e-161
734,-0.727003291340725,7.796528708346648e-162
735,-0.5949777062096706,5.346205742849903e-162
736,-0.386576368963137,3.6629619697363737e-162
737,-0.27838899900300323,2.432935278262833e-162
738,-0.7449615263464698,1.3326123818261265e-162
739,-0.6155296460727799,7.030196408402511e-163
740,-0.407233326001484,4.7645935121555777e-163
741,-0.2716254014078401,3.216731663069102e-163
742,-0.25852268025626113,2.074823876367905e-163
743,-0.7686752983668301,1.1300498979868129e-163
744,-0.24321800634190496,7.469365954924458e-164
745,-0.26954811746399715,4.895977078742975e-164
746,-0.749895144989121,2.688971743772805e-164
747,-0.7602269248093526,1.464544667790909e-164
748,-0.6781130759340502,7.896646092633664e-165
749,-0.45364288477294734,4.205424539670817e-165
750,-0.5750667257769608,2.842792593348119e-165
751,-0.33604158593463973,1.8980498894570192e-165
752,-0.6669329280472616,1.0234053336053228e-165
753,-0.351013437717458,6.832979602045265e-166
754,-0.23070657039036907,4.516439964388702e-166
755,-0.24215525185038594,2.9604101173523846e-166
756,-0.28081561628297885,1.9268521890588704e-166
757,-0.7332910583264077,1.0657476422468582e-166
758,-0.2874006677817419,6.936667880611935e-167
759,-0.30630980517902484,4.487816574752076e-167
760,-0.7053445275969281,2.4972004370202963e-167
761,-0.3179956541846397,1.6156139669107473e-167
762,-0.6925919682220494,8.989921573273065e-168
763,-0.6152612573884172,4.9723521996669395e-168
764,-0.39308695877009403,3.2363717663783026e-168
765,-0.606869590612984,1.7900467918800985e-168
766,-0.4093204272238223,1.165093835896189e-168
767,-0.5994753956938015,6.444168450768353e-169
768,-0.40413683650535587,3.539270424990884e-169
769,-0.6065986087670057,2.3199006422766074e-169
770,-0.4314576723598302,1.274137352996718e-169
771,-0.5796586745505856,8.351642312195785e-170
772,-0.37000676218187206,5.435861800757257e-170
773,-0.26981310148813703,3.516839944966201e-170
774,-0.7343314262077314,1.956910248272613e-170
775,-0.5941167166211305,1.0823728436605738e-170
776,-0.4245680511752451,7.044876893781405e-171
