t,lambda,delta_s
1,-1.269303008296373,0.985164185182504
2,0.5771475847561455,0.8023364541219427
3,-0.07907022730765889,0.8360760273764803
4,0.6500262643735533,0.7122499439424095
5,0.39947088979420675,0.535536648594623
6,0.15845278749055744,0.4605630687449989
7,0.02892513637562054,0.45220896497989316
8,0.17160876674399758,0.39988162928492693
9,-0.3480410307376596,0.22364334023614313
10,0.03736959203287866,0.2037887886147886
11,-0.1874544567510665,0.20298423955637362
12,-0.5699924006602015,0.10379806630869133
13,-0.18277693168674844,0.0911870235800015
14,-0.8124035346735243,0.041919941344221674
15,-0.2289455060182578,0.03440731284991833
16,-0.17881008094504136,0.03200046765215309
17,-0.23872011598794513,0.027655225189986664
18,-0.7480093953567666,0.011233541889058363
19,-0.673748901093637,0.00549191274619265
20,-0.4829300405961369,0.004177287122767109
21,-0.5383611075200307,0.0019696511753400066
22,-0.3495788716645027,0.0014501461718036336
23,-0.26889591000925755,0.001303118162884453
24,-0.2760707768848773,0.0010727328062021216
25,-0.7305266594384014,0.00046923924463740667
26,-0.2923930153690626,0.0003863161084816901
27,-0.2828805534143472,0.00029903806930140305
28,-0.7393742836249882,0.00013905889258260186
29,-0.6628798174439141,6.0832436003714845e-5
30,-0.3521360750693871,5.006410238530697e-5
31,-0.2527504348022907,3.8765064684024805e-5
32,-0.24740045438287614,2.8647825240043054e-5
33,-0.7787669486450685,1.3955292569786663e-5
34,-0.7197910389502398,6.488118745747298e-6
35,-0.2900605979352755,5.023930076095314e-6
36,-0.21048161433170587,3.712829914097308e-6
37,-0.2253958954589869,2.6529828080127565e-6
38,-0.7988434187693794,1.336618175933521e-6
39,-0.21600660942877975,9.550743145246734e-7
40,-0.8062277591868992,4.811824471311427e-7
41,-0.20734361837133883,3.4382682829139157e-7
42,-0.8155649504738474,1.7322566473506728e-7
43,-0.6675750075795281,8.438241194657139e-8
44,-0.33153073056789073,3.923105470252077e-8
45,-0.6810235999630515,3.037766920002119e-8
46,-0.3318302389426143,1.4123179543728939e-8
47,-0.20113778492733367,6.179258207788801e-9
48,-0.8124887744517464,5.084344667723611e-9
49,-0.21532864545846944,2.2245329589304926e-9
50,-0.23381634875705393,8.981532362660157e-10
51,-0.2858459772568605,4.534153724440241e-10
52,-0.3341987725788816,3.5132932486544807e-10
53,-0.6848806664693234,1.6322953403835904e-10
54,-0.32604861473847585,1.264785569629305e-10
55,-0.6946439981709652,5.876263224808057e-11
56,-0.7121330412885315,4.190423732699329e-11
57,-0.7127294409197288,3.736361144465248e-11
58,-0.3108244158586026,1.5085525438023065e-11
59,-0.3057570578177764,7.615637140946757e-12
60,-0.7102232804174792,5.4307891576745325e-12
61,-0.3132224111436469,2.741629370761175e-12
62,-0.3302528800918606,2.124354080089929e-12
63,-0.6761065546450916,9.869865734726549e-13
64,-0.3566380216096713,7.647674688327019e-13
65,-0.3642379006645912,6.432292997148267e-13
66,-0.3732196034425818,5.294314853425075e-13
67,-0.38157758999109836,4.077225221498507e-13
68,-0.6415810826780253,1.9059533472331155e-13
69,-0.3712911425051432,1.467801079739575e-13
70,-0.6510551903700028,6.861432050039068e-14
71,-0.3681708330415134,5.284083887062412e-14
72,-0.65373181684165,2.4701155380140447e-14
73,-0.3723662774191197,1.902270199342445e-14
74,-0.6504018995249252,8.892415936850581e-15
75,-0.36743375674737366,6.8481727176328064e-15
76,-0.35918076727326453,5.038405129746991e-15
77,-0.6600758065952742,2.4653421783478037e-15
78,-0.6445994389957095,1.152457105415825e-15
79,-0.5838866355061046,5.040612639420875e-16
80,-0.4700668839572877,2.1574930832215545e-16
81,-0.36151388336001644,1.0023831363327182e-16
82,-0.317119206205787,7.148097221105249e-17
83,-0.6954948273454095,3.608579290797785e-17
84,-0.3223331096480258,2.5733149995978887e-17
85,-0.7042458788138416,1.2990885446872026e-17
86,-0.6436795036976534,1.0065999729078484e-17
87,-0.5048928030216969,8.466293638973532e-18
88,-0.5230478301386845,3.623759902468255e-18
89,-0.5028333466828308,3.0478657100304717e-18
90,-0.32932012542355404,2.5086482700668594e-18
91,-0.274106457575079,1.931944790168375e-18
92,-0.7533454067359913,9.031133772240692e-19
93,-0.2587289956851627,6.95500124460615e-19
94,-0.7597259275859969,3.251208158006648e-19
95,-0.6610569193589236,1.4220122256718165e-19
96,-0.3996775758302091,6.086525112344117e-20
97,-0.615560853088667,5.119244012418539e-20
98,-0.33100789739667896,4.2135657727766155e-20
99,-0.6897300500726895,1.8429278444706743e-20
100,-0.3290678433526266,1.5168836781995813e-20
101,-0.20854825106251404,1.16817313704604e-20
102,-0.814803548258737,5.460781241518493e-21
103,-0.6812316601600636,2.3884344864339935e-21
104,-0.33715665539372175,1.9658812469466576e-21
105,-0.19886431677752728,1.5139523856116676e-21
106,-0.8224796118030285,7.077172489007965e-22
107,-0.1980214538426805,5.450228588202003e-22
108,-0.22799325220943478,4.0098958962271873e-22
109,-0.7845244117046144,1.962082291752721e-22
110,-0.799202951841043,9.172015545754322e-23
111,-0.6695098423375366,4.011652778366317e-23
112,-0.3495509988031018,3.3019255964715566e-23
113,-0.2288949406477382,2.5428586501115255e-23
114,-0.2484092623671361,1.870857029343756e-23
115,-0.7654953907614216,9.154291140401496e-24
116,-0.782861014407207,4.279295573027136e-24
117,-0.2432381047191476,3.2955448105445377e-24
118,-0.7681685376299232,1.5405464062897692e-24
119,-0.7148094086244481,6.738036192988519e-25
120,-0.5294573240987813,2.884027700755723e-25
121,-0.32939608449015967,1.339935110075665e-25
122,-0.25188684832340336,9.555215056624827e-26
123,-0.26043778450323424,8.5198386944391e-26
124,-0.7679620679062872,3.439877420384938e-26
125,-0.7694249180906767,1.7365559026580622e-26
126,-0.2457882999215826,1.2383558713385773e-26
127,-0.7750507767542347,6.2516012495690215e-27
128,-0.594918872089694,4.844059070632524e-27
129,-0.32061244993537263,4.0742328233961355e-27
130,-0.23690356294075426,3.3534342049998474e-27
131,-0.26179756305657914,2.582526143192332e-27
132,-0.30619270528789183,1.900041588329532e-27
133,-0.7058807210327248,9.297094115492396e-28
134,-0.3233033078504425,6.840149717986316e-28
135,-0.35747783701142466,4.8728233839813045e-28
136,-0.6538547209395764,2.462453898475072e-28
137,-0.37745001052663835,1.7542164182332696e-28
138,-0.6332023676827668,8.864834034510265e-29
139,-0.6363466569616187,4.337652230524131e-29
140,-0.3905693867035442,3.191340252423694e-29
141,-0.40275148367713437,2.273464478030316e-29
142,-0.4182912082842786,1.5811535742305874e-29
143,-0.5847130391454084,8.184472120909139e-30
144,-0.4441287241475092,5.6921528672301146e-30
145,-0.5572913895072387,2.94640996352729e-30
146,-0.4683684047118203,2.049175032202841e-30
147,-0.5320710768510594,1.0607075868698241e-30
148,-0.4529614031766237,5.360226149414875e-31
149,-0.5697283652654264,3.818547312731366e-31
150,-0.4871878609829428,2.6557308417348823e-31
151,-0.40679595027279447,1.8131725393169458e-31
152,-0.6037679525458971,9.560631030245573e-32
153,-0.471586154320851,4.94883731729985e-32
154,-0.5512216930771072,3.441827170888408e-32
155,-0.40853172413641986,2.3498716109547615e-32
156,-0.6191576010064342,1.239057781519826e-32
157,-0.40259414190523507,8.459537799437143e-33
158,-0.3226766746906401,5.692506249807104e-33
159,-0.3069337658691656,3.786421078729838e-33
160,-0.7219481721946083,2.049302249930557e-33
161,-0.2924401159607881,1.3631115883427417e-33
162,-0.31397412136856806,8.981456225462763e-34
163,-0.33827470314339003,5.87106906340229e-34
164,-0.6919164315227673,3.233324241166594e-34
165,-0.3220331276427884,2.113584862824824e-34
166,-0.6988026461011553,1.1639967268199738e-34
167,-0.31472000421793767,7.608905506169365e-35
168,-0.3106335024557096,4.940555573908383e-35
169,-0.311723216556766,3.189573753978845e-35
170,-0.7165295877811659,1.778600006607017e-35
171,-0.291977483378352,1.1482465514323844e-35
172,-0.2755823543275267,7.376186928389565e-36
173,-0.7470017488701229,4.133687585156583e-36
174,-0.26415513528717904,2.6554272942202422e-36
175,-0.7732037865768853,1.4881275306563696e-36
176,-0.24283107276120583,9.559538259192873e-37
177,-0.2469269830995099,6.1143029253546116e-37
178,-0.2810799355544326,3.895786077117807e-37
179,-0.7455778097325485,2.2011490531276593e-37
180,-0.776376073486654,1.2389161583913958e-37
181,-0.23995388759177796,7.924136591259573e-38
182,-0.7939770691560399,4.4600981702090264e-38
183,-0.7227981895506277,2.4994828105309285e-38
184,-0.44015895220249657,1.3937850277889894e-38
185,-0.2543765391670716,7.727601135006323e-39
186,-0.2528753583023061,4.2557564569685227e-39
187,-0.7532690620120259,2.7819364086022754e-39
188,-0.7434513133403393,1.80634539601453e-39
189,-0.6316762690060869,1.16615870008131e-39
190,-0.3833542358781399,6.502843425652308e-40
191,-0.28704908142671615,3.605389585548549e-40
192,-0.286709972654254,1.985565732563234e-40
193,-0.3107556056515281,1.0848543186660635e-40
194,-0.6957514849611985,7.148036637227641e-41
195,-0.33558361857583247,3.9054755471978283e-41
196,-0.674806299441131,2.573293189401951e-41
197,-0.635128647296573,1.6821305650335305e-41
198,-0.38886355177241466,9.263855481847024e-42
199,-0.35465101705346697,5.061496309168384e-42
200,-0.6450552245823843,3.334987973464928e-42
201,-0.3922416961126895,1.8221386713006183e-42
202,-0.6086998738571047,1.2005956704473737e-42
203,-0.5045559100187246,7.848148364220438e-43
204,-0.5230692758782353,4.322144413610545e-43
205,-0.42435288369064494,2.361491718005601e-43
206,-0.36100515390428856,1.278096173213953e-43
207,-0.3334585397086057,6.8376860192905e-44
208,-0.6605036748634076,4.601146223570231e-44
209,-0.3518488665196393,2.46156696694458e-44
210,-0.275517909923127,1.2979533396233516e-44
211,-0.25972122738826403,6.718552261792516e-45
212,-0.7638456305570781,4.672632022644066e-45
213,-0.711927074196555,3.190190789160175e-45
214,-0.31029880369594653,1.6821475281518642e-45
215,-0.6995292754449287,1.1484686840976629e-45
216,-0.30438141731738766,6.055731101346708e-46
217,-0.1924592012987468,3.1346077432619154e-46
218,-0.22359335242099693,1.584056397972472e-46
219,-0.792322922987308,1.1284587875742896e-46
220,-0.8082082243604182,7.848227507345334e-47
221,-0.1925013931640321,4.0624516352674414e-47
222,-0.2055351137823481,2.0529370917723237e-47
223,-0.2650043831876512,1.0045227153250246e-47
224,-0.7393573855145801,7.390573530380364e-48
225,-0.7561605455190534,5.2649373193066036e-48
226,-0.7217836842151575,3.661669025827038e-48
227,-0.5595385860718207,2.499966344992956e-48
228,-0.33306079119425513,1.6822519599270177e-48
229,-0.24438585399773077,1.1189648287198785e-48
230,-0.2693363786144306,7.372788635153958e-49
231,-0.3102370733537336,4.819502559522423e-49
232,-0.7032284442205899,2.6542039086554243e-49
233,-0.7300902968921542,1.4501784180209624e-49
234,-0.7524601637297107,7.8487147442354915e-50
235,-0.7269833584488625,4.1989834725116874e-50
236,-0.5912456040451242,2.2140712376940614e-50
237,-0.43397679251228966,1.5116340501042071e-50
238,-0.3030552454582561,1.0171934308529195e-50
239,-0.7070089646834216,5.441882580375146e-51
240,-0.551703511763983,2.8694363240515034e-51
241,-0.4773250072901431,1.959077728935053e-51
242,-0.3114706350275901,1.3182826863853835e-51
243,-0.2659610231684436,8.768674345545705e-52
244,-0.2775485795309488,5.777624184503282e-52
245,-0.3068960692302241,3.7767628943550695e-52
246,-0.7069157175915718,2.079944706421182e-52
247,-0.7125919680997652,1.1364201951827229e-52
248,-0.659148563423698,6.150579701599644e-53
249,-0.5027987635288239,3.2904982987629766e-53
250,-0.33415299822753947,1.7350384179089119e-53
251,-0.27949239098536904,8.981021066844754e-54
252,-0.2896512438483604,4.538508498181899e-54
253,-0.7190643371701849,3.233167584064111e-54
254,-0.6969000072400974,2.2486097896099487e-54
255,-0.5898090926676947,1.5352148862708535e-54
256,-0.42499933529565453,8.094995242595818e-55
257,-0.3148329696417424,4.1901851889470876e-55
258,-0.7184521855421999,2.9141982873344938e-55
259,-0.3077961252700904,1.5084666680209515e-55
260,-0.7131636000157179,1.0491113834404177e-55
261,-0.30787558779532115,5.430480004875423e-56
262,-0.7126319941980204,3.7768009803855026e-56
263,-0.6548077768447269,2.5785714864187048e-56
264,-0.5009045390537129,1.7351461332780512e-56
265,-0.3519949682896736,1.1541478577987014e-56
266,-0.29198813146892466,7.604607393246108e-57
267,-0.7344685905981583,4.154932288075324e-57
268,-0.6586413281253296,2.2487493887283544e-57
269,-0.3607941813585907,1.4957756237071168e-57
270,-0.2824502816378102,9.855571181646953e-58
271,-0.7299217455731943,5.38479224534562e-58
272,-0.6327901144074977,2.914379207791946e-58
273,-0.38551387298953177,1.9385252083244232e-58
274,-0.6324499592830278,1.0491765148051008e-58
275,-0.3848760284972679,6.978690749967922e-59
276,-0.2886200682288336,4.5982152905092025e-59
277,-0.28616560398985613,3.005797596879227e-59
278,-0.31731380233705586,1.951701208440731e-59
279,-0.3586094233867814,1.259998973177584e-59
280,-0.38855604292739215,8.094069992322599e-60
281,-0.5965834770781792,4.5359963034393035e-60
282,-0.43213894336267134,2.913865197236135e-60
283,-0.4197169735259931,1.8637149636821627e-60
284,-0.5843721104129237,1.0489914710050086e-60
285,-0.5218307924894612,5.8786512092573355e-61
286,-0.51617711812786,3.776369295618031e-61
287,-0.48515677572205484,2.1163144353326406e-61
288,-0.5457440718987803,1.359492946422491e-61
289,-0.4558115343216502,7.618731967197506e-62
290,-0.34600046526264544,4.248428715683638e-62
291,-0.6690460081504532,2.7427435081911014e-62
292,-0.3237296563209006,1.5294343376461089e-62
293,-0.27557909172164224,8.479685380363419e-63
294,-0.28912644986933395,4.669945456561621e-63
295,-0.32449129271996774,2.5515199086084624e-63
296,-0.6779348813636735,1.6811803643621839e-63
297,-0.6621401710672008,1.0989672252950989e-63
298,-0.3601077043866651,6.0522493117038616e-64
299,-0.3587730697480109,3.306769801556567e-64
300,-0.6532282947887929,2.1788097522133898e-64
301,-0.6466619050418526,1.424261523982448e-64
302,-0.6261486986158855,9.247904584055305e-65
303,-0.5874086077982505,5.9703556208090604e-65
304,-0.5224472665143612,3.835279020269036e-65
305,-0.4821953720789437,2.1493280234912616e-65
306,-0.40505569388365886,1.1985284340935674e-65
307,-0.6207251344944348,7.737580884568541e-66
308,-0.3946027824145257,4.314702362736841e-66
309,-0.35504034822820735,2.392212443865303e-66
310,-0.6624817096977464,1.553292850585263e-66
311,-0.36308780928100093,8.61196479791509e-67
312,-0.6596776493715086,5.591854262106945e-67
313,-0.631880370285129,3.610045737504298e-67
314,-0.5696035045972099,2.31904656248695e-67
315,-0.4723516604247171,1.4832675801482381e-67
316,-0.5392099702835537,8.34856762495302e-68
317,-0.47829308180752267,5.339763288533657e-68
318,-0.3813652147667576,3.402280804294258e-68
319,-0.3400342919742852,2.160446427752063e-68
320,-0.6729563594748712,1.2248210895459323e-68
321,-0.6084069791201651,6.92033322193962e-69
322,-0.4183273797370733,4.4093559223653565e-69
323,-0.5929592138110894,2.4913199598982623e-69
324,-0.4298804502452689,1.587368132051528e-69
325,-0.5799004107806622,8.968751855633739e-70
326,-0.4376261397712272,5.048059593583111e-70
327,-0.35049258111411896,2.8289821656785187e-70
328,-0.32571054863054394,1.577523545987995e-70
329,-0.6903161971785613,1.018433579644267e-70
330,-0.6462275406751751,6.542285233283709e-71
331,-0.3784446048949452,3.666360886719359e-71
332,-0.32548895791228366,2.044470515600441e-71
333,-0.6903325868317001,1.3198899192189696e-71
334,-0.33375937414407786,7.360093856161589e-72
335,-0.32002722936731104,4.0806773284723513e-72
336,-0.6977197681925498,2.649633788218172e-72
337,-0.6458308811863319,1.7105773353077841e-72
338,-0.497038310246648,1.0988526954387051e-72
339,-0.5349557456734222,6.158078407108023e-73
340,-0.47306035494644455,3.955869703579337e-73
341,-0.32895360945071117,2.530183471744273e-73
342,-0.7129135817042396,1.4241130932885613e-73
343,-0.29654692387219334,9.10866049827938e-74
344,-0.7398171478872765,5.1268071358388195e-74
345,-0.5858280025907691,2.873113061620319e-74
346,-0.330502508770768,1.6021322297394664e-74
347,-0.6831754239177177,1.0343207021833147e-74
348,-0.3737577598479388,6.64434204804711e-75
349,-0.20446482006388167,4.2497366420772277e-75
350,-0.8245902192475316,2.3919631372969594e-75
351,-0.18828331486439148,1.5299051911478018e-75
352,-0.20622639789220143,9.74793597201138e-76
353,-0.8172842586365013,5.5076586881320867e-76
354,-0.8410725906667668,3.099984225936859e-76
355,-0.6478277484869558,1.7372616005183308e-76
356,-0.27278973222278746,9.687480937869895e-77
357,-0.17109387771683948,5.371057028040412e-77
358,-0.21394447041119374,2.95795683919062e-77
359,-0.2640194300324868,1.6161400243754302e-77
360,-0.7603066360363372,1.0648644621086232e-77
361,-0.808170018730614,6.960889908340372e-78
362,-0.21319922997078375,3.833512063591043e-78
363,-0.8018495937356666,2.505920367002534e-78
364,-0.7343351897490779,1.627124798294128e-78
365,-0.2918903793794783,9.021313321209123e-79
366,-0.21472347900489744,4.968231634413991e-79
367,-0.23518049214482162,2.7144946431813614e-79
368,-0.2760580577273719,1.4691498552406292e-79
369,-0.7512700466642763,9.772180715452897e-80
370,-0.7721885956233606,6.4388281982005325e-80
371,-0.6622987038059704,4.208983943143328e-80
372,-0.3987104121013399,2.73294484521159e-80
373,-0.6269359853047776,1.5152342195315978e-80
374,-0.37910382962588596,8.344721344867887e-81
375,-0.24432551722241197,4.559308634601705e-81
376,-0.7642479463869376,3.0040996841524407e-81
377,-0.5631884624160962,1.9637435485129503e-81
378,-0.4589419491069179,1.081475886294878e-81
379,-0.25646499235125403,5.908863990443808e-82
380,-0.21754303016677665,3.198019453824756e-82
381,-0.2476397585035849,1.7109082530032772e-82
382,-0.2928504808250049,9.02140429488772e-83
383,-0.7351429199809737,6.159269710811797e-83
384,-0.2838383216913028,3.2477055461595796e-83
385,-0.7332426924933764,2.2173370958922462e-83
386,-0.702251529569453,1.4920679563764783e-83
387,-0.5662556421253849,9.924622500173262e-84
388,-0.45998587336627444,5.371444642955319e-84
389,-0.2999500781908131,2.873668876276351e-84
390,-0.703897576590827,1.9337200714639151e-84
391,-0.5102455506753053,1.2862310760224545e-84
392,-0.32332257984004015,8.474895381947882e-85
393,-0.2873598424663798,5.539936380412682e-85
394,-0.29737481208021843,3.5971485703369024e-85
395,-0.7081725356666607,1.994377096948566e-85
396,-0.6874958495066681,1.0983464415004456e-85
397,-0.6043201618687043,6.001039708290363e-86
398,-0.48567754982236805,3.247907171551935e-86
399,-0.5419060049232628,2.160374294984531e-86
400,-0.45886969464740285,1.1692465817586966e-86
401,-0.5690626862777121,7.7773474619443115e-87
402,-0.4568772498064669,5.124445157464476e-87
403,-0.5444852230711099,2.7998450862999516e-87
404,-0.4898054860793493,1.8448002566872115e-87
405,-0.37624566298473916,1.20592356554461e-87
406,-0.6225584712188434,6.641280924073963e-88
407,-0.40281371451021497,4.341324835960595e-88
408,-0.5942754803630215,2.3908611326666262e-88
409,-0.41989830852721843,1.5628769409458143e-88
410,-0.5779059016911177,8.607100077599855e-89
411,-0.45348118237268653,5.6263569874049314e-89
412,-0.5436633754485404,3.0985560279359467e-89
413,-0.4788053613380225,2.0254885154657752e-89
414,-0.5197626979858581,1.1154801700569407e-89
415,-0.5042710658061068,7.291758655676789e-90
416,-0.49677017389199835,4.015728612204988e-90
417,-0.520428454180078,2.6250331160436443e-90
418,-0.47791987136983327,1.4456623003937957e-90
419,-0.53965087134576,9.45011921775712e-91
420,-0.11232723127482687,6.136078196467671e-91
421,-0.9026421974940944,3.402042918392562e-91
422,-0.11790377969997612,2.2089881507283614e-91
423,-0.11878829095971595,1.4261008752988685e-91
424,-0.21026382983616076,9.161087069516761e-92
425,-0.7965334402525533,5.1339631510759246e-92
426,-0.8239801306111731,2.862848643343956e-92
427,-0.18588611087120277,1.848226734387333e-92
428,-0.2081593648757404,1.1872768842093719e-92
429,-0.2616195725148486,7.593850591419876e-93
430,-0.3061446331130228,4.838493899785082e-93
431,-0.6880509944498012,2.733786212911155e-93
432,-0.6394542425093529,1.5387108419353458e-93
433,-0.543653752899562,8.623086651957541e-94
434,-0.4431174586441833,4.8084863869388e-94
435,-0.5749669667478268,3.104311194704715e-94
436,-0.4551472134064318,1.7310550992979684e-94
437,-0.5480875162168688,1.1175520300936972e-94
438,-0.4350641372244332,7.179009304133548e-95
439,-0.37257308213991425,4.59171106378498e-95
440,-0.3611756405096443,2.92565223719331e-95
441,-0.64218467530178,1.653015982962593e-95
442,-0.5983365778985903,9.30399605815708e-96
443,-0.4314161522134696,5.9508575386653345e-96
444,-0.40254011001454665,3.791645299402528e-96
445,-0.600930854221211,2.14230871391952e-96
446,-0.5297714133395259,1.205797889137157e-96
447,-0.4538360445843123,6.757409774080274e-97
448,-0.563566735961434,4.3408724008937644e-97
449,-0.4570921733386958,2.4326675186688984e-97
450,-0.39784224325276535,1.3565268586060346e-97
451,-0.6099760023126513,8.757603067208036e-98
452,-0.4188483943694557,4.8834966909817256e-98
453,-0.38136038013377876,2.707570666897941e-98
454,-0.6119510225037003,1.7580588087534207e-98
455,-0.5170482242168146,1.1349853575101611e-98
456,-0.4287940081691336,7.290998738499578e-99
457,-0.5841978777795357,4.08594728703658e-99
458,-0.4307223619346147,2.6247595458598486e-99
459,-0.5678488703385458,1.4709410233331686e-99
460,-0.4477710525211903,8.202399178119959e-100
461,-0.35992225819815105,4.547679013252451e-100
462,-0.640264759298963,2.952863704123185e-100
463,-0.4984550531316749,1.9063395662397865e-100
464,-0.37529927586493717,1.2246078137163703e-100
465,-0.6455154460783462,6.86282243846323e-101
466,-0.38115981200968285,4.408588129378934e-101
467,-0.610874840348143,2.470616077846762e-101
468,-0.41274270596482976,1.587091726576416e-101
469,-0.34644570460274693,1.0151075630960027e-101
470,-0.34010681805892784,6.46785407816057e-102
471,-0.6493208196506521,3.65438722714561e-102
472,-0.38723857929651195,2.328427468137805e-102
473,-0.5905602231099732,1.3155794017724196e-102
474,-0.45919333141107105,7.404735159514925e-103
475,-0.5817328344706636,4.736085846380709e-103
476,-0.42098395199438904,2.665704657425373e-103
477,-0.333433889854184,1.49388706591512e-103
478,-0.6875649205470786,9.596536766731341e-104
479,-0.6038466764855226,6.137967256909397e-104
480,-0.3991192964704953,3.454753236023282e-104
481,-0.6322435105676223,2.209668212487383e-104
482,-0.4534114365608272,1.4079110509165485e-104
483,-0.531514394369528,7.954805564954579e-105
484,-0.4913496271922887,5.068479783299573e-105
485,-0.5162129903336768,2.8637300033836482e-105
486,-0.2638112618650994,1.6118496697990222e-105
487,-0.22437236779635944,9.032963825174721e-106
488,-0.791986697848262,5.802658811276479e-106
489,-0.22757112240322613,3.2518669770628995e-106
490,-0.7845708087415791,2.0889571720595323e-106
491,-0.7343984293644685,1.3361018703786744e-106
492,-0.2836379601112812,7.520245819414314e-107
493,-0.23815433772344016,4.2144196022735164e-107
494,-0.27472731699530456,2.3500841524977433e-107
495,-0.7334621677672305,1.5171910568184658e-107
496,-0.2955525642522943,8.460302948991876e-108
497,-0.33163017681585377,4.690669318986596e-108
498,-0.3634582895653958,2.5832526670341693e-108
499,-0.3904403987950714,1.411412760644224e-108
500,-0.6151804172585342,9.299709601323008e-109
501,-0.5969504189337265,6.079107437406629e-109
502,-0.4349239811832652,3.3478954564762827e-109
503,-0.4331578895062645,1.8291909377949146e-109
504,-0.4339781724282059,9.900021752554697e-110
505,-0.5710662188940865,6.585087376061689e-110
506,-0.456352031089055,3.564007830919691e-110
507,-0.5475302613258768,2.3706314553822082e-110
508,-0.47289727902239626,1.561994104173574e-110
509,-0.5640164715573063,8.53427323937595e-111
510,-0.44582870730071705,5.623178775024866e-111
511,-0.3802290500642407,3.675803802331381e-111
512,-0.6395046467414017,2.0243443590089523e-111
513,-0.3859809090914611,1.3232893688392968e-111
514,-0.35201382910580226,8.592280009012865e-112
515,-0.6618768576127632,4.76384172782147e-112
516,-0.3619431519781853,3.0932208032446316e-112
517,-0.652630102596931,1.7149830220157291e-112
518,-0.610226669546215,9.444781041392167e-113
519,-0.5434303631984095,5.1603486772419614e-113
520,-0.4685981015435451,3.40012117490118e-113
521,-0.39921494709159144,2.2226179965323842e-113
522,-0.623373144894945,1.2240436229644245e-113
523,-0.5540523138905369,6.68781188570558e-114
524,-0.46383555575752927,3.6196048087409895e-114
525,-0.5469881568614989,2.4076122788540093e-114
526,-0.4808254835023352,1.303057731146756e-114
527,-0.536483380412036,8.667404203874433e-115
528,-0.4906286118401578,4.691007832128323e-115
529,-0.5307552166423368,3.120265513394795e-115
530,-0.4381178336345481,2.055923253829015e-115
531,-0.5732735200452773,1.1232955848221263e-115
532,-0.47700401663336645,6.079546150438305e-116
533,-0.5404488592930149,4.0438641053596543e-116
534,-0.48170394696939306,2.1886366141577894e-116
535,-0.41602421461443395,1.1708985827179095e-116
536,-0.394373852044165,6.174001139141775e-117
537,-0.38200128067923256,3.195827465548766e-117
538,-0.3991754812937351,1.6149934404075386e-117
539,-0.4015876462363288,7.902324929936044e-118
540,-0.5965476293145486,5.813976385467138e-118
541,-0.5720488956959415,4.1417923953512e-118
542,-0.4590040447846805,2.09303149876817e-118
543,-0.43230176073472476,1.0241413109197113e-118
544,-0.3993879917666314,4.787485246815858e-119
545,-0.3690502364466171,2.0939485324647983e-119
546,-0.35883871267573636,8.962560304839792e-120
547,-0.6609671950640034,7.538214716873277e-120
548,-0.3583279071303584,3.2265217097423244e-120
549,-0.6474989445552491,2.713757298074378e-120
550,-0.6076015251627793,2.2336491167544063e-120
551,-0.40448794090272144,9.769526273067763e-121
552,-0.6242417989156384,8.041136820315862e-121
553,-0.5427127306411662,6.192590875494198e-121
554,-0.48185319806906907,2.894809255313711e-121
555,-0.4007374578498244,1.2661306049895819e-121
556,-0.6057535890135372,1.0421313319129357e-121
557,-0.5097184909408257,8.025597774640477e-122
558,-0.5142978170987867,3.7516727948865685e-122
559,-0.4269460275757213,1.6409052640664979e-122
560,-0.5908450157543581,1.3506022061591642e-122
561,-0.4969225946116495,1.0401174715934058e-122
562,-0.5350846706906168,4.862167942172992e-123
563,-0.4845302733806088,3.7444228977362605e-123
564,-0.5389665364082027,1.7503804591822767e-123
565,-0.45533653851592976,7.65580760002865e-124
566,-0.38866004728751125,3.276854050311338e-124
567,-0.6284527850026427,2.7560907360103143e-124
568,-0.5424830461792893,2.2684930751002303e-124
569,-0.48221355120880555,9.921926649637129e-125
570,-0.5342681350219977,8.166575070360828e-125
571,-0.489671249902716,3.571893593869366e-125
572,-0.5229610787593348,2.939967025329898e-125
573,-0.499281263478115,1.285881693792972e-125
574,-0.3747556156233903,5.503856492567727e-126
575,-0.6417066888313392,4.6291740976546985e-126
576,-0.4798757874923394,3.810197264827547e-126
577,-0.33672276923074973,2.934285704030239e-126
578,-0.686853813936331,1.3716710153379169e-126
579,-0.3268837564545403,1.0563428534508863e-126
580,-0.6865253264570209,4.9380156552165e-127
581,-0.331678926612769,3.80283427242319e-127
582,-0.26746784263550394,2.7978587129411383e-127
583,-0.7562357982644758,1.3690203380723482e-127
584,-0.26367415161857966,1.0072291366588097e-127
585,-0.27846232165881873,7.175354184474253e-128
586,-0.3030408956574645,4.990329527814413e-128
587,-0.7152576051414173,2.58312750641073e-128
588,-0.306285613351261,1.7965186300131891e-128
589,-0.7133610585642101,9.299259023078631e-129
590,-0.7198415203239221,4.6993282599953404e-129
591,-0.6556085840096328,2.2994284641517247e-129
592,-0.4930882911589875,1.0748985253166739e-129
593,-0.3415270420954428,4.701387207683644e-130
594,-0.6776087572229861,3.8696346911400265e-130
595,-0.5303927968330595,2.980059289540635e-130
596,-0.48507796132113645,1.393068488810409e-130
597,-0.3346438644226469,6.092997821158002e-131
598,-0.6862349921828732,5.015046559717472e-131
599,-0.558686359214368,3.862156839244661e-131
600,-0.3858422281184728,2.8415040965065197e-131
601,-0.3031028882873077,2.0242462779326164e-131
602,-0.7127141205075043,1.0229414747423469e-131
603,-0.3091271659174549,7.287286600557421e-132
604,-0.7063206186450702,3.6825893090724486e-132
605,-0.31400076122621856,2.6234231762006712e-132
606,-0.2751745446437225,1.8245435421814146e-132
607,-0.2905453511641283,1.2456880778288086e-132
608,-0.313170867876047,8.382357684863705e-133
609,-0.7095749206706832,4.484477080183712e-133
610,-0.31007252173854466,3.0176487665509336e-133
611,-0.3326212806847952,2.007215872316124e-133
612,-0.3524288964426726,1.3225418701178572e-133
613,-0.6675212600745399,7.225977140338046e-134
614,-0.35460470711941733,4.761150732424287e-134
615,-0.6632930064155272,2.6013517705216957e-134
616,-0.3531011292509848,1.7140142636727423e-134
617,-0.6649449378276163,9.364866373878106e-135
618,-0.362443037129935,6.170451349221873e-135
619,-0.6595041814651127,3.371351894596117e-135
620,-0.3630843392072838,2.2213624857198734e-135
621,-0.3641796642657518,1.4520777300610172e-135
622,-0.649539929635619,7.996904948591547e-136
623,-0.6251191881971174,4.369272055396568e-136
624,-0.5666135168444438,2.364755231260892e-136
625,-0.4517663042283799,1.5729379399427644e-136
626,-0.5624900056619904,8.513118832539212e-137
627,-0.45447062322693615,5.66257658379395e-137
628,-0.38534322188436215,3.7310359728148706e-137
629,-0.6398592727936718,2.0385275701658223e-137
630,-0.388784056238194,1.3431729502133536e-137
631,-0.36805532521470535,8.780158759154996e-138
632,-0.6453449544873165,4.835422620768072e-138
633,-0.370917950791215,3.160857153295798e-138
634,-0.6452059101976947,1.7407521434765055e-138
635,-0.37885421560460125,1.1379085751864867e-138
636,-0.36351242313972365,7.388579801888011e-139
637,-0.6523854731169222,4.0964708706713536e-139
638,-0.3720295108470515,2.6598887286796832e-139
639,-0.36762569158911945,1.717197823318767e-139
640,-0.3707015838303678,1.103105611074746e-139
641,-0.6435862177093519,6.1819121639475585e-140
642,-0.38763256011310004,3.971180199869086e-140
643,-0.3912316514198612,2.5399761008143024e-140
644,-0.6234678576230692,1.4296248719528704e-140
645,-0.40314743789932944,9.143913962931489e-141
646,-0.611113404271449,5.146649539030334e-141
647,-0.41955244903849737,3.291809026655336e-141
648,-0.5919061242500606,1.8527938340509193e-141
649,-0.5593787137597455,1.0383238581160941e-141
650,-0.5144833114623375,5.789998800315429e-142
651,-0.468518277470585,3.2101651552377374e-142
652,-0.5565915236703615,2.0843995681135538e-142
653,-0.518036680001556,1.3456677201184583e-142
654,-0.4750112749586917,8.644394912147967e-143
655,-0.4344284303960112,5.528975110114727e-143
656,-0.4109314234837011,3.5228389102861808e-143
657,-0.40257998444553056,2.237000758334671e-143
658,-0.3988307284514638,1.4161914366166812e-143
659,-0.3985840232988532,8.94115779733427e-144
660,-0.40293119140793643,5.63113245719885e-144
661,-0.6155373348816697,3.218816807040337e-144
662,-0.610897525219968,1.8353841018552186e-144
663,-0.5950760737929199,1.0436950738086239e-144
664,-0.43130329781328325,6.607382766678786e-145
665,-0.5845857444779825,3.757302265711046e-145
666,-0.4370281128372183,2.378657796004362e-145
667,-0.41984091289354236,1.5017711694927395e-145
668,-0.5965883517913565,8.563168065615706e-146
669,-0.5642171046888306,4.869463736361515e-146
670,-0.46180520903749817,3.0827405036216536e-146
671,-0.43351323900580535,1.9462954356625897e-146
672,-0.5825430132705587,1.109786581303795e-146
673,-0.4366116548077491,7.006663568385325e-147
674,-0.4123731497449097,4.4127898792224215e-147
675,-0.606307069629017,2.522398884618717e-147
676,-0.5673922828682205,1.4382834093697183e-147
677,-0.4567376279269443,9.080635984627379e-148
678,-0.4167983402578481,5.718975683472257e-148
679,-0.39124926301789464,3.5937587258649795e-148
680,-0.38309643529651727,2.2536879662551752e-148
681,-0.636171416081638,1.2937531413113922e-148
682,-0.615778841906006,7.411792485780044e-149
683,-0.5664502498249352,4.2366615249877486e-149
684,-0.45544932798205645,2.668245294880816e-149
685,-0.5635344238047414,1.5251981489955893e-149
686,-0.4611104549291064,9.605683061570936e-150
687,-0.3967032613126966,6.036134656102429e-150
688,-0.3657507865209153,3.785330367129651e-150
689,-0.6518937757667163,2.1730084761968748e-150
690,-0.5985981528084933,1.244896524779593e-150
691,-0.5033641623037867,7.115964483953823e-151
692,-0.41379821463141403,4.0575555759025034e-151
693,-0.6071103426570813,2.561747214223375e-151
694,-0.5204803501127575,1.613385896114353e-151
695,-0.4292539145347383,1.0138388346544136e-151
696,-0.373333241789822,6.3579014499168364e-152
697,-0.35115007067501425,3.979674810888875e-152
698,-0.3506952154693686,2.4867720170447267e-152
699,-0.6666097826083375,1.432682931919995e-152
700,-0.6516507372350601,8.239840279092217e-153
701,-0.5985371889005642,4.730166466963632e-153
702,-0.4194306852498714,2.9663425004731973e-153
703,-0.35905954104632215,1.856757079768313e-153
704,-0.658279132842113,1.067883300170351e-153
705,-0.3630547639179402,6.684325487165928e-154
706,-0.6542304657922255,3.8443798806132636e-154
707,-0.5679963280104187,2.2069064668265514e-154
708,-0.4511335941899355,1.2643163711327709e-154
709,-0.5647953425029684,7.94486328057558e-155
710,-0.4383958850867049,4.982316325274786e-155
711,-0.5791737606193317,2.860150781007212e-155
712,-0.4519013030655095,1.638554016988065e-155
713,-0.5637855309665234,1.0296542811625908e-155
714,-0.42876733906527864,6.457081957556227e-156
715,-0.5920046699851547,3.706755412186122e-156
716,-0.4269238662952927,2.3245495047212316e-156
717,-0.3407699972797359,1.4550321648562682e-156
718,-0.6729353293759368,8.368378217002445e-157
719,-0.3514823274816474,5.238115793496064e-157
720,-0.6623978678610712,3.012616158117655e-157
721,-0.5557946154832702,1.729423804920252e-157
722,-0.46431199087984787,1.0845418171148317e-157
723,-0.554828915111701,6.225925700027682e-158
724,-0.4208090647457933,3.566775435856774e-158
725,-0.3433164418129047,2.0388077805244625e-158
726,-0.329653614110959,1.1625375384579572e-158
727,-0.6807005752739405,7.339707973477941e-159
728,-0.3446628919000698,4.185135536704911e-159
729,-0.3409617942579128,2.379887764015545e-159
730,-0.6826878967438189,1.5066499011650001e-159
731,-0.3413724530565164,8.567595934338337e-160
732,-0.3528017858146834,4.8571697721015394e-160
733,-0.6652492495982609,3.084110898167632e-160
734,-0.6556278817684797,1.9526691495099903e-160
735,-0.6038758931734407,1.2328575726778573e-160
736,-0.5065990697613,7.764099558013453e-161
737,-0.4164181822431111,4.879855807245233e-161
738,-0.6083821237999664,2.7942866408365676e-161
739,-0.4108582729206624,1.7588827087782115e-161
740,-0.36400306564964996,1.1052140549290675e-161
741,-0.3569206138279193,6.87997743094911e-162
742,-0.36528279401152364,4.359692477295681e-162
743,-0.654982534391979,2.47782074898808e-162
744,-0.6605618707596133,1.4029856136629533e-162
745,-0.6536074323092391,8.405721875878923e-163
746,-0.6249606771979866,4.731145656370921e-163
747,-0.5682627107169628,2.6835135548671302e-163
748,-0.4886754280310417,1.530151733066426e-163
749,-0.41492636955539886,8.701240379966722e-164
750,-0.37176997727895994,4.932990971537745e-164
751,-0.6369000806163645,3.132446536788018e-164
752,-0.38479143743655897,1.7758767497535887e-164
753,-0.6343005155034229,1.1276807532436869e-164
754,-0.554273497659176,7.139075925794717e-165
755,-0.45453977765980913,4.507272302971708e-165
756,-0.570524863098087,2.570067333286098e-165
757,-0.47256167436865143,1.4614742562038178e-165
758,-0.5445617782506716,9.25224239982995e-166
759,-0.4800425204314579,5.2613073223337435e-166
760,-0.3933185809166352,2.9827910029141225e-166
761,-0.347861154167189,1.6852998244193848e-166
762,-0.677646690457275,1.0738047610490839e-166
763,-0.6270672193527205,6.81865428974453e-167
764,-0.39481479620313836,3.8656971397767e-167
765,-0.33403736325274724,2.184148572447522e-167
766,-0.6837794625964881,1.3916509703196123e-167
767,-0.6019403845437801,8.836975959508908e-168
768,-0.4251293217584504,5.009943493150603e-168
769,-0.5848681865366154,3.1813113454232075e-168
770,-0.4420103170706568,1.8035796575342173e-168
771,-0.5716222708144502,1.1452720843523545e-168
772,-0.45507375323556964,6.492886767123182e-169
773,-0.35721305535228953,3.6685308886600173e-169
774,-0.31952744964457125,2.06483163375999e-169
775,-0.31730510301158293,1.157151923178793e-169
776,-0.7048686276537697,7.433393881535965e-170
