t,lambda,delta_s
1,-0.7093696025329692,1.2096692212065137
2,0.152369180305754,1.1777934587176018
3,0.017469869507934613,1.187819297601915
4,0.059655366868792956,1.307366157552839
5,0.8019466794124458,1.2133710104367461
6,0.19178945187212934,1.232258776008952
7,0.5091789857425248,1.1124814148829798
8,0.7208443695017251,1.03076258547878
9,0.3139257169934521,1.045378314915376
10,0.46622936401900517,1.0186536314058923
11,0.6419412683671909,1.1183911100574104
12,0.40159024261278214,1.197107987192967
13,0.5952208829666934,1.0659242458350073
14,0.583390816721597,1.0370650110289314
15,0.5750680962175582,1.1005254916486544
16,0.4371831576803288,1.1300999582408071
17,0.5241501533727629,1.2380183020520037
18,0.4238117470810804,1.0979368196188366
19,0.5910672056321686,1.1410207574857971
20,0.2552809621029699,1.1008362272655494
21,0.4735912432999314,1.1026974026790244
22,0.4898204722673798,1.0690171578713699
23,0.09927589846903238,1.046519074991216
24,0.2946564267179841,0.9593941902608761
25,0.7136042315046736,0.9941616848070784
26,0.47551655279833477,1.114155225274844
27,0.23388422494715153,1.018329414162363
28,0.2933900385500396,0.9786176240256771
29,0.5346520180399317,0.868459264631611
30,0.44987645398682713,0.851550956018558
31,0.2581682800773371,0.9290366386831869
32,0.6131407712290536,1.0726269574623282
33,0.31184940401715944,0.9324320912142477
34,0.4776239632213495,1.0692651416982466
35,0.5408470085998843,1.2044762455445894
36,0.42297151819329076,1.1367248442961393
37,0.462807400065001,1.1741738822208718
38,0.28695704505896563,1.1545114733333075
39,0.22382430922247942,1.1176953752047607
40,0.2882703622007045,1.0129311744374798
41,0.30065227610249917,0.9274688443546786
42,0.36359961106984523,1.023220089276144
43,0.3774900335022068,1.0845823422611067
44,0.3706159763562694,1.155424996337502
45,0.5162589164646341,1.0026073058166178
46,0.6408397654340633,1.031736315786704
47,0.8467556654656601,1.1398411878265777
48,0.43470762973937643,1.2108595542827048
49,0.12978733147144209,1.243131724518845
50,0.24424031573972346,1.1172115098124333
51,0.3366009452779725,1.096643149291594
52,0.11759623599728763,1.071286290716873
53,0.36362603241384084,0.9955538148875963
54,0.45865616611544213,1.040055391934746
55,0.4738354264106401,1.005360409652136
56,0.31465927743469174,0.8560126307165213
57,0.21248209613449753,0.8302812582069868
58,0.15858203535729112,0.8244341778599584
59,0.788830865146765,0.834663964947116
60,0.5998759368173859,1.0407905370703718
61,0.6072287788070029,0.8760337878585158
62,0.6155304762892108,0.957888514351671
63,-0.21120826573608759,0.8074993149844303
64,0.3382627514856868,0.8115086097878023
65,-0.10777458171482218,0.886961334765264
66,0.3042611788762373,1.0056057749907286
67,0.17149516637545884,0.9888046522836507
68,0.22750627522275418,0.9467648329008852
69,0.1651368388022497,0.8907771119790502
70,0.3713609194055592,0.9015016980352293
71,0.1832016474103011,0.8522564617995244
72,0.4889217576053123,0.8787071788884648
73,0.16176799176913062,0.7599850255999905
74,0.5508684118687374,0.8716383545993409
75,0.17846206636093218,0.752236851057305
76,0.27382552020418227,0.8372792798388716
77,0.5650917114772073,0.9555144293819229
78,0.4527288781304599,1.0039984464430696
79,0.3307301410003464,1.1004195318861598
80,0.29334640432197695,0.988855496050011
81,0.644836721255441,1.0480349607359358
82,0.3172804442882216,1.0918404137315691
83,0.5808533073445596,1.0820587414026392
84,0.5435125229407003,1.0120832753008728
85,0.055115536447160454,0.9822337244766604
86,0.24948485371499565,0.921232114267515
87,0.06728653784488685,0.8886312824530838
88,0.5808256210360002,0.8953204064772431
89,0.5173115837259614,1.0246333666300103
90,0.3564159595900928,0.9978578353935799
91,0.24583651692290173,1.022384860169046
92,0.3957093688345653,1.0715106683948687
93,0.7470430829330093,1.0975408013180095
94,0.4983494340999303,1.1677168563188165
95,0.38514137560870365,1.1927924725026584
96,0.2264386464337412,1.0747183568435184
97,0.5145731191668171,1.104673711749588
98,0.5087084502471939,1.1556407405340423
99,0.4555888091665793,1.1469337317777675
100,0.23193424176747235,1.0575279758992313
101,0.23422390142744012,1.0675094461129926
102,0.5041459977004578,1.017473652304138
103,0.4721050011732283,1.025897127984983
104,0.614293183599743,0.951665358730472
105,0.3511368875152652,0.9826423989693837
106,0.329315451471532,0.9186551729311783
107,0.33650117556618886,0.9934362230419218
108,0.6571120837503934,1.0964299144306398
109,0.6270526088300398,1.1691025397865913
110,0.29945960764271773,1.1102296756128118
111,0.5013974814005518,1.1831459551606094
112,0.22845310798725635,0.9708004904090797
113,0.6204918513095287,0.9595316160935665
114,0.5584468330731001,1.039253351465037
115,0.5894870975343239,1.0491824018934182
116,0.5901432420887622,1.1155326031967763
117,0.28127955707685315,1.0867595202875429
118,0.5877280493884992,1.1721378931806914
119,0.5233221698385979,1.1888950778542593
120,0.41715549896680215,1.1769529820812523
121,0.30968512039904994,1.2272737367265663
122,0.5936658917680012,1.1720233049635518
123,0.6060365416137193,1.2472731506023622
124,0.5590878121323812,1.108938322047949
125,0.20706093721319677,1.0873026573620668
126,0.3808880058154178,0.937036818121714
127,0.4415278631160796,1.0684873434933992
128,0.6301977787679449,0.9875736004400236
129,0.7736936699074194,1.0817476408667845
130,0.14476346732688303,0.9847684562452536
131,0.17167497521336061,0.985378659981681
132,0.4579251903250862,1.008549154140731
133,0.4393705235187052,1.0032235822427873
134,0.29875146123998686,0.879049377875319
135,0.6323057134091714,0.8887082477032805
136,0.02183709144139018,0.8451432177568683
137,0.5974741642505906,0.9035255135124508
138,-0.18847610476385568,0.8252950909498781
139,0.45110889800565585,0.9135921802677042
140,0.52093915316751,0.9909010250459258
141,0.5214180068180375,1.0559767438521446
142,0.39066272313458045,1.1558080817512972
143,0.40276908586186777,1.1598307254883677
144,0.22211446673671598,1.1118900352005605
145,0.4670753245327093,1.1299975619095413
146,0.5492476802322432,1.1382566516255257
147,0.24387178640130952,1.0684803198767863
148,0.2648991271413644,1.1062323304492225
149,0.2801738245591111,1.1349344199161266
150,0.39917270517201014,1.0730027466614525
151,0.37419635993790906,1.033419682547707
152,0.4782795345796302,0.9362043548501139
153,0.540483212596137,1.0109222278595844
154,0.3518353993701226,1.0051110487021786
155,0.5918486958136931,1.071280924712085
156,0.5634690656526143,1.2833807502096017
157,0.6336485834766306,1.2564656724064829
158,0.25407901009533956,1.1378016259054233
159,0.6622361867724688,1.1915592422411707
160,0.42282207561984525,1.121122961274713
161,0.4482310728158511,0.9919601138555382
162,0.37155960808016536,0.9824599728479958
163,0.2800118510962298,1.0234329565957427
164,0.4116446949575816,1.073545035490401
165,0.6760592989344099,1.0730302861003533
166,0.45501225172616466,1.1948521035870048
167,0.6145747562259208,1.1637527323217831
168,0.2993552648594076,1.146019110284991
169,0.23280258338892487,1.1082388505507608
170,0.5763174000741124,1.1956843131649404
171,0.3527037543257101,1.1298098717607887
172,0.3915776492874393,1.0776251690352479
173,0.5813916869035148,1.139930316338126
174,0.508164146899679,1.1764282227825458
175,0.4737025458319924,1.2691393064246637
176,0.23329385855110557,1.1322019096667486
177,0.5167618627273448,1.1584323128545395
178,0.47780214534215526,1.13832663826739
179,0.6848159492078307,1.1428460059795797
180,0.36159793420153746,1.1548368678968413
181,0.2883543591022883,1.162531363084885
182,0.3708483304041366,1.0589786750261323
183,0.3693129477060634,1.0201631088982097
184,0.5999644095984221,1.039847902004491
185,0.6097796411075181,1.1091634082539368
186,0.3301313883828151,0.9960835405659296
187,0.5214975799006182,1.1116682504971906
188,0.3703760570659326,1.1973860625290467
189,0.24647432490816498,1.0399546677383338
190,0.23307424434786153,1.063049634068977
191,0.5535629508339698,1.110867559300358
192,0.5141647121509423,1.1304986029555368
193,0.6641551165398834,1.0520176195716227
194,0.8183479612422605,1.072397388915832
195,0.49012675903728503,1.164303719693552
196,0.7113002668790299,0.9974995632197692
197,0.5597782220336261,0.9656726809202533
198,0.19301607335500673,0.9308910344448127
199,0.276381868116943,0.9791500792217929
200,0.007331483403456889,0.9394395417600617
201,0.42232076374995925,0.9937856653870242
202,0.28782651228814343,0.9739346195903132
203,0.4551532464334132,1.0864228936777254
204,0.5608351572681115,1.179211092789912
205,0.27906575452370747,1.2137993222472665
206,0.35859494636822736,1.2015092499926303
207,0.1680980803077179,1.090202265676909
208,0.3316861617730571,1.0481735484959678
209,0.40005439889233074,0.9794900217653558
210,0.025399455109027778,0.8945067036593343
211,0.4339688801326323,0.9601789179763985
212,0.5086332897329676,1.1051914674679533
213,0.27507474040394947,1.0749323584124104
214,0.46505017388229813,1.0490771894532684
215,0.5323100673324809,1.123498193449409
216,0.42337634799395585,1.015175466438194
217,0.5285784687706034,1.0338620734605664
218,0.330597744240048,0.936848574525131
219,0.31452776110851693,0.9062715852005085
220,0.3143924934715502,0.8595077349609831
221,0.29253262359102844,0.9065346161868869
222,0.3976239923032191,0.8999625421696472
223,0.3490340380707418,0.9061809469711124
224,0.45387865791634013,0.9222170732920391
225,0.4497593877524878,0.9559970750523948
226,0.0034916291516100106,0.8776748887611638
227,0.2846136109456518,0.8963365332681055
228,0.609607239748288,0.9519003794592943
229,0.40574922670909075,0.9284908907962235
230,0.3514326705181005,0.8799138610265388
231,0.4668613392716626,0.95317429351628
232,0.871897096631064,0.8700576868633868
233,0.5386321896679885,0.8637133589389885
234,0.658427900238857,0.8776528601320183
235,0.4450244888497128,0.8123881387984001
236,0.6329335885692511,0.9000277006080535
237,0.23546565283309423,0.8361507936784658
238,0.28669632851134047,0.9227284333971767
239,0.3937645965444584,1.0419731298519719
240,0.7314831238590617,1.0192303910385427
241,0.6573040836157588,1.1157155929228317
242,0.6834986266826124,0.9960414475769327
243,0.442701004266826,1.001497859941685
244,0.6584285062197592,1.0267669718032717
245,0.7734478622195212,1.0483124331918474
246,0.3141236870602734,0.9686485091129419
247,0.1277115969787908,1.045747906298146
248,0.49128806586433926,0.9833762548700397
249,0.6490797135937915,0.9981168729166224
250,0.2285456878508279,1.0272893562290588
251,0.5851225675558895,0.9534240038911953
252,0.44154013678337584,1.0204252892871613
253,0.6439171250375435,0.9054294688339992
254,0.11126261215700815,0.8771564775020572
255,0.5672263761964198,0.7789532251482397
256,-0.10589595860162655,0.697957238730591
257,0.29719619657717833,0.7810545072911013
258,0.5822005937485399,1.009796470375436
259,0.6438224264745361,1.1241528393251412
260,0.12231444688936875,1.044961577736222
261,-0.07136634203823085,1.045017667736592
262,0.45650240909625334,0.9450117155713931
263,0.2159975819994857,0.8097735109081609
264,0.3443612757700485,0.9687434377440962
265,0.49664010994884755,1.086197760608852
266,0.10623677815293125,0.9552580479511584
267,0.31370486657325874,0.9965582180673601
268,0.4350014441685012,1.0238352376314106
269,0.34177419418060834,1.1504670293565185
270,0.44117598006264047,1.0167003171181648
271,0.43300435420884736,1.07509639811445
272,0.2666231230784154,1.0405954646587636
273,0.20723824434558738,1.0162311661572998
274,0.6542577093928896,1.119276520177884
275,0.17657186944460612,1.0975239868614584
276,0.5690219459369045,1.136104871480761
277,0.4540334843310637,1.2532507477938133
278,0.3267652747027196,1.1502593031606463
279,0.5007344409603592,1.0625197106733162
280,0.39477411553290664,0.9225079423124147
281,0.16372195171627643,0.9303920055517196
282,0.3448524941911512,0.9522124909549287
283,0.25654791841251745,0.8302463471970396
284,0.30420321447065457,0.9503956958961078
285,0.4827620699628758,0.8420624313261021
286,0.2911479319116435,1.0177955963672
287,0.3955150882252604,0.8135144757597559
288,0.13985700178770458,0.7694133014778904
289,0.42505561089649213,0.9255405526941456
290,0.4274025124378986,0.7783889864420681
291,0.4511818916658553,0.8373721878122461
292,0.5722479477205723,0.9222888983036237
293,0.46126046674667437,0.9620256725171211
294,0.20690990053079333,0.9611678954290299
295,0.3494833609797113,0.8344474509241507
296,0.6131552526200621,0.9633551298973596
297,0.15588102047237157,0.8604815489674988
298,0.3012516212145591,0.7831993008279643
299,0.17735596695519887,0.9671988062431558
300,0.33118823918499674,0.7766199077590253
301,0.05324887304026281,0.8531075237970164
302,0.20579322543657963,0.6929155202832992
303,-0.14195741176235466,0.6888941255954482
304,0.43082153048051025,0.8390300794042878
305,0.7583592280993361,0.7909994034212081
306,0.8022931046919173,0.7985384485493038
307,0.5422078580434279,0.6462338397874735
308,0.5352678296770446,0.7553556332692277
309,0.24534659395872802,0.6629405570736346
310,0.5530501678893103,0.8512240148278383
311,0.7631286699722639,0.6623183603869784
312,0.25118353577146213,0.7429149625604552
313,0.3163914454706218,0.9236203876121262
314,0.23244692722924104,0.7955877600009121
315,0.6073319757507359,0.8572087069642822
316,0.4088406716911175,0.7340144998500399
317,0.28334540728574265,0.818067944211438
318,0.3701545665863917,0.9383003646444383
319,-0.02231185455874636,0.8565317789077749
320,0.5237816436917635,0.8912897629919629
321,0.5209333405068279,1.0446148822943313
322,0.6607776875077022,0.9828890911200201
323,0.0723180133253256,0.9376146996145953
324,0.45522781137254514,0.8972903672077842
325,0.4402024047183597,0.964846775398963
326,0.6022654268139322,1.1083073115794382
327,0.5457484902817067,1.0233665419716884
328,0.5781086366629933,1.075735146095341
329,0.44118731201633815,1.1112134734047092
330,0.6404565578914234,1.0712616191885194
331,0.619302978824414,1.1094166281749196
332,0.2270516576430171,1.094083266321968
333,0.3931443994551612,1.0129414531206562
334,-0.10004836572240434,0.9957361221292387
335,0.27931519210831035,0.9551982445945443
336,0.3300486918767454,0.982055035714898
337,0.3687313037318331,1.0303316617589182
338,0.08766291061096512,0.8450093672358485
339,0.514947816847034,0.9320186612122231
340,0.5481009890671814,0.8140285536441489
341,0.5262864834683405,0.9333684210738129
342,0.016305844347050426,0.8045254520097633
343,0.8118901056960105,0.8968379687548681
344,0.4315920626516802,0.9686083693806309
345,0.9467498881675092,0.9540574003234151
346,0.2125333339178881,0.9610485188125484
347,0.6928728707331416,0.9057268390173061
348,0.716672900924008,0.9203138505706885
349,0.00021863865615800245,0.9423813698575529
350,0.45968985189558187,1.058282003200336
351,0.39640447519796407,1.1842680552604468
352,0.22610983597354292,1.1354105267540775
353,0.7217663967439643,1.0641672003593323
354,0.6325441605521949,1.0634970744375098
355,0.6376857303574578,1.07214476464777
356,0.3902930147660396,1.150874210280621
357,0.8878659526501196,1.0588529982532584
358,0.8074425321930313,1.0231357812044073
359,0.20269192680697962,1.0823601830426717
360,0.4779534265287385,1.1307224138364798
361,0.2075746942815528,1.1340557177795527
362,0.1838968777006377,1.1182278228815656
363,0.40166173075835293,1.0987452183346662
364,0.5133673309330398,1.1549962765491457
365,0.5287385459961983,1.07303612978365
366,-0.11555577181312696,1.0507668608671514
367,0.22965343361300056,0.9428457349349202
368,0.021492146875288148,0.8830049581365875
369,0.49008970634089666,1.0079817081437192
370,0.37851921562737645,1.0783430662700226
371,0.44935535439231833,1.1141936787994182
372,0.42604453112787777,1.0791411819111085
373,0.6199033366962009,1.1701200340089624
374,0.3601540930065684,1.130776197478072
375,0.6941152986335599,1.1122412273321505
376,0.407099974408828,1.1051378225202468
377,0.6111587529674253,1.1128980606315504
378,0.10347502449265682,1.0400160072533957
379,0.44308863316769276,1.1147563881519367
380,0.13095057920526007,0.9981696238484594
381,0.32731133953764674,0.9934378751390429
382,0.2538503901505354,0.9344080365892485
383,0.33116189535718,1.0297636465450537
384,0.6611776178699026,1.110468491848528
385,-0.012303979053491712,0.9952952993174131
386,0.2163058148553403,0.9111207170187224
387,0.3378068851502642,0.8915549395949617
388,0.46651168120670483,0.9829864717746511
389,0.5595318853269565,1.0899982571476166
390,0.5840259220309791,1.1309188501525262
391,0.7316022716216062,1.131415974882222
392,0.5927334358335681,1.0112569043292143
393,0.3479642989920476,1.026597367990216
394,0.18865965216101874,0.9874468782744238
395,0.5092982593665447,1.0079444454254312
396,0.15147986971219804,1.0311808545385133
397,0.46190747167845003,1.1017417485132002
398,0.23608984025258936,1.1382287348469513
399,0.17185670208924728,1.013544191777964
400,0.16135256852181312,1.0023512074810597
401,0.5115864931538497,1.006686752319218
402,0.12096644722428694,0.9042258715448399
403,0.39425113397107453,0.8764732176015181
404,0.24434970092488878,0.9206969728281075
405,0.44367937658342477,0.98111565673496
406,0.0872798505603163,0.9238704658704187
407,0.28940293796571936,1.0412236322835704
408,0.28689121168133247,1.0809158921481625
409,0.6633596626970472,1.1656206612050808
410,0.08088359098544107,0.9831611457216856
411,0.4955626839376063,1.0695293327140232
412,0.6267952343738341,1.1254726956549725
413,0.6198511050082691,1.1952858549029366
414,0.45213594085118786,1.0711987086395327
415,0.4754641961534029,1.0898277708213544
416,0.3551347797189874,1.0730196480022647
417,0.314481188779411,1.009900761340321
418,0.5124598688508536,1.0008092364833514
419,0.31658443180512474,0.9484838099726014
420,0.5633494462069916,1.0944745388669501
421,0.6662713165087603,1.15109498705234
422,0.22542606093040546,1.0500129187219163
423,0.4415669650462471,0.9967391318672357
424,0.39532669043931623,1.0940694299979827
425,0.5115553296586053,1.1622210824768338
426,0.5484731705382015,1.0284269570008253
427,-0.05057890056402755,1.0432192762484824
428,0.40808038741877906,0.9316840500052133
429,0.19356239851553825,0.9125148018478866
430,0.31534777158301913,0.8376734531885284
431,0.6301242104684256,0.8576922022509013
432,0.6582064799415632,0.9455025735814524
433,0.19656473868361576,1.105313250036957
434,0.24522521657713658,1.2181044755391042
435,0.5620672764626008,1.1285273435758882
436,0.3752702822120041,1.0822958090147314
437,0.5226657292211851,1.0217570562928726
438,0.6245218562481465,1.0362673675607996
439,0.2860969112058935,0.9409441387331033
440,0.5512537419065979,1.0315699779847711
441,0.9476973281532556,0.9564073044372565
442,0.5161957765010325,1.00561479455387
443,0.42881385219387913,0.9157937956894114
444,0.500690017678813,0.8322283125060728
445,0.6637384031702924,0.8919933855183646
446,0.5618748956126304,1.1045449890650947
447,0.5630579801757741,1.0881926947792744
448,0.36319907530101353,1.03916803217032
449,0.18858695361956807,0.9923380309993204
450,-0.07682589810643863,0.9946728993066349
451,0.4154518491840199,0.990945546441857
452,0.4336339825251719,0.9114124164704281
453,0.1998496311554192,0.9324957719929922
454,0.3763466268492707,0.955310747822586
455,0.3112481493794826,0.9559787426186706
456,0.6846500027643458,1.0463319528325503
457,0.8156651318631781,1.1231233872098862
458,0.2472318928642354,1.1264009233388732
459,0.5593093196644561,1.1151584126713354
460,0.11246466108308042,1.0608450151240034
461,0.40999656234583626,1.1066419800398926
462,0.8177877446055355,1.1124121765553572
463,0.48685943789675895,1.1110777568755335
464,0.4650185664408585,1.0255759870322787
465,0.14582695530114184,1.0596208915586331
466,0.7423026526276661,0.9289770427696535
467,0.26434661306068896,0.8621991873766921
468,0.33081901944009434,0.8131101129510911
469,0.27402237506138694,0.9089722043647738
470,0.6671227469711575,0.8411448583257581
471,0.34983091983131664,1.057678655144294
472,0.2558441609409951,0.904225632989809
473,0.561124991147032,1.031269877588729
474,0.2697623278170097,1.0999975014768157
475,0.1757863646772917,1.0191488071668307
476,0.4097539501392995,1.081362543890291
477,0.10749625456061165,0.9201463995336578
478,0.52434051440073,0.986079823727609
479,0.27864664581123294,1.028625474436445
480,0.5884230142246287,1.1174146211899485
481,0.2686782399936062,1.1024439624805606
482,0.3947780806175871,1.1506382610651713
483,0.4874355083318087,1.1695473054495789
484,0.1291131781652355,1.2112221315791842
485,0.5797620895094916,1.2378696404695149
486,0.5248716792153637,1.1873675802175154
487,0.7009558872212863,1.15839810854232
488,0.2562725153725805,1.1563425790410684
489,0.5297186167853525,1.142041162380241
490,0.13893666694324314,1.0427735822364985
491,0.32727473496061504,1.020227693483026
492,0.5359722987010263,0.97434405263452
493,0.07088103974845367,0.945505457849013
494,0.6061407708435403,1.0453619859283445
495,0.35971405804942863,0.9900139753476181
496,0.3884704672631514,1.0766624380802632
497,0.6145544990362549,1.0631382158718776
498,0.5597391445019634,1.0702922375046473
499,0.614748790708375,1.0911772934405992
500,0.3250213378689968,1.0719794633145117
501,0.23133911114988537,1.0039142314387695
502,0.29543483079083227,1.0488764115577596
503,0.2130593544853133,1.1139914986683783
504,0.38291333292305263,1.1870038407639905
505,0.6834523135198033,1.1567067651272498
506,0.19523900100895286,1.0601514648180455
507,0.5028546615310362,1.0069517009999323
508,0.3609865087698163,0.9472763491401429
509,0.46275324119233896,0.9519475142592473
510,0.5658976711958735,0.9310110870622664
511,0.34529136769604907,0.9634981620222237
512,0.4987773465050263,0.971506926688753
513,0.4879896903931635,0.8893784890160686
514,0.3949030406152989,1.049822959653884
515,0.058208352335436336,0.8779743099065899
516,0.27080319091252786,0.9201450410223162
517,0.3476817546543159,0.9544802219654576
518,0.3022292475981377,0.9552647527533041
519,0.4024974301432983,0.9718009522842047
520,0.51840442580889,1.082518640052764
521,0.6550747222732609,1.128439037176679
522,0.5750851806992326,1.1237489787229864
523,0.5909011822008612,1.0038087670072424
524,0.6946617710050002,1.0937486814311932
525,0.30287539278327225,0.9894491468548048
526,0.3579074812068553,1.055419064024668
527,0.3787843416174932,1.150208377841433
528,0.38374541708905996,1.005121725782607
529,0.46135114740683975,1.0426704108202627
530,0.15371857882187182,0.9688976673743974
531,0.5865233315946782,1.0387421760552566
532,0.6061347351798705,1.0556620547603979
533,0.07580971777060283,0.9953479924135085
534,0.43819566193708537,0.9815697804223694
535,0.35847855443514764,1.0294132813794394
536,0.33586280261563406,1.0640287066691119
537,0.28153497382736187,1.1530100127312028
538,0.3714533997074156,1.120083191464422
539,0.3824636045645348,1.1587004520326685
540,0.5632544896189061,1.1561939018899314
541,0.3769622135084252,1.0548825093644134
542,0.29808427172923174,1.068353371442729
543,0.5237998864282907,1.1690972024376625
544,0.501461092407079,1.0281986323422285
545,0.7742726455672109,1.009451618497627
546,0.433495245314367,0.988452644026093
547,0.3247529915226165,1.01033771424456
548,0.7058359633603293,0.9730162436119787
549,0.8329328796165776,1.0303235537869169
550,0.00806887239200337,0.9985338204590452
551,0.49398436782312594,1.1263035725868114
552,0.2649354464393923,0.9629452486588731
553,0.5467406633676524,0.9893652682585448
554,0.3390107204059293,0.9254081163438671
555,0.5430360973976325,0.9577829567977484
556,0.3860770345274653,0.9640675758315737
557,0.7871991866571104,1.0357527463037552
558,0.3056803525401431,1.1744826015716516
559,0.35790055181648794,0.9892145758628871
560,0.10356214960017644,1.0206302527942572
561,0.5099497470888759,1.0503189136245086
562,0.33751252948225957,0.9408204437323839
563,0.47499004673536793,0.9637944529975694
564,0.36200813839359075,0.9361188595065264
565,0.6755638622365088,0.9978496765627668
566,0.18580402443032107,1.0154885396191164
567,0.4747005021734665,1.1874383651440776
568,0.30094233896687705,1.1069149419726356
569,0.4929722411835693,1.026147413403912
570,0.703501300017197,1.0404079771512085
571,0.5989523430696426,1.1171721192754969
572,0.5152690024652268,1.039080031722523
573,0.4638484288379991,1.1589649331134517
574,0.3023674152315706,1.2163780107592765
575,0.26111230930338014,1.175488211375532
576,0.45398604046906615,1.0701046424887966
577,0.2826883233108741,0.9660960138741812
578,0.04432444476086838,0.8629842529775132
579,0.14368769467007503,0.8611161661374614
580,0.3391944301543007,0.8820177838051851
581,0.06509312013490952,0.7609505093041455
582,-0.1375050213371521,0.7595340129034034
583,0.11526459379717952,0.6868421698983774
584,0.03371625042138422,0.6058405682353858
585,0.5558510030716086,0.7784718912605598
586,0.04920836128590027,0.5695831831374074
587,0.5664596581441111,0.6978537721253464
588,0.5274780344889693,0.807025582250691
589,0.41980543838182777,0.9422551410211595
590,0.34763244487722966,0.7821266173542797
591,0.5085188778763529,0.8041596720444929
592,0.41727454749948095,0.9435444368216132
593,0.4031324549601786,0.985697113702475
594,0.49169185088482387,1.0119701487897055
595,0.29771161244808186,0.9326351861307443
596,0.4247171260464733,0.9786418597632497
597,0.45461058196572596,0.9533665193126333
598,0.5015443751614909,0.9097810311449556
599,0.36102871815459037,1.049467574372802
600,0.3004146192010547,0.8973010961229446
601,0.18793798795908398,0.8617670801446177
602,0.029462603121706392,0.8517551288153337
603,0.5667820447068034,0.9113079905320758
604,0.5051570878128606,0.9363855852506666
605,0.42526336998598924,0.9786594542401298
606,0.4625026409548556,0.8860454669763447
607,0.4774456782463344,0.9135131234291887
608,0.6688315948439049,1.0362015338927526
609,0.5210566560801683,1.0278231278784744
610,0.5891515419727259,1.0790608448146728
611,0.41068203682097343,0.9519372866622582
612,0.5149495066207749,0.9478970590916447
613,0.5186401827688382,1.0037481590996888
614,0.37029124279397624,0.9845073877493082
615,0.6167325054559618,1.0224819379443582
616,0.7534901143229192,1.0885258087082679
617,0.41753585880072874,1.095598764522138
618,0.392176574730655,1.014061525212987
619,0.23752527348915523,0.999517345020918
620,0.4608918236438364,1.0053673192326473
621,0.28114667827760836,1.0320115224451734
622,0.32790912640625897,0.8733520495494635
623,0.4483716488385564,0.9312224810512767
624,0.514196794905115,1.0560095175569244
625,0.523599740226763,1.1551445179091617
626,0.725289582418065,1.109671318671101
627,0.10045182963893085,0.9735960061108369
628,0.4417867029938569,1.032161221376284
629,0.46585203885629123,1.009850965372347
630,0.22544956865262572,0.9671666481224882
631,0.4950113039929394,0.958012787735589
632,0.6580071565176099,1.0362045845901884
633,0.10048330192935273,0.9531481908487449
634,0.41199529429618403,0.9401203224234718
635,0.34956311502144954,0.8974954274921492
636,0.6081616894001959,1.0485847663654209
637,0.4781544890894672,1.146229592417363
638,0.07150725576712107,0.9780459151109728
639,0.26081165130562217,0.953846824136544
640,0.35968360265291016,1.0958512720993905
641,0.6433487098969355,1.1987045195926156
642,0.5184701268820988,1.2192324620355495
643,0.48961515833604835,1.2042044291140057
644,0.21732484872271574,1.2672078048755009
645,0.21945152248019403,1.3053511266547912
646,0.5698559264264569,1.2616264200168494
647,0.43055688416416016,1.2424335513352622
648,0.8348023898600695,1.2408887778070012
649,0.2619562179542582,1.1858041727456203
650,0.28709114756182896,1.2369964504356397
651,0.4094183170614368,1.1682028295355575
652,0.29025614824695933,0.9931286762104404
653,0.34692890360625284,1.0520979817505607
654,0.10077802491618064,0.9406215335188314
655,0.2529875615263128,0.9837599774753419
656,0.08584951425739058,0.8485999258938025
657,0.4701467672170568,0.945757377339763
658,0.4301463520888818,0.9286408664975541
659,0.2521900408381649,0.8203802987942227
660,0.2217079709441406,0.8082482044050023
661,0.4202463017337822,0.8773631714256886
662,0.3278075352057275,0.9918089967260767
663,0.09851573382256217,0.8995184592124644
664,0.40346795799992075,0.9544433818039181
665,0.37488550799224263,1.0544349559174326
666,0.4996732157866358,1.2156542374920918
667,0.49014072926285096,1.0844079353286715
668,0.2435657879461261,1.0349805688436
669,0.19002797098102472,0.868518668932696
670,0.4637478411035409,0.993190292373011
671,0.4851789018697564,1.1317892714668323
672,0.4240003606985859,0.9760980554376668
673,0.3309331622709505,1.0295987783517944
674,0.49555468101700556,1.0987311985603114
675,0.5538138092679703,1.0042114324174414
676,0.5456986651026732,1.0782161988882013
677,0.07971227540148249,1.0345272080576315
678,0.37126718810015524,1.1420296981841322
679,0.3543115679498413,0.9888233151207347
680,0.33909391659452726,1.04991402474106
681,0.2779910929507149,0.8999424787407099
682,0.5221465928334491,1.003124217856583
683,0.5873680931933222,1.0516956558346573
684,0.4214700698369148,1.127869297931485
685,0.413872178730598,1.136647885770632
686,0.41703346596175583,1.1356046437729037
687,0.30180206380194663,1.0182324357301558
688,0.562704117546503,1.1304094552637265
689,0.6295248748441951,1.1219799719889996
690,0.431216066562994,1.0553016937324144
691,0.2969889226997194,0.931494707649445
692,0.13027185727996385,0.9477382874472988
693,0.22955688265398244,0.855860519808128
694,0.14625403427784117,0.8076583374376614
695,0.6037771155547896,0.8387187433033652
696,0.5594094167937517,0.9128700326773553
697,0.6335854414156663,0.8543840075213989
698,0.24377171179172816,0.9118655382664771
699,0.729530489043539,0.9641782465785348
700,0.45066159175016984,1.0499703779119192
701,0.4743110624649841,1.100037923427165
702,0.4998484759329285,1.0486920564672728
703,0.5900657494693194,1.0148251560274135
704,0.4306551376475183,0.9005939373517626
705,0.40945580304410484,0.9483568924204456
706,0.177594178470163,0.9639338734230667
707,0.049920962942054496,0.8080430338571206
708,0.49007312305959955,0.817382344039633
709,0.34771831357674854,0.9169714200581187
710,0.43687435159550125,0.850825683346233
711,0.5356752300562275,0.8091125984408865
712,0.9298279890999008,0.9322719584750606
713,0.16385217842390895,0.8005777866026444
714,0.024212036842390823,0.7737944968306797
715,0.1143984206062621,0.6424655358940452
716,0.2605067491595058,0.6846335334580755
717,0.17870136256421154,0.5874978971532312
718,0.2688775444789875,0.6966212904404582
719,0.644468539056663,0.8418432678734442
720,0.4224756510673618,0.990535239752867
721,0.6658266299833626,0.8370863973650766
722,0.7905137847635543,0.8405928194085566
723,0.34713827174042666,0.9956197776738303
724,0.24073237081311488,0.7358662771889471
725,0.46104251406070035,0.9123846109236811
726,0.24489067622023863,0.7326083916835092
727,0.37805529347308037,0.7183755706128833
728,0.5083174204165,0.7922438423544513
729,0.41076784182279563,0.6561863946806061
730,0.7303779431464914,0.6974825290265458
731,0.12410058543770536,0.8542547498984936
732,0.2602869296207262,0.7663451546882739
733,0.5711258724801003,0.9153294177789311
734,0.34511889462367734,1.007867579391639
735,0.1809054232397958,0.8817277448135171
736,0.19883618314304333,0.9244246886203201
737,0.481363501637229,1.0420899393905274
738,0.218270408113628,0.9316261869966933
739,0.2282753947831987,0.9209506502788877
740,0.52320944605299,0.8753859268137545
741,0.4998047033840172,0.9858574833141801
742,0.08337785853659789,1.071218420610034
743,0.677589041250914,1.0329180631956332
744,0.22642397877545153,0.9707296115791663
745,0.37070594344853797,0.983081306276581
746,0.13064057466292872,0.9419523221205252
747,0.15946149887136113,0.993822191933661
748,0.6623956065387071,1.013412605409871
749,0.2611284971183119,1.022603797043298
750,0.6284119874043854,1.04207034703583
751,0.6176393151469437,1.1673198731817636
752,0.6548416447757651,1.1146436953114018
753,-0.005677591058002065,1.0556460525790918
754,0.43068816029771195,1.0948299676602389
755,0.3291199477070921,1.052841807338871
756,0.6619893177893197,1.0717026486095353
757,0.9838386306412128,1.120838768364769
758,0.5544363269040437,1.2300569390574845
759,0.28966190825977767,1.239179204362317
760,0.7908345779188474,1.1970430017543245
761,0.3722974248724771,1.1508111328121151
762,0.09874887306851406,1.1407996988529603
763,0.20074694628471917,1.0200750303468287
764,0.5221425939820207,1.1629011369454936
765,0.8048819080072622,1.2444562392356666
766,0.1893291586515831,1.1534214795113338
767,0.19068205741863548,1.0816902539201512
768,0.4765508629315487,0.9078149342090672
769,0.3592591185425351,0.9492894733397048
770,0.29958815375943,0.9657979876523971
771,0.4615065884619512,0.9751046684757844
772,0.41897280824733873,1.070005897694026
773,0.16745890389547158,1.089506883809255
774,0.4011961528959887,1.1523629639239616
775,0.5252241053779036,1.154656251658705
776,0.1887835356544486,0.9899484715650546
