t,lambda,delta_s
1,-1.124638825259591,1.2106967931219539
2,0.21804339476925613,1.1386270900455184
3,0.018672132009417395,1.092765738293598
4,0.640944984137875,1.1685290769486698
5,0.6490798969598834,1.1998771984746512
6,0.7176066660083399,1.2032403707421413
7,0.6576372913229717,1.0596875505417043
8,0.9432483425285092,1.0337341669237925
9,0.013451475190263453,1.0046919324087624
10,0.4844948762138236,1.121927227961793
11,0.26755635275090284,1.1009302014969509
12,0.30782365844208914,1.0995345276664392
13,0.43810421527682053,1.095997880836055
14,0.35235304248278576,1.126840973733292
15,0.6503833591386452,0.9462581289436015
16,0.4146637807927768,1.013698860327394
17,0.4604164659534345,0.8327695967009597
18,0.3474787334153257,0.8890688094236991
19,0.624338037580778,0.9391330427054208
20,0.5230381875899152,1.046968799989999
21,0.38313612301903915,1.1543062681401217
22,0.4734125022932959,1.2151643557293539
23,0.3962424921666041,1.197940976528422
24,0.3849355377519371,1.1421400687978405
25,0.2924012323460406,1.0214780270413992
26,-0.06920272968799072,0.9128690746494543
27,0.2796250081614608,0.9140307123432866
28,0.5584477039512271,1.0036031550765623
29,0.3805027387117877,1.1332850112486732
30,0.13307675418160855,0.8883612926425432
31,0.59956055068919,0.9820516009635548
32,0.27138639149294863,0.862341856828384
33,0.7905863071487044,0.9513794040992952
34,0.18710616598592353,1.0282762863594088
35,0.3111328218903263,1.0972161349283547
36,0.4533231311217693,1.1007871977671237
37,0.36253453682563747,1.1138843377065328
38,0.2661591123313326,1.0270233462583969
39,0.4689200903736514,1.0835348091290695
40,0.09349807973657355,0.9442840459658999
41,0.07375990878009048,0.9317906696403221
42,0.5348420969604655,1.0591383132871144
43,0.04615178652849647,1.017354339944396
44,0.4069947977233973,1.0903856505138607
45,0.46386112292969084,1.0278248794570373
46,0.48965129442790867,1.1362585914242895
47,0.2949871840790555,0.9540225114195378
48,0.4780150828531342,1.0027641374852962
49,0.13845443601074398,0.9670317670420814
50,0.4487090889735236,1.0623080444135522
51,0.2439134027966776,1.0304595335199032
52,0.22368580140833827,0.9541653437331521
53,0.34464933116949464,0.9302560810803937
54,0.43084325898640236,0.9139563571153325
55,0.7587006086591235,1.0672206901126682
56,0.5077761323730344,1.0940672077201736
57,0.7688219464404792,1.1540704521291034
58,0.48085075994033416,1.2578770370379264
59,0.7585223097614799,1.2239358070517452
60,0.5033302229594399,1.244871004768471
61,0.4074269371382181,1.2039950158515027
62,0.38809256366983536,1.1261447479444497
63,0.7146800296756723,1.102460283506741
64,0.3119098303777078,1.2158376905654835
65,0.44937566987828875,1.1340870767985722
66,0.48016656139328195,1.1858960130528247
67,0.15707845129981518,1.0050536981913551
68,0.5152363561313404,1.0875700322849815
69,0.22112234073113815,1.05174379247738
70,0.3859697481876703,1.0937872307890284
71,0.1439765052840833,1.0674267001399649
72,0.15167185876084466,0.9823690380169837
73,0.5393889657880951,1.124347600172383
74,0.13057041936646815,0.9438250258943138
75,0.41816742322848666,0.9393297656755402
76,0.17300810868388222,0.9595636064717545
77,0.38274484629576944,1.0884989954736026
78,0.18922082292833833,0.9759584643661164
79,0.10580556242470036,0.9383446421053099
80,0.4531570868819931,1.0082730624896548
81,0.5949449222619583,1.092088987083636
82,0.11731508164827732,0.9568120490063768
83,0.4114463812353302,0.9588276908451469
84,0.3432995026700149,0.9721027431001521
85,0.38355057869995696,0.994808442146971
86,0.32709779026792396,1.056843546989108
87,0.3439351275029697,0.9668452938690144
88,0.2988705004068463,1.085786535461651
89,0.4325102211775284,0.9616056249540915
90,0.46349825854056403,1.1215517049652366
91,0.3569124129231645,1.1571282178912945
92,0.3703879677483095,1.2006910092279242
93,0.44717488769194735,1.238358997893287
94,0.39976192544121897,1.2121953386300128
95,0.4789130445726375,1.1309771497798031
96,0.44571337767599684,1.1945701575449632
97,0.19037120369803082,1.1053693380477045
98,0.5196804094250239,1.1103331831915713
99,0.5944582265096705,1.080784842962282
100,0.3617157992685232,1.0930048695850472
101,0.5061176901142455,1.097819081650343
102,0.3242752145837521,1.0823098675066505
103,0.42207470543443437,1.0489367245440924
104,0.5701522676549693,1.1589730016766093
105,0.5940751907521415,0.986054772197454
106,0.37228070763515325,0.9529225330991575
107,0.5301383830815651,1.0831796672373224
108,0.6280122720824377,1.153364930534931
109,0.4520213680702174,1.0371938613820302
110,0.2081511301660752,1.0140533177348214
111,0.41965842482659405,0.9731503088008688
112,0.6684783600837968,1.114951742487295
113,0.43508439869643606,1.18837551475862
114,0.27581506240082687,1.0469717772657532
115,0.34674948807564693,1.0519839905642425
116,0.47881361971042496,0.9665042127167506
117,0.30310325685462564,0.9463568535541131
118,0.18002362263440397,0.8821922035844489
119,0.31657556830634476,0.8834278189198718
120,0.34305599863403613,0.9606619669659076
121,0.33507746568972097,1.0114729674133178
122,0.4331162740541808,0.9580092417056238
123,0.5884617157222762,0.9736394637730844
124,0.40896078220327436,1.104133894126164
125,0.41347015724344083,1.0379352262938595
126,0.47182924362978773,1.059503352223963
127,0.4444032897741208,1.1142530018498957
128,0.4835034420516742,1.0766305664243367
129,0.4137699039130374,1.0878871517699877
130,0.7418462558437678,1.1290001674342265
131,0.41990272065793915,1.1853865901766787
132,0.474605258809548,1.0979171419927174
133,0.474021912536953,1.1058566668336576
134,0.4141316504610181,1.190927576345763
135,0.6656012115378339,1.0942773107076054
136,0.7040462365397432,1.0234294062872593
137,0.6989113333435193,1.0258577242617735
138,0.5404133601258102,0.9735923165891914
139,0.24243634243750398,0.972793970293653
140,0.45378671275569155,0.8896608666839534
141,-0.007147914057751354,0.8096817936362342
142,0.02402308175850128,0.7721309839087317
143,0.6109969305932603,0.9809052785658959
144,0.3009665749966119,1.1314165609470452
145,-0.014253372460745269,1.0543401878619556
146,0.4234778510946645,0.985694771402785
147,0.5204896266249776,0.9877145398466476
148,0.3907208588606595,0.9713104321188862
149,0.7299982522784654,1.0108820394615905
150,-0.032532012791045194,0.9903770382514383
151,0.4567187745589417,1.0587329658693718
152,0.5512119322570223,0.9442926375042393
153,0.6072926313018916,1.0470998877385231
154,0.30568802107330717,1.0089380098701928
155,0.6458110240780415,1.0973811540072587
156,0.1960862063234013,1.1545722404319512
157,0.416897765573826,1.0826694508423802
158,0.23158649883219354,1.0796435535046933
159,0.31923154013411975,1.0861032513097797
160,0.47516906888012583,1.1605205726755794
161,0.796591153566799,1.171852149325753
162,0.3990170883403328,1.1733453617127128
163,0.32022333230022787,1.2265839170959676
164,0.519583050842356,1.087126934217245
165,0.17293692889718118,0.976324568094413
166,0.4926680182257057,0.9839216133013101
167,0.5680707946203066,1.0902289104773222
168,0.19741496715194307,0.9468603513238595
169,0.4217948644399602,0.9571596274826686
170,0.540560048836616,0.9541020544908679
171,0.37722306418122237,0.874336782301923
172,0.4431742892671106,0.9665795851508456
173,0.41643812561096794,1.043365418783445
174,0.5932541507473397,1.1471216281274064
175,0.8505711261608541,1.0584283434663901
176,0.28023424323828805,1.0297306758864337
177,0.17450656266747508,0.9275137961245227
178,0.3425727182017046,0.9551094028563365
179,0.5158971443544623,1.0630125468048695
180,0.5795377018977526,1.039594664999694
181,0.7772807880962637,1.0898184941242315
182,0.032326001233408744,0.9338627207455944
183,0.3060431940225874,0.9660048629308586
184,0.24948798803582753,1.0081689940401615
185,0.3500598005577157,0.9575019135347601
186,0.5247353600110914,0.9306109341953792
187,0.7183822708302376,0.9608390670371733
188,0.7614519555963252,0.9948126097412073
189,0.37282225912194566,0.8559354432372666
190,0.3429164329073578,0.8615194439308579
191,0.5179837611947947,0.8073267635770723
192,0.34213789889419666,0.7448721579660598
193,0.5823751765460649,0.737417279210417
194,0.5165534101337226,0.876564288353515
195,0.6305867802551817,0.9939463278247395
196,0.4712044347110464,1.1240639507637535
197,0.3399944721611593,1.173554792339999
198,0.43764606611338003,1.1965416741437183
199,0.23859353402143377,1.1889665878515787
200,0.3384146655538935,1.066610243950901
201,0.41584195989978145,1.10328840604934
202,0.22557238256565876,0.9625878548187874
203,0.3175357893146235,1.0170655124833334
204,0.5915220702695124,0.8957082191956626
205,0.6848448812992489,0.9420801723007992
206,0.3479103114836621,1.0665872700496852
207,0.4635260061194276,1.0088267439863894
208,0.690911601677445,1.073965072901937
209,0.028051534262269195,0.9618095886838741
210,0.4391094613440301,0.9887929260088859
211,0.6081325395601882,1.1414122731785705
212,-0.019443193628666446,0.9801342843439005
213,0.6958556006249154,1.0595055914224287
214,0.067727783730949,0.9563384054339238
215,0.698577049090308,1.0288266528044492
216,0.12391123795660493,1.1271341233693848
217,0.5896545907730584,1.2724483914029452
218,0.40489407542982075,1.2133769148661881
219,0.48393778248299685,1.1134268107541183
220,0.3056241071766157,1.1614661885087476
221,0.3376216334856016,1.1962412053549274
222,0.3836024331628901,1.2196452569149128
223,0.5675528247580692,1.1884516484150711
224,0.22196898454336422,1.0749199355013825
225,0.5944692074862682,1.0584744270151034
226,0.168934516265337,1.0862413463982115
227,0.8865379903468887,1.0175512983964154
228,0.26755313197865094,1.0590557104651372
229,0.5941550924936199,0.9510774936197315
230,0.7872811831655379,0.9990976662597312
231,0.2415632352334781,1.0040906111147851
232,0.053251014227570476,1.0298374156023413
233,0.6205678820221142,0.9633089452465248
234,0.6391817147477755,0.9825594708532543
235,0.1537446489955622,0.8853438908866106
236,0.3985243938338968,0.8859940295876121
237,0.5353301697919933,1.0197290098054717
238,0.4752309097286613,1.1025652403088924
239,0.6139457470952966,1.101579068004353
240,-0.026358024119608497,1.053906233890025
241,0.3329944391124013,1.0260316803608085
242,0.42381188749213233,1.1053419646272251
243,0.2346064914397993,0.9177724844633154
244,0.5996603088181128,0.9618994559898603
245,0.2722852300966989,0.9330782843639208
246,0.8276266112002296,1.0870891850166946
247,0.2905834461478618,1.0462253987823071
248,0.3127105740761987,0.9494278791273515
249,0.5426290434502046,1.0288914262551807
250,0.5322689235918037,1.1245684026174194
251,0.3250060593576374,0.9935979071218904
252,0.4634244318602094,1.0596101181756943
253,0.3403875521599687,0.9883379169793716
254,0.03891771114663196,0.952640372901851
255,0.36781738949574966,0.8955662579049255
256,0.43808146095555667,0.9505265204048918
257,0.5989199204092831,1.0532741278638422
258,0.4428726590757062,1.119855492179387
259,0.4870606158556517,1.1804431068723211
260,0.3516264398485117,1.1024008317521385
261,0.13037055663598157,1.0449531741654752
262,0.5327672573162201,1.0944581772868283
263,0.6414391867296813,0.9962847967501631
264,0.752143758329197,1.0131428797739945
265,0.9035282749808075,0.9491797106470002
266,0.4902719816707644,1.1054623445454899
267,0.21329448213616625,1.0992961368430565
268,0.30206704747771773,0.9715835744476021
269,0.659359318048477,1.0360168483690109
270,0.6342731446758385,1.0341874457355291
271,0.5424863292411949,0.9326723698158811
272,0.5211091412986938,0.8864863651674273
273,0.48603157216450865,1.0090831000961946
274,0.47023471359973873,1.1802966590244337
275,0.5528442512045048,1.1514393974985437
276,0.5385593653460177,1.1092450854701714
277,0.42530439273355963,1.1863786286655276
278,0.6856701171697187,1.0818396291288217
279,0.5356117996712274,1.1033150578310211
280,0.9112845258543294,1.1251122881012579
281,0.09948621911509105,1.1675426334720207
282,0.23044524091842575,1.1198379630964985
283,0.5935632721303788,1.039692508098352
284,0.1791994759650048,1.0677519318875623
285,0.3747962004013621,1.1404650474313445
286,0.45187262763446606,1.144288820310901
287,0.3972238258865606,1.1762357034265443
288,0.5015285779404114,1.0577102493096193
289,0.45234963376681364,1.0980945239233522
290,0.3462426748725299,1.156617716313335
291,0.210127774176659,1.2310454947403877
292,0.5225634310285509,1.2443754685855148
293,0.347123514948688,1.1713637052197046
294,0.49760316720563075,1.1040229376657253
295,0.37530694878975057,1.093464087858778
296,0.28625043121458693,0.9829544079756356
297,0.4530109743377583,1.1159023888105566
298,0.10190132855103874,0.9671733267799651
299,0.35164332493264233,0.968316453849768
300,0.4379630900598107,0.901666905565442
301,0.334658884110689,1.0476515721879
302,0.2515335633364636,1.0836998504970194
303,0.5776848822289756,0.9994897163105894
304,0.2572273972664433,1.013300660486276
305,0.5104214998703981,1.1584976599245471
306,0.3470313748161172,1.0556458655375722
307,0.07930296595907838,1.0527777741395905
308,0.04139916238208029,0.9399460887086405
309,0.3674646576515057,1.0886554499597925
310,0.4781024710791809,0.8646461220337245
311,0.5010656202244188,0.9476085657705078
312,0.3655213943688981,0.9457142761440708
313,0.44019694162015965,1.02070545044733
314,0.30447902417111994,1.011113724860099
315,0.45533274530796264,1.021799610273393
316,0.6499033225901473,1.0478091044251605
317,0.08657875297217742,1.0193107711745248
318,0.2591714157635154,1.0882292747492148
319,0.06852316803517713,0.9900859097190909
320,0.2086508593853838,1.0845827832353352
321,0.2268275076447081,1.0809387839405609
322,0.48131767425082284,1.1141111554414962
323,0.46476752827524453,1.1750572045814667
324,0.6303323195730868,1.2122493578391256
325,0.654668290845465,1.2219104373603187
326,0.6890007561700823,1.2034937665887706
327,0.6024028064664207,1.1883274693697956
328,0.30220964603172945,1.102230400066356
329,0.23417587935366133,1.0258234320069402
330,0.3928145083978046,1.0536023062993922
331,0.09847272006563892,0.9563902333318622
332,0.4822701828520525,1.0042194144948289
333,0.5383655161469469,1.075587337603205
334,0.2564665355749901,0.9888274277221979
335,0.4194216432310018,1.0848706138187219
336,0.45893604405223365,1.1038303989472915
337,0.35020228619132354,1.1257233793117325
338,0.5824923773647386,1.1095183212602282
339,0.30113809893271043,1.0099512677341198
340,0.5497662509219483,1.0570083115911573
341,0.23619451811635847,0.9249503406436961
342,0.4572207746689518,0.8896063421976341
343,0.5992382256701172,0.9340970379248792
344,0.44975661611929807,0.989415220439599
345,0.43109022859498536,1.0189391926395048
346,0.7330494983704645,1.078073381374525
347,0.324076199408648,1.0811963253184138
348,0.826189751765361,1.1067005881539527
349,0.7026193093293648,1.12959580717923
350,0.2117539530724109,0.995975671347377
351,0.4282308969726142,1.0015592024195983
352,0.4806231335208386,1.007502807052697
353,0.6345936951690494,1.0462906025278778
354,0.5331571786978706,1.145445899480806
355,0.09736952887907903,0.9317906353508439
356,0.44247026636482134,0.8857535715091374
357,0.5076710821396745,0.8789529490104118
358,0.0712034906141434,0.9943790064381229
359,0.33154426875798754,1.0377616636406921
360,0.4725419527694613,1.0038029808944777
361,0.3606235099954548,1.0402375436722624
362,0.4994945852956251,0.9992033736295058
363,0.4881717668060373,1.0914374785837557
364,0.09696001880235318,1.0817852880442551
365,0.41670465177822635,1.062622274251208
366,0.6021941367466974,1.1083979959987615
367,0.5326975799610509,1.0690443899315434
368,0.4713107175801804,1.0849053686108316
369,0.6171011780098761,1.0697231517617456
370,0.6306272381373628,1.0190949843325154
371,0.11331948628462266,1.0077899504725691
372,0.3782614397420707,1.0338316553936258
373,0.2566644217784232,0.8898335145792134
374,0.43168370872548895,0.9112601824268736
375,0.41846701339312076,0.9639133356030979
376,0.4256488369943477,0.9142911093506516
377,0.5260449127381674,0.8404988368654391
378,0.25907094401464914,0.8814745865486546
379,0.4605568226951259,0.9131832336220123
380,0.5408488870681054,0.9654784613543307
381,0.2438222576566361,0.8790378996722116
382,0.39695110870254485,0.911668035045459
383,0.40058787894948616,0.9555352492485595
384,0.4837709936327136,1.032036615175076
385,0.22651716066384778,1.047128682493029
386,0.23064587912350956,0.9597545620767671
387,0.7370337664583304,1.0259405584013361
388,0.3796603630914224,1.1490429671251376
389,0.17762607799387084,1.0434394140149374
390,0.41423262996549925,1.0374774123239154
391,0.1476377298773496,0.954684394425667
392,0.5517152097356647,1.0715059271842327
393,0.6592942366140551,1.054139853160524
394,0.5509901219041701,1.029914643849739
395,0.6874189128287628,1.0196046304012512
396,0.6229216159445697,1.1427398140169311
397,-0.002802646420384382,0.9677292399535605
398,0.8118071638988592,1.0543393146332685
399,0.46716874490732424,0.8515049886438897
400,0.4029255886697753,0.9593192049242554
401,0.8369010787050366,1.0987990527325309
402,0.21636279147257678,1.0620193571339749
403,0.6567044328113546,0.988319797348087
404,0.6614399412549344,0.8855232911001523
405,0.40171356624772026,0.8737130078955997
406,0.5673092551964001,0.955091719199765
407,0.8050245863104014,1.0009659758875449
408,0.26731575695423376,1.1297889204104128
409,0.12433032032573024,1.0462099457282805
410,0.21595300433951328,1.1282083877145148
411,0.5359826073978574,1.076568929910095
412,0.5798860467292158,1.1925508249458212
413,0.8655074564840729,1.1477687226116084
414,0.6968984180849994,1.169327412868044
415,0.17188728061951988,1.0208867753713333
416,0.10075048765728724,1.0426243710340826
417,0.45100462562554694,1.0291884808975158
418,0.49562814621443246,1.1275837599232017
419,0.48794569366618273,1.0119286121249398
420,0.5699437383354394,1.1375874015787266
421,0.3749562605178447,1.2881536210489348
422,0.021320355434529033,1.0923920907444744
423,0.3023814445600494,1.1772792007735275
424,-0.059499514452003056,1.0139410024436137
425,0.4695870544865997,1.0338845978937092
426,0.6610369245255036,1.1972955411802941
427,0.35525131541763266,1.105288202622384
428,0.3044201544047707,1.1337294932045054
429,0.4868565247909334,1.1713402769181798
430,0.5940356593207152,1.0962290341454128
431,0.5863640099876588,1.1253432074612835
432,0.3618068417045834,1.081174857125062
433,0.4541245709791616,1.0140548857641256
434,0.5399413889803021,0.9837492536598765
435,0.3712874282848131,1.0339143844780465
436,0.6382984109834967,1.1010957528414858
437,0.6958797214487221,1.1357114756577122
438,0.5685352342978307,1.1938694041442373
439,0.5740619542060843,1.2217385981694757
440,0.3432767092062918,1.2046594298873323
441,0.39968265176553014,1.081819595952493
442,0.2866778413985593,1.1934234373174184
443,0.4222198445370667,1.1438520991966061
444,0.22012425706581526,1.1500688762498656
445,0.5568525805580273,1.1501516914887222
446,0.7172610390374295,1.0697154374788551
447,0.22925332799599824,1.033589462338907
448,0.609918141655065,1.0967358297736094
449,0.17269352175394928,1.116818921506116
450,0.29945204712316686,1.0613963569851201
451,0.19056868294758425,1.0553493353107302
452,0.5089597146894977,1.153140262249363
453,0.5945060295107764,1.0136249255927234
454,0.6676710442417879,1.1054788389891466
455,0.5892127239126834,1.0567147051596535
456,0.5523278459192534,1.0480141763298172
457,0.32629587558181444,1.0498233340910694
458,0.22587293153864993,0.9579078893330377
459,0.4869551274223776,1.0899151774815836
460,0.24835760074045393,1.0242722809451392
461,0.23654849169623168,1.026307721962149
462,0.4972200405687784,1.0154184462976663
463,0.46696657624964744,1.093781209829376
464,0.40533403442371546,0.9638144013981379
465,0.4543307798183672,1.0398468381330277
466,0.32775126100496205,0.901774328205511
467,0.18736167915264,0.9124135231596998
468,0.3790114393831914,0.9927002011505219
469,0.32358689536293417,1.085520494140274
470,0.3890301774931777,1.1231821851376047
471,0.5735132929272597,1.0127245855666733
472,0.15852308013439326,1.0601012352705959
473,0.8744691236136598,1.0977025030696168
474,0.3000532103564239,1.0323679069124918
475,0.2579369786693461,0.9934610460366529
476,0.3476774194801426,1.089225781875446
477,0.39557625665491564,1.1146533844633635
478,0.2939807035269753,0.9788779503388223
479,0.08104711721179385,0.9590587399119481
480,0.3953574229988687,1.0387624280290182
481,-0.10573611537164937,0.9842357918371217
482,0.3353557624931084,0.84477142557
483,0.23319373191515097,0.8614863347998303
484,0.13230677428755755,0.7453138537349335
485,0.1980120500669093,0.6843704539839393
486,0.7717857674917081,0.8977296803815006
487,0.3876371506222897,0.7168800507590657
488,0.3741326164697873,0.8353937973659472
489,0.4156406749889443,1.0022582667148683
490,0.35162516686146456,1.037126445489769
491,0.28299316861939827,1.0984960989992534
492,0.45810867464441163,1.0976778042856081
493,0.5880609174161251,0.995954108575657
494,0.479764971227024,1.0480168701139263
495,0.20518688672255256,1.1999405583515932
496,0.4252458322609643,1.216829775322381
497,0.4243849024308449,1.192513241993748
498,0.2340428985419558,1.1769518156291876
499,0.35361733519794397,1.1204281502331206
500,0.43537393941209335,1.1824597808763186
501,0.44307079656057824,1.0815694144435946
502,0.6038048574161633,1.1814494268646951
503,0.41670737158722543,1.0966960923118514
504,0.7866943593645476,1.194713711527126
505,0.5692140715439307,1.2387983768287536
506,0.3280255725369007,1.1013679872660145
507,0.14479152272791315,1.031623288828668
508,0.3888058096538374,1.1287755413236877
509,0.5622373073320595,1.126622470922625
510,0.30806307242686315,1.191603474444018
511,0.25655582033226343,1.0458753436187191
512,0.3603293684210839,1.014613847230158
513,0.4722761226986168,1.0732126453225055
514,0.41408766919024537,0.9616059480717
515,0.44680641135984356,0.9573494648931915
516,0.585868765631898,1.0304478189053004
517,0.48151273599202676,0.9464210374878116
518,0.5901267907220094,0.9931698078720709
519,0.3055908470341173,0.9227883059078681
520,0.2593906019098669,1.0576009651939877
521,0.6223515513154808,1.115367859219655
522,0.2567418095713707,1.116799789496083
523,0.4894165784312223,1.0627960840848403
524,0.6373150680456237,1.1758132858109456
525,0.24484542488088204,1.0227888994644383
526,0.056066080894274624,0.9711859735128283
527,0.1223972004373728,0.9931388196455616
528,0.5437271550693978,0.9399343493514261
529,0.44439853229978343,0.9662278158187203
530,0.25693949892095724,1.0385901940082447
531,0.46417477308715616,1.0429726714894747
532,0.43715952626098536,1.0826755006924895
533,0.520445430290135,0.9921384322131579
534,0.3640556540189355,1.0349043223216452
535,0.45951205083405916,1.0511690711261925
536,0.5626940987608735,1.190606091766324
537,0.7524374486586818,1.19902250548829
538,0.8234894587494976,1.1109512613269839
539,0.20721960080913557,1.122500643746116
540,0.5739150765836424,0.9680190915193073
541,0.6270836088576367,0.9955217964817389
542,0.4524933848992777,0.9690063846116309
543,0.6225771261668325,1.0128650072367056
544,0.14992801560857816,0.9138387176531956
545,0.5045774312470412,0.9847478884217843
546,0.7217910661262864,1.1872986148200906
547,0.31516780182282667,1.0103671093598585
548,0.3188773537793887,1.075695577952372
549,0.3088365040604451,1.1670533534858574
550,0.24805904635901946,1.2082242260949234
551,0.5744877501310416,1.04934580576664
552,0.6857857488879622,1.0424242016545162
553,-0.0444416769825761,0.9922603864276601
554,0.1904777346979731,0.9602042221944594
555,0.5679134286618349,1.0355918260302575
556,0.5704013892756074,1.092312507442218
557,0.3451832929512032,1.0385877545465911
558,0.45046746662440196,1.115288619958964
559,0.18551795380923838,0.9457348592906436
560,0.5012813465979278,0.918271787172839
561,0.02195916451408612,0.8360760518940196
562,0.33049425220332035,0.9372976230271576
563,0.6352187317707697,0.972351784478589
564,0.4652366113109492,0.9685528734813499
565,0.4910465133418013,1.0774870560535044
566,0.713962745108784,1.055733105473588
567,0.644019284310036,1.0564314621337951
568,0.3244561631624538,1.1346676252814714
569,0.22858931919831132,1.1316279611794313
570,0.10899100771025633,1.091074022734924
571,0.6435033431178664,1.1654162382662547
572,0.31650085550299123,1.1180644569231781
573,0.16348724432464645,1.0807198119968267
574,0.2108993541270543,0.9388735278664747
575,0.23993557946481134,1.1083066508215875
576,0.5342640062303533,1.1545089354509053
577,0.5571110770150118,1.1141427014199323
578,0.33239313741578175,1.0858352155148274
579,0.273828601867585,1.0145283444020918
580,0.19473233348779298,0.9425386492997108
581,0.5222501373331779,0.9874780420752852
582,0.5318509695570102,0.9503315459007293
583,0.29996709233476776,1.013573045361724
584,0.09460031173623414,0.9210656502896325
585,0.218736418126954,0.9921487646071622
586,0.42190856454833064,1.1361376102890115
587,0.620798222925511,1.0919419277946179
588,0.603368578446535,1.049825849152672
589,0.3656256914112152,1.0853856247737517
590,0.49409238519825527,1.1821178021133552
591,0.15141455840674897,1.076551376985188
592,0.10759904327443828,1.0195645338453296
593,0.41287808593384734,0.9441718737031564
594,0.5945447295432367,1.0706151077750155
595,0.2008406633239223,0.905946892748
596,0.39571250357211674,0.936220035797411
597,0.20912655834975563,0.845984045110049
598,0.5291131121154543,0.806956849053307
599,0.7392142474309258,0.8638616115299282
600,0.3841936721795764,0.9688963129154078
601,0.2616759990780359,0.9521568250138926
602,0.6982011621036068,1.018966401931835
603,0.3171473878336784,0.8388345977503431
604,0.48421910596484125,0.9395250055735627
605,0.24629803572504638,1.063098360631205
606,0.26748246484586524,1.0872112942998038
607,0.419660990000015,1.0000989523642407
608,0.3950124001886704,1.0784893225277086
609,0.3888300472605928,1.0679179150749738
610,0.3308015553910721,0.9917196260872442
611,0.44898656755896577,1.006772452965915
612,0.5611952534692873,0.9695696505074116
613,0.4419940106870472,1.062134571981318
614,0.6704724181174799,1.200453205718436
615,0.19794035945966423,1.1156269005187713
616,0.4266639538719283,1.1647929995972364
617,0.180079039780036,1.1236250768744551
618,0.43894324278939156,1.1313483280827876
619,0.5792320333887864,1.1786426004366968
620,0.5008896583762005,1.1952011374962905
621,0.4786047972901822,1.125353340252252
622,0.582775920622789,1.190129349682918
623,0.8108511119161835,1.2361646153779744
624,0.3235128898021376,1.103733729478905
625,0.2990628590732367,1.0448827460870995
626,0.4527452648819307,1.0175600192782197
627,0.36745991355102336,1.1743156162579813
628,0.36814120610141265,1.0391835486091183
629,0.5049878677745023,1.067566156285319
630,0.5779946943411626,1.1511902352720944
631,0.6245350107430556,1.1328793640414794
632,0.1892994432755444,0.9983131178453358
633,0.5541612324264354,1.0240172241085672
634,0.4762882199336843,0.9625920759492754
635,0.07039032254537171,0.9661840432321448
636,0.5498479204531502,1.0937629802291875
637,0.2976079892004011,0.9905673979041333
638,0.15073683014674932,1.0166264037146553
639,0.46839444991119267,1.0326811957741382
640,0.37597186420559087,1.069972087961799
641,0.637005601549053,1.1619810265630233
642,0.4190021665309135,1.2094442623162736
643,0.591071915117831,1.1602256711705874
644,0.04019159129567298,1.1569878183490598
645,0.3033279141834393,1.0386304306972167
646,0.16307200606090655,0.9953403756865847
647,0.47129837174995737,0.9872127093759591
648,0.15024559944719768,0.9860558219014065
649,0.2308259911930605,1.0607012103211384
650,0.5478479628364957,1.0872634480630072
651,0.44219960480238835,1.064010131997508
652,0.330032283781267,1.0247095116957363
653,0.21167140350159866,1.085029296575834
654,0.34395824740318565,1.1404502287268654
655,0.4125259036152827,1.063492259127942
656,0.5753007280684466,1.136109090398482
657,0.3535764934933632,0.9505887250395537
658,0.10664076271110136,0.9706471686765598
659,0.2519314904826741,0.9017574068178076
660,0.15197641751867239,1.0097736083808897
661,0.35956678954757104,1.0352604530599976
662,0.13843957718366107,0.8715891198509184
663,0.36700119794686153,0.9014949061035145
664,0.48192776026692835,0.9812354949010751
665,0.6835353272205642,1.1174203460393077
666,0.4881452367193,1.2068147228902284
667,0.5724671341421674,1.167315791430452
668,0.272324762548117,1.1151079184977992
669,0.5701504421391481,1.111375810187844
670,0.5738231370219903,0.9843656800627228
671,0.17429309057970477,0.9473724335222389
672,0.4144588276266511,1.029562658170565
673,0.44741504736913956,0.929907277552074
674,0.5100906201878878,1.1189062153140967
675,0.42403975924304094,1.1877355710891833
676,0.2794904198355659,1.092627518978023
677,0.45339662579963863,1.1209106452470474
678,0.7119202737015503,1.136390624309077
679,0.35762797443797095,1.0358475700270084
680,0.3391471180401565,1.0207930013193667
681,0.2083922267620504,1.1117471505938983
682,0.39111468221961615,1.1096642590214316
683,0.20818110291887887,0.9978505239081471
684,0.42173411603231675,1.098982172478519
685,0.4280588197951615,1.1031465886009024
686,0.6469932880251533,1.1105242205635428
687,0.4955651085668585,1.0434017855699773
688,0.39291542759220105,1.145788088874713
689,0.5597913214071085,0.9658182828756261
690,0.6526705743432418,1.0613719073858532
691,0.5736268095699159,1.0287137711042942
692,0.8071624871576533,1.108960859793366
693,0.5656242400841577,1.096055240403199
694,0.17945631591945616,1.0812489108573358
695,0.6828723428719354,1.1285232684055482
696,0.30357232477957274,1.0498016754823318
697,0.3883388273309736,1.0019954461781742
698,0.5919184757965359,1.0850473563678786
699,0.6549607155368368,1.0231868204946974
700,0.7226650589852361,1.0159824147195182
701,0.4437298285390953,1.0823937517232702
702,0.33303731981730933,1.0814879282839698
703,0.49086966856430486,1.1571294519439215
704,0.37622205026198624,1.0694416014013786
705,0.4818267804436884,1.166502438889999
706,0.22410724326110215,1.2551166794803683
707,0.3333283266115521,1.243180511585162
708,0.40139042961697896,1.2093579425151655
709,0.46494167740052095,1.1056904006497406
710,0.4156475958399863,0.998109952476512
711,0.600922282136489,0.9833066516010164
712,0.5130637265836963,0.888997817330239
713,0.4401745789441921,0.7826253192855864
714,0.22804647707996728,0.9622924773573918
715,0.5015199807271509,1.1862464839627964
716,0.39953715544263135,1.1635369107532227
717,0.526075606676517,1.1147733694076694
718,0.5377045870013544,1.0760660160115882
719,0.4792431477715372,1.1699818740732668
720,0.5560708998041184,1.026867409036981
721,0.6693127438301927,1.1551153077778358
722,0.525125339740315,1.1254964980183868
723,0.4024278617700521,1.0949837193417327
724,0.20665692077226774,1.1112290283950534
725,0.46224443692475387,1.133330755699558
726,0.6896715765073868,1.086735149931015
727,0.23786238494889161,1.018156133598467
728,0.25665276697507117,1.0840813602897836
729,0.18554716974991134,1.1438772135059472
730,0.39579660293772334,1.0382802583389312
731,0.2636111518601193,1.1194012772366666
732,0.5062491369982909,1.0896567965792914
733,0.26484322639876395,1.0504767128252686
734,0.38190827944126193,1.0670881984067007
735,0.6725020935978306,1.0178101108425108
736,0.23488497262105568,0.9652898203051347
737,0.2201944866842801,1.0045294558432294
738,0.37146373866289645,1.015318153682404
739,0.6137430412558228,1.005220882684702
740,0.6981518917229331,1.0908187501230806
741,0.6310640195109889,1.0801642900658763
742,0.451424096659071,0.9501279474581009
743,0.4763894011753917,0.978286416080267
744,0.2986264646077249,0.7999563053739661
745,0.26466226431210904,0.8671163512289316
746,0.4846960674269755,0.9040176599977977
747,-0.10658008123256754,0.7993994311030675
748,0.04803859126570652,0.7639979464954773
749,0.7129326209312609,0.9058461994197387
750,0.3473317223594136,1.0328827869717057
751,0.4106104596167267,0.8949234282083327
752,0.30396480718112434,0.9568253194607199
753,0.2661139054005854,1.084734358572938
754,0.21126475001521744,1.0267252636998683
755,0.18808331343261855,1.1068615851081332
756,0.5080330074890057,1.0579498021657003
757,0.9179928039274022,0.9793979123650284
758,0.7907222652164545,1.0925858493311258
759,0.2831031394845035,0.9250119653587514
760,0.2772983280073008,1.029129850555958
761,0.4837660151844577,1.0960362161457358
762,0.6599424014487053,1.2196442470913724
763,0.09211251321465613,1.2033444615688826
764,0.32253291927603117,1.246860920968568
765,0.601159180704447,1.0662440201422414
766,0.48454710809615126,0.9735574678817247
767,0.3294903824975957,1.03440034500379
768,0.6508799797651873,0.8999008544951219
769,0.5711862051386647,1.058390008354169
770,0.1058404048002398,0.8603406412456948
771,0.6379740817629099,0.9108760797635348
772,0.5853018197912645,0.8944816069806276
773,0.5618287282289431,0.8747571782712347
774,0.28536061508501703,0.8337924251115182
775,0.033074649440396925,0.702714750980928
776,0.07846868806055753,0.7788563835475096
