t,lambda,delta_s
1,-0.919072454764687,1.1697484422490454
2,0.8312983073717101,1.0881459653028343
3,0.16283441066621357,1.0593992562398076
4,0.2189842405326757,1.0861113478098923
5,0.4540406653212045,0.9793802080675544
6,0.3325355365363585,1.0692033089496895
7,0.4431014825670897,0.9758138395820286
8,0.42538782731719865,0.9465378756690203
9,0.44633803180220205,0.8609462050840485
10,-0.06569898307149571,0.7676514541626647
11,-0.043692371204212876,0.6999961759304474
12,0.16845715754896654,0.7292237280441982
13,-0.29515991985691997,0.5991282174995567
14,0.5508411180539194,0.69437936784965
15,0.35277342583990035,0.8705251099913522
16,-0.172913887179815,0.7012462303917734
17,0.4644878611799163,0.7946002410705905
18,0.3821283272370471,0.8713394789239729
19,0.33155651570328093,0.931180602904534
20,0.13285312338963592,0.7710995988333754
21,0.28279702232898735,0.8098885254492973
22,0.23601861192350335,0.8455121660085007
23,0.13402414332890808,0.874900928605868
24,0.35126261974510203,0.9558173679919846
25,0.3426591463291975,0.9953081635359312
26,0.47603243407672613,0.9866259362996413
27,0.16838463431792744,0.8689910329157683
28,0.2399074693850108,0.8602470095474001
29,0.4019113633719211,0.8196512179201972
30,0.2209329413987455,0.7429046626182328
31,-0.0027116978245834583,0.6672335883931494
32,0.15173324672997138,0.5005261503922814
33,0.265153526375151,0.5599372890803889
34,0.3437723316343684,0.4980663304249687
35,0.10367220828872585,0.43055469967569115
36,0.03597532548676631,0.4013259838666969
37,0.10033793327504585,0.4456847799308477
38,0.46881012970341845,0.31559272804129845
39,-0.01859860743114546,0.3386537226906239
40,0.5980520756387774,0.267234286637733
41,0.4888619327661189,0.29019855797545696
42,0.07733377206184913,0.2146290217150619
43,-0.00980464606903978,0.22444726479779356
44,0.3935388606254071,0.15151628950613702
45,-0.1095595558073415,0.16608372219087725
46,0.13152251999506143,0.21839596682385445
47,0.4933573535807704,0.27967397758718177
48,0.22058219205734067,0.23867425113580612
49,0.47042506711222054,0.2650550901166983
50,-0.04497197938676498,0.2221397235805857
51,0.30214366622258726,0.26408884690368395
52,0.6799033960689668,0.33859358268862405
53,0.1788297861012291,0.3054848462889352
54,0.6354604607452946,0.2880522518490589
55,0.2687178445433589,0.2847240448590257
56,0.4915182328323474,0.2978775118036941
57,0.8647614298097612,0.3364818411004494
58,0.36470569815642545,0.4006014374286335
59,0.6304755130011218,0.410409288148169
60,0.6424468290955719,0.500610960299409
61,0.14711143915838196,0.5312342515151982
62,0.4950455937030442,0.5752008004694608
63,0.23977472545891004,0.5301723601747007
64,-0.12910283158097155,0.45469806035193505
65,0.297858098162469,0.5149843021449737
66,0.5019209865525764,0.5586566672036861
67,0.45635564361296516,0.5861495160227521
68,0.00514311818362736,0.6182429520312299
69,-0.02324525165035298,0.4115558581149068
70,0.24467044594911905,0.4731348255697338
71,0.38604110170395706,0.44867184841463204
72,-0.16733260496253707,0.416598622866302
73,0.26706229632330614,0.5112377325440083
74,0.14321055176762912,0.4120794998977188
75,0.41506868295701554,0.42485330420913897
76,0.42077935632340246,0.486852085961538
77,0.4080295940760917,0.4279512541646951
78,0.09218476197348167,0.376657403577529
79,0.4139895741039964,0.45902906226746953
80,0.2930381416351389,0.5164019940568754
81,0.10702370587580412,0.3646260690400645
82,0.432744276934262,0.404670195426471
83,0.5161762968562644,0.550671327216509
84,0.04603140356635634,0.4643536540650263
85,0.32796998408664013,0.506208568156356
86,0.09318472797465335,0.42699625863623275
87,0.46033062781889483,0.532461262966096
88,-0.15384162379620422,0.385135296364922
89,0.41627603177615097,0.4965205254520098
90,0.4677550884121974,0.5804193925450885
91,0.4684631049743593,0.6038773248954691
92,0.3534677046589341,0.5594957550813208
93,-0.12299397629766447,0.51833055287188
94,0.2752548353038387,0.6298970398236897
95,-0.2822301750338594,0.4428763996186485
96,0.3070362047012472,0.4589678437806927
97,-0.26248025286866444,0.35776973141995794
98,0.4690520268462475,0.39653102971633153
99,0.45603335531571615,0.460928739403473
100,0.5821681502174546,0.5455611907718657
101,0.46371497631772146,0.5490726356063984
102,0.03398468970838243,0.46740082578754155
103,0.384753586578287,0.5040844804088166
104,0.1748924162016924,0.4042023369204847
105,0.32861420763589483,0.4844699436073858
106,-0.41267472402175903,0.3445921332337414
107,0.028783092948186942,0.33877962156824
108,0.13686756780246562,0.4501168676295002
109,0.13013243735611252,0.5054386747356094
110,0.18381594323718564,0.5724927672648
111,0.6150508213166477,0.6606387420327523
112,0.7566328069463267,0.6748868590488268
113,0.7364934369300694,0.6512666740668678
114,0.7291894057095047,0.7063482767667515
115,0.2008600756352521,0.6063891875955136
116,0.26911125441903905,0.7218220267803932
117,0.4157284341755793,0.5241945760061951
118,0.3123736526119329,0.589308042901763
119,0.37188832027978436,0.5309150012963492
120,0.16329162643725548,0.5783994665375318
121,0.08707412440379918,0.4877032506250109
122,0.2702303013523862,0.5753823158517514
123,0.29285880241834433,0.5303437403480509
124,-0.08193600248352753,0.44566297859050663
125,0.16289162506170135,0.5270135510438757
126,0.06109066138348998,0.39145614385803745
127,0.3883146033470435,0.5030826166534061
128,0.1843646291493887,0.3874573870879519
129,0.21809947470598806,0.3994047792482238
130,-0.4459008484817678,0.3428809230152742
131,-0.026963166849826532,0.2988721726387996
132,0.301701794551312,0.3601952103843613
133,-0.29441409030516674,0.2412621106323449
134,0.1882475603611875,0.29235438494927146
135,-0.4527115670952999,0.19146325340279546
136,-0.061274904878030945,0.18572797436492375
137,-0.3367353995646854,0.1554275868967358
138,-0.19192012985338056,0.1488955498212175
139,-0.3183560004869696,0.10058318376439408
140,-0.24223868639918653,0.09581254642146045
141,-0.29964489225133967,0.055054225309811335
142,0.2345594556360875,0.06821943503839706
143,-0.8283442747834524,0.03638143823525438
144,0.22044569137900244,0.03787073536785848
145,0.12511257061914702,0.04498780599666441
146,0.015242914717604134,0.04724564843729693
147,-0.0408165486052248,0.046183596334276204
148,-0.05921273714266566,0.04375340739234922
149,-0.051458411963792756,0.040703823048857155
150,-0.05958398935587601,0.0383226490546932
151,-0.5300224235179206,0.023644468471610065
152,-0.4569753052625485,0.01913370562399029
153,-0.2730640814189649,0.018696176374243006
154,-0.08636131265493496,0.01841376330164837
155,0.015430391352543003,0.01773353433163603
156,-0.5228115174587985,0.009820631679585589
157,0.003176625101677863,0.009700127724033239
158,-0.4625389325331138,0.005364941539171869
159,-0.10140675600782441,0.0052496383279266225
160,-0.46355691664500576,0.0028888329371109917
161,-0.046889377193102086,0.00201417679671153
162,-0.5791682485390792,0.001547093156791009
163,-0.04028795761477192,0.0010762673522950903
164,0.0439746238023096,0.0009779855664457623
165,-0.6722654647140255,0.0005735647841706674
166,-0.6260835651457186,0.00044220186238115957
167,-0.21646762287456825,0.00043502796575208263
168,0.05424294733117394,0.00042127490037090367
169,-0.6623580484115775,0.00023190690147255506
170,-0.3815580793364284,0.0001260924512818014
171,-0.24011793900296785,0.0001236226725321503
172,0.038300882171548326,0.00011975834077671952
173,-0.6262321088788693,6.589485152781121e-5
174,0.002982733010913359,6.382690041352217e-5
175,-0.5935081924399518,3.512001988077808e-5
176,-0.02928495102795441,3.401554165798113e-5
177,-0.5833153069607077,1.8716007822922152e-5
178,-0.045731139058306024,1.8127670344364488e-5
179,-0.016032155950482834,1.670041618497157e-5
180,-0.6141285821949032,9.660069145018239e-6
181,-0.02147927254745326,8.89981225439338e-6
182,-0.06278025873778578,7.900699625135212e-6
183,-0.09591268368453885,6.832627597221519e-6
184,-0.5270751894131214,4.2102662552636714e-6
185,-0.1051750398218906,3.641104842366775e-6
186,-0.1224584192651593,3.081998764864846e-6
187,-0.505985151056858,1.9403425595823883e-6
188,-0.11964826842113697,1.6424042731957056e-6
189,-0.5071660289476643,1.0340045686918654e-6
190,-0.43362975520754315,6.371504691180488e-7
191,-0.2012287038860322,5.510213552608912e-7
192,-0.1144832128449557,4.6641513549001904e-7
193,-0.513222523251945,2.936392296797757e-7
194,-0.1140863614662068,2.485527053935242e-7
195,-0.07339435852478894,2.06671425900322e-7
196,-0.08610550300309014,1.69390920397122e-7
197,-0.10412276707197246,1.3722997742850678e-7
198,-0.5345580218793073,9.026841131242696e-8
199,-0.08609899533654956,7.312986769310934e-8
200,-0.11119533956038806,5.8678304790671516e-8
201,-0.5245502537018814,3.8970903198347155e-8
202,-0.556762157391055,2.5634632777695326e-8
203,-0.06480670774332908,2.0767594426919793e-8
204,-0.5603268303946538,1.3660695007531616e-8
205,-0.0567067125147557,1.1067051353739788e-8
206,-0.07053489186976859,8.880036643386325e-9
207,-0.565288064622063,5.8976316977222574e-9
208,-0.5587978577008472,3.879397084124542e-9
209,-0.40511050719009745,2.522319127931553e-9
210,-0.2204695903954596,2.0673307066319077e-9
211,-0.05384938976735791,1.6748236761372846e-9
212,-0.0385518660555649,1.3438534965085243e-9
213,-0.5858445993973741,8.92513537788904e-10
214,-0.036886601616041376,7.161395275972351e-10
215,-0.5916097616401413,4.756204642267557e-10
216,-0.4981895294057437,3.128578943777701e-10
217,-0.1260966582341186,2.534581455426784e-10
218,-0.031851473155536394,2.033710294581388e-10
219,-0.5966155701877358,1.3506784574073602e-10
220,-0.488435114402534,8.88461387752413e-11
221,-0.20552882124785815,5.776627440549767e-11
222,-0.4357302680828108,4.734610735013224e-11
223,-0.19519473991952266,3.078364763056644e-11
224,-0.433277430440676,2.5230740607371136e-11
225,-0.16995350182340066,2.0440387927783944e-11
226,-0.05059025352159785,1.640106190362554e-11
227,-0.05937636098024265,1.305492135275327e-11
228,-0.5650722422453284,8.740125888202408e-12
229,-0.5658976842748562,5.8047106244064856e-12
230,-0.06501180664277498,4.657613085842039e-12
231,-0.5591705879952822,3.093330291743638e-12
232,-0.07148289350445135,2.4820420134506104e-12
233,-0.5561296423670632,1.6484357124751072e-12
234,-0.42934706531661615,1.0843228251295628e-12
235,-0.19965460398565268,8.784513911798613e-13
236,-0.0846420048742479,7.048562727042601e-13
237,-0.538132537594251,4.68126746359689e-13
238,-0.4124445705963276,3.079286090977693e-13
239,-0.21160436131594526,2.0021003472772736e-13
240,-0.09348520857903317,1.2831260166879286e-13
241,-0.07702818373255249,8.078120248547565e-14
242,-0.5584562646527249,6.837778542930262e-14
243,-0.5557960051543833,5.685612816817726e-14
244,-0.42901642537910695,4.660013781007573e-14
245,-0.19480687432577554,3.775255388875916e-14
246,-0.07767348521766394,3.029208523808703e-14
247,-0.07374601590405377,2.4111901579232138e-14
248,-0.5393637049875251,1.6142652223375757e-14
249,-0.08783343802353707,1.2849232351573233e-14
250,-0.10595174460723271,1.0158725638050654e-14
251,-0.1205880476087912,7.986656072771666e-15
252,-0.13467843340302804,6.251214510998606e-15
253,-0.1431247359141851,4.871098731897207e-15
254,-0.15634913162400102,3.780714870141529e-15
255,-0.16921065781796954,2.9241437973428427e-15
256,-0.4630866811585762,2.014742954298426e-15
257,-0.16587022414288527,1.5582762296039984e-15
258,-0.46431233983329,1.0736565203456331e-15
259,-0.4615773105149499,7.371639577690025e-16
260,-0.16524697113107295,5.72151559692188e-16
261,-0.461713252822771,3.9283467309510125e-16
262,-0.16437735066517573,3.0489956615996707e-16
263,-0.46156691857643,2.0934159729237943e-16
264,-0.1568862477493737,1.624809788066465e-16
265,-0.11215785642212221,1.2566875913228067e-16
266,-0.5094731043348505,8.658611360606194e-17
267,-0.423018622793329,5.944933131233932e-17
268,-0.23562009559411337,4.065651639949665e-17
269,-0.10026507095896525,2.7680661539109472e-17
270,-0.5289838375676621,2.1665857589291763e-17
271,-0.3833435766169288,1.688256437896658e-17
272,-0.16820264759542924,1.3103442509944827e-17
273,-0.4567045281158462,8.996718557551288e-18
274,-0.16729630575239476,6.982824513549597e-18
275,-0.4643877474814151,4.794351319319081e-18
276,-0.1998836519571765,3.278785795163127e-18
277,-0.42955201956035644,2.5549098180651384e-18
278,-0.19294312391180593,1.747264950242431e-18
279,-0.03238627880240642,1.1896112601375865e-18
280,-0.04100239160119498,8.063526821700357e-19
281,-0.08705105970089635,5.435114608575942e-19
282,-0.5355298566551974,4.297053443284121e-19
283,-0.0990484412002738,2.8963725749101184e-19
284,-0.5193103515471491,2.2898997799261073e-19
285,-0.5348810286734467,1.8002889963760392e-19
286,-0.5179663044056653,1.4090994523358168e-19
287,-0.11763595396204424,9.593740061687912e-20
288,-0.11302359565317102,6.502912581618855e-20
289,-0.507127152488885,5.112504078873487e-20
290,-0.12822577821383785,3.465402114744691e-20
291,-0.13864601656600092,2.3358088929215107e-20
292,-0.4820069897203204,1.8467127869474448e-20
293,-0.4630411984824578,1.4518612294533233e-20
294,-0.16959314871062858,9.841132441642935e-21
295,-0.1548269206800275,6.633286387112826e-21
296,-0.1534401106396543,4.440912090377648e-21
297,-0.46970937497723847,3.5348783156924256e-21
298,-0.15875562259914888,2.366562052962249e-21
299,-0.14821631101059482,1.5717402778575455e-21
300,-0.14783197017941754,1.0338734143838395e-21
301,-0.48516854443704865,8.375803940702859e-22
302,-0.4734053147285578,6.720619952147669e-22
303,-0.40796502790310124,5.349480749310765e-22
304,-0.2267624728277516,3.581418372499494e-22
305,-0.1630205729722706,2.3785809887682937e-22
306,-0.4628545109955954,1.90853785070498e-22
307,-0.16653991897847514,1.2675458089146238e-22
308,-0.4591237476920413,1.017059820640684e-22
309,-0.17067265292820274,6.754751615706031e-23
310,-0.13334727829071516,4.443201090299798e-23
311,-0.49265244053427354,3.599607136009745e-23
312,-0.13488088492181138,2.3677818610207624e-23
313,-0.4883484201693798,1.9182306427795936e-23
314,-0.41761798852370136,1.5391596104628693e-23
315,-0.2888794070314718,1.225140651444898e-23
316,-0.3456467651110356,8.20218156415663e-24
317,-0.23653763143409437,5.447437608723977e-24
318,-0.39081679786140006,4.37094255553907e-24
319,-0.24254268358373735,2.902939501689007e-24
320,-0.17944609408103995,1.909521577223942e-24
321,-0.1621274931109337,1.2415390125955655e-24
322,-0.4630298359230772,1.0175840485026381e-24
323,-0.4372100620594318,8.243837557738433e-25
324,-0.37401108500702007,6.614732097961693e-25
325,-0.2578854840033907,4.39314103451881e-25
326,-0.20036985931934392,2.8897597047133614e-25
327,-0.4246172413796949,2.3411048572950743e-25
328,-0.3576201359047916,1.8784675626835175e-25
329,-0.2772628787211896,1.4952230800625675e-25
330,-0.3518253483858553,1.0010353641540465e-25
331,-0.2740312969011852,6.64832599437361e-26
332,-0.21450814533015908,4.373195490739255e-26
333,-0.18373034374803848,2.8433786118055696e-26
334,-0.4452359948740591,2.330475877014949e-26
335,-0.4019578253428872,1.8880076383478646e-26
336,-0.3212495691926735,1.5149091232217993e-26
337,-0.23365617576481731,1.2058377425494088e-26
338,-0.17172269755060754,9.533468191246679e-27
339,-0.1471373311446131,7.495086917103513e-27
340,-0.14957976472744297,5.866459713612496e-27
341,-0.15858277228925766,4.571288414663412e-27
342,-0.4648286460134825,3.1262363813840985e-27
343,-0.4534241451334421,2.1284728458785254e-27
344,-0.4063314495514547,1.4427400325731081e-27
345,-0.21124887107967497,1.1342631795686659e-27
346,-0.40840158988442576,7.688361633582093e-28
347,-0.21638133098029325,6.0444884839214185e-28
348,-0.15004605538216842,4.731065639732855e-28
349,-0.4688246964659089,3.221107913081725e-28
350,-0.15893724077454371,2.5211848794136395e-28
351,-0.45877170926877403,1.716528406881251e-28
352,-0.16858491383946492,1.3435394222395282e-28
353,-0.4482723686620318,9.147379880270186e-29
354,-0.29898423453447404,6.200356829533542e-29
355,-0.1633928537226929,4.1792692859766653e-29
356,-0.4546356208652339,3.304170154458422e-29
357,-0.3173024011456276,2.597694983584638e-29
358,-0.309197201533281,1.7607922753108935e-29
359,-0.17152257130426332,1.1868389638706323e-29
360,-0.11220989661703167,7.945755989405506e-30
361,-0.5086663483191797,6.3246648384666e-30
362,-0.1225332610670858,4.234293366754193e-30
363,-0.11429187614752216,2.8121846306384424e-30
364,-0.12091991072995881,1.8498240243095937e-30
365,-0.5022668519201372,1.4986131896672261e-30
366,-0.12735941051676797,9.857712225545826e-31
367,-0.5043908154168821,7.986109687736648e-31
368,-0.13231076441242823,5.253174844993369e-31
369,-0.13147280652952442,3.4155264794266596e-31
370,-0.49566804280960536,2.7994168748969666e-31
371,-0.4815030993504724,2.2679146756477997e-31
372,-0.41927200910560564,1.8197408543505253e-31
373,-0.21749560920759164,1.2085717306527128e-31
374,-0.1482346024025461,7.949851507279089e-32
375,-0.12996203948570767,5.168860571336255e-32
376,-0.48809839987842274,4.2364758682290265e-32
377,-0.13015149719288782,2.75448579846509e-32
378,-0.48616802411164617,2.2576179901792482e-32
379,-0.13055080449445117,1.4678654820020465e-32
380,-0.11597817204402103,9.407402538616249e-33
381,-0.5057600516482815,7.822255153588906e-33
382,-0.4508178900674298,6.411237977104591e-33
383,-0.31517767174705236,5.193989086702628e-33
384,-0.29840658221456756,3.4165487179990364e-33
385,-0.1829004933614802,2.221382870151097e-33
386,-0.12972907988725602,1.4236619845706646e-33
387,-0.1265916802606339,8.962886384559036e-34
388,-0.13438252921320332,5.522896086530539e-34
389,-0.49787159846069184,4.776322154331509e-34
390,-0.4796603373546967,4.0429496140375996e-34
391,-0.1561709910926481,2.5453020760432616e-34
392,-0.45498543681251785,2.1544878493206376e-34
393,-0.17494717541894958,1.3563914763234543e-34
394,-0.4653935610509428,1.1481265749029676e-34
395,-0.15426370524824706,7.228210177327687e-35
396,-0.11181374871021967,4.453995285464878e-35
397,-0.11224899886631165,2.673655741454438e-35
398,-0.1336623669018073,1.546527561244325e-35
399,-0.49196929477945606,1.42479114462107e-35
400,-0.14136056434552421,8.241445373871e-36
401,-0.4984565984142294,7.592712009685681e-36
402,-0.13061583366890908,4.391866239735859e-36
403,-0.14734020072420573,2.416489884881795e-36
404,-0.48085823027317615,2.3404255191552392e-36
405,-0.14875504262506714,1.2877474596535086e-36
406,-0.14474983896701435,7.02918565175441e-37
407,-0.1627466206193237,4.964372463914399e-37
408,-0.4752873121232973,3.7458530338199243e-37
409,-0.4724383038040972,3.6569762706378115e-37
410,-0.15848167883537442,1.9961650817226386e-37
411,-0.4658855053864783,1.9488026546228884e-37
412,-0.414000504101079,1.8874597792491864e-37
413,-0.21342832565550773,1.038516934648538e-37
414,-0.1710587097228893,5.668757706654417e-38
415,-0.4640076906808917,5.534256744742057e-38
416,-0.17841604977556622,3.020880981876139e-38
417,-0.4517583401398147,2.9492054192730416e-38
418,-0.3685899481196336,2.8563726534428233e-38
419,-0.2675587459236557,2.6315305102539816e-38
420,-0.36318839326816443,1.5221609870196797e-38
421,-0.29339263938328275,8.375224625502187e-39
422,-0.22560494181980786,4.5716268610338e-39
423,-0.2002432480294245,3.2287180377065606e-39
424,-0.42296043542957845,2.4362199542449117e-39
425,-0.2213278138118679,1.7205838422938256e-39
426,-0.39969099688310716,1.298261613617113e-39
427,-0.22891971703771957,9.1689912955838e-40
428,-0.3906012726705518,6.918436138965596e-40
429,-0.34002650844221916,6.75428442111606e-40
430,-0.30744759171303465,3.686834618454765e-40
431,-0.2617471637540872,2.603832245388909e-40
432,-0.3570728317851151,1.964714168174545e-40
433,-0.29564028212309545,1.9180979677339944e-40
434,-0.2447046545371048,1.8577215903157132e-40
435,-0.3961357392428388,1.0221544070054456e-40
436,-0.23435169088640986,9.899798354792435e-41
437,-0.4015705308969669,5.447060834932016e-41
438,-0.3650068921375379,2.973284985197309e-41
439,-0.312207440099581,2.0998867918931096e-41
440,-0.31331723361227115,1.5844635686116452e-41
441,-0.3180736268231236,1.1190296713998383e-41
442,-0.2561641511261607,1.0193818325548234e-41
443,-0.37387488828611964,5.963309118889739e-42
444,-0.24562693843676484,5.432285785684652e-42
445,-0.18775727746574358,5.442067429581119e-42
446,-0.4417215511850002,2.894865095191352e-42
447,-0.18474042531174698,2.900077733223779e-42
448,-0.44814464381345237,1.5426736092274716e-42
449,-0.17929853481900607,1.545451424034952e-42
450,-0.1536695922184323,1.4731182784959294e-42
451,-0.47670302461113034,8.235710638682255e-43
452,-0.4428228707441204,4.3809216939181545e-43
453,-0.18408402704269805,4.388810199353776e-43
454,-0.13309342526646414,4.183396789423252e-43
455,-0.12805386806127347,3.7912330415530095e-43
456,-0.1382597566230328,3.311841170275905e-43
457,-0.4904582419384352,2.0203480878435994e-43
458,-0.13605295160071038,1.7648801596400295e-43
459,-0.14106361524873118,1.501115207421063e-43
460,-0.1495324791227685,1.2515248868295151e-43
461,-0.46867413109588746,7.999442940346844e-44
462,-0.1518554858877413,6.669376121914484e-44
463,-0.1334685058375949,5.475328651447506e-44
464,-0.47872085950629756,3.5541105353682297e-44
465,-0.13758722408271798,2.9178026383563755e-44
466,-0.11393914402762814,2.3662491670615057e-44
467,-0.12063480735570878,1.8999520840748534e-44
468,-0.5088670067960562,1.2609741811270772e-44
469,-0.12341590617844718,1.0124844656034897e-44
470,-0.14249989681323297,8.062903536651841e-45
471,-0.48205419594374654,5.395529717200995e-45
472,-0.4846008795517504,3.580944869042438e-45
473,-0.13980417442230497,2.8752777862964093e-45
474,-0.478326737715656,1.9082855207127146e-45
475,-0.1476179121043031,1.5322355323173563e-45
476,-0.13186239989131018,1.2201932683620479e-45
477,-0.49002424595103644,8.165283151719195e-46
478,-0.44598446740616393,5.419195211401014e-46
479,-0.3259691661538668,3.561032639634134e-46
480,-0.2785064002426704,2.887889128155602e-46
481,-0.12851633860415132,2.318796787757612e-46
482,-0.07674892733959306,1.8465700419061665e-46
483,-0.08500177850058958,1.4603520373309619e-46
484,-0.111252962792054,1.148103801183218e-46
485,-0.5062357218820407,7.782216006936694e-47
486,-0.5048905709960935,5.24393410734314e-47
487,-0.12656035589811077,4.1471429100965645e-47
488,-0.12810908607327778,3.2604128439017123e-47
489,-0.4945509082103371,2.2100124567904585e-47
490,-0.4375411729797401,1.4891850456845034e-47
491,-0.30829767246802825,9.96532096890075e-48
492,-0.1938887901901962,6.613857556595644e-48
493,-0.43924661723661657,5.310519544327209e-48
494,-0.20504106951604137,3.5245246919098185e-48
495,-0.40333612155721577,2.829975865171971e-48
496,-0.2532081662424994,1.8782192083187413e-48
497,-0.3559330895694744,1.5080941385501423e-48
498,-0.258725467270484,1.2009683087900155e-48
499,-0.37759026725642003,8.03663366433371e-49
500,-0.30558267072528145,5.33381217286648e-49
501,-0.24552676434903636,3.504926192969701e-49
502,-0.20128824814694715,2.275095414560816e-49
503,-0.17342165658818784,1.454185701311041e-49
504,-0.1585166873104211,9.11101552023283e-50
505,-0.14336994282837326,5.558063276048426e-50
506,-0.4896603320929773,4.855260170732073e-50
507,-0.133734898421462,2.961891919806204e-50
508,-0.486150158746695,2.587368144983121e-50
509,-0.34971754896552554,2.2006806798843325e-50
510,-0.1565309207817706,1.8347736570945167e-50
511,-0.479357055946283,1.1727427343103602e-50
512,-0.13608901268279663,9.777508818656681e-51
513,-0.0611685028155479,8.026998807079429e-51
514,-0.08153442510122669,6.509651815228611e-51
515,-0.5398884976605615,4.277587664292628e-51
516,-0.094113470247158,3.4689934523353256e-51
517,-0.5301658653603851,2.2795264663015398e-51
518,-0.1049212871188792,1.8486266107494947e-51
519,-0.14101433436763833,1.4843331085590777e-51
520,-0.1693942859698246,1.1820462512910643e-51
521,-0.4454866406308361,7.910011135511325e-52
522,-0.19485650668378152,6.29912447313008e-52
523,-0.2076086895054222,4.9816357078126384e-52
524,-0.2128227406103105,3.9164768124697976e-52
525,-0.20689526762745192,3.0633972670504126e-52
526,-0.19426604999498437,2.3855028661849993e-52
527,-0.4304568729066543,1.6324844036111653e-52
528,-0.38198390156874806,1.112210523914291e-52
529,-0.2532384153972995,8.6995093868439e-53
530,-0.1991682015815352,6.774408530011235e-53
531,-0.42413495008448315,4.635968552249114e-53
532,-0.20036196817301022,3.6100823056429877e-53
533,-0.42338669168483845,2.4705076414935534e-53
534,-0.2710580796952646,1.683155191070526e-53
535,-0.1291459976822977,1.140896603304366e-53
536,-0.08501576813322875,7.68776734761272e-54
537,-0.5215656770714107,6.079837999008963e-54
538,-0.09891818655605598,4.0968112195428194e-54
539,-0.0858962215928632,2.741502063161817e-54
540,-0.11387668920908049,1.8195002643116483e-54
541,-0.4657435511653612,1.4609464494589313e-54
542,-0.16871596887772208,9.696116908516774e-55
543,-0.45517034035379994,7.785383629166649e-55
544,-0.3530952729191494,6.199877561616069e-55
545,-0.23013457206957352,4.903146711381891e-55
546,-0.16103752718993503,3.854770105559666e-55
547,-0.13446163648377568,3.015131397913817e-55
548,-0.47602680732563535,2.0542069892527463e-55
549,-0.16157878897377512,1.6067635219482733e-55
550,-0.12548243666764236,1.251205329493438e-55
551,-0.12968998922721836,9.705263801315185e-56
552,-0.14609322425125162,7.502081109084341e-56
553,-0.15777144784905353,5.781148387360386e-56
554,-0.47139743421980107,3.997859023031045e-56
555,-0.45745719814725677,2.7561242039832465e-56
556,-0.3769093408030073,1.8935019046756265e-56
557,-0.23464554018968045,1.4687385883026728e-56
558,-0.37022924238998095,1.0090471650016414e-56
559,-0.2536328117929002,7.826907937064939e-57
560,-0.3838167643314061,5.377212342293749e-57
561,-0.21868614464788544,3.679817537900725e-57
562,-0.1316611031075107,2.5070572084389687e-57
563,-0.12396866776178057,1.699363830841131e-57
564,-0.4958577301212041,1.3360107863771262e-57
565,-0.14510104789971157,9.055909854552383e-58
566,-0.47434498962101895,7.119601480603705e-58
567,-0.4431600521952822,5.5688233998289906e-58
568,-0.3574534753008259,4.336507159700201e-58
569,-0.2724462131908779,2.9676259897688693e-58
570,-0.19288239960850026,2.0218415867014086e-58
571,-0.4246128836737757,1.58144788994783e-58
572,-0.2053780447242217,1.0774393815531802e-58
573,-0.4147107077073037,8.427535805531987e-59
574,-0.3237760780731316,6.562619558099388e-59
575,-0.23529808323290521,5.09044778963748e-59
576,-0.17273650998411003,3.934870085060892e-59
577,-0.15955251606401852,3.0322343248430813e-59
578,-0.47070892816530213,2.096892268328949e-59
579,-0.15637639653052868,1.6158776717088783e-59
580,-0.4809198958526576,1.117433889792497e-59
581,-0.1465359701254302,8.611012112536609e-60
582,-0.1453435707574511,6.617317645328319e-60
583,-0.14145399116773585,5.072507483927242e-60
584,-0.154935195757509,3.879516904906462e-60
585,-0.15556361205385644,2.9609739867844687e-60
586,-0.1674569931049561,2.2556397420757978e-60
587,-0.17856526717906945,1.715338975437296e-60
588,-0.46138822899895987,1.2020304185521924e-60
589,-0.4838842480199171,8.408645287143615e-61
590,-0.4648413053381364,5.8710368917911525e-61
591,-0.3612965148249002,4.0907748516213745e-61
592,-0.2759309324301843,3.1286755596355055e-61
593,-0.34414878766001944,2.179973918429031e-61
594,-0.262856449258279,1.667271205729761e-61
595,-0.12064770817961938,1.2725158286685247e-61
596,-0.5028702062739606,8.884888255333895e-62
597,-0.3235588752180456,6.1907424709261964e-62
598,-0.12748229178069853,4.30375702024961e-62
599,-0.06509436171964302,2.984459448666056e-62
600,-0.07600322104539253,2.063854330708095e-62
601,-0.5543991228364182,1.5904184401941416e-62
602,-0.0708398361058039,1.0998279728343437e-62
603,-0.5420108614550786,8.475339867794579e-63
604,-0.5288902420709597,6.51305738795327e-63
605,-0.40521277548409146,4.992586741995731e-63
606,-0.22540220188849866,3.4708082820402975e-63
607,-0.3979994773020064,2.6605494748095244e-63
608,-0.19467665389917788,2.0348213771135376e-63
609,-0.10181376150678832,1.5530421217564984e-63
610,-0.5266834339093371,1.0843563118638042e-63
611,-0.111137851938085,8.27616146684038e-64
612,-0.4904224098534723,5.7785347859222135e-64
613,-0.3754399512714307,4.026321962739044e-64
614,-0.2137828470483402,2.799068366080954e-64
615,-0.13663376410065856,1.9410264086256588e-64
616,-0.12861889156214806,1.342285203858735e-64
617,-0.13575949944458532,9.253714845099274e-65
618,-0.4887405150926357,7.153037851363195e-65
619,-0.14107223227041743,4.9313046409534016e-65
620,-0.1424630622420249,3.3878860454424507e-65
621,-0.4827290069107873,2.6278922431640675e-65
622,-0.4587349070509387,2.0313369278513427e-65
623,-0.17020354939263851,1.4004037763821318e-65
624,-0.4479876470772157,1.0824994488519806e-65
625,-0.18243889440880376,7.46275172434038e-66
626,-0.1330939642334891,5.12703113442333e-66
627,-0.48788545217912616,3.9769003939009877e-66
628,-0.3819686991407984,3.074108023086571e-66
629,-0.22498204189883533,2.3689259529223724e-66
630,-0.402221707368117,1.6381921655028336e-66
631,-0.2238346803841604,1.2624006403123322e-66
632,-0.13488315889001704,9.701189504135716e-67
633,-0.12211796698561635,7.43645068896844e-67
634,-0.49870567951386513,5.169763886753922e-67
635,-0.13372714583920667,3.962884572151281e-67
636,-0.13385023674617166,3.03086348094473e-67
637,-0.14459358405722597,2.3132539809847147e-67
638,-0.15700622901262803,1.7622132569596207e-67
639,-0.4738309837207422,1.2327330464667537e-67
640,-0.4585472888100883,8.607119156996734e-68
641,-0.3771031589332329,5.997200705991289e-68
642,-0.2557040155096898,4.5867337987635575e-68
643,-0.36263441977082034,3.1959082562227574e-68
644,-0.21966678437038517,2.2217710813182306e-68
645,-0.4088836543674726,1.7030995097411077e-68
646,-0.2122970032873901,1.1839818092344849e-68
647,-0.11786976713357557,8.210374519269794e-69
648,-0.10456944844040279,5.677750795342239e-69
649,-0.5210018498650059,4.3753085813188734e-69
650,-0.5132747542551541,3.362300075825692e-69
651,-0.11600850962786935,2.331601942984828e-69
652,-0.11484145536029097,1.6123813542407054e-69
653,-0.1376786529479215,1.1115757836565378e-69
654,-0.4808105503933112,8.592380236748717e-70
655,-0.1528566670542637,5.923587351105688e-70
656,-0.4691678258614919,4.578879428163392e-70
657,-0.16456335033082842,3.1566796994042195e-70
658,-0.4564494414797673,2.4400848472682713e-70
659,-0.1755721324496534,1.6821946118125088e-70
660,-0.43482410258217813,1.300321215109262e-70
661,-0.3540933644521581,1.0020352734758592e-70
662,-0.24757626745182024,7.700355788327782e-71
663,-0.16964925525144192,5.902710804999772e-71
664,-0.44506756605850184,4.103519599599875e-71
665,-0.3489668383342526,2.8456039186668357e-71
666,-0.2506837207354,2.186765594626773e-71
667,-0.13712195002327704,1.6762660399368751e-71
668,-0.48780264867783446,1.1653273853766073e-71
669,-0.3683189010016465,8.081014587284516e-72
670,-0.2316602897900405,6.21002963667194e-72
671,-0.4023112945448171,4.3063726735639173e-72
672,-0.1995410347681068,2.978001894430289e-72
673,-0.401347397245372,2.2948659977422125e-72
674,-0.22387753996674345,1.5869772095419013e-72
675,-0.06268143660202327,1.0940621650715622e-72
676,-0.04565158602214986,7.516384023632105e-73
677,-0.5814092204225445,5.830257277666356e-73
678,-0.04860220261943544,4.0054810461935474e-73
679,-0.5926327605790516,3.106944103268401e-73
680,-0.6204753798739162,2.401639681442997e-73
681,-0.010761424794802183,1.6556905126317305e-73
682,-0.03434408873701728,1.1374861607073652e-73
683,-0.6061308764318559,8.82317474181449e-74
684,-0.025033881046096905,6.06166375040955e-74
685,-0.07893908478627693,4.1482119651795625e-74
686,-0.11817597721016955,2.8261740160543706e-74
687,-0.14550024611406992,1.915671443946124e-74
688,-0.4852928006296816,1.5060681331553744e-74
689,-0.5099796039341097,1.1780192310625274e-74
690,-0.527189784203122,9.173371936923071e-75
691,-0.49482497484064514,7.115538313081247e-75
692,-0.36863955204985593,5.500246737476507e-75
693,-0.1850213121763736,4.2385228970588353e-75
694,-0.42069068051691494,2.9310814864012304e-75
695,-0.20633875887286904,2.0206877185961467e-75
696,-0.4007771089421518,1.5619733241032154e-75
697,-0.195234323774401,1.2036659471469501e-75
698,-0.0806960412254998,9.249830109448094e-76
699,-0.07076485936290364,7.090460964701512e-76
700,-0.5403989293980355,4.929234465324891e-76
701,-0.09046108336253532,3.778506648089435e-76
702,-0.08400901822075778,2.8898489480818444e-76
703,-0.5352392826026594,2.0135661927668602e-76
704,-0.09445767714811656,1.5400005044328148e-76
705,-0.5219742239579676,1.0730294241254602e-76
706,-0.35652654788500676,7.459618840070149e-77
707,-0.15179108234640698,5.1729058647933286e-77
708,-0.06170933499631719,3.577238811594794e-77
709,-0.5503640837892174,2.756641535348365e-77
710,-0.4724515852049272,2.118400535884525e-77
711,-0.30449734579442356,1.6238607768535771e-77
712,-0.14807410380422462,1.2419489483218185e-77
713,-0.46997049961639004,8.653554079852711e-78
714,-0.15930836185095598,6.6183459456069715e-78
715,-0.06863834245621675,5.051337746640185e-78
716,-0.08681469462784258,3.848057505004544e-78
717,-0.11346193028224087,2.926319702092076e-78
718,-0.5229798023385148,2.0506298444169213e-78
719,-0.11165364483739186,1.5594357692448673e-78
720,-0.14163194686227212,1.1840006582082032e-78
721,-0.45992918942218336,8.310233214305898e-79
722,-0.16080153347700502,6.309539507591517e-79
723,-0.15338865023975512,4.783424407794369e-79
724,-0.15931993755500204,3.6214613436924956e-79
725,-0.1569629971615019,2.738258707404569e-79
726,-0.47063096321983444,1.9298767500537308e-79
727,-0.4341219041429173,1.3584083913782667e-79
728,-0.35335920181093855,9.5484927962124e-80
729,-0.2216792064900196,6.701871441670377e-80
730,-0.1473712521975328,4.696362322240317e-80
731,-0.13638316386465454,3.285278333903513e-80
732,-0.5007949955665806,2.502691481521864e-80
733,-0.47984621221308354,1.9032136035157286e-80
734,-0.1400938647092305,1.3336842905030016e-80
735,-0.13024304917474266,9.329612587827043e-81
736,-0.49111957630499115,7.107203584090496e-81
737,-0.1429435712410081,4.971750548053032e-81
738,-0.1507567507297054,3.4713476294488496e-81
739,-0.16634355247531296,2.418738264724563e-81
740,-0.1754368582743722,1.6814884217590974e-81
741,-0.4488354505048344,1.28894562127172e-81
742,-0.1748108779185315,8.960651799554231e-82
743,-0.4411961428164124,6.868791215756995e-82
744,-0.17608354779398405,4.775131343982449e-82
745,-0.16397115408657287,3.3113360701165514e-82
746,-0.45275602597453557,2.5446674932082468e-82
747,-0.16122794606250845,1.7646109917651095e-82
748,-0.133956630317609,1.2202879952003781e-82
749,-0.1273285277349048,8.412666029559085e-83
750,-0.13735180719223314,5.779637625673164e-83
751,-0.4878995510661948,4.483109727152037e-83
752,-0.14241610624776155,3.0799688907212284e-83
753,-0.1634844333573845,2.1077321888742842e-83
754,-0.17324068549278443,1.4359965197053422e-83
755,-0.19485254113941186,9.733645241866869e-84
756,-0.44262792453970523,7.652425453509765e-84
757,-0.44765215653448626,5.985588666310944e-84
758,-0.4457220204680493,4.661047090714867e-84
759,-0.4329515066641284,3.615449082530278e-84
760,-0.40209892221318233,2.794709429663433e-84
761,-0.3499540279106258,2.153619732646638e-84
762,-0.29285441452059513,1.6549954490740787e-84
763,-0.3527963105868034,1.147663955527394e-84
764,-0.30441748985937644,7.936483190855471e-85
765,-0.2545451129042843,5.471411895919946e-85
766,-0.22772171543009495,3.758948465100548e-85
767,-0.3801177088791012,2.915715399335738e-85
768,-0.24991465977548724,2.0031436370520815e-85
769,-0.35778916995177773,1.5537847363060145e-85
770,-0.2987053308491612,1.201061543143766e-85
771,-0.2266872069632184,9.255451790381459e-86
772,-0.19424701008084114,7.112551189982598e-86
773,-0.44954683355074054,4.9322302590942795e-86
774,-0.18035052449268232,3.790278529141727e-86
775,-0.17456283476952544,2.9054395203188445e-86
776,-0.1753834450531691,2.2221163341751232e-86
