t,lambda,delta_s
1,-0.3012577250048023,1.1175329958216194
2,-0.09234558361141813,1.1062647401543826
3,-0.10945405939575456,1.162457569483051
4,-0.08083087164332049,1.214007876443004
5,0.1168800129884114,1.01675558793352
6,0.4422438411621833,0.9436274518547032
7,-0.06611904153433217,0.9494924502995881
8,0.19088365351182363,0.967691780522276
9,0.18060949170354912,0.9734790055290183
10,0.5092772971990555,0.8056123379251957
11,0.4131553977537354,0.8455789719181608
12,0.4600859512945959,0.9847563349662243
13,0.4823707485918641,1.0640908336109989
14,0.20223870622004572,0.8725185094643964
15,0.31213206136307003,0.8634442741524181
16,0.26046068053629257,0.7604158211163697
17,0.19278583106703776,0.6691925146703072
18,-0.2024247007411337,0.5471469286834452
19,0.5450153583978976,0.6447654052356899
20,0.6232508470450357,0.8036838810124811
21,0.40029724479486634,0.6440221566563792
22,0.05716553794916868,0.6645197229654465
23,0.3897770787230369,0.754019861898718
24,-0.02224737701416386,0.6210455937039863
25,0.39327102011632975,0.7057590112582061
26,0.5509304984670743,0.8107442908419455
27,0.4555907273017558,0.9019935180190344
28,0.3331335997597783,0.7804820795249352
29,0.08944917227153233,0.7673593345999074
30,0.038390614835485275,0.8252640796333469
31,0.16638084486721097,0.712584722703047
32,0.5433080644732009,0.7281853753104327
33,0.2472540475651907,0.5718586866967422
34,-0.018631445960200266,0.6337995730081467
35,0.5362814171414408,0.6441347419558385
36,0.21336785756909216,0.707793609547832
37,0.417005859918807,0.7302241389421671
38,0.404370931833935,0.7073222001419702
39,0.5754131724762827,0.7615544782180351
40,0.15944000520922016,0.6283307081327995
41,0.1164016113161085,0.5468329681222563
42,0.2657252944505555,0.58327042508427
43,0.07500593479966629,0.46061939918984357
44,0.5004552089034016,0.5033110456369555
45,0.208062801605121,0.44044750212038364
46,0.18793634823433433,0.4874568296847721
47,0.232221841573362,0.3491612945510438
48,0.2616386946410643,0.362833927685818
49,0.48633957659498117,0.42124481542226166
50,-0.40523483300916263,0.31665434294752354
51,0.33153845159198264,0.3669201014186217
52,-0.10491999168824787,0.2326208861989336
53,0.2637386479594184,0.25021811335370814
54,-0.3192012935935834,0.14608669302472296
55,0.2928488487669903,0.16734826743093462
56,-0.5332754198899738,0.10110615971589983
57,0.054853146896981446,0.09292292829775511
58,-0.47179408697230457,0.05804328540267393
59,-0.09887057859248433,0.04916927714589419
60,-0.44646150052671413,0.03331428839804623
61,0.0696060204780146,0.04099981751758981
62,0.07040842405261746,0.04463924353146689
63,-0.0404386796232753,0.043997726931381376
64,-0.44585310122626226,0.025591041494233028
65,-0.11326314509518697,0.023677403034937865
66,-0.4143581499746703,0.014638878536581058
67,-0.06045201703574023,0.011893959384265953
68,-0.5680420184503735,0.007876771838971742
69,-0.19417640075265494,0.006999590217440215
70,0.03534794223732985,0.0066868670134375445
71,-0.6579599390892885,0.003769737707153367
72,-0.35769618868513364,0.0024257539886996097
73,-0.2666220804813007,0.0020136728630703966
74,0.04224131121546575,0.0019267968149142666
75,-0.6665605344912016,0.0010768414646032682
76,0.03724512133704834,0.001029129455373095
77,-0.662120640315194,0.0005749593576273975
78,0.03213167702226022,0.0005490968921690697
79,0.036233987820293134,0.0005355418852335671
80,-0.028651555167267834,0.0005034004220536168
81,-0.08010155077275936,0.0004567214356493986
82,-0.11543050582000323,0.00039978702642200843
83,-0.13927545492315577,0.00034071958738375195
84,-0.4926365476994136,0.00021295750730066412
85,-0.5158129948255833,0.0001294411381219075
86,-0.10918996337018227,0.00011351038122473523
87,-0.12172893653969728,9.683852669661079e-5
88,-0.13830925174470174,8.094154855733307e-5
89,-0.49176283733687065,5.160105191104982e-5
90,-0.13313409393166364,4.313723790334306e-5
91,-0.14438962006861183,3.549481828512398e-5
92,-0.48774497689717505,2.298684561062307e-5
93,-0.13704948877129075,1.8915832730172982e-5
94,-0.14613021110506094,1.5371045147597895e-5
95,-0.48508144698751765,1.0080059454297822e-5
96,-0.14022343286814057,8.191346698596945e-6
97,-0.15301518723054414,6.588807455699043e-6
98,-0.17026573006795365,5.255170286061289e-6
99,-0.4572034858303425,3.5111598666980554e-6
100,-0.17077259663311872,2.8004932067845984e-6
101,-0.18089237858769466,2.2178446417511363e-6
102,-0.1926848159998011,1.7457976499447167e-6
103,-0.43473811879751334,1.1818877690030157e-6
104,-0.442088326633845,7.952851010187684e-7
105,-0.18696254437338541,6.29828635295014e-7
106,-0.19521631767207623,4.957776452539248e-7
107,-0.20434235505417817,3.882187022179429e-7
108,-0.42300159732334125,2.64199795994394e-7
109,-0.20608005936701487,2.068818340857684e-7
110,-0.21207478421346368,1.6126081155168538e-7
111,-0.21748012283599177,1.2519640956757794e-7
112,-0.2224567602205432,9.685254490129387e-8
113,-0.40679362079086695,6.67171620450516e-8
114,-0.2240571201465735,5.161272521165157e-8
115,-0.4025323432566847,3.555357348611784e-8
116,-0.22691994336027105,2.7504422107893166e-8
117,-0.22702843289009053,2.1210233229522586e-8
118,-0.3960271003163329,1.4657106068511429e-8
119,-0.2333125038432574,1.1302933500895048e-8
120,-0.397461052559019,7.810771761309857e-9
121,-0.23225996421058084,6.023333319053287e-9
122,-0.3892928182397171,4.16236023547996e-9
123,-0.23944958075787687,3.2098343462580376e-9
124,-0.2196387505229732,2.4682612786507313e-9
125,-0.20312038348013944,1.893155870645716e-9
126,-0.1938652638094557,1.4486804592393022e-9
127,-0.4362792094836011,1.0088627628100943e-9
128,-0.4227239973718571,7.009427848868641e-10
129,-0.20421142328714245,5.37622966656153e-10
130,-0.4231445190876944,3.735324099748463e-10
131,-0.2032796484545001,2.8649927895878396e-10
132,-0.17094550924304858,2.192349368804408e-10
133,-0.15916825167845441,1.6740842198969659e-10
134,-0.16161672212694486,1.275865524490896e-10
135,-0.17231301407294283,9.706477052613053e-11
136,-0.4584640549163447,6.799087379724334e-11
137,-0.16665936729207093,5.172581621238466e-11
138,-0.46210851070636233,3.623233664709993e-11
139,-0.4651232584012262,2.5334624014091876e-11
140,-0.4431455148091513,1.7680422732567877e-11
141,-0.3825268047671082,1.2312667013673831e-11
142,-0.24843872708938766,9.421897274236266e-12
143,-0.1805123943121936,7.194587584051461e-12
144,-0.4446199702763992,5.0209290574314584e-12
145,-0.3594823430489121,3.4965808520579516e-12
146,-0.24614912640911452,2.429372168037321e-12
147,-0.16218674231758426,1.683570316016259e-12
148,-0.4682052777997784,1.2946124283491395e-12
149,-0.39348683475688007,9.929674571319954e-13
150,-0.26938527568604137,7.598384141638241e-13
151,-0.16132822660821702,5.802147764240811e-13
152,-0.1204406068716701,4.421976034992808e-13
153,-0.5131457595121951,3.091964543562604e-13
154,-0.4626233829153503,2.1578074406452643e-13
155,-0.16317812198499904,1.6477079052646662e-13
156,-0.460376347469514,1.1498955851198137e-13
157,-0.1726499095157449,8.780635427156356e-14
158,-0.10551635666769414,6.69196321924635e-14
159,-0.510805898069537,4.679200619131711e-14
160,-0.11167857578096695,3.5661471995363325e-14
161,-0.512066759191796,2.4935460099352666e-14
162,-0.11991991076213826,1.900399842632956e-14
163,-0.5115706710641711,1.3288106686944789e-14
164,-0.3824911718436111,9.273448992442487e-15
165,-0.24196963184132833,7.0812320534729086e-15
166,-0.11251165490155993,5.396801272745394e-15
167,-0.08147243764887678,4.105756187298592e-15
168,-0.5341142428004229,2.8759553982460237e-15
169,-0.45996676483997584,2.0109453443144835e-15
170,-0.2768127423409327,1.4033902283017811e-15
171,-0.34588963720600896,1.0716327739851891e-15
172,-0.1614787827084942,8.16720745046418e-16
173,-0.4687620604727427,5.710731052567068e-16
174,-0.1588611283731473,4.3523048503523633e-16
175,-0.07666955771287497,3.311128512103538e-16
176,-0.07557731403744572,2.5149120565402974e-16
177,-0.09592328477329223,1.9072761666109433e-16
178,-0.5307221158909343,1.340196634930324e-16
179,-0.10082988149523436,1.0163874691869713e-16
180,-0.522717861573728,7.141907867543699e-17
181,-0.09839354475208266,5.416328823297371e-17
182,-0.08619836478966347,4.1019264807925006e-17
183,-0.5410463520546963,2.886361629935168e-17
184,-0.09017611680189748,2.1859166216143247e-17
185,-0.09154035971467878,1.6532993126460398e-17
186,-0.1030850359500237,1.2489440942526632e-17
187,-0.12110413364390644,9.424165306874857e-18
188,-0.5081797492792528,6.655623078272441e-18
189,-0.11750916725826986,5.0221376920336125e-18
190,-0.1283556864116317,3.785544260142618e-18
191,-0.4913990735276291,2.6762971760847115e-18
192,-0.12785711731992777,2.0173165362300006e-18
193,-0.12585915278810003,1.5190850594986611e-18
194,-0.1346168803392587,1.1428373214848788e-18
195,-0.14679337015040883,8.590228050634106e-19
196,-0.16499647389356512,6.45155783730346e-19
197,-0.4593268208947834,4.577732528182914e-19
198,-0.17128027558910747,3.4380351714990135e-19
199,-0.18467662297915913,2.5800594600555677e-19
200,-0.44164519447943346,1.8321289428918238e-19
201,-0.4351483300172612,1.299995515688777e-19
202,-0.39709115863429345,9.216526913046803e-20
203,-0.3369226564414382,6.52845918921821e-20
204,-0.2788280626935192,4.620068023771876e-20
205,-0.34836504083697056,3.479015901934385e-20
206,-0.2928661465431396,2.6173315245968906e-20
207,-0.3359953194823297,1.853967574140834e-20
208,-0.30220414235296944,1.3947759694576834e-20
209,-0.3278773440086783,9.8797932025965e-21
210,-0.284708714156918,6.99174419780066e-21
211,-0.32662621118448504,5.264941797663675e-21
212,-0.30003550016885006,3.725900483007972e-21
213,-0.2607206955849456,2.634130327318171e-21
214,-0.3652612019364751,1.9855323673949488e-21
215,-0.3143775591865375,1.4951508602102628e-21
216,-0.2742167239115787,1.1248311565004991e-21
217,-0.3626191510585352,7.9676589340604905e-22
218,-0.25525900651383093,5.994225232991159e-22
219,-0.3811800186346584,4.245965445960835e-22
220,-0.2402926738428976,3.1943226266609884e-22
221,-0.2227611638093236,2.4010381280396005e-22
222,-0.2129470304114103,1.8032625282252959e-22
223,-0.4185069350151575,1.2795132184323028e-22
224,-0.4187976837874946,9.071314378367178e-23
225,-0.20713605141633487,6.818525941025746e-23
226,-0.42306505686006685,4.834103432231868e-23
227,-0.40060599021635757,3.424201683728667e-23
228,-0.21582914783500332,2.5760937190363623e-23
229,-0.41882004498327446,1.824757077259006e-23
230,-0.20192660721370767,1.372800342874477e-23
231,-0.42028208728689764,9.724130464713244e-24
232,-0.31955213818382733,6.881584600115666e-24
233,-0.307018444782053,5.181989124645689e-24
234,-0.1779285116853014,3.8985114981832046e-24
235,-0.43559776959932234,2.7614820045236865e-24
236,-0.17770297452652117,2.077516777381829e-24
237,-0.09109102182637921,1.561582087076117e-24
238,-0.08519790296342482,1.1728020598620705e-24
239,-0.11906228745938563,8.801245183307629e-25
240,-0.1520633415937592,6.599959854330607e-25
241,-0.4627694869434249,4.690183558184635e-25
242,-0.17820030429072484,3.517118606372781e-25
243,-0.4341195266816606,2.4993988181565916e-25
244,-0.2050762791668242,1.8742725053360548e-25
245,-0.4055745876714233,1.3319296301956474e-25
246,-0.32394833684330904,9.458180569699326e-26
247,-0.22463826200121365,6.711095512620709e-26
248,-0.16504662003353252,4.757938905298824e-26
249,-0.15019917381713552,3.3702511001260087e-26
250,-0.1604828854460232,2.3850634412311883e-26
251,-0.4413908719753283,1.7960068112571502e-26
252,-0.39075855431748197,1.3511709569595214e-26
253,-0.22880458737321252,9.570920297189351e-27
254,-0.3756137344791618,7.200390029637292e-27
255,-0.24758792316262845,5.412230703818051e-27
256,-0.14903752402034182,4.0647721118340104e-27
257,-0.45140560689465287,2.88417774206464e-27
258,-0.27069701223203524,2.044784113556369e-27
259,-0.12332843062301742,1.4484078180488364e-27
260,-0.5049501502732961,1.0896654541141887e-27
261,-0.3712225956175079,8.190557460598747e-28
262,-0.2127669474412608,6.151391425855048e-28
263,-0.14080963728643034,4.616286584951413e-28
264,-0.13429737044256798,3.461704054620397e-28
265,-0.142966289563259,2.594070233359175e-28
266,-0.4869241492758455,1.8447420907072097e-28
267,-0.42129802142249817,1.3109441896451712e-28
268,-0.21467911059168332,9.830630601378719e-29
269,-0.13388511960449068,7.366703165786011e-29
270,-0.47845551334444464,5.238743047474718e-29
271,-0.15020870765368963,3.9257161170473625e-29
272,-0.09065507847421829,2.93982082569265e-29
273,-0.08361558308143442,2.2001252770330773e-29
274,-0.10829814206826799,1.64555305729306e-29
275,-0.5127668919958618,1.1724467601309268e-29
276,-0.48305635155425947,8.348574030483889e-30
277,-0.3524875885015827,5.9409521120361995e-30
278,-0.25876394806730446,4.448955100844864e-30
279,-0.1113703745128808,3.3295425653867244e-30
280,-0.07144928956228709,2.490284987429437e-30
281,-0.5442951546793192,1.7743132330945847e-30
282,-0.0847660576215267,1.327072869801147e-30
283,-0.07823507039477631,9.919952351663757e-31
284,-0.5396447338803776,7.071971323170311e-31
285,-0.08519772407521581,5.286342608201615e-31
286,-0.08603069834132945,3.949408020203293e-31
287,-0.5315326389192397,2.81709197591064e-31
288,-0.4571363344836677,2.0083154598047928e-31
289,-0.28086035184748603,1.4309128130103434e-31
290,-0.13284308951337997,1.0189018347622696e-31
291,-0.09498046309514085,7.250635839229197e-32
292,-0.10891882483382005,5.156203153256843e-32
293,-0.132128765514779,3.6641949020639626e-32
294,-0.1522969453883946,2.601985588473016e-32
295,-0.47570644049403854,1.952649463309885e-32
296,-0.46178325040123736,1.4642709979114776e-32
297,-0.17432481124351532,1.0405668989978376e-32
298,-0.1637188884476298,7.389181381998352e-33
299,-0.15900694033666948,5.243027625581276e-33
300,-0.15569502033856736,3.717128608048696e-33
301,-0.15772562229422812,2.6330007656538365e-33
302,-0.47185210268692196,1.980857835229151e-33
303,-0.4540999385840764,1.4889276208091486e-33
304,-0.38121424229321393,1.1182360473538044e-33
305,-0.2539725246124524,7.934495291291956e-34
306,-0.1745442253129665,5.625287819157571e-34
307,-0.44622542764531326,4.228292540729479e-34
308,-0.32981701918778206,3.1755936767640736e-34
309,-0.3120086039095692,2.2532570949547404e-34
310,-0.3143274232940623,1.692273870347575e-34
311,-0.17077011277945003,1.2699600179748663e-34
312,-0.11322867354802656,9.523294671003745e-35
313,-0.12173750916749733,7.136397230891499e-35
314,-0.14385848028644815,5.34417888972818e-35
315,-0.4780790420787135,3.802986084342081e-35
316,-0.15478774687781727,2.847912930336146e-35
317,-0.1721856831501664,2.1313425532814981e-35
318,-0.18843821914406403,1.594107977078815e-35
319,-0.4315348281260446,1.1357924466437105e-35
320,-0.2036298650959202,8.495001409853004e-36
321,-0.4108984802310031,6.052637948164332e-36
322,-0.2201856214792149,4.526986251310666e-36
323,-0.39891607358854314,3.2254507625767716e-36
324,-0.23574164349654878,2.412430973323453e-36
325,-0.2082862266405811,1.8033071771433624e-36
326,-0.19409820148631723,1.3472444667605486e-36
327,-0.4305887002871255,9.60982394699698e-37
328,-0.4018840385372534,6.8508796176303995e-37
329,-0.23254753445277052,5.121075181354692e-37
330,-0.20435431616222047,3.8259373052982555e-37
331,-0.1854765456728715,2.8568483793151405e-37
332,-0.43990965996394615,2.038841989993441e-37
333,-0.3917933541187481,1.4542952717922926e-37
334,-0.23968540745773026,1.0864988964675045e-37
335,-0.18423804981214315,8.112946877625076e-38
336,-0.15889498605103797,6.054951522410918e-38
337,-0.1535452363018751,4.5168409933467923e-38
338,-0.46888070526091313,3.2266836662927806e-38
339,-0.15618666836495532,2.4070245653545063e-38
340,-0.14996099970656754,1.7947565632377078e-38
341,-0.4887974289018952,1.2827033908774162e-38
342,-0.1384203511245849,9.564257725493745e-39
343,-0.4892037523824444,6.835526369985749e-39
344,-0.4781090157402183,4.883076761177716e-39
345,-0.1483765915104447,3.6426520025654047e-39
346,-0.13543043882994293,2.7160809587468315e-39
347,-0.490922552477348,1.9411692521671043e-39
348,-0.46879166336871675,1.3867079068542419e-39
349,-0.15968361514958185,1.0344490944798505e-39
350,-0.1353960584207509,7.71319216420036e-40
351,-0.14513106728937009,5.748682582576896e-40
352,-0.17010205566314712,4.2827173220606716e-40
353,-0.44569722469729917,3.0634729482552277e-40
354,-0.4308595546248771,2.190410899582733e-40
355,-0.39840588380385733,1.5654755334846476e-40
356,-0.34330016843835254,1.1183245859919205e-40
357,-0.2707270871541903,7.985121983178839e-41
358,-0.20050756740741027,5.698728050253597e-41
359,-0.16231653042613609,4.0648727559022726e-41
360,-0.16240843133035068,2.897863068591836e-41
361,-0.45346562833856563,2.1661706916203217e-41
362,-0.4380458368006445,1.6183385256456174e-41
363,-0.1931466160914371,1.154352361564469e-41
364,-0.4336129016639342,8.624126003165491e-42
365,-0.3884935610390034,6.439682208339852e-42
366,-0.2426472493910579,4.595796747086892e-42
367,-0.3828455822222978,3.431706648824308e-42
368,-0.30571565850060883,2.561192339995828e-42
369,-0.23035344865018742,1.910584834630135e-42
370,-0.18739471544341044,1.424594796800438e-42
371,-0.17679971299485747,1.0617579753304874e-42
372,-0.1745165749847771,7.910002348304332e-43
373,-0.43334560543240724,5.658108250536167e-43
374,-0.1976497672495769,4.2152402514113765e-43
375,-0.43676267071879393,3.015205886710723e-43
376,-0.1950943365304881,2.2463015299771242e-43
377,-0.17630498499463568,1.6727973251083946e-43
378,-0.1648051398370899,1.2452302214418954e-43
379,-0.46106326350646964,8.914336945502635e-44
380,-0.4139314070739281,6.379101220695908e-44
381,-0.3080427246403809,4.563038499674055e-44
382,-0.3249693595455066,3.39942304050885e-44
383,-0.20177392597073793,2.531514889335878e-44
384,-0.40661206274574785,1.8115525382871657e-44
385,-0.23424532702682963,1.295822670060222e-44
386,-0.10558961043770924,9.26524943542552e-45
387,-0.08510309452906917,6.621826665286485e-45
388,-0.5491210111779445,4.937451424138258e-45
389,-0.08187897309490265,3.528771429931166e-45
390,-0.11156337043304908,2.5208390447684953e-45
391,-0.5069348167631686,1.8804822950103183e-45
392,-0.1284699285416596,1.3433551269571309e-45
393,-0.49032222349314053,1.0021090150109986e-45
394,-0.1470319956144047,7.158739471554552e-46
395,-0.47745803272263676,5.340238940993613e-46
396,-0.15875484049028413,3.814892264391421e-46
397,-0.4626339917152259,2.8458133316554955e-46
398,-0.17204594513781324,2.0329560876941877e-46
399,-0.44691793691669646,1.5165339244392136e-46
400,-0.4064340507644176,1.1307774974282613e-46
401,-0.3416930942981375,8.427744007736197e-47
402,-0.2947563153144598,6.025913283795206e-47
403,-0.24962905023004012,4.306689587090056e-47
404,-0.22783567235326524,3.076558366107122e-47
405,-0.2223984510936772,2.196740923829805e-47
406,-0.39006089836146035,1.639497953298486e-47
407,-0.24685336237076203,1.1706432383089034e-47
408,-0.3767762680748383,8.736884593127631e-48
409,-0.25928220605649727,6.238357816948145e-48
410,-0.23505555428945893,4.452117920534084e-48
411,-0.3892131141312353,3.3244208806516656e-48
412,-0.24360824900927383,2.3725336398526135e-48
413,-0.37915239750053237,1.7715838872992723e-48
414,-0.29827819927517224,1.3221896700772537e-48
415,-0.2132870829222359,9.863201184485574e-49
416,-0.40737438054553254,7.045948751841687e-49
417,-0.3036614699711279,5.030986618324157e-49
418,-0.19871977542378008,3.5904554273172e-49
419,-0.41584446744949854,2.6810127689049424e-49
420,-0.3007676573554437,2.000925507284494e-49
421,-0.33400019709039835,1.4287117045494441e-49
422,-0.28693853648169665,1.0662932028319063e-49
423,-0.3433540738440432,7.613604673543988e-50
424,-0.27889408957219314,5.682276477891229e-50
425,-0.1701963421298132,4.2388348174007906e-50
426,-0.45134978301546846,3.0280851350682364e-50
427,-0.17084196408128685,2.258875074192881e-50
428,-0.44890985974475117,1.613666568477863e-50
429,-0.17875116327137588,1.2037545270373865e-50
430,-0.12980286484461143,8.975589069691372e-51
431,-0.49156585401988184,6.414807874582233e-51
432,-0.4426429362249248,4.5825292105277345e-51
433,-0.18100227788113277,3.418451116364871e-51
434,-0.1319357699403981,2.5489094151806134e-51
435,-0.4756049818937259,1.8216925999108402e-51
436,-0.15299227367221166,1.3583138273497487e-51
437,-0.13112614091390717,1.0123584210958638e-51
438,-0.47190640400724687,7.238454385946809e-52
439,-0.16697981134261125,5.394858026019857e-52
440,-0.1541086215363815,4.019121178845193e-52
441,-0.16546754583482218,2.992997630788778e-52
442,-0.18043723430913683,2.2279872442530814e-52
443,-0.43299587001646694,1.59496843744734e-52
444,-0.199498728297258,1.1872944024624675e-52
445,-0.4137443624294001,8.499586803156875e-53
446,-0.22063075608555674,6.327091870722485e-53
447,-0.19653083986477446,4.708125066036814e-53
448,-0.4164217366975305,3.3717072579080127e-53
449,-0.3518718185224474,2.413733144364684e-53
450,-0.26085909874601904,1.7272678990913716e-53
451,-0.1955937952598047,1.2355329771590032e-53
452,-0.16704827384315887,8.834172671589436e-54
453,-0.46024784483404496,6.584155235280329e-54
454,-0.4329438705699906,4.905137006996043e-54
455,-0.19024390507402963,3.5086963248808866e-54
456,-0.15571089415561526,2.5087496456341056e-54
457,-0.4677636582386021,1.8697842715290242e-54
458,-0.16428576397064792,1.3369126861584147e-54
459,-0.462670635141562,9.964080382978169e-55
460,-0.16974695811426907,7.124407704538193e-55
461,-0.16741208151239947,5.091777964649779e-55
462,-0.4552909272550108,3.796596865748404e-55
463,-0.17921529413558307,2.7134084773618664e-55
464,-0.44302741525488387,2.023206469757323e-55
465,-0.19027241759395128,1.4459753775861387e-55
466,-0.43576559449831215,1.0781667277336775e-55
467,-0.3984082000496413,8.0356331812965835e-56
468,-0.23114954018723358,5.745550492092769e-56
469,-0.19230965104635714,4.106315725275716e-56
470,-0.18384900532081913,2.933417824294674e-56
471,-0.18379191051522345,2.094534936281305e-56
472,-0.1862684801067513,1.4948030873876094e-56
473,-0.18920468898091194,1.0662351829703663e-56
474,-0.44018940401436624,7.96580565268857e-57
475,-0.42416329966144645,5.948110790343616e-57
476,-0.20650352125978258,4.244977832317739e-57
477,-0.411851759829382,3.169748240174112e-57
478,-0.21378676160743834,2.2621486868421235e-57
479,-0.17454711685593602,1.6135787645693057e-57
480,-0.44746129807772805,1.2054990352181678e-57
481,-0.3771469313410566,9.001527443379031e-58
482,-0.24656038592683385,6.424104358677615e-58
483,-0.1557047108460553,4.582279862872144e-58
484,-0.47091675653899767,3.4234052127393014e-58
485,-0.14959725309427785,2.4418969389245643e-58
486,-0.10505736917789456,1.740837507482136e-58
487,-0.5300920229636846,1.3012868787529007e-58
488,-0.09284679707452793,9.276923077372306e-59
489,-0.5353844674213992,6.934557776874206e-59
490,-0.4764530818332021,5.180783791436314e-59
491,-0.2935071845891821,3.868519684745115e-59
492,-0.3219126610223579,2.760839682456413e-59
493,-0.12001495192897658,1.9692924297609798e-59
494,-0.0551573970207533,1.4039159762567058e-59
495,-0.5785127154578292,1.0494359358196263e-59
496,-0.4967776015121644,7.840299066476066e-60
497,-0.12151913406904578,5.592444101982785e-60
498,-0.49934446268204813,4.178095372525095e-60
499,-0.22296573311600176,3.119806740453605e-60
500,-0.3911466862723542,2.2265070240186225e-60
501,-0.09863403882115254,1.5881557538713578e-60
502,-0.011654240425121703,1.1322022072235517e-60
503,-0.04010119527078424,8.066873345645818e-61
504,-0.5961880423298218,6.0335055622943054e-61
505,-0.6110395128057918,4.5100829843975495e-61
506,-0.014670253704290755,3.2152551141466354e-61
507,-0.6067678161781141,2.403423222385454e-61
508,-0.01738876542097108,1.713409450328742e-61
509,-0.013899346706373019,1.2207940363346666e-61
510,-0.593011097302311,9.130758960801863e-62
511,-0.034204346357822796,6.505611419627437e-62
512,-0.05112307900538735,4.632413206059436e-62
513,-0.08044253491389883,3.2964845157835967e-62
514,-0.543945019881752,2.4686129975090734e-62
515,-0.5379403041882199,1.8474792094693206e-62
516,-0.4119571547719789,1.3817963427643032e-62
517,-0.19705349795721383,1.032901372023308e-62
518,-0.0937141755249339,7.71676992032041e-63
519,-0.5244365326123024,5.504331411512208e-63
520,-0.10812543311369943,4.1122666905387445e-63
521,-0.5070270815742481,2.9332582091948555e-63
522,-0.13006362080900086,2.1914269193880974e-63
523,-0.4867479259588215,1.5631332996799389e-63
524,-0.3213131986620921,1.1143636055646052e-63
525,-0.15096926531598842,7.93977437045566e-64
526,-0.47151324467395594,5.938443654053781e-64
527,-0.296315102802945,4.439023615943611e-64
528,-0.3228457642300899,3.1645966232452604e-64
529,-0.14242731797002978,2.2547562605782312e-64
530,-0.08144361885551304,1.6055312874106372e-64
531,-0.5392669743070924,1.2015596112621398e-64
532,-0.4431977129585255,8.986897757470507e-65
533,-0.24874001493162912,6.717762043974254e-65
534,-0.10598225291602655,5.018816459819834e-65
535,-0.06557540277863798,3.7475777894898626e-65
536,-0.07291864641351938,2.796937066654073e-65
537,-0.5666152566330793,1.997084204019148e-65
538,-0.06420038232868547,1.4904877628199556e-65
539,-0.09026720646578822,1.1118662473628362e-65
540,-0.5399283072362753,7.942809288067539e-66
541,-0.5442755501933236,5.671367852302892e-66
542,-0.07913823239075427,4.232723069611192e-66
543,-0.06690957678598038,3.1575045652375437e-66
544,-0.5590622735618264,2.2556181237958042e-66
545,-0.06597272481111603,1.6826341828150876e-66
546,-0.0686040687053161,1.2546273048487655e-66
547,-0.08669321459552552,9.350803119472418e-67
548,-0.5409412797088534,6.685908907539068e-67
549,-0.09109525788856615,4.983042982366852e-67
550,-0.5314556146778998,3.562920856827571e-67
551,-0.1001694949816825,2.6554636053032952e-67
552,-0.10224075591425523,1.978296734455678e-67
553,-0.5191672523904499,1.4150965552661259e-67
554,-0.47841482879609903,1.0118068515611585e-67
555,-0.323148659464859,7.231332126008255e-68
556,-0.14638439148930696,5.16582746457057e-68
557,-0.08698395037333974,3.6885321994476373e-68
558,-0.10579376618828275,2.632388328385673e-68
559,-0.5101937689423621,1.965618809085645e-68
560,-0.47194762217152564,1.4670041330329396e-68
561,-0.35468242384763243,1.0943480523282485e-68
562,-0.26067381730362016,7.817665024932536e-69
563,-0.13772097807227415,5.582011665454715e-69
564,-0.09625814471119874,3.9837045096843977e-69
565,-0.4862318834735093,2.974654016520818e-69
566,-0.13084924751314053,2.122916133210816e-69
567,-0.09191053022783965,1.5142649161105411e-69
568,-0.0877245805444429,1.0795251512090753e-69
569,-0.5443888809937711,8.06951773795307e-70
570,-0.06848369675303533,5.752789530793162e-70
571,-0.5575618295771864,4.300246002555192e-70
572,-0.0720119230951056,3.0656615409596745e-70
573,-0.07246785079281563,2.184265603242738e-70
574,-0.08769469198854492,1.555337411557621e-70
575,-0.11208051131674492,1.1067980048308437e-70
576,-0.5129310568288897,8.288393066190561e-71
577,-0.5076549383660062,6.2029301008897636e-71
578,-0.1212169176890411,4.41688466497295e-71
579,-0.10238899361193649,3.143111647950546e-71
580,-0.1067059711707227,2.23518634083322e-71
581,-0.11807333930402453,1.5884087868164943e-71
582,-0.5052424813789558,1.191130801030023e-71
583,-0.47603938123268735,8.925884206840675e-72
584,-0.13702677346005532,6.347536038688993e-72
585,-0.0893619754315552,4.5108015534532435e-72
586,-0.08852177206219092,3.2031703957493654e-72
587,-0.5293158997216979,2.4038061478352323e-72
588,-0.46879014549834414,1.802588581828753e-72
589,-0.3070346612702741,1.3507917803874384e-72
590,-0.33426097606967425,9.605994552565425e-73
591,-0.17889062040975187,6.826386630350658e-73
592,-0.44396243490969717,5.119034497062115e-73
593,-0.2840783371392049,3.836011052026153e-73
594,-0.3060624858578339,2.727933483484401e-73
595,-0.1212000251865031,1.9385737268787584e-73
596,-0.06393719094852707,1.3766027829714242e-73
597,-0.07956546580232406,9.767748343754018e-74
598,-0.5328839964533832,7.335916230454718e-74
599,-0.10305565214675644,5.205233092386517e-74
600,-0.5030635202709545,3.90930975920932e-74
601,-0.3957226926484231,2.9337255506138014e-74
602,-0.23187526603023467,2.1999694877717702e-74
603,-0.3670248646926225,1.5633823459220948e-74
604,-0.19017429873000627,1.1101752068567821e-74
605,-0.41686926215761894,8.331264521418843e-75
606,-0.21276285892291877,6.247526370638928e-75
607,-0.09915753933267941,4.68166022701155e-75
608,-0.5048264165019727,3.3293068029134863e-75
609,-0.14299445544538159,2.494856734974454e-75
610,-0.1024963719509094,1.8683041686962056e-75
611,-0.09674582411535888,1.3982155615780822e-75
612,-0.5198902804062842,9.956192914982082e-76
613,-0.12128265480324926,7.451090727649604e-76
614,-0.1297304321239658,5.572939529873614e-76
615,-0.4700661627748416,3.9706862487644736e-76
616,-0.1624655833495641,2.9698194754696495e-76
617,-0.46453117417861883,2.115978701966588e-76
618,-0.39553612100681823,1.506712751572837e-76
619,-0.238725974896149,1.1276050502779948e-76
620,-0.37097400202093933,8.029272253131645e-77
621,-0.23970734020095802,5.713732881349474e-77
622,-0.39372996033495516,4.278799183693852e-77
623,-0.2336304019286108,3.0448482524711357e-77
624,-0.38892440885067797,2.2801720849904544e-77
625,-0.2660967975890088,1.706452378433892e-77
626,-0.3559486658724492,1.2151037040914132e-77
627,-0.21557681612423588,8.646833448210412e-78
628,-0.1398613083780732,6.149092421677741e-78
629,-0.4817575176268374,4.607897544551331e-78
630,-0.1571536412720932,3.2768513515120673e-78
631,-0.4641617790204909,2.455548601491402e-78
632,-0.1669723939655568,1.74623408522078e-78
633,-0.14957158940196558,1.2409406384298027e-78
634,-0.46616820247081836,9.305681440141539e-79
635,-0.4174345434925393,6.973326097236582e-79
636,-0.32120902124937056,5.222061064471724e-79
637,-0.30819512400186877,3.716085477217375e-79
638,-0.316462264165566,2.782836341256981e-79
639,-0.21830261922208297,2.0826400448412332e-79
640,-0.1637750717166985,1.5576816142265167e-79
641,-0.149063151487116,1.1643767078521568e-79
642,-0.48536445141157303,8.300885322213106e-80
643,-0.13931291641625107,6.204963476144142e-80
644,-0.4880330421142766,4.423541788207364e-80
645,-0.13557349680040376,3.3066250364372144e-80
646,-0.4928024861720491,2.3573054189357044e-80
647,-0.12333292649025822,1.7621004819173914e-80
648,-0.11667476693837539,1.3164590892938984e-80
649,-0.12737915558470164,9.830072255694666e-81
650,-0.144389200993974,7.3364970667047405e-81
651,-0.46674039275873197,5.238445505059685e-81
652,-0.43307961996487926,3.738512248440864e-81
653,-0.35658362715358144,2.666661130744423e-81
654,-0.2488328290382542,1.9010727447773027e-81
655,-0.15542282480011207,1.3545030167875085e-81
656,-0.11985632762142259,9.644931518171018e-82
657,-0.11417616933964686,6.863456689022315e-82
658,-0.5192678371143752,5.1397840060333365e-82
659,-0.49240864533043743,3.8465503105958713e-82
660,-0.13028574342302743,2.738990896815165e-82
661,-0.48094719904007427,2.04982666051654e-82
662,-0.2756345572899324,1.5331393004504363e-82
663,-0.08381230289622724,1.146031175455373e-82
664,-0.5422457876181058,8.170099332100375e-83
665,-0.07215861270805021,6.1072001340016805e-83
666,-0.03746697105221646,4.5626677984872955e-83
667,-0.5887516317227701,3.2545269514094968e-83
668,-0.03635743530298598,2.4314456698138803e-83
669,-0.5782057627831199,1.7343374124061206e-83
670,-0.049948871375107354,1.2957173974438165e-83
671,-0.06329193338073992,9.67519290452469e-84
672,-0.08874030267866174,7.220905657405241e-84
673,-0.11351530417097222,5.386613346405631e-84
674,-0.13247361959827,4.0164358088557724e-84
675,-0.48369336509883876,2.8705262522995607e-84
676,-0.4362864280804348,2.0506101909725745e-84
677,-0.3001058584865024,1.4641878324030665e-84
678,-0.3131947248510888,1.0927701707692846e-84
679,-0.2831291779858196,7.802656958875938e-85
680,-0.08730754078023972,5.568508555250815e-85
681,-0.5179428834686178,4.1580358933849875e-85
682,-0.23133197197018468,3.1032750667117306e-85
683,-0.01381350611922202,2.314964865213876e-85
684,0.005601410019404874,1.7261138275484864e-85
685,-0.03225163013062888,1.2864816906842683e-85
686,-0.6082923480343335,9.198460587005882e-86
687,-0.6488249261535477,6.574093014887612e-86
688,0.030458414842473833,4.9018596468154344e-86
689,-0.6482994389484571,3.503334167633609e-86
690,0.032367020079125834,2.612201005787945e-86
691,0.013496108005829963,1.9468871129466828e-86
692,-0.04626471078084276,1.4504135587489489e-86
693,-0.5800802028574438,1.0374961424892871e-86
694,-0.6029390312929259,7.418191370280847e-87
695,-0.015850454900088472,5.528816943325411e-87
696,-0.6037605923837901,3.953154181222662e-87
697,-0.41280863598689904,2.825299194765474e-87
698,-0.0889087608324763,2.0183014583794458e-87
699,0.014669251839768829,1.4411185755782056e-87
700,-0.6446608569709256,1.0755528471704066e-87
701,0.021309987260489945,7.679720889256254e-88
702,-0.01639050048533794,5.480772985298918e-88
703,-0.6086789926788634,4.092523261884658e-88
704,-0.013827357150068192,2.9207039238657945e-88
705,-0.6059705067349521,2.1809056462583347e-88
706,-0.016696128917345288,1.5564431210280813e-88
707,-0.6108881520950077,1.1622046188910662e-88
708,-0.011724804051968424,8.294285391958644e-89
709,-0.02960409574185375,5.916270161014363e-89
710,-0.6111961910075568,4.420024685374762e-89
711,-0.6062759839614311,3.300456685858165e-89
712,-0.3628117361760804,2.4632362982436044e-89
713,-0.25714994649212924,1.7588133678938155e-89
714,-0.007885901487263768,1.2552092624122166e-89
715,0.0086587868359255,8.95334167333806e-90
716,-0.03399692497040682,6.382870936852121e-90
717,-0.07855584559933061,4.5477575560867225e-90
718,-0.5413948844933264,3.401431922248494e-90
719,-0.5560866203401309,2.5425915459479754e-90
720,-0.06909340838014455,1.8126230713662228e-90
721,-0.5448025767319017,1.3549470348356757e-90
722,-0.4289966180566701,1.0122761771112575e-90
723,-0.19970549199415696,7.558721759488368e-91
724,-0.4245419932006833,5.394419747825894e-91
725,-0.18181268469035056,3.847811243749892e-91
726,-0.052664795045801197,2.743119100587981e-91
727,-0.578266491768287,2.050498611794317e-91
728,-0.04753145336638025,1.4618081687033354e-91
729,-0.5785023126741125,1.0927107102251913e-91
730,-0.36388618701717623,8.163603388153335e-92
731,-0.08905163614765815,6.095807444758779e-92
732,-0.030722836728992006,4.549495901391961e-92
733,-0.06810999326316303,3.393809101594296e-92
734,-0.11008724436300522,2.5305355197175326e-92
735,-0.1404062823429975,1.8860213977698165e-92
736,-0.16195785174046293,1.4050691430566268e-92
737,-0.46208993859917047,1.0050608028715348e-92
738,-0.4523125370840352,7.186275754799873e-93
739,-0.3945439642217433,5.135994745623391e-93
740,-0.2360663403340298,3.8295663497328533e-93
741,-0.39222696777143,2.7369715999427054e-93
742,-0.27486867108144203,1.955203109795255e-93
743,-0.3519945072365605,1.4585321656094677e-93
744,-0.23244557782128364,1.0875294812520383e-93
745,-0.1534723141593882,8.10541427442917e-94
746,-0.11752706195511603,6.038461441719601e-94
747,-0.11334180313081112,4.496779267021021e-94
748,-0.12694932881371374,3.3474021977438715e-94
749,-0.5087632715061796,2.3963336713955022e-94
750,-0.4957209220571799,1.714816832911607e-94
751,-0.12858266041991145,1.2770062134866635e-94
752,-0.09938873523934079,9.506033433546017e-95
753,-0.5281528190539652,6.805166111670431e-95
754,-0.4648269650130165,4.869778169188055e-95
755,-0.2940284355043437,3.4834037746234725e-95
756,-0.330983301454432,2.595104786360314e-95
757,-0.147181400814394,1.9325474728424978e-95
758,-0.07311208442176595,1.4385882147430522e-95
759,-0.07451713195972322,1.0704844139972169e-95
760,-0.5499869320472051,7.666236596365725e-96
761,-0.529374298261072,5.488094887772219e-96
762,-0.10132805797340157,4.085337482203293e-96
763,-0.0749651589935981,3.0399874375436727e-96
764,-0.09451994520951866,2.261305644938249e-96
765,-0.5266142050057907,1.6200093054670234e-96
766,-0.5197991380245199,1.1601639838594233e-96
767,-0.4318924296409217,8.30536593641625e-97
768,-0.19972501217479094,6.182513869986867e-97
769,-0.10570318173317594,4.6005414678895125e-97
770,-0.5135431181104329,3.294661641316001e-97
771,-0.12317970682938723,2.451628548238321e-97
772,-0.10035108128982702,1.8236527582175042e-97
773,-0.5181327832974577,1.3064728533562016e-97
774,-0.11592000962996493,9.718245548541076e-98
775,-0.5008631054563115,6.962193835535196e-98
776,-0.12804300025578708,5.178853052817539e-98
