t,lambda,delta_s
1,-0.8319690277956147,1.1378165408080145
2,0.1372940470138022,1.0728343432742673
3,0.32419553762822106,0.9875171919900052
4,-0.20403692597978593,0.9056010715649426
5,0.04910036425494525,0.9253063104540362
6,-0.019186522608454593,0.8285046564488586
7,0.0023656284177406895,0.7978253158512059
8,0.3870411947514997,0.713259307336136
9,-0.025816222672363054,0.6581061914652462
10,0.4567090773788228,0.7579925863936954
11,0.44408171144030295,0.9054928012364395
12,0.0880145429330481,0.7290950410917123
13,-0.012961789866156407,0.7106585479062765
14,-0.16449182140192928,0.5978467493253369
15,-0.05445317404793581,0.5804234969753898
16,-0.3039579923113476,0.4586032174094315
17,0.09365625022472696,0.5592813817748565
18,0.3455889689171146,0.6354045853309445
19,0.03152575184437611,0.6239136995415568
20,-0.3240406687653955,0.5328885909845509
21,0.018442460449335226,0.5107633745632082
22,0.045833450757075664,0.47889614789675594
23,-0.3509751869923546,0.3767519190279071
24,0.10170016931562989,0.4255439526081072
25,0.08602598915434795,0.4613645498378668
26,-0.3538305580151311,0.29228060879508666
27,0.3257601728625092,0.2968265129909972
28,0.2538313447141376,0.37125948236696354
29,0.35082507554978054,0.4097576608146979
30,0.22493482344371662,0.46313741583699336
31,0.2155238284582622,0.37372978127372786
32,0.3812364916278994,0.4251658820564484
33,0.475292929460684,0.5184583909431438
34,0.6172114129175715,0.5571580161344205
35,0.1596528578039628,0.48912724477919023
36,0.5706433928963102,0.4617198572699193
37,-0.2935429730525464,0.4178127902948142
38,0.009852175216674341,0.3595321653318494
39,-0.17155560545201012,0.29260678168905596
40,0.3134670018933316,0.3578091334092793
41,0.28641104244888016,0.2799435062038047
42,0.20413019667152535,0.2978978028964946
43,-0.10661267555595932,0.2159597401601796
44,0.2606702796599727,0.272116022119065
45,0.3173867155294216,0.31826167923779664
46,-0.19840232704091806,0.25795047296121687
47,0.3158101679434441,0.29492898762360653
48,0.4406086689344607,0.3532041947791482
49,0.02599510809121043,0.3394040420722391
50,0.20328606808947647,0.40698756334452846
51,0.32945632338155767,0.49388465602101184
52,0.4404354262092963,0.5740943689473325
53,0.33820697772084485,0.38528736699164184
54,0.5063085590838016,0.42623206691837023
55,0.5301846285978301,0.540195470898003
56,0.468715886449912,0.4085082024232509
57,0.5764746474443334,0.46270040837971277
58,0.34269625064697,0.3090209677725711
59,0.3442643189559315,0.3762235306079402
60,0.6413499240516927,0.39600706718922946
61,0.039398963352386004,0.34761581501803235
62,0.3312032108745328,0.43327525683641
63,0.07672372392202528,0.34819050239510674
64,0.36397271879153964,0.41860098941371027
65,0.3792400942394396,0.3499810297519319
66,0.8385452237618581,0.3415297445996563
67,0.9872214065413105,0.35360658416445195
68,0.41771607428946467,0.4397268755296899
69,0.05132797609913025,0.3145450664123754
70,0.49354819385508275,0.3189668391345967
71,0.8992103307947441,0.3126466092560847
72,0.22214484326710301,0.3427026013090848
73,1.0118747765859846,0.32100315187175216
74,0.14805372626412072,0.32103706043383906
75,-0.00011546802362388169,0.3587875268582721
76,0.05799415405769124,0.2342600920907006
77,0.27426760957817764,0.23176517988356915
78,0.44703930535876035,0.24261328922540695
79,-0.056006472736541864,0.19731591157853112
80,0.38683364410368287,0.26185464984685175
81,-0.33607731862392626,0.17502717166269788
82,0.3849822956006696,0.2229487624694299
83,-0.01981243502131148,0.28395936605965283
84,0.1913996961226646,0.17467786910640354
85,0.3280987780808306,0.18354297022770563
86,-0.2651289953947363,0.12874646892983066
87,-0.19972175906008416,0.11711999219169683
88,0.09179669409712793,0.1213358453082526
89,0.22061846240354505,0.13040384222297485
90,0.2062126178031425,0.129755317578632
91,0.2373676887874496,0.129586362393035
92,-0.25374743004925243,0.09708281546015092
93,0.2722916439485644,0.10990293201885705
94,-0.3287798656324002,0.06825909914879784
95,-0.12811779112841543,0.06519995105791375
96,-0.23600414863162444,0.04182645370638651
97,-0.1522265902503197,0.035789559851106094
98,0.1348082134446399,0.04249778626827631
99,0.14524490069712193,0.04657850317368815
100,0.08905352054634012,0.0484576271712956
101,-0.5286685390590058,0.027501873993048744
102,-0.10300129053800275,0.02012319608898879
103,-0.1877978522390778,0.01618002651195968
104,-0.23201644295726878,0.011823909691672116
105,-0.3166036660838675,0.00896335830760698
106,-0.3251225691203176,0.006360185363302265
107,-0.2899429417524589,0.0048651195424371145
108,-0.31807433769218507,0.003454330951387123
109,-0.007676594331649995,0.0036119470444138453
110,-0.0014100813552057286,0.0037184875717486414
111,-0.06191794664799884,0.003606658187545391
112,-0.5579184318383572,0.0019501248145927777
113,-0.07111043373115121,0.0019259472009400768
114,-0.11072444660668318,0.0017905210455748163
115,-0.14199501192081038,0.0015954523544244998
116,-0.16462810099197042,0.0013824284910450913
117,-0.1832930444903061,0.0011747695846307865
118,-0.1997498352649496,0.0009834965429531405
119,-0.4176217959965089,0.0006242114411290894
120,-0.2101926521385876,0.0005255603717103531
121,-0.21278172629108258,0.00043579707417310193
122,-0.21507785131903762,0.00035690182345772607
123,-0.20683508455516034,0.00028917445632144965
124,-0.20989956752894323,0.0002321873284546891
125,-0.21740067279655598,0.0001850504439015496
126,-0.20424940000431735,0.00014653897882908496
127,-0.19168661048174832,0.00011537320125014991
128,-0.43036403534025053,7.805924910295446e-5
129,-0.19731564801850396,6.149513802425838e-5
130,-0.42475100901123103,4.1588939971032985e-5
131,-0.3590273670085053,2.7949843251358168e-5
132,-0.2606632054688067,2.216449407248247e-5
133,-0.3555449965913926,1.489386162276881e-5
134,-0.21097045363688938,9.936049811825494e-6
135,-0.10689573787134625,6.57329600117582e-6
136,-0.08160919993377187,4.3044292207780315e-6
137,-0.5371871775640359,3.5029642363847618e-6
138,-0.4789051617889558,2.821818920788751e-6
139,-0.29059424122142113,2.254237344578895e-6
140,-0.3232148786344525,1.503744526223457e-6
141,-0.1142775920340961,9.947635283203877e-7
142,-0.05329624237869755,6.513781798466718e-7
143,-0.07422137196382018,4.2127010602234073e-7
144,-0.5356379868118071,3.471200380192025e-7
145,-0.099017787464558,2.2449468762266792e-7
146,-0.1155118075162934,1.432081549812887e-7
147,-0.1341545236264333,9.138802374512915e-8
148,-0.4622154976436196,7.631565244126632e-8
149,-0.1739675575024353,4.870068297838521e-8
150,-0.14650755065890347,3.119725904418863e-8
151,-0.4648512940986781,2.5952595445674942e-8
152,-0.33876910449167486,2.1672313448984333e-8
153,-0.16018472027282946,1.8104641962445174e-8
154,-0.4536474318337583,1.1549175427635882e-8
155,-0.1578671865948878,9.647964239432363e-9
156,-0.06057967663736262,7.949793918442472e-9
157,-0.5558235280542015,5.141400061932095e-9
158,-0.07051408113672958,4.236445273721012e-9
159,-0.5451057471810357,2.739852070962295e-9
160,-0.40852881594575424,1.7477853685349288e-9
161,-0.20229251124258762,1.4600671811426902e-9
162,-0.4093504512463949,9.313948199893662e-10
163,-0.20072593159495408,7.780698028882189e-10
164,-0.42311914279917645,4.963402992716379e-10
165,-0.18747964307252896,4.1463339817884416e-10
166,-0.018529085308263103,3.416524156037743e-10
167,-0.03246389369073717,2.780477036861346e-10
168,-0.07653041449315184,2.23986960072439e-10
169,-0.5148333248638993,1.4817162123509035e-10
170,-0.4100410096999156,9.702327621467373e-11
171,-0.22176166348212942,7.896065695913277e-11
172,-0.3644497898578383,5.170370388749076e-11
173,-0.26229553547508755,4.207813409510685e-11
174,-0.34410467041753856,2.755290380127541e-11
175,-0.2747604335565989,2.24234376603056e-11
176,-0.3301231580471597,1.468294243546414e-11
177,-0.3036954995721002,1.1949449929081747e-11
178,-0.09396446952785129,9.626121455783914e-12
179,-0.048461184964735164,7.690014319986372e-12
180,-0.5697864399969249,5.129760123764873e-12
181,-0.44088327391360654,3.3934335890197057e-12
182,-0.1760527709998485,2.222031733132405e-12
183,-0.04412146228932834,1.437062846492821e-12
184,-0.05599613502187401,9.16720065009317e-13
185,-0.09752668897863029,5.850029813698052e-13
186,-0.516889730247713,4.885201226437835e-13
187,-0.1228766450511044,3.117480887717788e-13
188,-0.14580662041239495,1.9970335352703663e-13
189,-0.46866649977684416,1.6613055650656012e-13
190,-0.41128082412121525,1.3873112176206624e-13
191,-0.2999902358945718,1.1589338352457877e-13
192,-0.19326772336013875,9.549460970806363e-14
193,-0.41271978473012144,6.175958408025031e-14
194,-0.20107359499292393,5.0889077513426624e-14
195,-0.4017021773145217,3.2911682356366035e-14
196,-0.2229726795433384,2.09947669740696e-14
197,-0.385961750939247,1.7538635527707786e-14
198,-0.24751547960884507,1.1188111320481486e-14
199,-0.3623429470723991,9.346338872715572e-15
200,-0.1449370178562764,7.701259172055983e-15
201,-0.07633411937458058,6.267531952209082e-15
202,-0.5495654318936406,4.104001012788587e-15
203,-0.0882580417590689,3.3399677773322295e-15
204,-0.5195601361764572,2.187022139715036e-15
205,-0.43462763824499545,1.4144209619371442e-15
206,-0.2019003806737691,1.1654640982541454e-15
207,-0.4184456190961975,7.537449306163031e-16
208,-0.26873166918685126,4.808231619649404e-16
209,-0.35774257312742613,4.0167067352542826e-16
210,-0.21497897005920596,3.3097130339068963e-16
211,-0.4080948852432992,2.1405030192170063e-16
212,-0.2674656036098864,1.365453203186239e-16
213,-0.350893421980374,1.140674058940743e-16
214,-0.28959119371465974,7.276500119779465e-17
215,-0.1712693018176078,4.643483246932097e-17
216,-0.12206352334673277,2.974578545493069e-17
217,-0.49649519186584873,2.4745122222901152e-17
218,-0.1325121036931255,1.5851529068932566e-17
219,-0.4957559567295483,1.3186675632584025e-17
220,-0.3653271428472403,1.1011835157186415e-17
221,-0.27293997147051435,7.027179444604023e-18
222,-0.3392634013285484,5.86820695526464e-18
223,-0.2952354345149001,3.7447839260294855e-18
224,-0.3214676538481117,3.127167486460526e-18
225,-0.31113342982202485,1.9955953541811123e-18
226,-0.15224163880736985,1.2783625589593049e-18
227,-0.464696692714239,1.0634527642431145e-18
228,-0.16530753872505566,6.812394076694136e-19
229,-0.08065274317819791,4.411170738554156e-19
230,-0.5421588966177612,3.630324803470305e-19
231,-0.414671910893428,3.020018789109215e-19
232,-0.1750821429810545,2.5219357784991377e-19
233,-0.07026492833931713,2.1067779651003755e-19
234,-0.07111140601828811,1.7359570788279481e-19
235,-0.54370490562458,1.1227019776019903e-19
236,-0.5136376826330158,7.161854002434113e-20
237,-0.11767161040175564,5.982878838641005e-20
238,-0.09362148400897885,4.929812749021208e-20
239,-0.1140054534676622,4.0120398797915175e-20
240,-0.13951586288677098,3.231979998887611e-20
241,-0.4819748028001524,2.1380160519409e-20
242,-0.4713364706592574,1.399980105315767e-20
243,-0.1611181109470513,1.1393487540793056e-20
244,-0.45852053719943114,7.460493981227721e-21
245,-0.17558118905691442,6.071589510488618e-21
246,-0.44101881257079106,3.975697242596252e-21
247,-0.19246926868680772,3.2355500501393837e-21
248,-0.4275221774339628,2.1186490605795428e-21
249,-0.2057365102320906,1.7242246217192783e-21
250,-0.4140245471949902,1.1290280843828387e-21
251,-0.21900903989387435,9.188393009142032e-22
252,-0.15487629975243972,7.401896121981958e-22
253,-0.4621031293281052,4.8964946345717885e-22
254,-0.36269915504745764,3.2062411636072183e-22
255,-0.22757640251123668,2.0735842717269704e-22
256,-0.15299316861000087,1.3227649110917447e-22
257,-0.4697808726089755,1.1050130584033024e-22
258,-0.383663440349427,9.10516092682382e-23
259,-0.2531504836941224,7.410072270511613e-23
260,-0.36777469802613605,4.8521402579044134e-23
261,-0.26313420447655034,3.9488275129556383e-23
262,-0.15731624027780963,3.181057996261224e-23
263,-0.4620002024899709,2.10433018165406e-23
264,-0.17255663436065452,1.695185806207607e-23
265,-0.12087794393134334,1.3542321468422508e-23
266,-0.11972909823014759,1.0740863112312787e-23
267,-0.4925695732058718,7.216703110522354e-24
268,-0.41362060127500466,4.814029506446291e-24
269,-0.21453778458030107,3.8457810875973625e-24
270,-0.1252409905061137,3.050216192114685e-24
271,-0.10804254679133615,2.4042466999724076e-24
272,-0.11748692621721918,1.8849493796363734e-24
273,-0.5050069381870645,1.2812230664152959e-24
274,-0.46906673625948114,8.662077452577512e-25
275,-0.1512733113751017,6.827637720927111e-25
276,-0.4659182193360641,4.616021074478555e-25
277,-0.16218051493653568,3.638448141482057e-25
278,-0.4518350936408279,2.4598776305896223e-25
279,-0.181804842880472,1.9389290145957882e-25
280,-0.43297339695906256,1.3108687893412094e-25
281,-0.18674671122094785,8.80762632444383e-26
282,-0.055279563892026616,5.875282987019915e-26
283,-0.5909557419137361,4.6935840682961163e-26
284,-0.04246053650325935,3.1309383037829125e-26
285,-0.06407632519547816,2.071175054743047e-26
286,-0.5689529039512308,1.668477022085914e-26
287,-0.07000455975145708,1.1037291866725697e-26
288,-0.5311106155051744,8.891314050695836e-27
289,-0.5322220633008533,7.102999134979698e-27
290,-0.46973835512059714,5.633623568425011e-27
291,-0.1590745328463488,3.7851882390306805e-27
292,-0.10431060530805657,2.5249767921834647e-27
293,-0.1126541359017388,1.6703200249768056e-27
294,-0.514513523110161,1.3455601325545688e-27
295,-0.12042217200710312,8.901135413101397e-28
296,-0.501283464955971,7.1704899463832945e-28
297,-0.4524036415195907,5.728285335119304e-28
298,-0.3420025782356758,4.543292580688695e-28
299,-0.30231024472467166,3.052603255085076e-28
300,-0.31319452393795283,2.4211206162490045e-28
301,-0.22003653407394277,1.9083798934973881e-28
302,-0.17651828792473098,1.4961856852708644e-28
303,-0.4536457626101835,1.016975645244758e-28
304,-0.43028623918289816,6.875556675030777e-29
305,-0.3865513882436548,4.6196335177558274e-29
306,-0.31640811004762986,3.081608280520652e-29
307,-0.2980571974423554,2.4618027016120813e-29
308,-0.21256528973465422,1.9525371546668265e-29
309,-0.16621234459842255,1.5390322242787202e-29
310,-0.15492206107144196,1.2066140452341498e-29
311,-0.4809178989311507,8.201502723181299e-30
312,-0.4844181477738811,5.5448620679682815e-30
313,-0.13816391452823673,4.3705808011833144e-30
314,-0.49802233692246084,2.9548569960202966e-30
315,-0.12382327694348912,2.329082508950588e-30
316,-0.5132307139714061,1.5746432931792163e-30
317,-0.10714587999176238,1.2411680690197684e-30
318,-0.10960928632803119,9.730860738002211e-31
319,-0.5191336750485656,6.614184639806345e-31
320,-0.5340740988146766,4.471709972873703e-31
321,-0.09040876807056795,3.5246989945528014e-31
322,-0.10240024192111787,2.763393283752246e-31
323,-0.5230697345915796,1.8783120941971876e-31
324,-0.10492837673911147,1.472612280911572e-31
325,-0.12649424533008852,1.1491701484547232e-31
326,-0.14567618444323685,8.93111096277434e-32
327,-0.15955975622214602,6.916052899994614e-32
328,-0.17130895563145743,5.338397639750044e-32
329,-0.46279057062666973,3.6855645904071284e-32
330,-0.16046503612802349,2.844832102222798e-32
331,-0.4684569669732475,1.9640373702279582e-32
332,-0.1632413939461541,1.5160110272745286e-32
333,-0.17635266299532804,1.1667943410242196e-32
334,-0.4531554631633895,8.078822764345964e-33
335,-0.17399048923217453,6.217847043318067e-33
336,-0.4489657709622019,4.305204651119962e-33
337,-0.1808240493235872,3.313490689384197e-33
338,-0.17423636008575868,2.543533559775746e-33
339,-0.46554480758304945,1.7657591883728384e-33
340,-0.15531568368348542,1.3554490340044949e-33
341,-0.4768286595882038,9.409730714838859e-34
342,-0.4632729018589696,6.515248148930437e-34
343,-0.16494588316416534,5.014445497937627e-34
344,-0.45625774498982286,3.4719757385650297e-34
345,-0.3704337534614155,2.3970096842405803e-34
346,-0.2576667052499704,1.8502158710813041e-34
347,-0.1631972891995051,1.4240143173179774e-34
348,-0.12460101478289644,1.0931155525210082e-34
349,-0.12138667351531325,8.371105820384833e-35
350,-0.13285712131319868,6.396711849328069e-35
351,-0.49827655703045065,4.460962291683075e-35
352,-0.5148251802829594,3.104255890133974e-35
353,-0.10794679345382549,2.377246805237911e-35
354,-0.11032312306979282,1.8165536470477415e-35
355,-0.1291201614029388,1.3853522787356592e-35
356,-0.1518210948859319,1.0545847239896898e-35
357,-0.16629231716855472,8.014476659634825e-36
358,-0.18049194671241858,6.081327765062039e-36
359,-0.44933525251466766,4.2709146119193985e-36
360,-0.45450787469916726,2.994835114677769e-36
361,-0.17163212674567468,2.275970396691847e-36
362,-0.16474211087700774,1.7269901147222315e-36
363,-0.4635452904300056,1.2128646243970853e-36
364,-0.43811001130454486,8.50480493418819e-37
365,-0.3512367521701212,5.95372573633305e-37
366,-0.22863471513163414,4.160279890371447e-37
367,-0.4049953765702316,3.1727404448918822e-37
368,-0.26661954363127344,2.4152150017906537e-37
369,-0.14794378233205102,1.835479295264315e-37
370,-0.48250534263823586,1.2870680744542394e-37
371,-0.14113410283836011,9.781269164463535e-38
372,-0.07986918555780234,7.421957324672972e-38
373,-0.08549526325156075,5.623797203736487e-38
374,-0.5176002966884659,3.955161058318227e-38
375,-0.4514761108130949,2.777708390183041e-38
376,-0.28426380407074664,1.9477745122880536e-38
377,-0.32395721172238556,1.4802408011285425e-38
378,-0.12020627670411352,1.1231961692793604e-38
379,-0.5035136292736946,7.888203229214003e-39
380,-0.27170155383571026,5.5313370013613605e-39
381,-0.06189930682355639,3.8721715214130155e-39
382,-0.021690789088378994,2.7057540145484513e-39
383,-0.5955069498802028,2.0634802037609963e-39
384,-0.5379823550758739,1.5708024121687726e-39
385,-0.2646345579903344,1.1937551325034921e-39
386,-0.3468956124913222,8.370806054447388e-40
387,-0.05652185575937196,5.859920812513387e-40
388,-0.5555767876152933,4.460802546415013e-40
389,-0.24721483379358297,3.3900545947821108e-40
390,-0.013942536834648715,2.572349263446972e-40
391,-0.577400084989668,1.8065600935593865e-40
392,-0.04595798962145542,1.3708049224908913e-40
393,-0.024390581485907156,1.0386921606709949e-40
394,-0.6021410630183477,7.305019431953959e-41
395,-0.03628480244213907,5.535190524215732e-41
396,-0.07986119787573576,4.1893299693401593e-41
397,-0.12769404175582583,3.167306638539941e-41
398,-0.4687259216657191,2.2324939406613706e-41
399,-0.41543123347608807,1.5718967448759468e-41
400,-0.22325316361470393,1.1896960209784442e-41
401,-0.1718681935839806,8.994593724215713e-42
402,-0.4483534902589705,6.339890095794131e-42
403,-0.3418356529473322,4.463910258810265e-42
404,-0.21726264844457988,3.139424019725175e-42
405,-0.14451706972061432,2.2048165198210126e-42
406,-0.14198073045144896,1.5460533714613668e-42
407,-0.4665795455975933,1.1749467234126175e-42
408,-0.17436330637260403,8.238918416517624e-43
409,-0.4336888190448501,6.261291089065837e-43
410,-0.3613228678556073,4.751023050182115e-43
411,-0.27072879817243617,3.3366420213631853e-43
412,-0.2061230118410278,2.3397079077160584e-43
413,-0.1813882431293466,1.6378952008263444e-43
414,-0.1771668206242664,1.1445106422941488e-43
415,-0.4300024558436175,8.728343525203587e-44
416,-0.3490951791552507,6.644358903292638e-44
417,-0.2911139121746095,4.651334264580992e-44
418,-0.3172105573169776,3.5407788595646466e-44
419,-0.3210268009006081,2.47869602959521e-44
420,-0.2889904369879849,1.886881054262e-44
421,-0.34768812013437905,1.3208971141712874e-44
422,-0.26756095864432033,1.0055189138162198e-44
423,-0.13944605752699463,7.641593588719801e-45
424,-0.48407835324979726,5.358410291726634e-45
425,-0.35533512174115967,3.751115458444073e-45
426,-0.1885710023122443,2.6211637719540005e-45
427,-0.08629911134756511,1.8279567725472635e-45
428,-0.08371381280801579,1.2720227625930508e-45
429,-0.08701230884701934,8.830573012239365e-46
430,-0.527373932997831,6.778609301858366e-46
431,-0.08296659662868897,4.7058123582223554e-46
432,-0.08003547185729117,3.2582797728497197e-46
433,-0.5290514127064092,2.5077274056966936e-46
434,-0.09664307647288273,1.7363372909516154e-46
435,-0.10094936348469503,1.1987460785769319e-46
436,-0.12885421639191744,8.249356997560504e-47
437,-0.49018069616272814,6.38811785273647e-47
438,-0.14937862038524777,4.396082343999992e-47
439,-0.4695343409862224,3.4042280037232644e-47
440,-0.4434387932461727,2.627672605029009e-47
441,-0.17010455115643366,1.8141131031841273e-47
442,-0.13399525327855924,1.2484100586075664e-47
443,-0.49448059149052487,9.667408726868215e-48
444,-0.13215657772553058,6.652777202319722e-48
445,-0.48763224767159097,5.151762110548071e-48
446,-0.4026971078661979,3.976568006228661e-48
447,-0.205653723759757,2.745374028711067e-48
448,-0.11180608538989525,1.8892717031078122e-48
449,-0.5138212094942123,1.463009819900127e-48
450,-0.39356488229142,1.12927536593771e-48
451,-0.21565057055094355,8.691441438938625e-49
452,-0.40367397546791467,6.017908425082056e-49
453,-0.22707033419709086,4.154690545089041e-49
454,-0.41057977095770964,3.2069433997262274e-49
455,-0.20656759496642968,2.21403459147795e-49
456,-0.4315421287853306,1.7089801377141066e-49
457,-0.2664444662388407,1.3153125654979293e-49
458,-0.3352367675378885,9.107155153878473e-50
459,-0.3056901059238782,7.009300661538465e-50
460,-0.12704411701026636,5.380546720804209e-50
461,-0.06037198962337757,4.120435928982998e-50
462,-0.5634255631495885,2.867293347516563e-50
463,-0.4475640525180095,1.9905180942782873e-50
464,-0.18367354714083606,1.5279806248915765e-50
465,-0.04467188949766581,1.1701313253631805e-50
466,-0.03835963871486283,8.941462543686396e-51
467,-0.08077876377200897,6.818997903121075e-51
468,-0.11776216928576651,5.190889806102075e-51
469,-0.5125619326366085,3.633843982573221e-51
470,-0.11174313675106035,2.7662251776717956e-51
471,-0.13143083269533617,2.10223480555191e-51
472,-0.48699620350803546,1.4741213971813e-51
473,-0.4970034699205823,1.0319477717351413e-51
474,-0.4680956499844375,7.210932704648813e-52
475,-0.38153570603779313,5.028786608026062e-52
476,-0.25466813523273346,3.4993885685373086e-52
477,-0.16661104779121097,2.429328087625632e-52
478,-0.46522528127045787,1.864824168173532e-52
479,-0.16909014875908396,1.294588937895699e-52
480,-0.14247743984520764,8.96366584428364e-53
481,-0.1390959837077846,6.188405522650508e-53
482,-0.14887849620485244,4.25864720764071e-53
483,-0.16167849491293812,2.9200899863435964e-53
484,-0.17403689774119735,1.994095884804884e-53
485,-0.1849604301046248,1.355411276216181e-53
486,-0.4389672451733883,1.0626536970125225e-53
487,-0.4291851923914151,8.292541917387218e-54
488,-0.40723517734718623,6.444790802061172e-54
489,-0.3555539435273318,4.9907020864745665e-54
490,-0.286670001315339,3.852248186122491e-54
491,-0.21497749847927347,2.964873805614209e-54
492,-0.16542593571848357,2.275924917863974e-54
493,-0.4615103283089653,1.5799812510118117e-54
494,-0.38894365563950667,1.0939707238131932e-54
495,-0.26311043292729314,7.552640388955262e-55
496,-0.1617910619970224,5.197466582468379e-55
497,-0.4818770869537194,4.024802063274259e-55
498,-0.14149401180737034,2.7697299417973987e-55
499,-0.11437545896539641,1.899161934195364e-55
500,-0.12296390380069307,1.2969158537128183e-55
501,-0.5005098464718891,1.0120633947327093e-55
502,-0.12852221425818844,6.91126458443561e-56
503,-0.4849431568717322,5.393285830530607e-56
504,-0.4508542110326727,4.191549377713863e-56
505,-0.36475400876445147,3.245842241803645e-56
506,-0.2517094390122979,2.2336766633837172e-56
507,-0.15431128887414736,1.5315983079729333e-56
508,-0.47243572655957305,1.190326293917183e-56
509,-0.36184010935784144,9.217621023072017e-57
510,-0.2568055869697164,6.343248820284668e-57
511,-0.12728608864234747,4.349469786500758e-57
512,-0.48300181448983653,3.3803172963297e-57
513,-0.14317307145084102,2.3178324492262538e-57
514,-0.4818804197456346,1.801371087214096e-57
515,-0.33039728412478353,1.394941545751824e-57
516,-0.28016785134356864,9.599506523763918e-58
517,-0.34005941338839585,7.433643497311468e-58
518,-0.13738101201179648,5.7379180689641226e-58
519,-0.47996344938801255,3.961388619717281e-58
520,-0.2166350637928028,2.7260909974291992e-58
521,-0.40038923451378594,2.1110239954473393e-58
522,-0.13173595155572465,1.6294678016069772e-58
523,-0.03578090096211523,1.2541160820012335e-58
524,-0.5889219107912346,8.683433914763583e-59
525,-0.03850528031514881,6.683184600984574e-59
526,-0.04249187075289925,5.130210377002731e-59
527,-0.586501817530871,3.5614690738646796e-59
528,-0.5304631924653892,2.465942490190297e-59
529,-0.10236819267673289,1.8979068694624879e-59
530,-0.513435692926212,1.3141007530224087e-59
531,-0.11670040698729761,1.0113945707365596e-59
532,-0.4983221862369974,7.002842912856419e-60
533,-0.13230615033067375,5.389721667455126e-60
534,-0.4945232629292215,3.731814988261184e-60
535,-0.1632050483126652,2.5763995316261235e-60
536,-0.45340252270016496,1.9886842072443855e-60
537,-0.15738359835897764,1.3729633104035612e-60
538,-0.477735487570163,1.0597698140405325e-60
539,-0.14809123100938293,7.316521481140577e-61
540,-0.009063479896460903,5.034977695184616e-61
541,-0.6236442803733289,3.898974297299813e-61
542,-0.5037370904170848,3.0095598583648227e-61
543,-0.1302173860992293,2.0777634030310708e-61
544,-0.001870724815611599,1.4298451001747719e-61
545,-0.6121987315140531,1.1072401174752571e-61
546,-0.4873121498572007,8.546620616177011e-62
547,-0.1751451152512032,6.577886565748868e-62
548,-0.021759765732044974,5.04938048746704e-62
549,-0.03473553475279642,3.866828011959933e-62
550,-0.07806159609358124,2.9548049079949036e-62
551,-0.543756179614229,2.060632647573448e-62
552,-0.5557630506880891,1.4339352398378644e-62
553,-0.4958803395873341,9.954593740444122e-63
554,-0.14300109170110503,7.641440893095979e-63
555,-0.46087338296608155,5.30480300428267e-63
556,-0.17699100540804488,4.0721238519308473e-63
557,-0.4503412935733647,2.826929520982235e-63
558,-0.18762336608172844,2.1700348006939482e-63
559,-0.41911853669306504,1.5064707417314337e-63
560,-0.2519722431192113,1.0430724330937101e-63
561,-0.3805257426177042,8.027982582686806e-64
562,-0.25071510119641494,5.55853299595638e-64
563,-0.38050254650540727,4.2781119183137986e-64
564,-0.234565613758652,3.284005375832228e-64
565,-0.38578152625992174,2.2798058412694233e-64
566,-0.23061436924870682,1.578525596256213e-64
567,-0.12887529489361726,1.0897948102055583e-64
568,-0.11120079141546925,7.499591952072762e-65
569,-0.5125273621199181,5.8075165435854195e-65
570,-0.46555979753661647,4.482735030715263e-65
571,-0.32421346300354775,3.4501265307765094e-65
572,-0.3049636947478767,2.388849497868163e-65
573,-0.3158338595726002,1.8385724282508015e-65
574,-0.1301642512208673,1.4113426328061926e-65
575,-0.06179076406820028,1.0808096637902435e-65
576,-0.0716192936967973,8.258918393313903e-66
577,-0.09868348084741946,6.298471523075566e-66
578,-0.5389758782521379,4.4011776117969787e-66
579,-0.5791849741068056,3.06930933074443e-66
580,-0.5593654959817673,2.1358444536440532e-66
581,-0.07026000991678698,1.6356349423537072e-66
582,-0.5476372036143387,1.1381915093469161e-66
583,-0.08163890913330037,8.716298607802904e-67
584,-0.02807396153260926,6.660488086417645e-67
585,-0.6046379627957371,4.644915528098167e-67
586,-0.019213403972260307,3.5493741012519634e-67
587,-0.6235621504876538,2.4752754849235135e-67
588,-0.5293888107883524,1.722473314357246e-67
589,-0.19534799190718738,1.1957668377772378e-67
590,-0.45407237126677663,9.179060292209764e-68
591,-0.13601434343619245,7.029346976224979e-68
592,-0.46874860106072,4.891521229718584e-68
593,-0.12688431277280204,3.39576748390059e-68
594,-0.5001439703714703,2.606691663317033e-68
595,-0.191073868390894,1.9962108950345815e-68
596,-0.4237621393265122,1.3891059873816471e-68
597,-0.10703717373699027,9.643382338777258e-69
598,-0.018971414129516556,6.677027306750399e-69
599,-0.5978489793653897,5.138958448334401e-69
600,-0.5309762769974499,3.9448166604206973e-69
601,-0.10035029648507973,2.7385509571174023e-69
602,-0.5274225741205717,2.1021927983381895e-69
603,-0.10976942645891742,1.459373805047864e-69
604,-0.51585738568343,1.1202585422344209e-69
605,-0.11659445377792273,7.777003007100065e-70
606,-0.08882614170920168,5.384756055381213e-70
607,-0.520393738121372,4.1443649024836254e-70
608,-0.47121257930530935,3.181337206468176e-70
609,-0.161373839795468,2.2085320565335234e-70
610,-0.13262429952725407,1.5291760018692505e-70
611,-0.4644395310690776,1.1769267329267145e-70
612,-0.3681701624600347,9.034438069155002e-71
613,-0.2413766969332828,6.918594921661428e-71
614,-0.15223170752749912,5.286787560171847e-71
615,-0.45626514978958854,3.686919233753375e-71
616,-0.17833573560076652,2.817329090815576e-71
617,-0.44462468699091345,1.9647592596671733e-71
618,-0.277684151472879,1.3672196951514589e-71
619,-0.13527087627524353,9.491444411886783e-72
620,-0.47749568260076525,7.285913755462124e-72
621,-0.3245724193572089,5.579570696300995e-72
622,-0.1765922586028628,4.26358318160067e-72
623,-0.41098012075201246,2.9733532240588e-72
624,-0.2218957152046908,2.272063477474997e-72
625,-0.09692785031393789,1.7327362288845905e-72
626,-0.06888431810749165,1.3190270703946087e-72
627,-0.5534180564841041,9.233751363725979e-73
628,-0.07070148075107147,7.029095258132872e-73
629,-0.06868766032757417,5.3418676188985334e-73
630,-0.5562493481279314,3.745804863059007e-73
631,-0.5079284575209355,2.6222229656116913e-73
632,-0.29255853360322,1.8323285208336713e-73
633,-0.33384026152317053,1.3973826183744705e-73
634,-0.09643265864377569,1.0637426924012165e-73
635,-0.5232362660114702,7.44665197331755e-74
636,-0.09642383447610578,5.668684807806082e-74
637,-0.0038759926614284367,4.308003050822926e-74
638,-0.5959965242781823,3.020842134079861e-74
639,-0.41879217781657063,2.1147181738139734e-74
640,-0.20159577584668353,1.6098067732511578e-74
641,-0.0034243432740271263,1.2233970886600469e-74
642,-0.01636006648851053,9.283049909466456e-75
643,-0.5991448505398885,6.519483085469392e-75
644,-0.03249032604728315,4.946937296754675e-75
645,-0.5651020820166962,3.4742325362466375e-75
646,-0.40341729462520365,2.436188625047556e-75
647,-0.14305914822539795,1.7054358127840998e-75
648,-0.4797831746251963,1.2982449182878423e-75
649,-0.1462649098801624,9.088267446326466e-76
650,-0.015814911601786396,6.350600946317154e-76
651,-0.5976356935480337,4.843137722147374e-76
652,-0.025561501260438695,3.384235244292411e-76
653,-0.5868760997027699,2.5809080921323353e-76
654,-0.3247925099045747,1.9646889024271663e-76
655,-0.29850067676241343,1.3753659222973214e-76
656,-0.31529568310255407,1.0469827161034367e-76
657,-0.02590533604516141,7.956704046980018e-77
658,-0.004004187517445581,6.037490318361699e-77
659,-0.6014341052394617,4.240127586635651e-77
660,-0.037609799691016084,3.2173785906549492e-77
661,-0.06313946938932037,2.4378858473541818e-77
662,-0.09341905154395908,1.8451231619706845e-77
663,-0.5243580634695355,1.2991493680550438e-77
664,-0.10914265091932222,9.832661330141778e-78
665,-0.49728924005903835,6.923166982365326e-78
666,-0.4247344282815238,4.8689949969555995e-78
667,-0.2792487397671545,3.4194936831608145e-78
668,-0.3537983808310473,2.594687433877639e-78
669,-0.26426160164767415,1.822248183756398e-78
670,-0.14900259997849155,1.2777902028621592e-78
671,-0.4751887257883072,9.710760571237843e-79
672,-0.36289343639494887,7.368455906692875e-79
673,-0.2210813217291146,5.583257880796408e-79
674,-0.3911595786719894,3.926650152676633e-79
675,-0.22182167495321434,2.757685189953099e-79
676,-0.12298458199078574,1.9337339170980917e-79
677,-0.10757949584871622,1.353696113965719e-79
678,-0.5064197069873759,1.0304868044215729e-79
679,-0.1267225449790442,7.213846591323318e-80
680,-0.490945794525213,5.491464180762563e-80
681,-0.14456623927768747,3.844258848516195e-80
682,-0.4773851239113159,2.926401261928369e-80
683,-0.39760955570614764,2.223963051704522e-80
684,-0.23442974775585954,1.5594792324816278e-80
685,-0.38685658425909947,1.1851499102533397e-80
686,-0.24413012055915057,8.310464829894595e-81
687,-0.1570383136319427,5.817679384948405e-81
688,-0.1292159817064355,4.0652148966365246e-81
689,-0.4892632734482917,3.1002413442390045e-81
690,-0.41695072482928996,2.3600258306137066e-81
691,-0.28167144108098596,1.7935374470466691e-81
692,-0.1742341776295657,1.36092343113772e-81
693,-0.45331067719859847,9.557761055311702e-82
694,-0.34677180751699127,6.702058230399324e-82
695,-0.22638408275312155,4.6917262513957907e-82
696,-0.39116450418362175,3.571526830979798e-82
697,-0.24211914975909074,2.5002209193688163e-82
698,-0.15369580419874415,1.7470772543080804e-82
699,-0.11923946014142058,1.2183831217822042e-82
700,-0.11877944166979622,8.478379181289272e-83
701,-0.5079309228184087,6.492763655977365e-83
702,-0.45875125687011975,4.961392091345914e-83
703,-0.16896560166049612,3.459993752270339e-83
704,-0.44188073159727603,2.643925845478238e-83
705,-0.1858545026801034,1.8438306705848635e-83
706,-0.09118074314921006,1.283068953585177e-83
707,-0.5294833375488134,9.825773643546737e-84
708,-0.0950906905029946,6.837474453655407e-84
709,-0.062210276954698905,4.746677430460582e-84
710,-0.07481685948612035,3.2865745343391355e-84
711,-0.5592068563523882,2.5295044026924436e-84
712,-0.06489990268824912,1.7514155693493256e-84
713,-0.08181934017079835,1.2091559379948796e-84
714,-0.10994473825187479,8.320994059126548e-85
715,-0.518791734443204,6.443591993574714e-85
716,-0.5342628166982982,4.9737121429534353e-85
717,-0.0872148618542102,3.433790173375964e-85
718,-0.5385843971639726,2.6504912009798854e-85
719,-0.4500136502978333,2.0399443530418297e-85
720,-0.2305962067445343,1.5659216845426583e-85
721,-0.08211290012238952,1.199186682278033e-85
722,-0.06829004088848517,9.163486670309073e-86
723,-0.552525329694186,6.3904658298596376e-86
724,-0.08667168630471736,4.883222046607703e-86
725,-0.526093901160536,3.4054792407322e-86
726,-0.5102464192136887,2.3697754655943063e-86
727,-0.12383523040186321,1.814779887386189e-86
728,-0.12181674476143572,1.3867491653607874e-86
729,-0.14505961858842767,1.0575719133809046e-86
730,-0.46975818299240435,7.389986302207638e-87
731,-0.4515194466892586,5.153655660394585e-87
732,-0.1867275096438562,3.9381237004464485e-87
733,-0.4255063572273778,2.746383101424274e-87
734,-0.3533493788589424,1.9111293397515223e-87
735,-0.2629454340923734,1.3267346832776574e-87
736,-0.19830947476838834,9.1862412977613e-88
737,-0.42345616743803166,7.070169127186637e-88
738,-0.20804220081574393,4.8953479875769964e-88
739,-0.40964165911798833,3.7676931278777585e-88
740,-0.3265570823569769,2.89219279969504e-88
741,-0.24647222574257055,2.2148483683509706e-88
742,-0.372962437857305,1.5412495429574866e-88
743,-0.28026871208139986,1.069958574595164e-88
744,-0.3569716470626903,8.213318814420445e-89
745,-0.2860317182266838,6.289779774288764e-89
746,-0.2250646729235901,4.806283623112455e-89
747,-0.376103333336188,3.3518236417184824e-89
748,-0.2502310647290821,2.332438071017461e-89
749,-0.3964001821934107,1.7861868186717792e-89
750,-0.29042136267018975,1.3649000064350062e-89
751,-0.30624007967685435,9.518589556701909e-90
752,-0.13821952418334577,6.623713845832896e-90
753,-0.5007046676990083,5.072456374766448e-90
754,-0.10313798830123314,3.5297771084443503e-90
755,-0.5272347589223252,2.7031120021130402e-90
756,-0.07593255745579328,1.8810182210899942e-90
757,-0.5451719460313905,1.440488385926039e-90
758,-0.2658067115597611,1.1007373846158068e-90
759,-0.3474560289169066,7.67636260859986e-91
760,-0.0466760084114844,5.341760876790493e-91
761,-0.6035012981903028,4.0907336341228655e-91
762,-0.012882155003128393,2.846624371241654e-91
763,-0.6254817012578925,2.179951953624076e-91
764,-0.3274733800115741,1.6657924044821053e-91
765,-0.27648202117912307,1.1616963960862695e-91
766,0.03829608816268278,8.083912493099394e-92
767,-0.6752037350125215,6.19068009474373e-92
768,0.05478910780763755,4.307916967572668e-92
769,-0.6874483284152304,3.299013422488934e-92
770,0.06883325941185406,2.2956889520194745e-92
771,0.03876357016665441,1.5937017402796894e-92
772,-0.03736839423326462,1.1034707185541683e-92
773,-0.5802754263681283,8.492836573950466e-93
774,-0.050891229558888834,5.880395459175162e-93
775,-0.5697553525301035,4.525832610258203e-93
776,-0.06729490945868827,3.133662740194444e-93
