t,lambda,delta_s
1,-0.5461333988630838,1.1303465955933734
2,0.39217742558312946,0.9949670611034972
3,-0.022965097384876475,0.9162477537620326
4,-0.0021118915471945196,0.8559085031673175
5,0.07861810938516117,0.6248918535894206
6,-0.01761246620422811,0.6955560659135023
7,0.235358492629554,0.7874194328058902
8,0.36739418536456087,0.8227819908751164
9,0.49818146689101034,0.9240231103243789
10,0.43089872039405147,0.9717177869041569
11,0.36210592739607755,0.8899976528057515
12,0.2848041910313929,0.8583681994644129
13,0.2997422978628646,0.7945568713492335
14,0.31383900773964213,0.7399942969380636
15,0.6567261928554317,0.7382080496046071
16,0.06822597805950671,0.6919884205697047
17,0.2753116266372283,0.6551445289675494
18,0.3127904509176795,0.5865420803856177
19,0.14247375217132863,0.5306256878071923
20,0.564433360314347,0.5682580165895654
21,0.19301830760939157,0.6053079612204084
22,-0.0027606750307728606,0.624646706415482
23,0.21632571299561243,0.7187053377364476
24,0.32217563827263196,0.780937313956174
25,0.5937066021657699,0.6623319160809129
26,0.4302852710854898,0.7225986009274031
27,0.6663907155318015,0.851625383632015
28,0.26282085612383255,0.7843339280431327
29,-0.06496975527163418,0.8270492492846783
30,0.17281445602382334,0.9014410999566094
31,0.18440165942521586,0.7677793681143104
32,0.35783892504888126,0.7546472572424678
33,-0.15071969889599307,0.6265867873548181
34,0.11603191657865197,0.6612875567078738
35,0.44053688326733753,0.8248220546287848
36,0.6151827890778185,0.9529024968090737
37,0.6269199705104498,1.0388218240354707
38,0.3677479447722161,1.0437928143680126
39,0.3722726567537502,1.0018815048820764
40,0.19019256706560253,0.8978473967214164
41,0.5653138925145451,0.9177228786553884
42,0.38284750889188796,0.8103312909251524
43,0.43007208609872366,0.872399199514451
44,0.5639712916151361,0.6938122771908013
45,0.46421274656346284,0.7538713053249896
46,0.330990815261495,0.7908347671522089
47,0.48481575352185846,0.835026221191356
48,0.414980729164648,0.759256644701043
49,0.4356778371271497,0.7676657423717351
50,0.20174226268562773,0.7089840913870411
51,0.5700389112271376,0.7513556810818632
52,0.09930789909828293,0.8279135160467611
53,0.4209205543888569,0.729111353590904
54,0.45321584044839897,0.7640357849130257
55,0.24224968451767506,0.6110303535298913
56,0.5854198840509445,0.6000078249548112
57,0.5585665120520237,0.7331657443741557
58,0.08994004734158088,0.8227922752138854
59,0.2630854818060842,0.653506941885634
60,0.36445966194390655,0.6276606972052396
61,0.22894582646561287,0.551942847047999
62,0.35613334167479066,0.5149331047203329
63,0.5329365207787353,0.43001235716994185
64,0.6793505610524478,0.5405838750473895
65,0.3232178473704944,0.4257139587034879
66,0.5514944409106939,0.4669703803335756
67,0.2514715740239252,0.33176187046852934
68,0.484428053329354,0.36492052766426303
69,0.34746947998685623,0.24448422984831616
70,0.4923484520448769,0.28972745383568593
71,0.5386610438683612,0.21367564585539595
72,0.4667252998065007,0.22734288054286853
73,0.4703910978527135,0.28310879517105525
74,0.6101714738445694,0.2603334506455097
75,0.49287162486741254,0.2135197512489253
76,0.20494957154873478,0.15947218534186758
77,0.3437331380118167,0.18674747196318126
78,0.5219883351279506,0.1890184310429166
79,0.35604257861644784,0.21820223816732132
80,0.2610091485799633,0.15992728041900944
81,0.30978180147653533,0.16131714575393058
82,0.18934526432098897,0.20270193632648
83,0.2629036773298853,0.245713221212152
84,0.35359992044975,0.20431825374442894
85,0.693541413601575,0.28296783480365484
86,0.04299470307986515,0.21190138467671646
87,0.31705249566667876,0.25888303304654436
88,0.22705528070773154,0.28263555108035776
89,0.27344186545877264,0.27686259034723126
90,-0.07181745415515076,0.231183487728481
91,0.394305676710652,0.2292368949206578
92,0.1112566757292488,0.21754566449611576
93,0.2792631419169816,0.2769131566053087
94,0.2165102549561456,0.21232105790337139
95,0.24577642652210357,0.24487008513744635
96,0.142106074266475,0.17608794630470037
97,0.17663367871862115,0.17184106980829375
98,0.02795777705716147,0.14089569138217148
99,0.4072047150433377,0.16443340846779195
100,0.29440823545955597,0.1988729847078216
101,0.49489513412422453,0.21421166289252308
102,0.5205108455108935,0.27468183520623307
103,0.20886077850612753,0.30907022397665973
104,0.193792906636556,0.2708084063246404
105,0.06676720820336651,0.2811115999525452
106,0.03996789006031332,0.1950313480473598
107,0.24955535596298464,0.2353440039608812
108,-0.19980763658913986,0.14037657016109628
109,0.051908660749224886,0.1408084605713542
110,-0.25914381823081983,0.09974968979180215
111,-0.25789472422310183,0.08295738761029688
112,0.48638935369288755,0.10922380772650568
113,-0.5805006075403586,0.054653817003648894
114,0.015931158165836762,0.059273446888838885
115,-0.03286981674190931,0.06923712798384762
116,-0.10775932797911265,0.07243247533447428
117,-0.20828817517972856,0.041128286098957974
118,-0.12352126500243718,0.03894185127778217
119,0.21529679431836724,0.03834650842550028
120,0.00308359783861385,0.03748184879682669
121,0.08944662821909255,0.03585951891025919
122,-0.5691713401890084,0.02244732543246547
123,0.017255753932837348,0.019747736660474326
124,0.09096508916355926,0.018746873480955998
125,-0.6580931444173782,0.010767999048643132
126,0.025543427083722824,0.010187723812401168
127,0.009447326536902566,0.01028141224086222
128,-0.6149607249171289,0.005499566804342671
129,-0.03474610571613481,0.005501286471254801
130,-0.04278441171639083,0.0053835139571639596
131,-0.5691981761895478,0.0029136308082588686
132,-0.061832284575632473,0.0028788657903121824
133,-0.05757017241231613,0.002691832433015324
134,-0.5707112998556246,0.0015335941110850545
135,-0.04913351918398738,0.0014365190774292683
136,-0.5747521340501355,0.0008160791746771396
137,-0.465251079148597,0.0004511666503758214
138,-0.20685399524075845,0.00027333561121241264
139,-0.06586336301522207,0.00020818793848866032
140,-0.0660660671067026,0.00018458713470168164
141,-0.09872241823172041,0.00017098612795035935
142,-0.12742799179014475,0.0001554239312721422
143,-0.1486776144579695,0.00013708207075032757
144,-0.48190519186308856,8.279031096373612e-5
145,-0.49363177637477795,4.847450777786276e-5
146,-0.47748060181903906,2.7818107613508105e-5
147,-0.4014873033493605,1.667949204185291e-5
148,-0.22329816628431717,1.482425576604847e-5
149,-0.397082327335344,8.88847149626737e-6
150,-0.2381336994758859,7.899938172397774e-6
151,-0.15275867288865325,7.336277632499545e-6
152,-0.457436388486491,4.209798940568484e-6
153,-0.3239945539901246,2.5240239739310416e-6
154,-0.17707865201733228,1.7563058995071999e-6
155,-0.11465606818976226,1.5421239007228976e-6
156,-0.5136332614827815,9.359385736620423e-7
157,-0.43702448495426793,7.167846908546368e-7
158,-0.19205498253854594,4.987618775591184e-7
159,-0.4538399590282467,3.8197544073574035e-7
160,-0.1862417133821973,2.6579058119352854e-7
161,-0.13395528714005858,2.3337777969562452e-7
162,-0.4866638261621478,1.4163979333925155e-7
163,-0.13446260111255942,1.2436699114189066e-7
164,-0.12002895687601359,1.2075258611982359e-7
165,-0.129765845293771,1.1337064214346938e-7
166,-0.1455151604563718,1.0164114287075548e-7
167,-0.16459155267309786,8.81420744617037e-8
168,-0.17919774779060949,7.458921627209146e-8
169,-0.18624539098939907,6.195947665206392e-8
170,-0.1960460121943931,5.072712377002246e-8
171,-0.4364300197933608,3.301820401927265e-8
172,-0.4513455210351684,2.1182023373409827e-8
173,-0.17722292370433726,1.7595401667274264e-8
174,-0.18003550278620328,1.4405612307819395e-8
175,-0.45135441630735484,9.376589452743405e-9
176,-0.17288457342898852,7.676750801340691e-9
177,-0.1761804302545276,6.2124534309367926e-9
178,-0.18458842127642422,4.979888980835902e-9
179,-0.19065499425711752,3.96038785309704e-9
180,-0.43702033499009185,2.653782836568984e-9
181,-0.19466739455543566,2.1104906974261076e-9
182,-0.19735206603078606,1.6672289758681644e-9
183,-0.42313884889698083,1.1246804897597115e-9
184,-0.20512694258422773,8.884663213023611e-10
185,-0.19564303780664252,6.978545444866065e-10
186,-0.43183354883257313,4.7346370258927e-10
187,-0.19722093346106978,3.7188668669139613e-10
188,-0.18956470157351868,2.9065743968449406e-10
189,-0.18345190312394488,2.261889700577513e-10
190,-0.19234686590030867,1.7535881893920502e-10
191,-0.44298070646703364,1.2053610211359792e-10
192,-0.4426821758903883,8.254160016728452e-11
193,-0.18325566005123284,6.423368880744246e-11
194,-0.4448198852734675,4.3986418730295754e-11
195,-0.42958663610605874,2.9991177136806715e-11
196,-0.1968280249379144,2.344036254020579e-11
197,-0.19030295330035557,1.8241237749005256e-11
198,-0.4375194283867949,1.2491369197655491e-11
199,-0.19326484834207458,9.720755596397732e-12
200,-0.44088408637149445,6.6566506453381925e-12
201,-0.18995261265825725,5.180190657323398e-12
202,-0.4289447835698879,3.547329128932818e-12
203,-0.41399430370271023,2.4186687469787163e-12
204,-0.21426774061274934,1.8903716928087243e-12
205,-0.19456574242195054,1.4710830271201091e-12
206,-0.1878037250021653,1.1404949682341428e-12
207,-0.428384337998328,7.839401451538757e-13
208,-0.192705222721688,6.077697685711797e-13
209,-0.4229557876082614,4.177617033529461e-13
210,-0.2082748090438771,3.238805096715313e-13
211,-0.4165882999895077,2.226252117167789e-13
212,-0.38103530135737146,1.524509329113136e-13
213,-0.24863265106654858,1.1863697532387305e-13
214,-0.2171239905390241,9.197636768854094e-14
215,-0.18917454961560384,7.109288846874864e-14
216,-0.17831425027717437,5.4783888644314963e-14
217,-0.1822532258394668,4.209975929518329e-14
218,-0.44432151918627627,2.9194334258555304e-14
219,-0.4376583989610204,2.018912980121769e-14
220,-0.4036287940742526,1.3919172441021784e-14
221,-0.22736425351487755,1.0758787271068923e-14
222,-0.182967420543273,8.29067740108991e-15
223,-0.16028770671265466,6.371134499889025e-15
224,-0.15964460798020844,4.883819409829131e-15
225,-0.1705957382266822,3.735242000699401e-15
226,-0.18143631905076477,2.8508952720543842e-15
227,-0.44251895023006854,1.9905104621727024e-15
228,-0.18511740444114272,1.5192420904777855e-15
229,-0.44456878211567613,1.0607430252918332e-15
230,-0.18287745241273465,8.096041100156104e-16
231,-0.18072715842143283,6.167577582333596e-16
232,-0.4494626722656174,4.314380302273189e-16
233,-0.17812939931737362,3.2867020936255733e-16
234,-0.45111796780554325,2.299133263081383e-16
235,-0.17659232966319335,1.7514835456930682e-16
236,-0.44877595317775537,1.2252081158960686e-16
237,-0.4271432374909367,8.554469176528582e-17
238,-0.36613603842020537,5.96045808440175e-17
239,-0.27917768495132533,4.143644948071793e-17
240,-0.3518478040623778,3.1763281131776933e-17
241,-0.27446007547898316,2.4293187730213012e-17
242,-0.21575865847512632,1.8541592226213492e-17
243,-0.4120501326189036,1.2945839741430514e-17
244,-0.3385335692223693,9.02021312530954e-18
245,-0.2539303365519374,6.270753022327684e-18
246,-0.20116108112717895,4.348491840608639e-18
247,-0.1789046466701716,3.0071679467689267e-18
248,-0.17905767659174623,2.0732587101236098e-18
249,-0.1925624052435434,1.4250924198964575e-18
250,-0.4261592312574807,1.1048395666248716e-18
251,-0.4138666452112031,8.5398280079819165e-19
252,-0.3837094128643357,6.580756482225379e-19
253,-0.2513387275482914,4.550874345453563e-19
254,-0.36972428898985743,3.506885129377903e-19
255,-0.3157796605418306,2.6949350160447094e-19
256,-0.2623615766939913,2.0658135438542107e-19
257,-0.3676241647218619,1.436130870050225e-19
258,-0.26608571270177084,1.1008720375199088e-19
259,-0.2342522490812885,8.419687803492716e-20
260,-0.39200873912993406,5.866547087943595e-20
261,-0.241423264659871,4.486851630481268e-20
262,-0.385550299208253,3.1262829431651407e-20
263,-0.3561784612889181,2.1733575406879922e-20
264,-0.26263280489356805,1.6659961804127034e-20
265,-0.3648434185781431,1.1581822334326311e-20
266,-0.3146580224806091,8.031485172653493e-21
267,-0.29502086333046085,6.17195312196249e-21
268,-0.21502035772797548,4.731136103643941e-21
269,-0.17514883092225425,3.618466778233029e-21
270,-0.16573432948706437,2.7617674646566042e-21
271,-0.17876822330868514,2.1039190503005145e-21
272,-0.4314564749885421,1.4717458819155047e-21
273,-0.20355789443608097,1.1211784619051446e-21
274,-0.4077651333935731,7.842933804727723e-22
275,-0.22959726202647768,5.974760023492518e-22
276,-0.3812485756355922,4.1794994245394036e-22
277,-0.255492601970247,3.1839496165191613e-22
278,-0.19553058949476534,2.421331652805451e-22
279,-0.4224195228665243,1.6967267506430613e-22
280,-0.3123705895829351,1.1869043191743128e-22
281,-0.18960838669990954,8.287030000972159e-23
282,-0.12958634867918853,5.77411572193177e-23
283,-0.49713667941140466,4.416158287518064e-23
284,-0.13629667491681724,3.0770262682174384e-23
285,-0.4984991859835332,2.353370751418377e-23
286,-0.1340811525193369,1.6397472983330724e-23
287,-0.49226063693926586,1.254111273430853e-23
288,-0.443111256660253,9.571909663107975e-24
289,-0.3319939326806214,7.291896709512605e-24
290,-0.2872919170425077,5.100870659470243e-24
291,-0.1595137291507215,3.561455418370626e-24
292,-0.11867483116528707,2.481498887027137e-24
293,-0.12588527294892657,1.7251107517699816e-24
294,-0.14774169345999094,1.1962885480432174e-24
295,-0.1689824632870606,8.272846560656729e-25
296,-0.18477456695664116,5.703622641970009e-25
297,-0.19476421797068502,3.920489687722886e-25
298,-0.20361483096690494,2.6847018168054337e-25
299,-0.21036654154086612,1.8305051894913365e-25
300,-0.21480374882483055,1.2419174900335294e-25
301,-0.41182012372605686,9.754762154799333e-26
302,-0.22479775907199548,6.618178304388675e-26
303,-0.22707670455595697,4.464495352637214e-26
304,-0.2240765186035094,2.9915759355730397e-26
305,-0.22096537503400573,1.988791382752043e-26
306,-0.223095237947062,1.309631861859731e-26
307,-0.4053099315719793,1.0598269278685637e-26
308,-0.4028029827903248,8.495549438820367e-27
309,-0.3849778648387986,6.75630949962189e-27
310,-0.24387746332582905,4.5272782959473734e-27
311,-0.3825252850662045,3.600437332348505e-27
312,-0.3328171342866164,2.844245402652446e-27
313,-0.2980458975634789,1.9186730544085182e-27
314,-0.24760437460041623,1.285667401223828e-27
315,-0.2090823786435872,8.547081216407034e-28
316,-0.4172023543503197,6.851321581121779e-28
317,-0.357350948790946,5.448693979929922e-28
318,-0.2762918896367898,4.304316773864532e-28
319,-0.3547670373285698,2.9036090219046544e-28
320,-0.26391908200652975,1.9456548142919735e-28
321,-0.18583216589394333,1.2934659229142033e-28
322,-0.14977992080239513,8.517555936581822e-29
323,-0.14783354085816122,5.544062891469594e-29
324,-0.4770018153181395,4.5390055586044524e-29
325,-0.15562537956164307,2.9544311148641463e-29
326,-0.47246119022714433,2.4188360621803123e-29
327,-0.15968740073027146,1.574416341111104e-29
328,-0.4649160915706657,1.2889977375358884e-29
329,-0.4592621701398063,1.0431286470552503e-29
330,-0.4302841798559408,8.361696385588261e-30
331,-0.3653669482669114,6.649859332788296e-30
332,-0.2810508419421686,5.2532040109781335e-30
333,-0.2133415058654549,4.1261803693855756e-30
334,-0.18024642417287054,3.2249205598550265e-30
335,-0.1699676808176141,2.509625973252739e-30
336,-0.17199304591870998,1.9456521092719978e-30
337,-0.44989284695761406,1.3373796811463846e-30
338,-0.4386630975654418,9.158207126461794e-31
339,-0.40931763678556066,6.244323137298265e-31
340,-0.35560429684935724,4.23649938943178e-31
341,-0.2734544202442689,3.327599799866245e-31
342,-0.3540142459618628,2.2576305246281958e-31
343,-0.2720856191129022,1.773277933348722e-31
344,-0.35370618611016547,1.2030913065743647e-31
345,-0.2804794704634622,9.449798106815336e-32
346,-0.3472350957493437,6.411273572734791e-32
347,-0.27882248487354444,5.035797411121894e-32
348,-0.33705339156633984,3.4165676869103707e-32
349,-0.2619062015047995,2.3047506214915691e-32
350,-0.37122747086383595,1.8206889203545364e-32
351,-0.26173610799524966,1.2282016061928573e-32
352,-0.36217510393315555,9.702451256569322e-33
353,-0.27106614023616593,6.545086359401735e-33
354,-0.3527292210229551,5.170436274625791e-33
355,-0.27665532157856343,4.061169642933337e-33
356,-0.3616485076395429,2.7553254907480844e-33
357,-0.2691830784009246,2.1641973027191746e-33
358,-0.22512101789374978,1.6914831035757997e-33
359,-0.20699314275186823,1.3163083714046007e-33
360,-0.4088280626534651,9.013913458955438e-34
361,-0.22451076713680962,7.0146073112151155e-34
362,-0.2108192192445471,5.438254806189801e-34
363,-0.4139811179322826,3.7380842361465356e-34
364,-0.3999240652569249,2.559792867605602e-34
365,-0.37491617037998326,1.7453387556278276e-34
366,-0.2586354987544481,1.3641136191470247e-34
367,-0.3639629786698225,9.300910228740692e-35
368,-0.26868637321494276,7.269361476434495e-35
369,-0.25161880504370854,5.657000856803435e-35
370,-0.24061509435679615,4.385735470743254e-35
371,-0.23447531293127108,3.38994255275161e-35
372,-0.38600298328637833,2.3371584323590806e-35
373,-0.24931349640809897,1.8065003863613327e-35
374,-0.3711024333521364,1.2454717286041535e-35
375,-0.3303383077477395,8.560978477805579e-36
376,-0.28570407151714994,5.862449924296655e-36
377,-0.33746907731706893,4.5621454308225915e-36
378,-0.286335143006412,3.124099564657687e-36
379,-0.2387494982220423,2.1300989293471196e-36
380,-0.2094830564874821,1.4451787031496984e-36
381,-0.1993071819704264,9.748896610512335e-37
382,-0.42075350339629985,7.701357309084743e-37
383,-0.20934671515012174,5.195187003742023e-37
384,-0.42461625009702797,4.104053310011258e-37
385,-0.4090030889946944,3.2235687339177364e-37
386,-0.38580685235016526,2.519461622000096e-37
387,-0.24183794631692998,1.7178397783047613e-37
388,-0.2175663208788624,1.165478949745474e-37
389,-0.2039473897216874,7.862096056379669e-38
390,-0.41659526666308183,6.210837323193629e-38
391,-0.39463365318719024,4.878362802368517e-38
392,-0.356131359300019,3.8128077523021355e-38
393,-0.2765548473717679,2.599679537382183e-38
394,-0.363789508073533,2.031845251201807e-38
395,-0.3308955752310555,1.5811774341119033e-38
396,-0.298663034356309,1.2258484900145282e-38
397,-0.2638756015206253,9.475163258814399e-39
398,-0.24054878968185545,7.301521995209554e-39
399,-0.21659525600283774,5.610998527003777e-39
400,-0.19709016719862849,4.301134046876822e-39
401,-0.4314088183925842,2.990101115040312e-39
402,-0.2009486249589905,2.2920743335806575e-39
403,-0.17780878133359476,1.7530239349728914e-39
404,-0.1630145120922398,1.3379822905923164e-39
405,-0.47000906371137147,9.341864549470538e-40
406,-0.15378110413188187,7.1301076265664535e-40
407,-0.14187005563318483,5.431727854789317e-40
408,-0.13903067762457003,4.130723211193528e-40
409,-0.15458842014147944,3.13631249102217e-40
410,-0.476242915202281,2.201262399245031e-40
411,-0.48968907616271934,1.5425151666672003e-40
412,-0.14466826529557483,1.1730527325576773e-40
413,-0.487189740112977,8.220063323169511e-41
414,-0.45789272703640876,5.750147251735471e-41
415,-0.37167461222582493,4.014783838539657e-41
416,-0.24056115715852094,2.79736244221994e-41
417,-0.15214555459438672,1.9446956236407862e-41
418,-0.13121947809283027,1.3485610136069856e-41
419,-0.4941415080030129,1.0363282978381752e-41
420,-0.46584087474395014,7.944017279851044e-42
421,-0.16566269269099382,5.5225934991796355e-42
422,-0.14263613058670999,3.8296760667615444e-42
423,-0.14782865052352792,2.648384666823133e-42
424,-0.4790621593282409,2.0408343759772274e-42
425,-0.1533077817103218,1.411324188950047e-42
426,-0.46415142332368703,1.0875606389582643e-42
427,-0.16845503101872134,7.520946602914801e-43
428,-0.17098435798003953,5.185233524992028e-43
429,-0.17493539445816206,3.5641654154288167e-43
430,-0.4377841740825211,2.7632109454682523e-43
431,-0.1915540425456854,1.8993437498820163e-43
432,-0.18764672199160504,1.30064660851283e-43
433,-0.43386985867722255,1.0121602843121262e-43
434,-0.20614848998332747,6.931145776764868e-44
435,-0.4226711855336548,5.393802155099322e-44
436,-0.3891215966989708,4.18168390505734e-44
437,-0.34049142144696715,3.232221438450787e-44
438,-0.2898744191199448,2.490736600689381e-44
439,-0.3396504123660305,1.722450804550424e-44
440,-0.28748514975422323,1.3273135345073707e-44
441,-0.24455263022051246,1.0200002536292145e-44
442,-0.21889992990066082,7.81885398399901e-45
443,-0.40981193496896035,5.4355813515900824e-45
444,-0.21824990319548873,4.166667288073071e-45
445,-0.2028544239264763,3.1867498265861324e-45
446,-0.4269239110303236,2.2204169978141407e-45
447,-0.41272265848204615,1.5436094919756092e-45
448,-0.3865962923732636,1.0704253950110722e-45
449,-0.3479417772788286,7.402449068029575e-46
450,-0.311283441796188,5.103536709025055e-46
451,-0.322703523299998,3.94476510835296e-46
452,-0.3138036392927451,2.7196747122394495e-46
453,-0.31796140960515223,2.1021653262412926e-46
454,-0.2654847179941628,1.6199199895409774e-46
455,-0.3629495359854451,1.1202439023539846e-46
456,-0.325779276188473,7.723397791978158e-47
457,-0.2782347742317417,5.30881920111981e-47
458,-0.3507749979046398,4.1157986833451584e-47
459,-0.2813735154321034,3.181295631782893e-47
460,-0.23084193896775534,2.4514933826726883e-47
461,-0.19395295440224394,1.8838984212004931e-47
462,-0.1829438938318748,1.4441100993497855e-47
463,-0.18415808233150838,1.1044840613617786e-47
464,-0.18720719358334595,8.429891257396825e-48
465,-0.19601433374339056,6.421905187663654e-48
466,-0.20549998867298513,4.8837337819450264e-48
467,-0.21294507622416722,3.708046867346378e-48
468,-0.2191159522891466,2.8112269412748736e-48
469,-0.40766547086460286,1.9760181756088856e-48
470,-0.4070185573602599,1.3868944891951637e-48
471,-0.2238537487018251,1.0530200857819747e-48
472,-0.40570985651059327,7.390760732921024e-49
473,-0.2187266517121049,5.611544037132144e-49
474,-0.20902881972948661,4.2543485408062486e-49
475,-0.40670117013996104,2.9903918173877195e-49
476,-0.21953175625307475,2.2671423373956502e-49
477,-0.41052414440473567,1.5935797994859158e-49
478,-0.22319753123640215,1.2081601515981416e-49
479,-0.3991700946314019,8.492186751460445e-50
480,-0.3511042925674169,5.960353579838654e-50
481,-0.266809148597657,4.5254863198532705e-50
482,-0.19958988132426364,3.430962315168055e-50
483,-0.41646477986037184,2.411631659849808e-50
484,-0.22004085460665815,1.828359817753057e-50
485,-0.41016694634625456,1.2851585115339625e-50
486,-0.3287245839348195,9.020054974137537e-51
487,-0.2505145933333362,6.320723784020945e-51
488,-0.20852192792751206,4.421510037912095e-51
489,-0.2055588076928582,3.087122166618036e-51
490,-0.2118096385943406,2.1509998920846366e-51
491,-0.21048345541855917,1.4953514830452944e-51
492,-0.39721678641458996,1.1462678424919027e-51
493,-0.2508681146275313,7.968728053148377e-52
494,-0.21180399091089322,5.525962957839821e-52
495,-0.3995551606662177,4.246535179522768e-52
496,-0.23309015374853884,2.9447856602328414e-52
497,-0.1609624793758298,2.0364451336575383e-52
498,-0.45939419078399907,1.5692762783380806e-52
499,-0.16621352928726904,1.0852216117261018e-52
500,-0.45562123253927517,8.36267328726363e-53
501,-0.2834933821438101,6.426461158020979e-53
502,-0.11502828782319512,4.926230287651769e-53
503,-0.523273954501298,3.4246611511093804e-53
504,-0.09089321633811649,2.6251881202896277e-53
505,-0.031194778285079598,2.0077959694636006e-53
506,-0.05058760978303624,1.532435123486474e-53
507,-0.08449244642533314,1.1674116271239728e-53
508,-0.1209374394534897,8.877937986024598e-54
509,-0.150499471766956,6.74070528972672e-54
510,-0.47164542308693264,4.7310531527525067e-54
511,-0.49172837345158277,3.315243673326872e-54
512,-0.14235385393107536,2.5211782251018113e-54
513,-0.4799411279935789,1.7666933535158894e-54
514,-0.5001801271205292,1.2358477705086194e-54
515,-0.522447231030073,8.62875581914146e-55
516,-0.1081410499438662,6.58583276904043e-55
517,-0.5184686173652239,4.598263976020484e-55
518,-0.11174201179044926,3.5095902826216456e-55
519,-0.1367428782626509,2.6736117174424588e-55
520,-0.15889498871725471,2.033229623096962e-55
521,-0.17468437412914173,1.5437595641255233e-55
522,-0.1845577533505065,1.1703893269898705e-55
523,-0.1901362287954536,8.861048917804732e-56
524,-0.4354951982119391,6.237004723529019e-56
525,-0.19508884593156176,4.722052968298139e-56
526,-0.20184395145924514,3.5705199236165165e-56
527,-0.21216323859353675,2.696592923495442e-56
528,-0.4164770580298161,1.902730067295241e-56
529,-0.42649657570224714,1.3409799820849596e-56
530,-0.43461994092781087,9.438722841961024e-57
531,-0.4386005145117281,6.634500977637755e-57
532,-0.18914841929070098,5.0298954024810295e-57
533,-0.1849378173749371,3.8081472707424364e-57
534,-0.19458037169024567,2.879481825709421e-57
535,-0.197336658030493,2.1746945768830617e-57
536,-0.42660636562340243,1.534475864920551e-57
537,-0.42349929251402324,1.081446839580359e-57
538,-0.2064112789564608,8.177221884161617e-58
539,-0.20722091133380457,6.175750069571821e-58
540,-0.4285367037851054,4.3576415420697266e-58
541,-0.4283771071686957,3.0711187979091373e-58
542,-0.2054500111563678,2.3221871777689567e-58
543,-0.20856516849975754,1.7538043883146735e-58
544,-0.42267521974247335,1.2374935470330764e-58
545,-0.42675237575105235,8.721437176265393e-59
546,-0.20470640115268998,6.5946031121392635e-59
547,-0.2105893466504101,4.980495968621768e-59
548,-0.4179077723586822,3.514263998459014e-59
549,-0.42249613228650124,2.4767347479794416e-59
550,-0.20595821446828808,1.8727512847788087e-59
551,-0.41920202455017436,1.3198519471982446e-59
552,-0.41333561739903024,9.290009462078255e-60
553,-0.40528594111746763,6.529969985390177e-60
554,-0.3886980642047976,4.5831457924504415e-60
555,-0.24202499421991028,3.479821005214426e-60
556,-0.384926775246623,2.4423583927968398e-60
557,-0.3525136521586951,1.7114610528114023e-60
558,-0.2794078012126382,1.3015327875214362e-60
559,-0.25017140361880474,9.882079554294156e-61
560,-0.37632490635115573,6.935868224701732e-61
561,-0.2554393752051936,5.266160194483354e-61
562,-0.23925683396624256,3.992498462241797e-61
563,-0.37795427993539527,2.8063367676401792e-61
564,-0.34652776859562356,1.969664573893219e-61
565,-0.2875289757155936,1.4954968634754515e-61
566,-0.3369269164885102,1.0496342514276965e-61
567,-0.29744291482704427,7.969502785460683e-62
568,-0.3313777847191367,5.593500925858194e-62
569,-0.30316949705405954,4.246948034371995e-62
570,-0.3203800886083871,2.9807766433898315e-62
571,-0.3144144255693523,2.2631986075168366e-62
572,-0.3090006202234744,1.5884558732624415e-62
573,-0.32602024058970996,1.206058537945722e-62
574,-0.2972879300883196,8.464881348615549e-63
575,-0.27023584804611933,5.931690773783278e-63
576,-0.3668441666650564,4.510935270677227e-63
577,-0.255002236266786,3.160998013349108e-63
578,-0.2370952192483417,2.2112000023124188e-63
579,-0.3975665975815557,1.6844958413137394e-63
580,-0.22749039235712004,1.1783484812322875e-63
581,-0.22282514970123407,8.227292678794122e-64
582,-0.2191943124636726,5.732492823120754e-64
583,-0.40580205898261346,4.384324268529391e-64
584,-0.22007801199092605,3.05484542544105e-64
585,-0.40934845159601674,2.3364064026993114e-64
586,-0.4020001099227325,1.7832445570610644e-64
587,-0.22907792772608185,1.2450709719984632e-64
588,-0.20465390512212106,8.675223660942247e-65
589,-0.4084127801773098,6.634983209779811e-65
590,-0.20796585442895518,4.623026688916124e-65
591,-0.41709179579067035,3.5357825524916607e-65
592,-0.20848690382412854,2.4636109225234016e-65
593,-0.39571108167841,1.8842185222228051e-65
594,-0.21661617783446255,1.3128582606127204e-65
595,-0.15530480700586513,9.126846329745193e-66
596,-0.13045673947137762,6.329067123848202e-66
597,-0.14477617036603535,4.376820397832784e-66
598,-0.47914328656679833,3.372759870298706e-66
599,-0.1594755879651766,2.3324075900050914e-66
600,-0.4395102279831976,1.797343734882181e-66
601,-0.1941815470966421,1.2429400047137124e-66
602,-0.1625810147209203,8.569312511137238e-67
603,-0.44952981358184363,6.623627285119374e-67
604,-0.37098064541332965,5.1041400543024275e-67
605,-0.24926646798440855,3.922377053044807e-67
606,-0.18378512110925027,3.006714296278415e-67
607,-0.14913283331330648,2.2995947599863282e-67
608,-0.44874761534228763,1.602278048486767e-67
609,-0.3847731299208327,1.1138860884523617e-67
610,-0.2884619840029106,7.724310859885522e-68
611,-0.21907837902716343,5.3416910690295125e-68
612,-0.18502898297531828,3.6827698790665256e-68
613,-0.172288519616507,2.5314194573275386e-68
614,-0.16290892269824223,1.7334840689585405e-68
615,-0.44297436444178784,1.3489934288098453e-68
616,-0.1855304040138742,9.237736603480063e-69
617,-0.43089413578443125,7.188785982127664e-69
618,-0.3519513774816841,5.573291302489667e-69
619,-0.26136030278478634,4.307860670399333e-69
620,-0.3834943981962306,2.970006935096745e-69
621,-0.2458965432744532,2.2956589512558047e-69
622,-0.3784130325549778,1.5827166957130553e-69
623,-0.2536095043147637,1.223356655124218e-69
624,-0.21012416181363952,9.427136273420955e-70
625,-0.38756566861737907,6.519267615156959e-70
626,-0.32280064615525866,4.494637015958299e-70
627,-0.3151726986868675,3.474117712117141e-70
628,-0.31070061927995046,2.3951920658041777e-70
629,-0.2552552948230504,1.6463792195862336e-70
630,-0.3719556338978731,1.2763978518670461e-70
631,-0.3253826314500519,9.865883205107122e-71
632,-0.29680458284266775,7.602609185361085e-71
633,-0.3179416155805291,5.257529160001586e-71
634,-0.3170458928488374,4.051430434878922e-71
635,-0.28948665262890605,2.801737289364845e-71
636,-0.35324264020898644,2.159007278746978e-71
637,-0.3215310286335089,1.6591317082640717e-71
638,-0.2871801200263846,1.1505349788442644e-71
639,-0.21253531551807806,7.956441076206959e-72
640,-0.15743061141471154,5.485480377161951e-72
641,-0.48357650672403857,4.2399874495106876e-72
642,-0.4701732691127391,3.2673169608149314e-72
643,-0.13514141240685063,2.259489311844245e-72
644,-0.08808376311305913,1.5577799375141597e-72
645,-0.09877819046991326,1.0707686262105942e-72
646,-0.537187017191699,8.301409287012957e-73
647,-0.08582831633607332,5.706126009076257e-73
648,-0.11297538855440763,3.907483014547998e-73
649,-0.5141279106966317,3.0407945502367364e-73
650,-0.11564911284217903,2.0822976984526283e-73
651,-0.5111963279606188,1.6204394158211568e-73
652,-0.11919370237284349,1.1096564435054056e-73
653,-0.5066206881685484,8.635321646910948e-74
654,-0.5294228715818108,6.6947552964548455e-74
655,-0.09674433988928419,4.6017629056388435e-74
656,-0.5409221952963491,3.567635097480786e-74
657,-0.0865201058017994,2.4522794524149393e-74
658,-0.5424436191707643,1.9011927434475114e-74
659,-0.5708601857116751,1.4695218681082615e-74
660,-0.05294558210061255,1.0131456129831789e-74
661,-0.07869451562426538,6.964042288902745e-75
662,-0.548628270605259,5.399052971587359e-75
663,-0.08059431387994669,3.711138135756273e-75
664,-0.113627408759577,2.541340518425829e-75
665,-0.14557746728171356,1.7327574250977678e-75
666,-0.4779552573986226,1.3542803622691242e-75
667,-0.1554324420367971,9.233864318346006e-76
668,-0.46672190014952736,7.216960050532162e-76
669,-0.458465076249884,5.616222184262773e-76
670,-0.41576159897816467,4.3541207556073514e-76
671,-0.3411502600805571,3.3655060428783506e-76
672,-0.27056959072039316,2.593445170902708e-76
673,-0.35797063020254055,1.7934781702498723e-76
674,-0.2692701198931849,1.3820469315740525e-76
675,-0.3649772192839479,9.557445169261576e-77
676,-0.3173683357657549,6.5892749571871444e-77
677,-0.313508822368454,5.0931625306994924e-77
678,-0.3208138023137332,3.511424624685029e-77
679,-0.3023181120916589,2.714146312609758e-77
680,-0.33204385865380254,1.871238182494652e-77
681,-0.2969732203358117,1.2862299030375047e-77
682,-0.26182606827855914,8.807939906914873e-78
683,-0.36302855351316354,6.854319153286863e-78
684,-0.3176555676088933,5.31398728748851e-78
685,-0.2679075224933134,4.1074323225394027e-78
686,-0.22471210261771143,3.165170522941339e-78
687,-0.19823051260111052,2.4323376898120133e-78
688,-0.4143714175028869,1.6867193716754386e-78
689,-0.21207788663633612,1.2961927549008222e-78
690,-0.1893113925649847,9.936018985904173e-79
691,-0.4275217136853296,6.90741119086648e-79
692,-0.38081857198232766,4.7899863216207683e-79
693,-0.3214997378863934,3.312480248283844e-79
694,-0.2646261566650099,2.2837529025426957e-79
695,-0.36265076236026733,1.7652207243104606e-79
696,-0.3053284298266328,1.3602718594809014e-79
697,-0.2579190280423462,1.0453277282297591e-79
698,-0.3598807248219252,7.248888739173719e-80
699,-0.2961208411809875,5.0129163547163e-80
700,-0.2404677140581819,3.456099785415568e-80
701,-0.3858816434501299,2.671383125428316e-80
702,-0.24634774520256128,1.8417555756479565e-80
703,-0.2119097228473448,1.2659644921985898e-80
704,-0.19631776774838658,8.669164933298908e-81
705,-0.19476052101493835,5.910880418683766e-81
706,-0.20102130942526694,4.010273128753028e-81
707,-0.428177344548647,3.149908175116579e-81
708,-0.43677317541590843,2.461890350445713e-81
709,-0.4441406707162111,1.9158375693622035e-81
710,-0.18546400026745768,1.31194136775252e-81
711,-0.1912434203737738,8.945185148483079e-82
712,-0.4397487664472883,6.99133554875318e-82
713,-0.4502084794852167,5.440641701160208e-82
714,-0.4561479027519865,4.21799746833808e-82
715,-0.17284767565350015,2.899317962548274e-82
716,-0.1780323016533504,1.9854163182536005e-82
717,-0.4515689687633699,1.545046542241975e-82
718,-0.4530074342000325,1.1978370864325467e-82
719,-0.44059857467616365,9.258649860780468e-83
720,-0.18933347965449127,6.383273833599042e-83
721,-0.1766335624947129,4.38766040628043e-83
722,-0.1785417374906739,3.004614423844637e-83
723,-0.18500565457282603,2.048630600553105e-83
724,-0.19296219289820934,1.389906015044835e-83
725,-0.20107422273909792,9.376037724241029e-84
726,-0.42709898666145646,7.406809154173925e-84
727,-0.2031965631736443,4.996490503248044e-84
728,-0.42534681417530534,3.9470885982592833e-84
729,-0.20294638481412616,2.662629789180882e-84
730,-0.20823862591711384,1.7841790781455697e-84
731,-0.41846772257074405,1.4189154146544922e-84
732,-0.41851895664464617,1.1209037326171933e-84
733,-0.41046093070114703,8.804247784458134e-85
734,-0.21514944546665843,5.973295991117022e-85
735,-0.20194056543858813,4.029470190397321e-85
736,-0.42459253428382066,3.183169433666261e-85
737,-0.4076348938709586,2.5002515040675817e-85
738,-0.21743043909865406,1.69631099120075e-85
739,-0.41256492264112954,1.332384026517614e-85
740,-0.21246735431415106,9.039641272108797e-86
741,-0.18976006194016476,6.097967536183679e-86
742,-0.4386274943007727,4.817224833906779e-86
743,-0.4100916057458646,3.7837362689597594e-86
744,-0.36003977481696436,2.9572747176475203e-86
745,-0.2946051559664741,2.301344576929831e-86
746,-0.3189826935603942,1.5759316970343634e-86
747,-0.31855335260282547,1.226386525045907e-86
748,-0.3000985077593055,8.39814001349612e-87
749,-0.3373381588694083,6.535413791969636e-87
750,-0.28130195685013926,4.475368813192083e-87
751,-0.18648045970207053,3.051432299168253e-87
752,-0.44162389638187977,2.3849240405500617e-87
753,-0.33757361506865835,1.855942558990776e-87
754,-0.2761103323638839,1.2709260212091271e-87
755,-0.1441172652099413,8.665530982696416e-88
756,-0.10085150310885166,5.879182724867685e-88
757,-0.5311514566036554,4.6178614606789207e-88
758,-0.4888907082582193,3.6092063443467916e-88
759,-0.3528139902527809,2.808676312016958e-88
760,-0.27364553222953114,1.9233460609024053e-88
761,-0.1334089830188954,1.31139142664972e-88
762,-0.09393304254197536,8.897215688795056e-89
763,-0.10558082076732826,6.001889986508235e-89
764,-0.5060050343247526,4.741326240558886e-89
765,-0.12533063921212387,3.1984071738102376e-89
766,-0.49562330361149154,2.5266527535938302e-89
767,-0.13561278497813506,1.704431182923476e-89
768,-0.13216890346064855,1.1421078773577802e-89
769,-0.47857209234770665,9.082913773799202e-90
770,-0.15200784771101178,6.086292878439611e-90
771,-0.46765921180726705,4.840284750057594e-90
772,-0.16488799860609796,3.2433854749204666e-90
773,-0.1406261474903359,2.1561936659412864e-90
774,-0.48478927052158977,1.7284001195851172e-90
775,-0.43169141119655824,1.3745557284076032e-90
776,-0.2037428400275191,9.210644237269089e-91
