t,lambda,delta_s
1,-0.29618872297289867,1.1385471886227374
2,0.012967990836445158,1.113145738140891
3,0.11842638594357194,1.0590721327104486
4,0.19016957349518612,1.0854222812310579
5,0.31393180502947776,0.9947190872145876
6,0.4351095328534413,0.9733198997744578
7,0.6832804655072321,0.8017389206179448
8,0.4983831539593642,0.7662495988552489
9,0.3975142561510089,0.8190050675019892
10,0.226910062699723,0.9003890876236245
11,-0.12203852721408795,0.7413208946101305
12,0.5745462409388392,0.6462963344050009
13,0.5209423349218808,0.7761273034519316
14,0.6401885024690996,0.6360584548723225
15,0.6465488322645413,0.6858974547723607
16,0.33739516259325447,0.8145990783045183
17,0.5250974918040722,0.8769468323132726
18,0.4171039578334381,0.9182642240924291
19,0.10062626485807247,0.7843637718073351
20,0.27948041960816855,0.8355841180467979
21,0.9193593217482354,0.9451939895895594
22,0.1985092505813409,0.9956742668690433
23,0.22366666784146289,0.9703244603890162
24,0.12003758333216245,0.9357656698806194
25,0.09263897206731207,0.7515533203113383
26,0.16915834588403122,0.7623337867361087
27,0.4397299528219163,0.5789591245767778
28,0.4517775517075161,0.6357291311650752
29,0.2633684715851508,0.6598935707837233
30,-0.2226597493977956,0.4581546799150291
31,0.3630028314121347,0.46308449956826137
32,0.4845766431456684,0.5149811745955124
33,-0.06320339043594596,0.342935309645278
34,0.32640359378112055,0.33791447671243424
35,-0.07631386821649269,0.276533432482043
36,0.21908214603437018,0.3172009975318533
37,0.36874715471306513,0.3902347862513643
38,-0.1967728314873041,0.30143891692481917
39,0.21724773068724954,0.3259795760843079
40,-0.41546119217993854,0.277648288904555
41,-0.10623848970083953,0.2037889558291754
42,0.14686389894608315,0.2652245602559418
43,0.1541536093857976,0.3347989415898318
44,0.17399518450610302,0.3619813364620964
45,-0.5170141844026019,0.25952244016156156
46,0.029794542597778972,0.2376850347568471
47,-0.4613235713713097,0.14673824212543754
48,0.14405811813055291,0.14984413888164
49,-0.6337112638652902,0.11123512192245683
50,0.17428875069704505,0.11346030348194167
51,0.18562988857711316,0.14511684155987414
52,-0.18976796210539168,0.10356675189941691
53,0.19239327114564161,0.09694047628150139
54,0.4843705153666934,0.12463675664636716
55,0.44467628837035994,0.17230987932181802
56,0.37564077560922454,0.21681456906845673
57,0.3532790059297916,0.2028114099460219
58,0.3097706807886416,0.21895523589987123
59,0.6705549669281625,0.19259073519565637
60,0.2759795698164489,0.23225542706319968
61,-0.044739810949416224,0.21258806905163233
62,0.7853003638204039,0.2301439642899783
63,0.4194448053894335,0.20750079627747522
64,0.6007019541131255,0.23901433410592174
65,0.5328414741908954,0.262538128414351
66,-0.001706390015182426,0.226473976945452
67,0.20976850365835428,0.1633601996530087
68,0.08990994027284556,0.18883251082954122
69,-0.14254984481868074,0.15351173017088157
70,0.3558072491755785,0.19732779212397866
71,-0.013863311024712067,0.13165776265857587
72,0.47126310060989113,0.1637060324699906
73,-0.20319018789526333,0.09870311159323913
74,0.35438239569711844,0.11941799953440083
75,-0.4878053087273173,0.08040875987605976
76,0.0409780255374142,0.07695017067456249
77,0.337937267204933,0.09249306602976062
78,-0.5123903429928494,0.05435136310510147
79,-0.005307122722040458,0.057400590476935284
80,-0.23396771270549116,0.036830081755773965
81,-0.25109009961558315,0.0338887222195509
82,-0.23167097678213505,0.021606218512110965
83,-0.3051826830990431,0.018966878775102832
84,0.11126207059461804,0.024027859039768354
85,0.1044702884586765,0.025824950726705185
86,0.046827345609922084,0.025095270253572596
87,-0.5814954671530839,0.013926323663740667
88,-0.4371421595986371,0.009420730711350458
89,-0.09094338316944071,0.010257522968706462
90,-0.5390793320085288,0.005209023707140278
91,-0.07572459087708616,0.00457926876860963
92,0.07596857759232518,0.0047923570666809304
93,-0.6965771957092406,0.002435153566221648
94,0.08164427151290181,0.0025625790390461744
95,0.02731422285400888,0.0026636264606344816
96,-0.6652015650974719,0.0013621395699544437
97,-0.7374331084976439,0.0006754241059706757
98,0.11425852049951736,0.0007267197726435493
99,-0.7446884370257799,0.00035960507621049677
100,0.1285266060026724,0.00038760245357440836
101,-0.7579812141001251,0.00019152733773494294
102,0.13879302031415186,0.00020663578045278393
103,0.07189755325851013,0.0002162701704433014
104,-0.6841343744527839,0.00011009160459825048
105,-0.673499143432649,5.432722943746714e-5
106,0.04932837120048946,5.867506925046249e-5
107,-0.6912964388171969,2.8950323680525622e-5
108,-0.20934300668206957,2.047161269364946e-5
109,-0.41144895134828235,1.5428248533419233e-5
110,0.08125594154377007,1.6665762780404426e-5
111,0.07476434055641776,1.7452475521608e-5
112,-0.7145585908704587,8.881142645378269e-6
113,0.07752677423580624,9.300473262081612e-6
114,-0.011155984882598398,8.873078976313788e-6
115,-0.5922191409299037,4.9562046749405165e-6
116,-0.04123337334278183,4.728488141483e-6
117,-0.5746894264240474,2.641159827964752e-6
118,-0.57415722836244,1.3439780249404502e-6
119,-0.06420501911462438,1.4074751990171384e-6
120,-0.5527704133642446,7.162053181732143e-7
121,-0.07800006393433274,7.500442634386428e-7
122,-0.5378920977366604,3.816656518521594e-7
123,-0.0935048643979539,3.996987952750521e-7
124,-0.5376909462790292,2.0338960387697843e-7
125,-0.09575914411409951,2.1299953795038357e-7
126,-0.06833633556563226,2.032142773643305e-7
127,-0.08302491082316106,1.8369881406897828e-7
128,-0.5338914693737624,1.0829288906504469e-7
129,-0.49331441148384414,6.04881144128201e-8
130,-0.36249148710562407,3.0779791827430756e-8
131,-0.18844443849856288,1.517898643547431e-8
132,-0.44321621191230687,1.640255160303561e-8
133,-0.18078872494157597,8.088881610161901e-9
134,-0.450897127975038,8.740919914757095e-9
135,-0.28288652623446753,9.153923080031082e-9
136,-0.13426916937825387,8.733391221171605e-9
137,-0.08255270450543864,7.894690666331588e-9
138,-0.552048222939395,4.654024186200254e-9
139,-0.4697778659473381,2.5995531410689127e-9
140,-0.24921643827828907,1.322800351747332e-9
141,-0.08881797999866582,6.523353917309521e-10
142,-0.059858468086755524,4.618067461813855e-10
143,-0.5675894001087232,3.476295303290814e-10
144,-0.53253897639677,3.7565203262511474e-10
145,-0.08724882877757166,1.8525177689827934e-10
146,-0.04309336513282344,1.3114499299226918e-10
147,-0.0697448379820767,1.3965291089235367e-10
148,-0.10305599163090333,1.4663566411419482e-10
149,-0.13675462589586063,1.4134588147481333e-10
150,-0.16296760117187395,1.2864818026379046e-10
151,-0.17653894083069482,1.1270141723151503e-10
152,-0.44499817270761177,6.85566152769468e-11
153,-0.4383275755057397,4.013974409745081e-11
154,-0.4085739496198997,2.2190994823894885e-11
155,-0.34160456360580554,1.1262449994997466e-11
156,-0.28921063984958156,1.1825581141391214e-11
157,-0.22350662944181796,1.1398981264463344e-11
158,-0.18065806805138135,1.0374962327854353e-11
159,-0.43651027590308755,6.074517115954248e-12
160,-0.35084811286495016,3.358257032483923e-12
161,-0.2798319908051832,3.2371101710693696e-12
162,-0.1930743977306362,2.946306805428387e-12
163,-0.417308031112997,1.7250560101818139e-12
164,-0.2855447117277832,9.536859255275254e-13
165,-0.3426089135234572,9.192823478243924e-13
166,-0.27437398827187076,5.082192297148138e-13
167,-0.15195179164466568,2.579331710002461e-13
168,-0.4803777909815223,2.7083002751497806e-13
169,-0.3683557530789825,2.610600166053522e-13
170,-0.20987043116550252,2.376078857031132e-13
171,-0.4067553349428772,1.3911888284901273e-13
172,-0.21998913749316515,1.2662124229115903e-13
173,-0.39721111034699547,7.413645267026156e-14
174,-0.2291839567548962,6.747646001695016e-14
175,-0.09313660654769712,5.911232210712231e-14
176,-0.5253250750985459,3.5958205543037604e-14
177,-0.3484242863002898,2.1053448498165548e-14
178,-0.12769071919595373,1.1639261217122873e-14
179,-0.4925264374881404,1.1219382704672015e-14
180,-0.12905636020129369,6.202562302604956e-15
181,-0.5023415728775422,5.97880904331969e-15
182,-0.1170176572117989,3.3053454510582218e-15
183,-0.5007972789884659,3.18610733918503e-15
184,-0.22016827514539464,2.899885774658042e-15
185,-0.39082511944458126,1.697876601051706e-15
186,-0.23553384667332677,1.5453491293152659e-15
187,-0.033594883912831386,1.3537932410366161e-15
188,-0.5612922022866232,8.235165510121062e-16
189,-0.33059029058108125,4.821670890492753e-16
190,-0.29299318872501806,4.3885197003435106e-16
191,-0.05266117780596746,3.8445346723128793e-16
192,-0.011298157828315104,3.2780107645271785e-16
193,-0.607341427230116,2.0487525268755344e-16
194,-0.011646974647684365,1.7468519364165317e-16
195,-0.6212032163290258,1.0917802215719727e-16
196,-0.005424126037050652,9.308973969163697e-17
197,-0.593879192575514,5.818096800757043e-17
198,-0.03316426546080656,4.9607522281673324e-17
199,-0.5779276464635107,3.10046378512343e-17
200,-0.0460875277508438,2.6435848623903712e-17
201,-0.5639344620887753,1.6522371510922748e-17
202,-0.05939062800527739,1.4087663731678286e-17
203,0.02502376449674768,1.1772317915350611e-17
204,-0.01589130075357212,9.685549422015252e-18
205,-0.0592317194556294,7.87041639386255e-18
206,-0.5679233669393499,5.161429286991927e-18
207,-0.05473692183595372,4.194144896289353e-18
208,-0.08676656023394275,3.373807926549407e-18
209,-0.11347169507216463,2.6911883765159323e-18
210,-0.13681674314164655,2.1315062480024422e-18
211,-0.4991793486739959,1.4341342858453403e-18
212,-0.5176751647086743,9.581021058586037e-19
213,-0.10720492031114699,7.64250160926982e-19
214,-0.11076716689510963,6.053102812377912e-19
215,-0.5205927692735075,4.072689107579886e-19
216,-0.10368222916139666,3.22569848871619e-19
217,-0.10727248669845915,2.539419524245094e-19
218,-0.5261192316202662,1.7189747246368572e-19
219,-0.09634029225934544,1.3532566644702106e-19
220,-0.10468935669234322,1.0597862134655452e-19
221,-0.5300111604826943,7.211504764961752e-20
222,-0.5299067857331168,4.881585850314612e-20
223,-0.09302332856838783,3.843010889248118e-20
224,-0.07499036209453167,3.0096064298472e-20
225,-0.09043941139024317,2.3462084565615257e-20
226,-0.11217896340437111,1.8217202477478516e-20
227,-0.5153653741272068,1.2502944865016372e-20
228,-0.5227192883888684,8.546752870995033e-21
229,-0.4580143293891303,5.815790795445655e-21
230,-0.2933344536613798,3.9368041734335665e-21
231,-0.13448854785190537,2.648786906944893e-21
232,-0.09189662706084718,1.769575093882303e-21
233,-0.11649880177480264,1.1722973768746536e-21
234,-0.5139261139101279,9.430065675298798e-22
235,-0.1301889072480055,6.247172721365028e-22
236,-0.4947121756069501,5.025281998366727e-22
237,-0.14877943096097407,3.329118343215424e-22
238,-0.1708925256723618,2.183240130717056e-22
239,-0.449728807067733,1.774087165099499e-22
240,-0.18169320203015615,1.1634486656591194e-22
241,-0.432186287640136,9.454110502815231e-23
242,-0.2037183422767548,6.200017939297446e-23
243,-0.42101935799490375,5.038095486950237e-23
244,-0.2147312826498523,3.3039895598516096e-23
245,-0.39699467817296086,2.684801084995781e-23
246,-0.34833932218125935,2.1596781717725155e-23
247,-0.29418552938972553,1.4307304981942513e-23
248,-0.2427643100167414,9.382749178214993e-24
249,-0.1953720288116917,6.0773401893617e-24
250,-0.1824757095813556,3.875576040757088e-24
251,-0.1645505415170359,2.4222300587059437e-24
252,-0.16154908907192098,1.4734499207397294e-24
253,-0.46777752689030355,1.290806398284397e-24
254,-0.4522695261949274,1.1005954241924559e-24
255,-0.3988099622232036,9.197095754520972e-25
256,-0.23120244339519141,5.865073015521597e-25
257,-0.3901638428972871,4.901132327584226e-25
258,-0.26767978778450024,4.032354522192657e-25
259,-0.3607799551910989,2.6118134173696338e-25
260,-0.25902214187678774,2.148841724876466e-25
261,-0.15999196501313323,1.7461352373921111e-25
262,-0.13235732705565548,1.4046069104462118e-25
263,-0.5021187716687915,9.305154680062554e-26
264,-0.1257037122304913,7.485150225767862e-26
265,-0.5033699491802961,4.958716929005335e-26
266,-0.4881270134062944,3.251932998517003e-26
267,-0.13704938909583372,2.6425002514669437e-26
268,-0.5010222557022119,1.7329550949097106e-26
269,-0.1260330116560858,1.408188384006734e-26
270,-0.5068406718701903,9.234917700773848e-27
271,-0.43971042870203336,5.981587637306726e-27
272,-0.30103122213179034,3.8145137528115836e-27
273,-0.17134216036163258,2.384066206994736e-27
274,-0.1151034501663949,1.4502347335295426e-27
275,-0.10870808147664153,8.491091758200958e-28
276,-0.11956577593256994,4.694244508251672e-28
277,-0.5060576197818839,4.524902797945291e-28
278,-0.49187298401200347,4.118411546934274e-28
279,-0.14617398979602214,2.4113207010250464e-28
280,-0.4814000547421917,2.194701513361274e-28
281,-0.3881946864273878,1.9226542523745473e-28
282,-0.23639031671479643,1.1695564364702227e-28
283,-0.14232887051726092,6.847726639599819e-29
284,-0.4743498587573394,6.232566249949814e-29
285,-0.33285662883736866,5.459999881860721e-29
286,-0.2861319067644911,3.3213345545982575e-29
287,-0.33590845085462434,2.9096339370435774e-29
288,-0.30889275803032723,1.7699391841454112e-29
289,-0.3259233044393034,1.5505439250505226e-29
290,-0.317367353351544,9.432005912310894e-30
291,-0.31407282597726266,8.262848576594236e-30
292,-0.16315558343558922,7.045249656557026e-30
293,-0.10099401894787412,5.8873437306359775e-30
294,-0.5232099493830253,3.75441354197924e-30
295,-0.46473765093069375,2.3465036522463005e-30
296,-0.3050760618421766,1.4273853170928426e-30
297,-0.15138143699585455,8.357308938703064e-31
298,-0.09547490038100737,4.620283552038958e-31
299,-0.10115253730391509,2.344902195405345e-31
300,-0.11977735817147209,1.173470505968446e-31
301,-0.5097963137470387,1.2495983799315083e-31
302,-0.11543400352983402,6.25342432630585e-32
303,-0.5124193907127798,6.659109766655008e-32
304,-0.1155209441564018,3.3324498234883864e-32
305,-0.13543968043559187,2.508534085138836e-32
306,-0.1564615423326047,2.7107476087850075e-32
307,-0.17378891062490742,2.838828800266918e-32
308,-0.18629427476005497,2.7084128154719054e-32
309,-0.4405969172323294,1.5128118676622396e-32
310,-0.44309119265275454,7.698046388445033e-33
311,-0.42812114261415024,3.796270648940702e-33
312,-0.38432378800542233,2.6874877908828586e-33
313,-0.3161550758389372,2.8618362136007793e-33
314,-0.24848820645012737,3.004930220732196e-33
315,-0.38005935251588574,1.5250725182278553e-33
316,-0.31606501029295714,7.631992597004901e-34
317,-0.31525391500788474,8.12711144963624e-34
318,-0.31519400562304983,4.0670888549439115e-34
319,-0.2584692585327959,3.0615407763995185e-34
320,-0.3655924094181967,2.1673516507996093e-34
321,-0.30054898155412946,2.307956695806293e-34
322,-0.32866697995533306,1.1549816947111124e-34
323,-0.2626721700605761,8.694237279952064e-35
324,-0.21235861569858172,9.395081795563941e-35
325,-0.41663878888174216,4.6331590464864567e-35
326,-0.36184636963982175,3.2799448516994585e-35
327,-0.29017981210351085,3.492728408683622e-35
328,-0.3380102131607132,1.7478826114706413e-35
329,-0.2610585382126683,1.3157356719345252e-35
330,-0.36758269274696415,9.314466436527048e-36
331,-0.28755899803467644,9.9187343097344e-36
332,-0.2143738903736273,1.0414678637822265e-35
333,-0.171794834018557,1.0038976117486995e-35
334,-0.1589680416042747,9.137132223134157e-36
335,-0.4774187692961096,5.34977037300882e-36
336,-0.14667227209300782,4.869177761708194e-36
337,-0.4863216619042865,2.8508926317764e-36
338,-0.466771419705371,1.5760973337034087e-36
339,-0.3875970899045606,7.999063382901372e-37
340,-0.2639508041499082,4.0030091547525465e-37
341,-0.36658003281764884,4.2627008767481435e-37
342,-0.24975974743585333,4.475839192196684e-37
343,-0.37857830544719434,2.2715932972190853e-37
344,-0.2527762566652805,1.1367841870186913e-37
345,-0.16438204121345285,8.55725376713437e-38
346,-0.46722044628422404,6.057922932622606e-38
347,-0.3832731869359589,6.450925390841221e-38
348,-0.25814846136257424,6.773476611450674e-38
349,-0.37186620264044995,3.437698140779288e-38
350,-0.2398911959501625,1.7203435540004341e-38
351,-0.15197162278497475,1.2950053780079107e-38
352,-0.47741364036118494,9.167710799268315e-39
353,-0.1521637600352553,6.90108365940415e-39
354,-0.12518073716136682,7.457381639173438e-39
355,-0.5104620380775724,3.6775874820964745e-39
356,-0.501537400823306,2.603468606959241e-39
357,-0.42998975288545893,2.7723663585169744e-39
358,-0.19670231175377406,1.38738842064858e-39
359,-0.12184438557384372,1.0443701561515884e-39
360,-0.11127822487285063,1.1285570805061066e-39
361,-0.1309357673081708,1.1818807226844191e-39
362,-0.15238295070677807,1.127585043302614e-39
363,-0.47841541459138004,6.298242371185271e-40
364,-0.4959999691363465,3.204903595446882e-40
365,-0.13378356615770884,3.3563333596046307e-40
366,-0.14983553356474433,3.2021431807703054e-40
367,-0.4744713589550103,1.7885900473333077e-40
368,-0.4744472871270281,9.101362468526702e-41
369,-0.1597367949630335,9.531396362239194e-41
370,-0.4560552274990801,4.850116059477879e-41
371,-0.17578266619190347,5.079281121437267e-41
372,-0.16861697759643832,4.845938607284716e-41
373,-0.45912661501493807,2.706748909613919e-41
374,-0.1704537515366851,2.5824006838220257e-41
375,-0.4549731658102988,1.4424264939332575e-41
376,-0.17845511200107136,1.376161324408757e-41
377,-0.4429376219549379,7.686690786170328e-42
378,-0.3950235553948702,3.911425043023488e-42
379,-0.24096044914251932,4.096237519950167e-42
380,-0.37975756621011136,2.0843984054272164e-42
381,-0.2988729424461554,1.0279154070959707e-42
382,-0.23122746075981904,7.27690505259852e-43
383,-0.20017911977007838,7.748987910981243e-43
384,-0.19632299605710435,8.13644325385709e-43
385,-0.20373096112005704,7.842926541211e-43
386,-0.21332868299187452,7.138363114396163e-43
387,-0.2238006226933378,6.2535174434119826e-43
388,-0.2323021215749205,5.332010046180859e-43
389,-0.3882512608698276,3.3324994455942455e-43
390,-0.3723539183342628,2.027169560681328e-43
391,-0.2552867845080643,1.775888954557173e-43
392,-0.23311602683591956,1.5141970630586508e-43
393,-0.3827281777438766,9.46371223883517e-44
394,-0.2426406585986624,8.069156149039551e-44
395,-0.3716129538757021,5.043212252075263e-44
396,-0.2762262629344916,3.067801370223206e-44
397,-0.3501920205747717,2.687527809130907e-44
398,-0.23988734820429058,2.29149840987057e-44
399,-0.15856679442959148,1.9148844192565784e-44
400,-0.4682969335954219,1.2211395026200266e-44
401,-0.3566053999391275,7.632106241790151e-45
402,-0.2085132832362908,4.6426334677106295e-45
403,-0.40296707730774173,4.0671494162499714e-45
404,-0.23848102668414017,3.467821389002365e-45
405,-0.12108387267275203,2.8978755202105523e-45
406,-0.5121934362602695,1.8480020181993603e-45
407,-0.1161721121635872,1.544277864720203e-45
408,-0.08400140241391561,1.2705381971181883e-45
409,-0.548404075445476,8.229456741093965e-46
410,-0.4983288014674653,5.248000668131182e-46
411,-0.12690130508921554,4.385477497328974e-46
412,-0.49732678815876175,2.7966595560471064e-46
413,-0.28341326220188945,1.7479086384539623e-46
414,-0.09152059610469927,1.0632581473975246e-46
415,-0.05653552246041862,6.22535254705595e-47
416,-0.5485186682310061,5.666102667481411e-47
417,-0.08506550997235557,3.3174903723261167e-47
418,-0.5425212874590352,3.019466111500844e-47
419,-0.09344050140103005,1.7678906194125877e-47
420,-0.09370683066947685,9.773667589155239e-48
421,-0.5245361328129292,9.421089110849676e-48
422,-0.48144176839009534,8.574752632573384e-48
423,-0.1487337760815581,5.0204983871717935e-48
424,-0.46946968946677975,4.5694856778983564e-48
425,-0.3275481960091762,4.003068761874799e-48
426,-0.3106396550710913,2.435078917752034e-48
427,-0.17937008770926222,1.4257332313901586e-48
428,-0.4399096534362017,1.2976535552700588e-48
429,-0.30480474303004523,1.1368011143929218e-48
430,-0.18741191282037328,9.692840896827295e-49
431,-0.4360228378758507,6.0580131385998804e-49
432,-0.31853864229627205,3.685107839706595e-49
433,-0.30871975302374227,3.228315201559876e-49
434,-0.18583634117262,2.7525963176275767e-49
435,-0.12840299813209333,2.300199632879426e-49
436,-0.11848859418511606,1.8924647962237356e-49
437,-0.13363126088077068,1.537804961601029e-49
438,-0.49529652262492924,1.0084944899076291e-49
439,-0.49910594811047515,6.53216235226215e-50
440,-0.45943957511039457,4.1656203401411967e-50
441,-0.34513781275659566,2.603507374113036e-50
442,-0.2836897018845485,2.219859079261244e-50
443,-0.35083454376459683,1.3874090796648372e-50
444,-0.2872673748902625,1.1829629033383171e-50
445,-0.18084358377963697,9.885397355737263e-51
446,-0.13577258128940578,8.133105590055807e-51
447,-0.1261193760581635,6.608910324022867e-51
448,-0.13043745237729523,5.3162669837108787e-51
449,-0.13840475404772357,4.240631424341582e-51
450,-0.49702939202657814,2.8330386756195266e-51
451,-0.12563621199938188,2.2598324860316287e-51
452,-0.13530082658030446,1.789858749929389e-51
453,-0.14652843451539976,1.4090598582326183e-51
454,-0.4929222944496356,9.538157278373711e-52
455,-0.12882787732274126,7.508879984521626e-52
456,-0.5098179857061462,5.082884013645351e-52
457,-0.11236074383766767,4.001482143751575e-52
458,-0.5252410860161638,2.7086688908716077e-52
459,-0.5602566798512956,1.822464714350297e-52
460,-0.06503335933785126,1.44344965194548e-52
461,-0.0840579158100111,1.1363505427545385e-52
462,-0.10788151236784328,8.899188679383437e-53
463,-0.13054510998167498,6.937568822633759e-53
464,-0.14775152332717134,5.386695099061298e-53
465,-0.4891028525064949,3.69703042558153e-53
466,-0.13396154453978495,2.870569818289766e-53
467,-0.150591779613957,2.2209579405898676e-53
468,-0.48739849007583874,1.5297266561666166e-53
469,-0.13257004805288272,1.1835484865403403e-53
470,-0.14486351851025941,9.128142139425188e-54
471,-0.48638098243003597,6.307129884773473e-54
472,-0.49822336044021204,4.3441546245943697e-54
473,-0.1193021373053168,3.361069515595784e-54
474,-0.1204770162214136,2.5922318035765213e-54
475,-0.5171801941497931,1.791113944860993e-54
476,-0.11301947003247607,1.381400328125928e-54
477,-0.5193975733255234,9.54484621216423e-55
478,-0.5372684444075521,6.5741927899277e-55
479,-0.09199480204758716,5.086448546462319e-55
480,-0.10342359492168912,3.922933943559917e-55
481,-0.5291017433264733,2.7105684304097693e-55
482,-0.5444481971613988,1.8669551122882922e-55
483,-0.4996233185952686,1.2813403629486271e-55
484,-0.1281954818133659,9.949003793384305e-56
485,-0.5001533794967075,6.8282627941532325e-56
486,-0.1293044986213251,5.301824121494497e-56
487,-0.4969201717621011,3.638781243004258e-56
488,-0.3052317476538476,2.487395119416037e-56
489,-0.1222264710794371,1.6925924802657888e-56
490,-0.06841241130982767,1.1457436098717202e-56
491,-0.09638500850642003,7.708868764729792e-57
492,-0.5286926109525851,6.105667697006399e-57
493,-0.5377209868866071,4.806664916937562e-57
494,-0.10025090296154981,3.25371031573471e-57
495,-0.521026364160032,2.5614717342360264e-57
496,-0.4603132706109681,2.0059848965811462e-57
497,-0.1730087223879855,1.3650082871743785e-57
498,-0.11412695791591973,9.239964969042038e-58
499,-0.12131038232749093,6.216895012403398e-58
500,-0.13626092768340625,4.153321109518397e-58
501,-0.1515527614935565,2.751466981446101e-58
502,-0.16860656365408203,1.804415617870192e-58
503,-0.45695618111445097,1.4662567544126275e-58
504,-0.45676089506759965,1.1794701381849081e-58
505,-0.43225375512272124,9.40828996622011e-59
506,-0.37492049163710733,7.451662998031726e-59
507,-0.25998582542097326,5.013677722998697e-59
508,-0.3606980558717033,3.9709912116511072e-59
509,-0.2732285909232315,3.126148537672497e-59
510,-0.3607959406117871,2.116141216688875e-59
511,-0.26296996615784357,1.6659245557256735e-59
512,-0.1913233821970513,1.3046482039849928e-59
513,-0.4396819805860134,8.877711957462113e-60
514,-0.18802986944133057,6.952470279036024e-60
515,-0.16252582710144187,5.419959367742039e-60
516,-0.46573587797611626,3.704971411698299e-60
517,-0.44364239016650275,2.521114036965909e-60
518,-0.18315539102075368,1.9743792652940237e-60
519,-0.4459802826602952,1.3435016702991328e-60
520,-0.18252258932197676,1.052146710475185e-60
521,-0.1638955653100034,8.202253574350587e-61
522,-0.17169262623074344,6.368663181555121e-61
523,-0.1866520867996462,4.9274304264942894e-61
524,-0.4396285974548715,3.393860609450725e-61
525,-0.44458292736688415,2.329295737475194e-61
526,-0.438265674635467,1.5922580837227853e-61
527,-0.4113701348572938,1.0834804804892895e-61
528,-0.22062242093486018,8.485143328158727e-62
529,-0.19633348864796654,6.614790171309328e-62
530,-0.4298425022858759,4.521732879575786e-62
531,-0.395629639367001,3.0768939803730644e-62
532,-0.3384698679250029,2.0827999990355717e-62
533,-0.28821258536116023,1.6396768021408064e-62
534,-0.34256393100588733,1.1099241194860558e-62
535,-0.28421537195348856,8.737837678608355e-63
536,-0.23005574724323385,6.842929468161333e-63
537,-0.201182420419304,5.334564289414187e-63
538,-0.424598192574104,3.646597113583173e-63
539,-0.2045726270542573,2.8427893098288195e-63
540,-0.41865265592330386,1.9432716018284733e-63
541,-0.36790313325293916,1.322333904531067e-63
542,-0.2628950112135837,1.0355694366143938e-63
543,-0.22214873247228836,8.073021593274243e-64
544,-0.3978368027091891,5.518549527718102e-64
545,-0.343032306189619,3.7551956903344234e-64
546,-0.27826732506565993,2.541953551242805e-64
547,-0.23128454861160122,1.7102941848188516e-64
548,-0.21094455759238562,1.1425962521681038e-64
549,-0.4118687901528045,9.114157710899662e-65
550,-0.3873566965900116,7.2187009558999e-65
551,-0.35323031841473357,5.68289634360547e-65
552,-0.31233353001530545,4.450489959245577e-65
553,-0.31780874987988483,3.0284154615073556e-65
554,-0.3118898920107298,2.3716660992819684e-65
555,-0.31763500527558153,1.6138425994372694e-65
556,-0.28101556334198113,1.0924365239727763e-65
557,-0.25202693666764064,7.350204465069286e-66
558,-0.37224672847904405,5.821594236250924e-66
559,-0.33075090934864554,4.5830291074886055e-66
560,-0.29894779220461043,3.1023275684981157e-66
561,-0.2568310585384679,2.0873287779831364e-66
562,-0.36732395768841586,1.6532303612526464e-66
563,-0.2636636430935057,1.1123375057872134e-66
564,-0.2231409179781523,7.431193279728662e-67
565,-0.40101485287418603,5.9276465683400593e-67
566,-0.33976172686255124,4.694883422736972e-67
567,-0.29009764995269943,3.1588428562684176e-67
568,-0.33922936648727997,2.5019033759765315e-67
569,-0.29160910541468155,1.6833473581054397e-67
570,-0.3276565971366048,1.3332643090578938e-67
571,-0.2975364473227057,8.970558071343887e-68
572,-0.32081850786566957,7.104965502969515e-68
573,-0.3021273731665149,4.7804103962191564e-68
574,-0.1923505928706684,3.193648818448138e-68
575,-0.43550635996326076,2.5474807001451887e-68
576,-0.19444405533267484,1.701895455351013e-68
577,-0.13645479997668442,1.1274613803733751e-68
578,-0.4892613463449226,9.069400881565547e-69
579,-0.41960502207037703,7.234397086557178e-69
580,-0.20699615170637012,4.83308372978628e-69
581,-0.1320181586249145,3.201791999803577e-69
582,-0.11587320007846631,2.0997393494364146e-69
583,-0.5145877775526765,1.706234956695326e-69
584,-0.11426865394613035,1.1189510993146654e-69
585,-0.1317634181592916,7.247605532911807e-70
586,-0.4771199540548473,5.96289040824785e-70
587,-0.15786073896354672,3.862248988488701e-70
588,-0.1640367657489945,2.4629918972492543e-70
589,-0.17208697362894754,1.539366779319052e-70
590,-0.19050611437830217,9.36401499446666e-71
591,-0.2159902990078236,5.482609725508022e-71
592,-0.21897661608448396,3.0310249056013246e-71
593,-0.20475621621131365,1.538316182420506e-71
594,-0.2060457467073725,7.69826849265413e-72
595,-0.4208939123401177,8.197686936118874e-72
596,-0.41188420380284213,8.607577574626867e-72
597,-0.21925419560437742,4.368547368257749e-72
598,-0.18153635371056645,2.1861728393709865e-72
599,-0.44548544331294043,2.3279988925445536e-72
600,-0.19233534831635593,1.165011506100799e-72
601,-0.1621415190457282,8.769737662767084e-73
602,-0.1411494761365088,9.476668282026558e-73
603,-0.4915657312192068,4.6733932004885795e-73
604,-0.46284472450917236,3.308427751802345e-73
605,-0.15789259208192122,2.4904512365403633e-73
606,-0.11297414130939086,2.691207097500462e-73
607,-0.5173533459415963,1.3271614639523593e-73
608,-0.11767935192110025,1.434144262257996e-73
609,-0.5123961828156872,7.072443441402123e-74
610,-0.1007755772991835,7.642554773572857e-74
611,-0.521248765256736,3.768905109923192e-74
612,-0.09106039566386549,4.072717438836977e-74
613,-0.5267081165824622,2.0084495330780683e-74
614,-0.39492860618922926,1.4218384561853832e-74
615,-0.2323102357543301,1.0703027561773025e-74
616,-0.08598479730865728,1.1565801135299527e-74
617,-0.5407360946871528,5.703643387668846e-75
618,-0.07220746347175092,6.163415425001117e-75
619,-0.5387590603125815,3.039471561288728e-75
620,-0.3438006702408571,2.151728226747611e-75
621,-0.1034717043911011,2.2913197157671065e-75
622,-0.04031963503523631,2.405887460137005e-75
623,-0.061332790475232095,2.319096689739742e-75
624,-0.10529587657002622,2.1107623769991706e-75
625,-0.14515498046153066,1.8491199077337243e-75
626,-0.48735470407272363,1.1248252707028583e-75
627,-0.15090203333930088,9.853959988313012e-76
628,-0.4688479449084449,5.994193867575532e-76
629,-0.4498066885085967,3.5095870323114507e-76
630,-0.1792735741920682,3.1943059120310004e-76
631,-0.16003271795410035,2.798351305524702e-76
632,-0.16157647254502147,2.3859911495921356e-76
633,-0.15181460571859962,1.993847020428931e-76
634,-0.4684717603630798,1.2714946836176486e-76
635,-0.15692384779846788,1.0625210771865773e-76
636,-0.1360766919337698,8.741779213764103e-77
637,-0.13362801049716674,7.103514673018986e-77
638,-0.1372346234743256,5.714131176391784e-77
639,-0.15035228014857716,4.5579961096127574e-77
640,-0.48601461257835915,3.0450605038991812e-77
641,-0.4986371184703705,2.0172732163142925e-77
642,-0.13101409275829984,1.6227127425278736e-77
643,-0.5003049975877506,1.0750048969738864e-77
644,-0.4660702595948554,7.049896068049969e-78
645,-0.3388534328801774,4.566318025921482e-78
646,-0.28973328035703255,3.756889614663828e-78
647,-0.334057005982707,2.4333908760135573e-78
648,-0.29409686996237455,2.0020464756543533e-78
649,-0.12074623901531009,1.6268503434042922e-78
650,-0.06848973682392115,1.3086530674567246e-78
651,-0.5579332229277127,8.669485480001475e-79
652,-0.47884181352157823,5.685459830883297e-79
653,-0.27049512162227207,3.682553254802235e-79
654,-0.10397991719582804,2.3483982660879415e-79
655,-0.07123446892958123,1.4677459067013728e-79
656,-0.09624213958191997,8.92834304537769e-80
657,-0.5313332974877818,7.821617936811617e-80
658,-0.5562192175353359,6.669037992434749e-80
659,-0.5479504373076697,5.5729634758353485e-80
660,-0.4262506652871739,4.585096457674248e-80
661,-0.20507643302550266,3.725820472909426e-80
662,-0.40018804784041645,2.4433979022946052e-80
663,-0.21726579001444973,1.9854897300134326e-80
664,-0.06310096920680423,1.5971458199091329e-80
665,-0.5464936686190246,1.0580674771241586e-80
666,-0.3440733875409039,6.938820248825667e-81
667,-0.30479037258416286,5.638441585594639e-81
668,-0.07827833188393668,4.535613190592215e-81
669,-0.03913957543218513,3.617926617232803e-81
670,-0.5923104646007626,2.417028269266592e-81
671,-0.5353619103324484,1.6012182301213876e-81
672,-0.08389794655936192,1.2880343646921664e-81
673,-0.03142634678335107,1.027427519964919e-81
674,-0.5964185440773275,6.863935129444557e-82
675,-0.5123061046023825,4.5471781192580613e-82
676,-0.11735523833324224,3.6577910304810035e-82
677,-0.5211448399784461,2.4231912197526204e-82
678,-0.12080450052480964,1.949236840143327e-82
679,-0.5054580185416012,1.2913186010061711e-82
680,-0.1107779860880371,1.0387483121123788e-82
681,-0.01698588387507105,8.28579292165416e-83
682,-0.03829836913415059,6.562609862719767e-83
683,-0.07692396938864764,5.166390992118627e-83
684,-0.11140275308576643,4.0459951837469255e-83
685,-0.5151435847548501,2.753169759700016e-83
686,-0.11420191969634076,2.1561108334187365e-83
687,-0.5133697085190801,1.4671641649441384e-83
688,-0.5431932665626781,9.931474860112566e-84
689,-0.5635545990224667,6.682161321012541e-84
690,-0.5170621310158653,4.464151576695131e-84
691,-0.3210769843344423,2.957384064356991e-84
692,-0.12962560030020379,1.9394563081260498e-84
693,-0.494240026321238,1.5759899678958406e-84
694,-0.1409623412810067,1.033536266600372e-84
695,-0.0789187044827089,6.69436150414951e-85
696,-0.09918748934630066,4.269056239284402e-85
697,-0.13617663011027845,2.6681546785186545e-85
698,-0.48652807257278263,2.2749800699146584e-85
699,-0.1469096165537797,1.4218596281825917e-85
700,-0.476172563915363,1.2123368792575214e-85
701,-0.4903272192251713,1.0130860187293319e-85
702,-0.48835122872487025,8.335057525384015e-86
703,-0.14432179951931012,5.3987353938086106e-86
704,-0.47749303965574597,4.44175215527714e-86
705,-0.4419177100276716,3.6093397965537175e-86
706,-0.18833482862110731,2.3670097235471876e-86
707,-0.43787324002157463,1.9234171775834757e-86
708,-0.19383415920296984,1.2613794816782961e-86
709,-0.43200561480217653,1.0249890139342342e-86
710,-0.19531359936697545,6.721891257863642e-87
711,-0.1617851634348052,4.35386464180272e-87
712,-0.16192717251667058,2.7764997457287808e-87
713,-0.4419588635053453,2.3201744676166692e-87
714,-0.38548616826479226,1.9088988791660482e-87
715,-0.2422655893308226,1.2364209737929228e-87
716,-0.3809836571845309,1.0172522127075873e-87
717,-0.2873088796886818,8.266127343678257e-88
718,-0.20648279970160996,6.649347279022689e-88
719,-0.41551301066340746,4.405019261446144e-88
720,-0.21352613165599452,3.543437164991192e-88
721,-0.15313277494061497,2.82649668236803e-88
722,-0.1265733045760578,2.2386747025956342e-88
723,-0.5002755645066599,1.506240082033923e-88
724,-0.44420917909451296,1.0062738257977657e-88
725,-0.30115188636486956,6.666301817190942e-89
726,-0.33512110462039135,5.362433217676294e-89
727,-0.2797843153519594,3.5524722383810535e-89
728,-0.3526676768942038,2.857640661699697e-89
729,-0.15717684677635635,2.2794567742008364e-89
730,-0.4641167887705579,1.5228367086197685e-89
731,-0.161786243921575,1.2147225149716257e-89
732,-0.46901552630990834,8.115196820234746e-90
733,-0.1555714517312938,6.473256282283794e-90
734,-0.021144705519309637,5.127023559930748e-90
735,-0.5888686214029325,3.449598272829033e-90
736,-0.03400507727774112,2.7321908550870957e-90
737,-0.5930644088154863,1.838290919590591e-90
738,-0.0246189231225063,1.4559845066759134e-90
739,-0.60015555395507,9.796252310498261e-91
740,-0.32759763549856535,6.544582373385065e-91
741,-0.29713112176874285,5.220422856264522e-91
742,-0.3195861593847799,3.4876079467769005e-91
743,-0.3059226119110799,2.781963340103364e-91
744,0.004946340656332441,2.2034028880657065e-91
745,0.02319687531850387,1.734620992416128e-91
746,-0.634289493291802,1.1741933990502146e-91
747,-0.5523305603234913,7.900286538542034e-92
748,-0.19972181676503026,5.277944502248502e-92
749,0.01849724567000067,3.496500666553484e-92
750,0.00035650639582640375,2.293009675626462e-92
751,-0.620376766341972,1.8632852052063516e-92
752,-0.008400962110075924,1.2219448561413414e-92
753,-0.6305844129792951,9.92944685854465e-93
754,-0.6783484132520401,7.987336476440583e-93
755,-0.5058350400818501,6.371265807862177e-93
756,-0.11772011699075668,4.256451608295187e-93
757,-0.5120017242670623,3.3952475490097525e-93
758,-0.10767240954940133,2.268263062060504e-93
759,-0.5222453187747897,1.8093274188672973e-93
760,-0.05925952223912104,1.4330444987246118e-93
761,-0.5642766057099872,9.641905815143825e-94
762,-0.0934981018198931,6.441468108779218e-94
763,0.06118189569237154,4.26730472939503e-94
764,-0.6872208935941048,3.432658355168444e-94
765,-0.529307409682895,2.738131650377558e-94
766,-0.07597900244751919,2.16868680452197e-94
767,0.05560664318091973,1.7072908806078874e-94
768,-0.6680331659308778,1.1556931981297574e-94
769,-0.5010705729998818,7.77581224971496e-95
770,-0.07690497430497042,5.1947869629388766e-95
771,0.037609642737462964,3.441410964207962e-95
772,-0.015314441593018254,2.2568817773211612e-95
773,-0.6162231715354018,1.8339279028264238e-95
774,-0.6819213618488748,1.4752281211719633e-95
775,-0.6150823947234505,1.1767465305791421e-95
776,-0.013085995285813772,7.86149065772539e-96
