t,lambda,delta_s
1,0.034380603744483186,1.1601546313457318
2,-0.0158920988003898,1.1455802798219765
3,0.45628836047062454,1.088483556279953
4,0.09349510328249484,1.2267966479256343
5,0.1488059537475824,1.2653706845802342
6,0.10446381375935787,1.0607145739073847
7,0.6948226571964446,1.0491527462176118
8,0.7613846864390943,1.03221217638612
9,0.6682075326951086,0.9711643824025077
10,0.6211696847348003,1.0635657877552298
11,0.029100399462903624,0.94699030905338
12,0.4599826882153035,0.9718835159374459
13,0.5442448531041822,0.9216285871845169
14,0.32132883088985964,0.954919023855556
15,0.6237473576339677,0.9458674004105695
16,0.4392238119821981,0.8259713547155615
17,0.608523635647373,0.7876693102055475
18,0.026717892381063337,0.7090184995482752
19,0.5679304676408696,0.8128520147804941
20,0.3113921508148572,0.9213870416064495
21,0.02724329679152305,0.8334220030767455
22,0.3353467929408514,0.8240098618853459
23,0.4664306680278774,0.85559321912225
24,0.5045364298699871,0.947469983475859
25,0.29754381540978586,0.7905215975821962
26,0.1058512408017574,0.7661960968893766
27,0.23369892234349263,0.6687206487332866
28,0.1759528962925274,0.5759762173300432
29,0.38240538020550113,0.6204246958125053
30,0.1595742190020576,0.5475000785628185
31,0.5169533081252367,0.6027683833304016
32,0.3884814509394652,0.7430196552051391
33,0.07620192800084812,0.4766171421037716
34,0.23722758570159744,0.5191435267087358
35,0.5226159917835969,0.6026558729388356
36,0.7484000587721317,0.727516895840603
37,0.25436540884030334,0.6530710161445746
38,0.18202898336603657,0.5415103377963537
39,0.5462477219720762,0.6495126842999583
40,0.20207734418596487,0.50529119869042
41,0.18046117917098645,0.4533630299002614
42,-0.17965964543569843,0.5052715325479502
43,0.5931908149640599,0.5250113107741677
44,0.09300993402558287,0.46641941912673535
45,0.07703612826167545,0.48735592117844057
46,0.29739601737575605,0.5483344342956056
47,0.17521597623132176,0.65054735257505
48,-0.026704825895919427,0.5553997478383759
49,-0.1421113488059823,0.5652801070512287
50,0.06043677217884916,0.4663749999523626
51,-0.39114077150244697,0.4504867460677368
52,0.08292564925146181,0.4736990382191291
53,-0.38536634267537184,0.4009632030974441
54,0.245958334085016,0.5310089751670644
55,0.5414954517410101,0.5952506598532856
56,0.18278960535375757,0.5010954668967151
57,0.22381199045660655,0.4682371464714675
58,0.6800983683108551,0.4384800994606832
59,0.5467222509992098,0.3249437229370474
60,0.45132136349864965,0.38246521791242605
61,0.3624380524774002,0.4464390867853334
62,0.5398147994952113,0.32144257825575306
63,0.2848172079406167,0.3651815160395955
64,-0.07278796389804401,0.429136336190848
65,0.020576570938920808,0.3423046398653218
66,0.016668120625863703,0.3132622767106086
67,-0.06125155861400081,0.27644014569084846
68,-0.2116057831024061,0.24843985902731633
69,0.009088639225552472,0.20107921564490366
70,0.26983773921852305,0.19904007038281488
71,-0.012295170933773773,0.1468977739713443
72,0.00547432228250439,0.14297345990393262
73,-0.21554241097912583,0.10464819596219667
74,0.015421222535587528,0.1232564590528578
75,0.14552156342531006,0.1342171943993447
76,0.2655774379953967,0.17741713643625653
77,-0.17412963318991506,0.11767806065325428
78,0.14617732932555746,0.12040677217032295
79,0.33419354739287077,0.1496594063367975
80,0.3778960872882818,0.19316624159417609
81,0.17438007584774182,0.1611099777219885
82,0.13434371207245835,0.20053631267543093
83,0.30599666752154375,0.27286086782317326
84,0.41695065750791077,0.27771441366593624
85,0.00773184016930564,0.25237610002424266
86,0.030875512696909937,0.2375907667034892
87,0.31455664890334534,0.24381672083138764
88,0.46074513708666104,0.28902240182751815
89,0.5650161371815116,0.2491538793702601
90,-0.12532982994116354,0.21038932275052438
91,0.02830965395697474,0.17488044916261763
92,0.28303062230526127,0.23940071686736228
93,0.37099620045129844,0.15101623512796808
94,-0.16234541778727277,0.1748249141887335
95,0.5558994295816263,0.22026517073800414
96,0.5468874094484647,0.2748300718660923
97,0.360126056477309,0.2585252286296895
98,0.5315788358993045,0.32015064161127704
99,0.6193280262526895,0.2579012826859605
100,0.6596750128488752,0.2666477657212107
101,0.7898845604106712,0.29017618030642334
102,0.788083436331897,0.3656029732709544
103,0.28471080054036346,0.40143723293459455
104,-0.03950966765094248,0.3137553534393294
105,0.08730299660908043,0.3298727037201085
106,0.5058286861272459,0.37959687691838245
107,0.6350341528773787,0.46240611910661295
108,0.48911780483428,0.40875284783377924
109,-0.03286883125225019,0.3526849160588985
110,0.12080883155138493,0.38372840830122407
111,0.33202646854044837,0.44098134354672835
112,0.6780185938187929,0.38324349147059045
113,0.5100809571013026,0.3496722772402401
114,-0.0032845731361288775,0.3152224723899294
115,0.4738325353024517,0.26690779064111814
116,0.3918480498380101,0.3021447794025917
117,0.3470035229761923,0.3626601317427764
118,0.33136148244895913,0.2992804803512148
119,0.15342555392728469,0.36501503712748956
120,0.5488686971792845,0.4778004669379023
121,0.2435269240595924,0.5539130270241904
122,0.2556675046556018,0.40670878772813995
123,0.4217309988660008,0.4545518956963712
124,0.11058105425055999,0.30346700923598496
125,0.292525776842352,0.350761844193027
126,0.11847845668435132,0.28112800659793863
127,0.5204317737525062,0.30158771294071157
128,0.3265753497755907,0.322058738028117
129,0.5143249605346549,0.40461265902245547
130,0.30376682830000956,0.4801763037178113
131,0.2380036758335685,0.36805127084339545
132,0.24941297368005902,0.3951496062687896
133,0.4968936150592988,0.38751086642720284
134,0.3618158813909133,0.418434049047758
135,0.4176118291164055,0.36628620599036044
136,0.5799428909331013,0.4277127051562499
137,0.7868600664808569,0.49931800523539144
138,0.9604879533334566,0.5250516915097019
139,0.3194164443992748,0.4092883110206561
140,0.06325133191553564,0.4230664362351184
141,-0.06427710273098339,0.3829129680249091
142,0.31482292157009123,0.42610493693505525
143,0.2475381158901638,0.3970132925082544
144,0.3207814962957619,0.37090009331569485
145,0.18752255711920518,0.3848523745872095
146,0.34517500776042265,0.4172013003932508
147,0.5071784923686381,0.4883158386948237
148,0.08281683458524805,0.36918714382545903
149,0.253455687177306,0.4000973187212682
150,0.13036429498065472,0.3466882307791603
151,0.4193476748636352,0.44064578640528146
152,0.5164089408317717,0.34030241042432907
153,0.572972058908605,0.3940727315788264
154,0.265258504179483,0.33185672490216384
155,0.3016783432792574,0.3940642553834794
156,0.17615908612398867,0.3305424457873179
157,0.48101340690317873,0.2953979038401416
158,0.047680756170691875,0.23776388941911453
159,0.1525809190486377,0.23209903978727456
160,0.30708981554794956,0.28630665618701423
161,0.3917893347944371,0.32101584385889054
162,0.20069473264310467,0.1918776995721815
163,0.4830182611743821,0.20301122140054384
164,0.010171886966344025,0.15640432264596738
165,-0.08610137486688303,0.12484772258750652
166,0.3218041097059587,0.15062886728425862
167,0.2270709236025204,0.16775412497048867
168,-0.415084035757949,0.094769145337941
169,-0.012708725192240311,0.09403400055690284
170,-0.320470620470645,0.05798967779626043
171,-0.21784191197355565,0.05382688253573126
172,0.11237570064848597,0.05735352115601148
173,-0.5283599115723524,0.030039710525005748
174,-0.05872096486541276,0.030771726593782706
175,-0.42352938495586934,0.01663090238722147
176,-0.17664582600891401,0.01643843602970374
177,0.09162367619507739,0.01756541321276426
178,-0.679942541071195,0.009076735982855499
179,-0.2924950822215663,0.005678480297906346
180,-0.30683234219631833,0.0048976414453180805
181,-0.29601754064436403,0.003056684236269173
182,0.07234948090132227,0.0029463889587978487
183,0.03985608306407933,0.003079549585880011
184,-0.6801145257257302,0.0015744224804142186
185,0.05115802377409238,0.0016402957236358849
186,-0.6782638891461199,0.0008400516104941927
187,0.050822940154179375,0.0008744620692198233
188,-0.6778602482901531,0.0004479954495744713
189,0.0509236375930331,0.00046593792126085936
190,-0.01691278884877897,0.00045593652977045027
191,-0.06623256313854452,0.0004203556250329934
192,-0.5665916106713317,0.00024298312055099334
193,-0.05577651449160441,0.00022398221196296615
194,-0.08310451179130823,0.0001979834667281273
195,-0.10094948536793706,0.00016992742703170457
196,-0.11692336656671813,0.00014272705051623444
197,-0.5196733677551516,9.055848940942485e-5
198,-0.09496471093558032,7.606082034896236e-5
199,-0.5449292369439368,4.825672686114333e-5
200,-0.0640303164351492,4.05337156652663e-5
201,-0.5649930575996612,2.5715473611814064e-5
202,-0.4425934781124204,1.5964546025465143e-5
203,-0.17082954790735816,9.622371782871232e-6
204,-0.46139935030435825,8.50751503737831e-6
205,-0.16816976418032512,5.127788403060045e-6
206,-0.4593515523832233,4.533655147882114e-6
207,-0.21701083503850052,3.891657920936899e-6
208,-0.0548775074236529,3.2689641936147668e-6
209,-0.03251092052404414,2.7003038753728736e-6
210,-0.6040807231909692,1.742032042281354e-6
211,-0.5779985094540416,1.105162292819117e-6
212,-0.3079165522584386,6.860951033489584e-7
213,-0.04335368596137231,4.1353177690082654e-7
214,-0.03535179318858363,2.3899652381565365e-7
215,-0.09193475192891366,1.3011452408199786e-7
216,-0.14486162897596822,6.636022374246565e-8
217,-0.18310579443952468,3.789214273639312e-8
218,-0.20933049683530466,3.253804956011371e-8
219,-0.3971710256733467,2.019272346527134e-8
220,-0.2495802343074366,1.7339526820323086e-8
221,-0.3604791848983324,1.0760702775725616e-8
222,-0.3209615014072989,1.0042574693578638e-8
223,-0.3283049121077452,5.734378657418956e-9
224,-0.3162535132425765,4.924121130755999e-9
225,-0.2922270827520881,3.0558504124781193e-9
226,-0.23295359131692636,2.8519146246900903e-9
227,-0.4133694927454435,1.628462693355658e-9
228,-0.19673383307626355,1.5197853029829263e-9
229,-0.4494119560354405,8.67807770041655e-10
230,-0.3986265482695525,7.451880733339167e-10
231,-0.2901658947981534,7.616860764909449e-10
232,-0.3312650961145799,3.9711072501750594e-10
233,-0.29213651752340836,4.059025100603273e-10
234,-0.3294361936244206,2.1162030557136868e-10
235,-0.2985913256468119,2.163054475957319e-10
236,-0.3203263380565294,1.127724608733914e-10
237,-0.306252381798206,1.1526917301938758e-10
238,-0.09231427562993084,1.1385381966637275e-10
239,-0.04952176632937754,1.0605363147546897e-10
240,-0.5565848888006302,6.06727005019095e-11
241,-0.45368912480461004,3.27344175550553e-11
242,-0.1749604891113687,3.233248209739189e-11
243,-0.06585657067316578,3.0117365854211e-11
244,-0.5541593377523909,1.722997971011102e-11
245,-0.0748903384743805,1.6049544263600642e-11
246,-0.5254523786554898,9.181856187557084e-12
247,-0.09991541693862503,8.552802138041995e-12
248,-0.0551074464240007,7.634736782732356e-12
249,-0.08218252298508925,6.604186868249825e-12
250,-0.5277647868198183,4.068551231535929e-12
251,-0.5176942664557047,2.4288453634765047e-12
252,-0.10755748691997578,2.1681309512829185e-12
253,-0.505616153826015,1.294331694199039e-12
254,-0.38434210538013386,7.404800585467159e-13
255,-0.1888498785280525,3.995072451577976e-13
256,-0.0962250212683304,2.0828608692270124e-13
257,-0.09665754144329985,1.2925984342372138e-13
258,-0.5260075441906823,1.1099565572110601e-13
259,-0.10649792572541075,6.888257056051061e-14
260,-0.12048757375670387,6.428561059362253e-14
261,-0.13104350938498388,6.717032268330922e-14
262,-0.4941072885382352,3.425780188534405e-14
263,-0.13441526927978462,3.579506495793444e-14
264,-0.13184544674732437,3.503762557011552e-14
265,-0.4960177345160412,1.9075190116083843e-14
266,-0.12919908010494432,1.867155066631427e-14
267,-0.12080102592379774,1.721644153725605e-14
268,-0.1118082804993106,1.5221750342402903e-14
269,-0.524417737828053,9.174641695203832e-15
270,-0.09406983056191762,8.11167075746647e-15
271,-0.10545691627630213,6.963024656775764e-15
272,-0.12623779864855708,5.848898298357137e-15
273,-0.14085960420275176,4.831441797738169e-15
274,-0.15253239684465178,3.938083171627458e-15
275,-0.47571620482035354,2.574675334014676e-15
276,-0.46986280682660553,1.6609842346123731e-15
277,-0.16217859287621353,1.372044485496421e-15
278,-0.1355011144851496,1.118346349859208e-15
279,-0.13086040553481731,9.01751416997727e-16
280,-0.13422694913667438,7.206514415246733e-16
281,-0.5024866349722917,4.805433301180888e-16
282,-0.4856561949414274,3.1759069164772146e-16
283,-0.1408435113511129,2.5608154061992963e-16
284,-0.48560592356009397,1.692440795790708e-16
285,-0.14205964958920422,1.3646585299636046e-16
286,-0.484404794553435,9.019017000768683e-17
287,-0.3530577908791124,5.896533820371764e-17
288,-0.20494757102279165,3.803994074555567e-17
289,-0.1187113177344256,2.4132894550171806e-17
290,-0.12014817317381252,1.498192150336978e-17
291,-0.4874365058960264,1.2860419505786555e-17
292,-0.3888069225706521,1.0802674049180092e-17
293,-0.2498178455904698,6.853317554633654e-18
294,-0.1505363156479323,4.254602174957774e-18
295,-0.11798702749857934,2.5643864623200924e-18
296,-0.49376057823970976,2.267277499034996e-18
297,-0.3763005170071954,1.946221635660171e-18
298,-0.18256343521576363,1.6348143190849282e-18
299,-0.08037028186615695,1.350427008619089e-18
300,-0.5084474902790669,8.711925506403579e-19
301,-0.3380704187735648,5.526927104889174e-19
302,-0.2975888029382478,4.642585102362466e-19
303,-0.09118609606047887,3.8349751643673966e-19
304,-0.050996206674165344,3.125868382699879e-19
305,-0.07251132985741954,2.5204680498155763e-19
306,-0.10543633741986026,2.0142789899503468e-19
307,-0.5032740242218207,1.343157423746721e-19
308,-0.13450934520235755,1.0734092737445401e-19
309,-0.4746574489754952,7.157685911146273e-20
310,-0.4044790791504941,4.73050873177134e-20
311,-0.3013179671666341,3.092754423467247e-20
312,-0.21987967361010868,1.995209365250987e-20
313,-0.4116053068628174,1.6481288322656965e-20
314,-0.2203890859271007,1.0632470707422509e-20
315,-0.18609343335697887,6.745338961128551e-21
316,-0.4366814690321128,5.666043639985454e-21
317,-0.3904723276967923,4.6803959777729816e-21
318,-0.32397282568539654,3.814966506530067e-21
319,-0.302422336593928,2.4941830165552225e-21
320,-0.32971678042862945,2.032995651329873e-21
321,-0.26889150807200446,1.639256666387583e-21
322,-0.22206397070876216,1.3100424988454656e-21
323,-0.3938532887664008,8.73559877517943e-22
324,-0.24553736542900384,6.981216476347484e-22
325,-0.3643281427721626,4.655200587293119e-22
326,-0.2655705473833235,3.0766182394290777e-22
327,-0.3516990470129773,2.4807563929685027e-22
328,-0.24396067853620373,1.9825426796848663e-22
329,-0.1621906915513782,1.572604032038482e-22
330,-0.1327054108852941,1.239552144269587e-22
331,-0.47787490105041314,8.380406886733072e-23
332,-0.43247260167089896,5.630072481047663e-23
333,-0.31704819781206905,3.754233493413788e-23
334,-0.3144824875950974,3.0002656251502994e-23
335,-0.3098825307030215,2.0006310286402077e-23
336,-0.3137159257062459,1.5988415516425953e-23
337,-0.2071946306457885,1.2682423921907561e-23
338,-0.42096156938417684,8.520226628703386e-24
339,-0.2088108364867808,6.758463707984541e-24
340,-0.14704095429799577,5.3271313124774085e-24
341,-0.15544067628801636,4.1761411668382515e-24
342,-0.16418223195278764,3.2584045068209407e-24
343,-0.46129847469616914,2.225465627808104e-24
344,-0.18301558141917035,1.7364037616848796e-24
345,-0.43433455878615096,1.1859506330589386e-24
346,-0.18963354356796333,9.253295646018722e-25
347,-0.42836350731994016,6.319930923571082e-25
348,-0.33988505001019254,4.296118807792366e-25
349,-0.23117512818223884,2.9045348200548416e-25
350,-0.18361175685793293,1.9513063961755049e-25
351,-0.45199020321402916,1.5478266056072257e-25
352,-0.1829956323033037,1.0398511785219268e-25
353,-0.4479329378104911,8.248367981280903e-26
354,-0.17983075930740977,5.541366930343349e-26
355,-0.17508097631197073,3.6950830383127393e-26
356,-0.18013682035151735,2.4420773409655376e-26
357,-0.18571198799802405,1.5966032253558853e-26
358,-0.43021827985433675,1.3013830150005348e-26
359,-0.3872519249598431,1.049338586370174e-26
360,-0.23691257252401357,6.935070086937848e-27
361,-0.37276284287721945,5.591925326766656e-27
362,-0.2448944571666946,4.468891283863515e-27
363,-0.1541559952142312,3.544839928925258e-27
364,-0.12932611556123264,2.794100641657413e-27
365,-0.5042891207460404,1.8890451981242704e-27
366,-0.47202878274695714,1.2690865168195552e-27
367,-0.3728267724150669,8.462496927920952e-28
368,-0.23335216458854424,5.592857259603787e-28
369,-0.14769356897956407,3.6565483778281776e-28
370,-0.12920207405680129,2.3589262414689565e-28
371,-0.14636834204471993,1.496524892554005e-28
372,-0.16584695150627668,9.290563310368994e-29
373,-0.1770948680262814,5.59972326453165e-29
374,-0.4337690666932114,4.950941188095637e-29
375,-0.39844269337321014,4.2498674561247765e-29
376,-0.24699039608410944,2.6383565591361647e-29
377,-0.3735582048570772,2.2647543673688925e-29
378,-0.2723435231610585,1.4059802103636624e-29
379,-0.21293905695386453,8.474297876704102e-30
380,-0.16623105240161667,4.8976352856641775e-30
381,-0.4488390769307466,4.515953338495615e-30
382,-0.1796530137356733,2.6099498437304403e-30
383,-0.1289097978959324,1.4209093411019289e-30
384,-0.10992737509049867,7.246835918000364e-31
385,-0.11548619950511523,4.137992707221473e-31
386,-0.12738940986611386,3.5533016421889954e-31
387,-0.1392616751579739,3.6319695237600064e-31
388,-0.15074285755444888,3.587373729142002e-31
389,-0.1571470546690904,3.341600769145902e-31
390,-0.16576061120525615,2.982910383404844e-31
391,-0.1662110766264274,2.580272004619566e-31
392,-0.16095858319496384,2.180463543350317e-31
393,-0.17128430423322194,1.8097724340832564e-31
394,-0.4563658899288468,1.1619690222513845e-31
395,-0.16816325327939008,9.644277301229674e-32
396,-0.1702696305592894,7.891591858286647e-32
397,-0.4383189603717329,5.139435373825293e-32
398,-0.4104100978584291,3.2997876328429173e-32
399,-0.20857556587588358,2.7388051107114986e-32
400,-0.1740889015122795,2.2410732746526203e-32
401,-0.42510533043311755,1.4595092434981573e-32
402,-0.3505369492005281,9.370816444629268e-33
403,-0.2639413351174535,7.77772475860168e-33
404,-0.18050820068277912,6.36425389522443e-33
405,-0.44132880789210477,4.1447495238588346e-33
406,-0.21035027081467525,3.391510900765099e-33
407,-0.41089242275798227,2.208737021264373e-33
408,-0.20207671368353175,1.807336159017721e-33
409,-0.4212093118614611,1.1770359586317842e-33
410,-0.2872961275833126,7.557189491058282e-34
411,-0.1833811676998793,4.765656026530428e-34
412,-0.1394217060242951,2.935912638854971e-34
413,-0.1363367586064262,1.7526823172848288e-34
414,-0.4780025986866788,1.5645478452458145e-34
415,-0.1470440069095481,9.34004406881085e-35
416,-0.16612551359967265,5.343387950632055e-35
417,-0.4724715306854842,4.9773094842693e-35
418,-0.16666686307018086,2.847491438891821e-35
419,-0.18013235616818052,1.536291824785502e-35
420,-0.18575839169654484,8.009572202622348e-36
421,-0.21035121784049107,4.9706442907420326e-36
422,-0.41184523766130055,4.268301026777451e-36
423,-0.21301408165565447,2.6488563425364293e-36
424,-0.22887107037782012,2.4720817758265034e-36
425,-0.3927335211592289,1.4115755449376632e-36
426,-0.24049658042340044,1.3173723783379442e-36
427,-0.39108491853948285,7.522286078972805e-37
428,-0.36332538664995423,6.459400334559095e-37
429,-0.3296401195068659,6.602407428160584e-37
430,-0.3147042585817915,3.442214438286542e-37
431,-0.2895573325443638,2.1361969294161475e-37
432,-0.33958077342689597,1.8343560741628988e-37
433,-0.2968581442233584,1.8749675732509447e-37
434,-0.33659930936354504,9.775283519214083e-38
435,-0.28714190095273523,9.991702197854281e-38
436,-0.243231255764688,9.869017275476828e-38
437,-0.21013904544442563,9.192885438879278e-38
438,-0.1886253636187638,8.206112975037713e-38
439,-0.44248713825969777,4.898888650378766e-38
440,-0.4213810063911557,2.802627310221542e-38
441,-0.2039276014649048,2.610617761786845e-38
442,-0.42559767050292124,1.4935200936170597e-38
443,-0.20014559335140822,1.3911982052562099e-38
444,-0.15620963296434276,1.241865757917456e-38
445,-0.47036531200544796,7.413695235810341e-39
446,-0.1556486428203109,6.617902623942124e-39
447,-0.4544812455650282,3.95075819116333e-39
448,-0.35093009786275137,2.260207078146127e-39
449,-0.2073849734466846,1.2194374350180923e-39
450,-0.4224180976631137,1.2044643519440704e-39
451,-0.20358833472205892,6.498382091211413e-40
452,-0.41580143474388187,6.418590531509951e-40
453,-0.23209817463417376,5.978849341146317e-40
454,-0.12068912194114904,5.337074358250443e-40
455,-0.5007282577538165,3.186128813896871e-40
456,-0.13446024547312513,2.844126925511661e-40
457,-0.5063178572371551,1.6978880449256429e-40
458,-0.4060123290269602,9.713524319519595e-41
459,-0.2500521150582008,5.240685818441206e-41
460,-0.15073685969304354,2.7322707038374364e-41
461,-0.12792803561448116,1.695614376301493e-41
462,-0.1487579580894505,1.5824555417265693e-41
463,-0.1725820235066498,1.653465657216517e-41
464,-0.4388641576981654,8.432905581860888e-42
465,-0.42258932987998243,4.815246570127447e-42
466,-0.21924756127063857,4.4938953845736676e-42
467,-0.2191288772868988,4.6955516218858034e-42
468,-0.39016054405160666,2.394796850439307e-42
469,-0.32929183562585385,1.3674453257290262e-42
470,-0.25163240030769,1.1742277150554084e-42
471,-0.19388979870757223,1.200224384105006e-42
472,-0.17643205966442313,1.1854872119511885e-42
473,-0.1850879916819146,1.104268826826745e-42
474,-0.43749662408262824,6.3174613524878826e-43
475,-0.44021708138136945,3.4084261313890525e-43
476,-0.44059191226026245,1.777008427450106e-43
477,-0.1864150702710439,1.8163502854172256e-43
478,-0.1883948470868155,1.794047899961369e-43
479,-0.19679906801330382,1.6711366852288718e-43
480,-0.42273070350323433,9.560481258894133e-44
481,-0.2121500721610019,8.905487395584658e-44
482,-0.21882572521136984,7.94956449221794e-44
483,-0.39915585735327214,4.745734233107063e-44
484,-0.24026306400572028,4.2363229179029406e-44
485,-0.3736650676740942,2.529001772822754e-44
486,-0.26494551169406005,2.257536482950477e-44
487,-0.3515560867024146,1.347705044737245e-44
488,-0.2867619611175619,1.2030411917643093e-44
489,-0.2705650235835511,1.0406526206028176e-44
490,-0.2475278946638316,8.794053868948476e-45
491,-0.22176451534581132,7.299015076130161e-45
492,-0.20227966559040483,5.97254165856015e-45
493,-0.42801847727870135,3.889645134069763e-45
494,-0.39980800668074795,2.4973566113738113e-45
495,-0.33766872091251127,1.5748635917454766e-45
496,-0.2613462905060034,9.702047100626094e-46
497,-0.19587457609980186,5.791932011084573e-46
498,-0.16405967304028035,3.3135325155751305e-46
499,-0.4620972847141887,3.086520568706969e-46
500,-0.16559960391486178,1.7657814775499866e-46
501,-0.4673216749980518,1.6448068110639438e-46
502,-0.4393231766618881,1.4682517913926855e-46
503,-0.18216915271257209,8.765175496159755e-47
504,-0.14263479118048314,5.014508795280061e-47
505,-0.1441681928046605,2.705451107695647e-47
506,-0.4829533683335131,2.672231737004745e-47
507,-0.4787652361239762,2.4891556614723926e-47
508,-0.44907346902910855,2.2219674884785026e-47
509,-0.36421681500970177,1.9220424916526234e-47
510,-0.2583071010938029,1.1840864746101933e-47
511,-0.37141123926295283,1.0242564438016829e-47
512,-0.2484274464014264,6.309996823197724e-48
513,-0.13367552904680446,3.7669444614180857e-48
514,-0.49505363421020576,3.3625973070820657e-48
515,-0.13194929805716973,2.0074047034896978e-48
516,-0.10289202082308625,1.148425213590519e-48
517,-0.5224868342426382,1.0697459664896599e-48
518,-0.10242056550724483,6.119957963223876e-49
519,-0.10256531455614795,3.3018681842256325e-49
520,-0.5209080613410125,3.2613255986020038e-49
521,-0.11318610160374869,1.7595655553738395e-49
522,-0.13270309118123907,9.173626477496737e-50
523,-0.15669395826535965,5.693042390059228e-50
524,-0.46069488868836705,4.888625549858011e-50
525,-0.4458343981705614,4.996856669680513e-50
526,-0.4067416472770614,4.9355018614094395e-50
527,-0.33897771180004044,4.597367896807158e-50
528,-0.2856302931657634,2.6301289419450897e-50
529,-0.21739153022438165,1.4190193994804458e-50
530,-0.41024596437952654,1.4015957131625383e-50
531,-0.21481248931900174,7.561954379831297e-51
532,-0.17532409890843806,3.9424814101742446e-51
533,-0.17101325888364477,2.446656602511581e-51
534,-0.44451593312648896,2.1009483434818542e-51
535,-0.18669712042878955,1.3038233034784214e-51
536,-0.17490093617666475,1.2168111103905922e-51
537,-0.43825421837924033,6.948074384236507e-52
538,-0.3783766412840579,5.966323738674847e-52
539,-0.2941411774825244,6.098414424057595e-52
540,-0.22181798796865185,6.023533939689102e-52
541,-0.40056626726875216,3.2498450465802913e-52
542,-0.32570483093580793,1.6943309941490934e-52
543,-0.29572206428784614,1.7318424253226374e-52
544,-0.33254122675829084,9.029089867820517e-53
545,-0.28869270071616604,9.228988284544335e-53
546,-0.20981140412094282,9.11566848288382e-53
547,-0.17566562602863495,8.491148989087631e-53
548,-0.17550430305569614,7.579701537194953e-53
549,-0.43819122820817463,4.524933296284799e-53
550,-0.20416287416288809,4.0392229491711913e-53
551,-0.41066978811338556,2.4113369535901693e-53
552,-0.3583722466122089,1.3795126369642455e-53
553,-0.2906608548499157,7.442810740043019e-54
554,-0.34295810587271136,7.351422842382464e-54
555,-0.2893901568423953,6.847772794025941e-54
556,-0.3292944369253777,3.917573232705614e-54
557,-0.3112255462665406,3.6491781219364233e-54
558,-0.2725589644443296,3.257472110769278e-54
559,-0.3392755868237972,1.944647021179921e-54
560,-0.30003529660698147,1.7359068878289485e-54
561,-0.31362015578127633,1.0363023975867795e-54
562,-0.22444752589988934,5.928629141020003e-55
563,-0.17317893896252717,3.1986415682003912e-55
564,-0.15973495426644582,1.6676356781620746e-55
565,-0.16444710728147444,1.0349146687235213e-55
566,-0.17615434869763766,9.658484120120821e-56
567,-0.1894843102980606,1.0091892866681427e-55
568,-0.43515338712818863,5.147006187612386e-56
569,-0.43492339303787075,2.938975617684572e-56
570,-0.19143412002643292,2.7428395973786403e-56
571,-0.19007881126213194,2.8659200577420004e-56
572,-0.19492123171799158,2.805275923232307e-56
573,-0.4294498759472238,1.5272487987707116e-56
574,-0.20555208093807206,1.4949315394904968e-56
575,-0.40688863851262824,8.138708848649124e-57
576,-0.22746063043519513,7.966490173944855e-57
577,-0.3889569807065306,4.3371179454451177e-57
578,-0.24392087301119658,4.245342613695213e-57
579,-0.2168485941957268,3.914495063667175e-57
580,-0.3867628001905739,2.2623430788381787e-57
581,-0.24799948655818094,2.0860344194282375e-57
582,-0.19181779914448316,1.8443471648587325e-57
583,-0.15280076598275139,1.5831799845604854e-57
584,-0.13722062285522169,1.3298615435287772e-57
585,-0.48677226800716844,8.436766137722825e-58
586,-0.13779911382232568,7.086832165464856e-58
587,-0.12263472722843856,5.854028466762576e-58
588,-0.12955988150866102,4.771588266255882e-58
589,-0.4906205830865207,3.1196117699377764e-58
590,-0.1388240006193649,2.54277938708776e-58
591,-0.1470419781162435,2.0503084001728655e-58
592,-0.1650259258686275,1.6385421484271927e-58
593,-0.17237559700798338,1.2997339304146488e-58
594,-0.4534683546759863,8.731791108968512e-59
595,-0.18699791678550334,6.92628211517966e-59
596,-0.19646773660737316,5.459408517831498e-59
597,-0.19494577568981752,4.279838307064483e-59
598,-0.41871802565029526,2.909318799152404e-59
599,-0.3450865657530211,1.9669422874086174e-59
600,-0.2877081125146301,1.5503759880683164e-59
601,-0.3187366571151831,1.0481835449600518e-59
602,-0.15809098462771023,7.041841060138665e-60
603,-0.47445581328020797,5.585770111092119e-60
604,-0.28670488659325466,4.402795094977717e-60
605,-0.3172240807052701,2.9766568922009885e-60
606,-0.3072748009268159,2.346249506113625e-60
607,-0.31265660659237937,1.5862604578539074e-60
608,-0.051464242630073084,1.0656715684861958e-60
609,-0.01352709357667746,7.10608950214652e-61
610,-0.6263651486660627,5.6789637884629365e-61
611,-0.004883176571464258,3.7868350956938806e-61
612,-0.6230768154367005,3.0263198028718993e-61
613,-0.003292946307952585,2.0180044224952683e-61
614,-0.6229498196756811,1.6127258229504353e-61
615,-0.00664726678031402,1.0753945567477287e-61
616,-0.6189470419168482,8.594215910502867e-62
617,-0.6387133083569386,6.81715391631034e-62
618,0.01542228974606529,4.579857658706979e-62
619,-0.0022535564156500646,3.053931379261018e-62
620,-0.06129156662514024,2.018340736819389e-62
621,-0.5563555194733445,1.6274400320081957e-62
622,-0.5857400431021444,1.3005990153765646e-62
623,-0.03932878428609774,8.672627930571675e-63
624,-0.5717389768000468,6.930892152941714e-63
625,-0.5107995826220856,5.497762573803729e-63
626,-0.10338849180606714,3.693472428302639e-63
627,-0.509670221500788,2.9297576755800076e-63
628,-0.1045015143904007,1.9682514570424762e-63
629,-0.02321080877992684,1.312465437765435e-63
630,-0.05966188872438163,8.674073283697912e-64
631,-0.5465124411129479,6.994128317852007e-64
632,-0.08410099533244676,4.622413652882618e-64
633,-0.10946120421370777,3.02208305335798e-64
634,-0.4996033006311624,2.4632842356211458e-64
635,-0.14353066038207346,1.6104680591344674e-64
636,-0.4643995116063985,1.3126841691625089e-64
637,-0.17035430949039568,8.582184287127574e-65
638,-0.15433659885416717,5.536571004169845e-65
639,-0.45364620858440285,4.573446006610284e-65
640,-0.19122165664884305,2.9504386881221103e-65
641,-0.17706128496945267,1.8717859266254766e-65
642,-0.4280323628003625,1.572288776900273e-65
643,-0.34957335997892547,1.2987782189620645e-65
644,-0.29214775464332865,8.378726892101555e-66
645,-0.30121780490250744,6.921189128848841e-66
646,-0.18980045614338317,5.641425391635751e-66
647,-0.1344363877445235,4.5488263465382874e-66
648,-0.13795767906091225,3.635279304347898e-66
649,-0.15623804146893705,2.883597387427882e-66
650,-0.17882086541690662,2.2728984868257963e-66
651,-0.44106800468105356,1.536669047760318e-66
652,-0.1942923792266752,1.211227603629467e-66
653,-0.41969206423217265,8.188909355514738e-67
654,-0.20920448313061027,6.454631899741427e-67
655,-0.4092869721869107,4.363869795553801e-67
656,-0.2246653834785743,3.439673339372207e-67
657,-0.20530220756688528,2.696490961163854e-67
658,-0.41616495611721904,1.8330019225514488e-67
659,-0.3666811561059686,1.2392622614675755e-67
660,-0.2649617644846134,9.768067245276673e-68
661,-0.35563417283022597,6.6040285913607106e-68
662,-0.2654366761082578,5.2054030350079386e-68
663,-0.3553920093698037,3.519286836336123e-68
664,-0.27012427912777226,2.3643052465073462e-68
665,-0.3700404366128221,1.8754279550835197e-68
666,-0.2629165318484439,1.2599382658637646e-68
667,-0.3439970781539388,9.994155572640075e-69
668,-0.2702290077614209,7.877556408253386e-69
669,-0.3621551068407375,5.325885504659896e-69
670,-0.2782628713546484,4.1979498099582297e-69
671,-0.3476147917533336,2.838164385433258e-69
672,-0.2801915837503081,2.2370874537267403e-69
673,-0.2294505998354177,1.753738074269634e-69
674,-0.39171425891079764,1.1921439040909795e-69
675,-0.33457513382668985,8.059887621515055e-70
676,-0.28658771096225455,5.4147432352080215e-70
677,-0.2528398425621984,3.6106480831790187e-70
678,-0.23470458291216192,2.3862743485619733e-70
679,-0.2275187065330421,1.5601198445220854e-70
680,-0.39466243619864483,1.2716456003486759e-70
681,-0.24830773768262115,8.313878651458188e-71
682,-0.24569509367066092,5.3634806634123576e-71
683,-0.24461259848166508,3.4026423473632364e-71
684,-0.24431287146390632,2.112391468261521e-71
685,-0.2370576736459927,1.2732067209983199e-71
686,-0.21453205145969825,7.35837027849604e-72
687,-0.18169004139918124,4.0060452077720795e-72
688,-0.14581772022648892,2.0431389576411677e-72
689,-0.4881106784794232,2.1348214912217412e-72
690,-0.1339878093598287,1.0887887505269781e-72
691,-0.09063993262256645,6.217057982773547e-73
692,-0.5321491018001594,5.802155251558268e-73
693,-0.06701521000469837,3.313070199020022e-73
694,-0.053657243861174944,2.844939228220644e-73
695,-0.06940468479440923,2.907924407870214e-73
696,-0.09699353568888289,2.8722189321469976e-73
697,-0.12289231914215656,2.675441623171321e-73
698,-0.13788589910842095,2.3882573500816633e-73
699,-0.48521533045551163,1.4257428409879968e-73
700,-0.4577346325587643,8.156596543987309e-74
701,-0.3714688309887152,4.400684903719373e-74
702,-0.24265029495013438,2.2943299514238966e-74
703,-0.33583438885636346,2.3451249851920535e-74
704,-0.27628501152432483,1.222648431113794e-74
705,-0.30381023341113494,1.2497171046088454e-74
706,-0.3276609495699582,6.51549348940541e-75
707,-0.12926303468950615,4.043436989540646e-75
708,-0.07986531456625005,3.773593430882232e-75
709,-0.09164051408947341,3.942927290996044e-75
710,-0.11836068903051533,3.859493207637317e-75
711,-0.5086389261580506,2.101185953371793e-75
712,-0.12175799693143988,2.0567239303499262e-75
713,-0.15287934003937542,1.8964395586610123e-75
714,-0.17103045585556906,1.6767187016506992e-75
715,-0.19100117166023212,1.4392884044663888e-75
716,-0.427688997196979,8.935233961096578e-76
717,-0.4120332254482632,5.385554762878908e-76
718,-0.21537174572336734,4.7615861778683656e-76
719,-0.40360368659306095,2.86996213313817e-76
720,-0.23098515796473942,2.5374492741860523e-76
721,-0.18575540827066467,2.1781359709665018e-76
722,-0.4132659585690932,1.3522067182137469e-76
723,-0.2109380301154772,1.160728658928049e-76
724,-0.14884578225434383,9.750050032426804e-77
725,-0.47439462186104225,6.185523023427572e-77
726,-0.3708441152565907,3.840029226565308e-77
727,-0.21722204628939745,2.31450992562314e-77
728,-0.3981490734079693,2.0463515748366526e-77
729,-0.23161526414856007,1.2334023393645716e-77
730,-0.13199653666320588,7.128324855441699e-78
731,-0.09706989805941711,3.880803839137788e-78
732,-0.5186759185632888,3.7986843154648815e-78
733,-0.4365166689962337,3.5026456883238883e-78
734,-0.2592060956280318,3.096830322931815e-78
735,-0.3722367567547784,1.8665598873078004e-78
736,-0.19019132886404197,1.0787595267349175e-78
737,-0.0835717139586849,5.872984463752979e-79
738,-0.5459176140261401,5.748709517970376e-79
739,-0.3817760657042354,5.300701752069976e-79
740,-0.2294083461280846,3.063487302126413e-79
741,-0.04088987407510546,1.6678242819091286e-79
742,-0.02286527489157281,8.506136571443105e-80
743,-0.05822795802250947,4.857061964357794e-80
744,-0.10350530090140722,4.170767682612691e-80
745,-0.14037963128064498,4.2631058771020956e-80
746,-0.16589035591602078,4.210760560632249e-80
747,-0.4604246046826982,2.2718091219077067e-80
748,-0.45555245433579467,1.184424658058466e-80
749,-0.40162895052573444,7.35039714413817e-81
750,-0.23678728394888046,6.311799002793566e-81
751,-0.3571430527439162,3.9170266381112302e-81
752,-0.19678005842015037,3.655619224041993e-81
753,-0.09949138253339125,3.8196591837385957e-81
754,-0.5183431996306366,1.9480794844919777e-81
755,-0.3823154937477277,1.112366664725025e-81
756,-0.24082624641045927,1.038131557285775e-81
757,-0.08230954181766831,1.0847160203767192e-81
758,-0.06251801169076501,1.0617629501866276e-81
759,-0.5472033244166092,5.780451672587536e-82
760,-0.08052372480745613,5.658134761544538e-82
761,-0.09271553295445394,5.217185657096152e-82
762,-0.4689024799897573,3.0152200144270853e-82
763,-0.15980596867142519,2.78023823666654e-82
764,-0.40535531694677274,1.6068107456881936e-82
765,-0.20337947207103052,8.747801814719908e-83
766,-0.0944217921327371,4.461500995221725e-83
767,-0.4738978344510722,4.66170358706424e-83
768,-0.2752821942109932,4.563059879744302e-83
769,-0.12001413113732715,4.2074520244502404e-83
770,-0.08786331768170315,3.719978031187465e-83
771,-0.5129353002453495,2.2421511838295334e-83
772,-0.12129888880263848,1.9823762928198e-83
773,-0.4921013930772045,1.1948423658627585e-83
774,-0.30883608526175776,6.905471364114811e-84
775,-0.1235517713173998,3.759477903206792e-84
776,-0.0787147509117813,1.9173861916313005e-84
