t,lambda,delta_s
1,-1.179174127043122,1.1169205256940793
2,0.06682948600158792,1.0965761292128635
3,0.2533253402760636,1.112557811215577
4,0.17103555094142214,1.0444606877550378
5,0.13352205121902075,1.2064172253165455
6,0.17222932481298167,1.0026309151110486
7,0.37722229623894543,1.0656520321049487
8,0.29573773340454473,0.9627767646718542
9,0.16936800935963153,0.9844984230316625
10,0.49505459888883735,1.0473732975349312
11,0.5071592727652968,1.0704351407873092
12,0.21049510342482045,1.0323776633778745
13,0.20571023761173862,0.8453298238463024
14,0.6975044147962366,0.8487113046963689
15,0.4889334183219027,0.8038516940922387
16,0.5706103736284863,0.9530559253555743
17,0.2708450403384114,0.8771577228652343
18,-0.1627102041061418,0.8148609128051292
19,0.44119375695502894,0.9173418514939401
20,0.5571463514886857,1.0443011218006089
21,0.4090182210440999,0.8878675027590119
22,0.1302238442944058,0.8128016733277516
23,0.47683626701216,0.9376341773703329
24,-0.011352872937570655,0.7793045868370834
25,0.2545483715428723,0.7932527460091828
26,0.5309343317610422,0.8585950294444046
27,-0.018231312817664495,0.6443452568387955
28,0.23394700423734896,0.6494847330387119
29,0.34925989775180827,0.6890481909469288
30,-0.04526196490279201,0.5742248574334582
31,0.30839223262146986,0.7251653384687035
32,0.4049708261020626,0.57022078395197
33,0.3675362056122386,0.6166833231599298
34,0.24825988718205813,0.4851059844110931
35,0.38415510487191845,0.5078065912259165
36,-0.38594775832224276,0.37097733570233415
37,0.33730930533529613,0.43677635921535474
38,-0.4343037242719376,0.29554198711645635
39,0.19323328635275552,0.33313132272359136
40,-0.38701651526511166,0.23339622671094107
41,-0.08117672761865957,0.24491794559380345
42,-0.1625205704032261,0.22226389638992064
43,0.23272685839941257,0.286773452603778
44,0.3280863591114904,0.3293599048881063
45,0.0764753310746534,0.256094717440418
46,-0.12001881898394995,0.21946927427287194
47,-0.0068375135192488955,0.2324030789435464
48,0.02282188242368205,0.16996932686559033
49,0.11364885165008991,0.20542248640418728
50,-0.03848905835149508,0.1484736380578067
51,0.11269507923739014,0.1970375268603169
52,0.4783308523080241,0.27457868355313303
53,0.24311319332886988,0.2030459640746958
54,0.3848086462165825,0.2088873856385466
55,0.2746228122886385,0.20164142660423476
56,0.5248163020923168,0.24309232235798922
57,0.10551707696331937,0.2506278934387457
58,0.11123409133706814,0.3166844195088376
59,0.29289309480232184,0.3543118794979283
60,0.14757286708020564,0.3142694797016776
61,0.2713756881070749,0.2929483188051847
62,0.36670472466212445,0.26456736142847304
63,0.4302159020656615,0.3201653533512998
64,0.2581084807669345,0.40037777422550214
65,0.20947896298034605,0.30465416693803987
66,0.2852152085027651,0.31086913668278515
67,0.49168744469688835,0.4345192187996997
68,0.41904631434772915,0.5315725010170734
69,0.3019463451698641,0.5732214615145093
70,0.5082091031538786,0.49015744410264134
71,0.7197263664938174,0.549540285670517
72,-0.0030973460236060684,0.4715986552452897
73,0.4087879143102332,0.5767925848784969
74,-0.030103158109832273,0.47583773844348315
75,0.5090370704261469,0.5370438605817732
76,0.3386585059187321,0.6162725773289488
77,0.29504557147194677,0.7153106170825057
78,0.41314924571105344,0.8455903553373683
79,0.2270647231307676,0.6924303202000108
80,0.3905457939071441,0.7551027906706833
81,0.24868216993779255,0.8148493479006831
82,0.6274510102878568,0.7359106692896078
83,0.5634913968411902,0.6957356586778088
84,0.5174538620886596,0.6983505247774664
85,0.3803106408031988,0.7395436702131462
86,0.686988190231124,0.749159782551152
87,0.47251822976222674,0.8450334199517104
88,0.13486872168073402,0.84428633745488
89,0.4372983484600662,0.7021332954856252
90,0.19887582545830682,0.7906546127620072
91,0.024719338154994382,0.595286554231634
92,0.2700164956614062,0.6274960451891489
93,0.3232477375240624,0.7691501992986761
94,0.5207917562037893,0.8418343405232259
95,0.5870358989541744,0.8106573690777958
96,0.5275570756442607,0.7084493034155548
97,0.10335534981587233,0.6433269522479944
98,1.0079095907389655,0.7522816612568601
99,0.5942058370141491,0.6511518714739979
100,0.3880616498447241,0.6880453703862466
101,0.33176755147733505,0.8214203782240583
102,0.5082301602957077,0.9239373793493367
103,0.4959245904749454,0.9088355537434373
104,0.3402361277322825,0.9179942671856909
105,0.5817158200467176,0.9925137556876501
106,0.5335030157213363,1.0257813340459232
107,0.4529250480440171,0.9718698378682168
108,0.35414580184749705,0.8638303004377703
109,0.5769477366425982,0.8933711889157381
110,0.3514329382821482,0.926921567024734
111,-0.05603366618443277,0.917353541699811
112,0.635576646784786,0.9062153982008787
113,0.17022391079278418,0.9022903825401264
114,0.4421164810504359,0.961706694354549
115,0.5184330177955369,1.0584456379975973
116,0.2812159047771642,0.92038844340653
117,0.5348856044250782,0.8788627833741712
118,0.2311556281125333,0.9117794555363954
119,0.27088269698573625,0.8192087673182219
120,-0.023884440500983498,0.751209167012891
121,0.360421959191052,0.7021567102247853
122,0.2349303088943539,0.6851476722536161
123,0.3676308664726182,0.8648481124784864
124,0.5075645840125568,0.919585911248092
125,0.5692008133498127,0.9936718220544128
126,0.3727976878684,1.0895867178840313
127,0.3800005145642185,0.9602276169007575
128,0.32205269749718535,0.9133826376090365
129,0.33456241949336646,1.0046628133560993
130,0.17539913055089504,1.1300320300624234
131,0.284582427569793,1.1271731749126013
132,0.5796191704639064,1.1492865526833176
133,0.6105846042058563,0.9891384180084645
134,0.1871141476648846,1.0137430840941415
135,0.3614488366623113,0.7851156660478517
136,0.13150434055103796,0.8785260905878951
137,0.4719778423848311,1.0311565118170853
138,0.03776120704705201,0.8872193666740175
139,0.3557481332962051,0.8266833193125006
140,0.43619062221060106,0.7832779613548828
141,0.4363754637924739,0.8051286696230353
142,0.3887851381361209,0.8803375681103922
143,0.26550893599215947,0.7233861180343438
144,0.8177298533061225,0.7689661198650197
145,0.7315500066558085,0.7147020241692087
146,0.6484312429207407,0.7272679435713099
147,0.4180470952589862,0.687434229095587
148,0.06894640235798663,0.6689188179393099
149,0.3285817562651099,0.8993547769044228
150,0.2832697738391895,0.9298384083112762
151,0.6953918318739197,0.9802510448522199
152,0.24344787145229665,0.9129700223388473
153,0.3687325321526648,0.8699679496740585
154,0.23901215683316465,0.8652811945925362
155,0.5046464194818736,0.8474797597792916
156,0.22475489834358783,0.7903112369137185
157,0.3975633158022811,0.8311183993460423
158,0.175884691478818,0.75203314481096
159,0.26006966883279176,0.6739627116736394
160,-0.17512284788976953,0.6098237693920593
161,-0.08524949231668494,0.5574075401479296
162,0.1980856791758392,0.623529446098201
163,0.38760886119995586,0.7401736565606094
164,0.08530737752609983,0.6486084498070457
165,0.35466959548372545,0.6786381542149716
166,0.5564859673537181,0.838934590972434
167,0.5531941436568198,0.9561618463169668
168,0.4085981873281681,0.728641451543737
169,0.3675207984088246,0.8228252544887388
170,0.35014442724645023,0.7851273624316406
171,0.6507836977279347,0.9344216117813866
172,0.2710319625247172,0.7023544684604793
173,0.3261150932723178,0.7362843118550542
174,0.43883030499066994,0.7019558103142052
175,0.5145316263770281,0.778348619665005
176,0.17056529380948832,0.8396995096739276
177,0.3972614109961167,0.6890369631097226
178,0.733456209805436,0.7770041535424557
179,0.06241458512326068,0.5844544172039666
180,0.40479782009944965,0.6056627138447028
181,0.5602524803609462,0.6427384653888986
182,0.30646116659830946,0.7031654564174268
183,0.5827777553514759,0.6371423886316463
184,0.42934776298680416,0.5426606069631831
185,0.06465655987607624,0.5988112446118007
186,0.5611138971663413,0.6986689382141272
187,0.5866177180292057,0.56214476393052
188,0.3126135626311914,0.5749512730207142
189,0.29299337174747336,0.6714178382890542
190,0.252728098466746,0.770058118797537
191,0.1755638485520241,0.6304318726072388
192,0.15113100790624365,0.5655588651304994
193,0.09144798490438305,0.5317458062167053
194,0.4135676756601951,0.6311538982411485
195,0.4452727549141448,0.536615738447013
196,0.015363871639572486,0.4973766029437908
197,0.05877672751703741,0.41431889361025426
198,-0.14488906785700126,0.37087707318308544
199,-0.39257202438688665,0.2722037960433399
200,0.42937769712433566,0.30836860733176286
201,0.28065905189471385,0.3589366633686242
202,0.37627016087370296,0.4780921655516209
203,0.21523624329007104,0.3625473533517198
204,0.4124189078728651,0.35886388669339997
205,0.15186549114099646,0.4343783216708901
206,0.4001424719484916,0.37853574615731533
207,0.5344571150108044,0.4382799547374161
208,0.8396616833901472,0.48136427447122243
209,-0.13528460322480035,0.3697540656760285
210,0.3860788521518188,0.3452848341032766
211,0.053309688451851876,0.28378769907213447
212,0.15679496955419053,0.27673496958259625
213,0.38528568473367797,0.32982022251064574
214,0.49078756600224177,0.293565224652973
215,0.22601778790558297,0.28723231523184656
216,0.1551622773504383,0.26461164086584577
217,0.6162285692130766,0.2791290569576759
218,0.2804026657026458,0.22825044764821092
219,-0.13824265892975915,0.18263767607379128
220,-0.18198330088122264,0.16123066138218617
221,-0.07591832322158557,0.12147039154621107
222,-0.2824766003279658,0.13345590864962048
223,0.23466155185805085,0.184493677083106
224,-0.5147994808719587,0.11102155103109547
225,0.05302292733257145,0.14942092148376207
226,0.38363676466870483,0.19194577529815957
227,-0.1392984054276123,0.14571783728243007
228,0.5169402260239738,0.18702049427612408
229,0.12270535783106881,0.1606544951907953
230,0.19870228039537263,0.2191884359139126
231,-0.18943408362312886,0.12387205882895032
232,0.13000665987664203,0.1713841226828906
233,0.14020369901476937,0.10431943201059563
234,0.21490683431758878,0.13693483119597444
235,0.48436442630945803,0.1717099609865142
236,0.419673130814484,0.2284558021660309
237,-0.06672546741640474,0.16596983533348011
238,0.5055762984144297,0.21478986112091078
239,0.11401611335251378,0.28952482929198364
240,0.4829865770412875,0.30388149339660553
241,0.1227402925895915,0.27559084437858583
242,0.5785305371672355,0.3173479431175276
243,0.4516462893478845,0.3765889952823917
244,0.5645597266654673,0.4452675719115303
245,0.31066654131042837,0.44951201522911544
246,0.2755013507646899,0.46573678899215804
247,0.4409190388648887,0.4042158671743601
248,0.3141768684327049,0.42448666924413947
249,0.815666125153892,0.3240358178956472
250,0.2505740422248871,0.3277122734199964
251,-0.018837994275773606,0.3131230041089366
252,0.0022192761842776266,0.2651496101528575
253,0.6216189558283985,0.29400091684460156
254,0.15775414784111452,0.20172780655749178
255,0.34850668615320873,0.20169951641707165
256,0.6430872292812694,0.2140582969460297
257,0.7830767163122645,0.2775330377410298
258,-0.22472774961850145,0.1943118432221668
259,-0.26753628436323423,0.20186233195711395
260,0.022124197125719995,0.19939313019840724
261,0.0725401890531671,0.17379224568935933
262,-0.02223331184065041,0.1707139508760513
263,0.456044980708223,0.2169354430680436
264,0.4673990590544271,0.262137007194732
265,0.12502591167339547,0.19662361305899137
266,0.531164079627264,0.20994350191643465
267,-0.40058195604845975,0.14803930690694475
268,0.16520279390589274,0.17101501503811609
269,0.331388030443173,0.18849462123086055
270,0.3865199099543683,0.2278805468665546
271,0.5656598145388554,0.311291749028468
272,-0.15992551971413432,0.23449877670825234
273,0.264861661115977,0.24908379864578079
274,0.06607345054465859,0.1999043106574484
275,0.4849214821204793,0.22513064220236245
276,0.18208647502129893,0.17807472144479058
277,-0.28446262367530933,0.15499420344312723
278,0.1303638692513282,0.11987143100169122
279,-0.09007688106914136,0.10324961964289295
280,-0.22046315788966306,0.07023248279837158
281,0.2608744450969454,0.0816727981173923
282,-0.6494486283424717,0.04532818935845417
283,-0.12939288244084554,0.044707453754905424
284,-0.4004273293005934,0.026485355467780792
285,0.028410494532334112,0.027934666821729716
286,-0.5170863267750548,0.015931837400006126
287,-0.03347434430481623,0.016121388861165854
288,0.08000085834678504,0.018367107644799905
289,-0.6075716290785025,0.0093824266990481
290,0.08025237707035743,0.01069743387521575
291,-0.6012492122652582,0.005433288382319348
292,-0.29211151289241905,0.0038030430829005036
293,-0.26293742130474934,0.003104903384772516
294,-0.2894175027444049,0.002182399983917788
295,0.04448700698997471,0.002516581469762302
296,0.05706434279847798,0.002789714396692957
297,0.0012558201163926097,0.002808608932098016
298,-0.5672550746725948,0.001588727524129299
299,-0.6350149049818328,0.0008173645161536022
300,-0.6205138778696583,0.00040319247778442956
301,0.07724175389691998,0.0004660495164681788
302,-0.6505182634036832,0.00022995020379797178
303,0.10170062795115237,0.0002657023054569263
304,0.11966296849697133,0.00029454817012708364
305,0.04165530025268631,0.00029660610814255794
306,-0.5979061049700677,0.00016788274175633688
307,-0.6560566722076058,8.632652429087025e-5
308,-0.5479112754395373,4.268344058368866e-5
309,-0.06612872076353747,3.49769414630616e-5
310,-0.48760275146731935,2.4331783670236287e-5
311,0.02232052245889893,2.8053234954095324e-5
312,0.1288526436598519,3.109658884000746e-5
313,0.03692637548399063,3.1320375103002924e-5
314,-0.5876326325565945,1.7725612429323787e-5
315,0.022683943450369462,1.7853368534896546e-5
316,-0.04746926531239632,1.6913187834095627e-5
317,-0.500951011968727,1.0176780312781777e-5
318,-0.5284386622216934,5.759328511210757e-6
319,-0.5111095243021737,2.961391462189008e-6
320,-0.05125966146081154,3.2829602935397866e-6
321,-0.5079929822863611,1.688067464032606e-6
322,-0.05105194268794478,1.8713691355550585e-6
323,-0.03623097483780827,1.8849221222242498e-6
324,-0.5155512744029764,1.0667265356853487e-6
325,-0.4822858810726595,5.485008147259531e-7
326,-0.34892746367155913,2.712452037755771e-7
327,-0.20773016638733804,3.126592071317801e-7
328,-0.3716686482081235,1.5461659496884774e-7
329,-0.1824936375524325,1.7822358277873344e-7
330,-0.05882933276212743,1.9757622846311492e-7
331,-0.4946220858798776,1.0159190462010804e-7
332,-0.05715881202465295,1.1262337610595513e-7
333,-0.037338255815094444,1.1343914442077564e-7
334,-0.5089295971702055,6.419813908459661e-8
335,-0.46088588486636817,3.301011292549278e-8
336,-0.2990162868134239,1.6324237121105724e-8
337,-0.2761663162578711,1.881659010889905e-8
338,-0.12387255703255436,2.0859806130756427e-8
339,-0.07290971734954918,2.101090019715589e-8
340,-0.46550260284687306,1.1890610948216406e-8
341,-0.08908163502758043,1.1976738220278931e-8
342,-0.0674446621281228,1.1346104303931554e-8
343,-0.48168504159894526,6.827040192972726e-9
344,-0.07280337517449587,6.467563060524122e-9
345,-0.48478538258894915,3.891583574606238e-9
346,-0.39154955307556616,2.2023476694620494e-9
347,-0.24120470958886642,1.132427685204985e-9
348,-0.34682843954331616,1.2553932311039493e-9
349,-0.20125955781645696,1.2644864144020989e-9
350,-0.35146953213627574,7.156055269028959e-10
351,-0.21273162054438027,3.6795803054106355e-10
352,-0.12331591249998484,1.8196354009190792e-10
353,-0.09941881996581603,1.494597471989615e-10
354,-0.45299954467015474,1.0372376694159928e-10
355,-0.12387354154840455,8.519579239941157e-11
356,-0.12415297778918584,9.545208975928708e-11
357,-0.13528721534016222,1.0249163622587922e-10
358,-0.41195420175810793,5.44100774629962e-11
359,-0.37973211950788294,2.768254108063795e-11
360,-0.20187467418000446,3.101510440586682e-11
361,-0.18869212011563985,3.3302453685988745e-11
362,-0.3616644898142105,1.7679384888662276e-11
363,-0.32580293261187687,8.994846566489492e-12
364,-0.23693701555893865,1.007769137115816e-11
365,-0.2092326938458751,1.0820916343403033e-11
366,-0.1896721430525023,1.0784353829807557e-11
367,-0.36105568689605494,6.1681928386128655e-12
368,-0.3181631250310307,3.274529146883263e-12
369,-0.2476236905051766,3.516024122832972e-12
370,-0.30134226796748326,1.8665634769488776e-12
371,-0.2629794553251937,2.0042216506188247e-12
372,-0.29275368266635,1.063987845946884e-12
373,-0.23497294405613783,5.413314706800309e-13
374,-0.3256177064612413,6.06499671885867e-13
375,-0.2397089400237849,3.085724715743995e-13
376,-0.31162643593866113,3.457199754667441e-13
377,-0.252295247879862,1.7589402310920272e-13
378,-0.20597514140738776,1.2206892498398154e-13
379,-0.18182453202538074,1.4070610185322072e-13
380,-0.3683320941688755,6.958233896400436e-14
381,-0.31590855520287614,5.715298119779713e-14
382,-0.2517632382725793,6.403334411763122e-14
383,-0.3066935227996801,3.257862810727459e-14
384,-0.24691501901947369,2.2609285069557107e-14
385,-0.3031198383078508,1.8570632486849253e-14
386,-0.21856281854734771,2.080625849414665e-14
387,-0.15822179595956026,2.2340710218199612e-14
388,-0.3833273288955064,1.186008749812581e-14
389,-0.28467884838717705,6.034127769609697e-15
390,-0.26680612333367903,6.760546376119164e-15
391,-0.1572994642633072,7.259133474097243e-15
392,-0.3950930076538022,3.8536804480473135e-15
393,-0.2812282774224276,1.9606600887589374e-15
394,-0.25888373558020705,2.19669419739817e-15
395,-0.291806881648345,1.1176252670948135e-15
396,-0.15112047201035328,7.75622232510434e-16
397,-0.40727527086268794,6.370743428757212e-16
398,-0.16179902783124006,4.4212406308676015e-16
399,-0.08227800016353327,5.096264545673466e-16
400,-0.06425463997035609,5.649646408322905e-16
401,-0.4983364055125903,2.9049981976475154e-16
402,-0.44383655292510066,1.4365870890901408e-16
403,-0.27851031421897,1.1799723337011757e-16
404,-0.2883470482321604,8.188905554586073e-17
405,-0.2459262041799496,6.72613729518013e-17
406,-0.31614699526754386,4.667880888752925e-17
407,-0.2494237553509981,3.8340664116850546e-17
408,-0.07068576406540228,4.2956305824121273e-17
409,-0.04233078397350758,4.6124313063353125e-17
410,-0.07681120261147627,4.5968464818543186e-17
411,-0.11561168156857632,4.3399363406346876e-17
412,-0.14242319702769338,3.943902888597523e-17
413,-0.1556092118148886,3.4858140282071395e-17
414,-0.3817591308238207,2.2481232440728027e-17
415,-0.2975217091528879,1.410169007970379e-17
416,-0.27083039049324953,1.2814864522025991e-17
417,-0.26929431681681304,8.03831588768315e-18
418,-0.3197976650882287,7.304793149167869e-18
419,-0.22666409302709364,6.4563330162461545e-18
420,-0.133894632455811,5.588686702375869e-18
421,-0.42951789093837045,3.6802712275857116e-18
422,-0.1412002367936604,3.185691137521804e-18
423,-0.0969795962610078,2.713499986302232e-18
424,-0.09006933570633324,2.281943376868227e-18
425,-0.4677005314958711,1.5467628296919306e-18
426,-0.0922953882943952,1.300764773399311e-18
427,-0.08378728017479854,1.082608045598248e-18
428,-0.0865757969649568,8.933515987553609e-19
429,-0.4700777877427664,6.171136511921413e-19
430,-0.09556598214724112,5.092327450805248e-19
431,-0.10102793911564212,4.1719827632941944e-19
432,-0.10510310813378183,3.3971018157972303e-19
433,-0.4505582276843724,2.378134474646773e-19
434,-0.10521899497915926,1.936432962549816e-19
435,-0.10244475080619926,1.5684744730566037e-19
436,-0.45087806039970946,1.1038151994774589e-19
437,-0.3992308431953069,7.72723669131598e-20
438,-0.15194533224689463,6.292022590821386e-20
439,-0.385778155573215,4.4047180949673914e-20
440,-0.15061297937686396,3.5866101773329605e-20
441,-0.046184257007095574,2.905087145668253e-20
442,-0.48080760917466414,2.044457466334221e-20
443,-0.0727004965347154,1.6559723002095464e-20
444,-0.4827417548913423,1.165391867247164e-20
445,-0.07444931945759256,9.439456104269469e-21
446,-0.4535901115096461,6.643024991275648e-21
447,-0.09892961798721069,5.380725965836204e-21
448,0.017625650344441277,4.33832901245829e-21
449,-0.5629385434167301,3.0671483186757826e-21
450,-0.3589072664104729,2.1585081500296006e-21
451,-0.05060976644839807,1.5110594040840539e-21
452,0.023453107244261247,1.0513546940450596e-21
453,-0.015238757542047064,7.262597781702912e-22
454,-0.53036132283099,5.9929845947303495e-22
455,-0.487051990649203,4.909862665243378e-22
456,-0.08186888214110287,3.4161510436111678e-22
457,-0.4556647886815449,2.798744465755357e-22
458,-0.11225522210685612,1.9472914986344555e-22
459,-0.03077215691821503,1.3451592501003675e-22
460,-0.02594978021716012,9.212873807107278e-23
461,-0.5203821676123616,7.667744015384622e-23
462,-0.0411999632148447,5.2515683918963243e-23
463,-0.05136870327990973,3.5596548400417756e-23
464,-0.07931491699374332,2.3821858232137155e-23
465,-0.4702067821519434,2.0290922501948126e-23
466,-0.08377021612264243,1.3579054738773984e-23
467,-0.47563639941251235,1.1566333099172982e-23
468,-0.4164864059334354,9.726816784059412e-24
469,-0.27482537920841227,8.095491455356457e-24
470,-0.27112195151939533,5.544528737333467e-24
471,-0.282423012242455,4.614632516839565e-24
472,-0.2782533062170983,3.1605199934985103e-24
473,-0.27446444201011555,2.630455900411473e-24
474,-0.28671856887253605,1.801575409293988e-24
475,-0.2651419846096202,1.4994256246320498e-24
476,-0.29651391265230076,1.0269430226828053e-24
477,-0.2373781208677138,8.54710091680884e-25
478,-0.32491517851333873,5.853831965047662e-25
479,-0.11113258930658235,3.967885350084676e-25
480,-0.41713795664929737,3.3368305658762937e-25
481,-0.19105951365213925,2.7771966855892605e-25
482,-0.3706151823306147,1.9020768433136345e-25
483,-0.12468226258465893,1.2892790374549168e-25
484,-0.011962266640058764,8.628090034582359e-26
485,-0.013374660237584539,5.681784146138182e-26
486,-0.5532623372979618,4.9182270219628084e-26
487,-0.5078965370261058,4.189235045274695e-26
488,-0.25430247208635376,3.522976677341357e-26
489,-0.30570082933125603,2.387968706682708e-26
490,-0.03966185739420142,1.5980721319797342e-26
491,-0.5086006938632085,1.3612018620268108e-26
492,-0.19927916749056704,1.1447155295053716e-26
493,0.014826542746722945,9.527304763375066e-27
494,-0.5612115850224773,6.525164697062995e-27
495,0.005120965284137116,5.430801897742872e-27
496,-0.5678599788670357,3.719507006443335e-27
497,0.018260903866525444,3.095692851760881e-27
498,-0.5692678389543272,2.1202119813478613e-27
499,-0.30138587485228413,1.4371369233171503e-27
500,-0.004521037916688219,9.617581924608495e-28
501,0.03858870365468515,6.333385985125591e-28
502,-0.5720586839921998,5.4822621365749585e-28
503,0.010577017537070356,3.610188346171216e-28
504,-0.5566809774772293,3.1250264744011407e-28
505,-0.006106771673529926,2.0578976120262464e-28
506,0.0017415613459049754,1.327210062866613e-28
507,-0.5306217440263343,1.1730530862952612e-28
508,-0.03299903327915844,7.565429160855414e-29
509,-0.5357742721201594,6.686695855154565e-29
510,-0.03686033923323642,4.312483757416608e-29
511,-0.5307384616871988,3.811583804834481e-29
512,-0.3522515215593927,3.2993570299840215e-29
513,-0.10182669135084552,2.810318034356693e-29
514,-0.45210438681984944,1.880715991016641e-29
515,-0.21933723961907342,1.2384922107114002e-29
516,-0.33526671408405084,1.0720551327792609e-29
517,-0.09313411948336257,9.131524251829175e-30
518,-0.026373033502506627,7.67924134599655e-30
519,-0.5226974286981766,5.205197111648926e-30
520,-0.04503271939425188,4.3773595482516834e-30
521,-0.4965072621495076,2.9670924835676783e-30
522,-0.07027441022621755,2.4952043764921662e-30
523,-0.06390546973318767,2.0767231621309606e-30
524,-0.08338236068540983,1.7136801861072234e-30
525,-0.09895538328648593,1.4039639570129333e-30
526,-0.10673127424076528,1.1431994757132172e-30
527,-0.10647089566904469,9.259701884576575e-31
528,-0.46719929787086756,6.5165228114342635e-31
529,-0.4639058837868943,4.5618790348375425e-31
530,-0.08920321169717849,3.7145809155878174e-31
531,-0.4701682398254043,2.600385096833271e-31
532,-0.08232862568944216,2.1174039864079446e-31
533,-0.0314646463325973,1.7150576167925133e-31
534,-0.5382079589771934,1.206973207352189e-31
535,-0.4426164326219177,8.4493923056163e-32
536,-0.1667210762241667,5.878861041682624e-32
537,0.0018075101135747531,4.0610274916824626e-32
538,0.0005949462463491011,2.78136092847537e-32
539,-0.5390061757372134,2.3148871959462952e-32
540,-0.021668040400025044,1.5854452632541726e-32
541,-0.5134017410780631,1.3195435738692866e-32
542,-0.36472408200456113,1.0888671723218882e-32
543,-0.14402915515625372,8.920744234005346e-33
544,-0.027807273753498674,7.26385465976223e-33
545,-0.5030408689894887,5.0850472319888986e-33
546,-0.2491720995693362,3.538039776823344e-33
547,-0.3130948706570882,2.8986040484144723e-33
548,-0.05017013161208137,2.3602334033544612e-33
549,0.0279773437556303,1.9117449016889206e-33
550,0.004012683924551937,1.541386501389566e-33
551,-0.039100274856801134,1.2377794687572277e-33
552,-0.079405214723469,9.9043668102451e-34
553,-0.4510246664197498,7.055652416783389e-34
554,-0.10825167864974257,5.645736691009964e-34
555,-0.10790043420812387,4.50323407172464e-34
556,-0.12315492774811823,3.581718893622078e-34
557,-0.40580405223973365,2.566956001734838e-34
558,-0.155700664286335,2.041669312336925e-34
559,-0.11276072983268541,1.6197091921984027e-34
560,-0.4399167904565121,1.1638025497648553e-34
561,-0.11876001824116866,9.232747322828943e-35
562,-0.43145522516468665,6.63396548429712e-35
563,-0.1306170239258715,5.262896792695569e-35
564,-0.41870892164368134,3.7815261751864654e-35
565,-0.13342282578742035,2.9999827442562907e-35
566,-0.04433701410535751,2.374431164142695e-35
567,-0.5116213628339965,1.7100651637946924e-35
568,-0.3746154704931334,1.2287256301775288e-35
569,-0.1247212293758728,8.80606414000291e-36
570,-0.004411457506916743,6.293204513736243e-36
571,-0.5327670685488168,5.0196767114051605e-36
572,-0.020211771752186827,3.587283902942502e-36
573,-0.01272258932196237,2.555501913893479e-36
574,-0.0623476220984215,1.81400462688083e-36
575,-0.4770168247582446,1.4566999784671304e-36
576,-0.4888611580426909,1.1656107798993055e-36
577,-0.49688154624640274,9.29731311552379e-37
578,-0.06801361161621629,6.644272848121016e-37
579,-0.0877283989662255,4.733233398637945e-37
580,-0.4617042732593855,3.78740163025018e-37
581,-0.4593860125110471,3.020962010468293e-37
582,-0.4265037406263162,2.4027702174639357e-37
583,-0.12683951296576268,1.7220238700171882e-37
584,-0.43922188444857535,1.3696390932098805e-37
585,-0.35188373654774124,1.0865701981517737e-37
586,-0.21935088649158227,8.600003268218346e-38
587,-0.33688348476409974,6.193721772014648e-38
588,-0.2206724534077109,4.902216862966163e-38
589,-0.08752855770931268,3.8718009151431326e-38
590,-0.04878668116201284,3.052052954703922e-38
591,-0.5174364466757302,2.207023316654464e-38
592,-0.042797790387938246,1.7397464855051032e-38
593,-0.05953856496668303,1.368966227964783e-38
594,-0.08920690057803461,1.0754450366798048e-38
595,-0.1141469280611535,8.435804128110342e-39
596,-0.44424800219026184,6.130305570334058e-39
597,-0.4430495971250387,4.4481614385885903e-39
598,-0.3955654754826816,3.2223126602201344e-39
599,-0.2847427603437623,2.330142785922472e-39
600,-0.2738751384403422,1.8367987741419828e-39
601,-0.2724786185295508,1.3282396415454569e-39
602,-0.11452797125400292,9.586274094553345e-40
603,-0.06173196212836975,6.904033954423797e-40
604,-0.5113938212006371,5.464415890747771e-40
605,-0.05584953137578041,3.935471954870423e-40
606,-0.08705262935458735,2.8277374220428873e-40
607,-0.11863104558463666,2.0265905176893213e-40
608,-0.42730186505966306,1.6118810239999974e-40
609,-0.14642332076751385,1.1552072598458554e-40
610,-0.399263761076156,9.188124807055987e-41
611,-0.37123037082822147,7.28917759557276e-41
612,-0.20012345629497172,5.237460843142087e-41
613,-0.3440613618241804,4.1550134589163617e-41
614,-0.22915836967849929,2.9854836171120693e-41
615,-0.1841519979529155,2.1396444882018363e-41
616,-0.1513405632840422,1.5290849733622557e-41
617,-0.13254483735981523,1.0892864020959639e-41
618,-0.43338602425848116,8.716166619408199e-42
619,-0.1268391132173509,6.209204813547517e-42
620,-0.12752308678378446,4.407559313412988e-42
621,-0.42909267643503224,3.539401973842423e-42
622,-0.4221925311936972,2.8321309508419808e-42
623,-0.3812972974450935,2.2590052089616665e-42
624,-0.29335060526843937,1.7967357478777398e-42
625,-0.2704427218062766,1.2876894442383742e-42
626,-0.28196153080691944,1.0241842946840088e-42
627,-0.1599808559338312,8.125119511671292e-43
628,-0.4175034698697696,5.8381065257725214e-43
629,-0.29911484716974684,4.1840700038701445e-43
630,-0.24946275582165595,3.3278666723534803e-43
631,-0.10684089326453008,2.640082900326287e-43
632,-0.4655489771139435,1.8969671999082936e-43
633,-0.333742139031893,1.359523592867564e-43
634,-0.21626134859579058,1.0813187281277248e-43
635,-0.3480434651993205,7.749624360243332e-44
636,-0.13003814923432455,5.538225730391684e-44
637,-0.028530483827948525,3.945309832316585e-44
638,-0.5050067545122119,3.1569271219665214e-44
639,-0.05432232722497659,2.248925237166262e-44
640,-0.5135135324014458,1.7995273826989668e-44
641,-0.04844286304354344,1.2819436083156987e-44
642,-0.4825321259981017,1.0257755963229785e-44
643,-0.06837270221385781,7.307399053301559e-45
644,-0.010517617714742054,5.1871045844601793e-45
645,-0.5327290252098555,4.165400145358223e-45
646,-0.03229808536850762,2.956779290756913e-45
647,-0.5071517752470763,2.3743822178578206e-45
648,-0.06599637463136897,1.6854381152137104e-45
649,-0.05454431097074504,1.1915852086055933e-45
650,-0.07891522815627344,8.385790698704638e-46
651,-0.46560876694008696,6.792333585354032e-46
652,-0.4295650299739495,5.476468796726166e-46
653,-0.31890463644447953,4.397768263680953e-46
654,-0.19381956429177566,3.518971765922376e-46
655,-0.38438162836383816,2.5068378545047345e-46
656,-0.18623871461228023,2.0059018808699033e-46
657,-0.37603073309661933,1.4289602480140614e-46
658,-0.311911630509532,1.0143371395785746e-46
659,-0.2393015398592941,7.1712459873252615e-47
660,-0.30978453265911615,5.781975279882772e-47
661,-0.22084977181702284,4.643099108399368e-47
662,-0.34179744421147357,3.295870458915176e-47
663,-0.2192951173811093,2.646682569265351e-47
664,-0.16698200845292696,2.1178017294636026e-47
665,-0.14542752687482902,1.6892316144435354e-47
666,-0.40366460645048197,1.2071999308374906e-47
667,-0.3592111284469046,8.599825988617131e-48
668,-0.21001541975646298,6.881341405756404e-48
669,-0.18182737510479507,5.488794956894863e-48
670,-0.3698682693740689,3.9225366348162945e-48
671,-0.19260786072416872,3.128750345303993e-48
672,-0.16468666139370292,2.4885013851634285e-48
673,-0.15107830859749907,1.974192658915034e-48
674,-0.12768759034268864,1.562537178696893e-48
675,-0.4425500164459528,1.1253391703980422e-48
676,-0.3870470032381876,8.085850238843882e-49
677,-0.17060324275525554,6.41471460606144e-49
678,-0.07457962302686043,5.077128626447991e-49
679,-0.4753753105081614,3.656547693320173e-49
680,-0.300970820892137,2.6273231943858424e-49
681,-0.10542284782325682,1.8829571059680976e-49
682,-0.47162508098076406,1.4976399038797893e-49
683,-0.08418987963418957,1.0733326243294648e-49
684,-0.044479215614079734,7.670511602892234e-50
685,-0.5107588470111522,6.1182642918340295e-50
686,-0.056817522036130844,4.372383376438642e-50
687,-0.4977752687033479,3.4875636029526937e-50
688,-0.48978410949610357,2.7738892206019364e-50
689,-0.07670038262461967,1.9879984427731093e-50
690,-0.4777882717050814,1.5811862029736192e-50
691,-0.08935007317236329,1.1332088123417416e-50
692,-0.46279473976303,9.01315665350037e-51
693,-0.3690166642449616,7.150370823612401e-51
694,-0.1920120894373799,5.137724621411549e-51
695,-0.10790236491291559,3.6821184028923904e-51
696,-0.09383924462573529,2.6314053344137932e-51
697,-0.4585907744546442,2.0988995426087356e-51
698,-0.10870448150743278,1.499966825749223e-51
699,-0.4388161758902671,1.1964252117755439e-51
700,-0.3789030985079267,9.515958348088047e-52
701,-0.1824370813781928,6.819922813423547e-52
702,-0.3585949163958704,5.42433415736889e-52
703,-0.22334410779685754,4.303264903457729e-52
704,-0.1266070827935079,3.4059550222061635e-52
705,-0.0947075199667068,2.6900441454430186e-52
706,-0.46183695995384527,1.941479511533068e-52
707,-0.09470497542123307,1.5333924140061568e-52
708,-0.4615016662336593,1.1066918585616369e-52
709,-0.40809415489781253,7.9703940167276395e-53
710,-0.29901721483111277,5.726932293758284e-53
711,-0.25207686210151103,4.543323849385173e-53
712,-0.321562900118366,3.264494580749567e-53
713,-0.18765870705558227,2.3396068216318655e-53
714,-0.3679025719186062,1.8608435233917713e-53
715,-0.20153897713762134,1.3336343785007044e-53
716,-0.3546016855543362,1.0607273294213948e-53
717,-0.22233805189143888,7.602049366048642e-54
718,-0.339237879911999,6.046410959534304e-54
719,-0.23519982513569687,4.333358189881876e-54
720,-0.12279745644811121,3.0968102079019747e-54
721,-0.08198511924349362,2.2060992738174153e-54
722,-0.08102366731756218,1.5659836794902285e-54
723,-0.4872770654843157,1.2575317385577725e-54
724,-0.07368464852009746,8.926498469014175e-55
725,-0.09277199524333027,6.3109309349925654e-55
726,-0.108137465426523,4.4413228321924294e-55
727,-0.44816011552297036,3.597388406219137e-55
728,-0.44665899103834483,2.9004737633681337e-55
729,-0.41875486095348124,2.3291671950737557e-55
730,-0.33751292084332524,1.8637347641225743e-55
731,-0.2074654736943226,1.4865790506700153e-55
732,-0.34552806099171085,1.0623754089189709e-55
733,-0.21693490987433506,8.473872233581755e-56
734,-0.06637365932825728,6.73982915339231e-56
735,-0.03114391242263987,5.346881185720054e-56
736,-0.06728251714419356,4.231958114642184e-56
737,-0.4912235508376052,3.047855947890073e-56
738,-0.07371350534200516,2.4123219242989104e-56
739,-0.09621377386206109,1.9052666365455388e-56
740,-0.12202635297457033,1.5018785301755757e-56
741,-0.44009908601716735,1.0860496144968706e-56
742,-0.12154258644679862,8.561083091633326e-57
743,-0.42773363000787573,6.190754315035786e-57
744,-0.3542969232565571,4.468039189593854e-57
745,-0.21345083808732307,3.528884728428277e-57
746,-0.11761874484614855,2.7817398926904566e-57
747,-0.07411003528788353,2.1888867141295023e-57
748,-0.4747923305762569,1.5856612823308773e-57
749,-0.07063876764161207,1.2477201492216697e-57
750,-0.4759299788837825,9.038665724606583e-58
751,-0.2959300060537328,6.536107433819885e-58
752,-0.08577553464305249,4.717290119359894e-58
753,-0.4818153150400187,3.7257446399631784e-58
754,-0.0771843864897289,2.688973300288124e-58
755,-0.47078368738570103,2.1237675883950117e-58
756,-0.09281585812759335,1.5327820054967376e-58
757,-0.45169885052095127,1.2106006195748664e-58
758,-0.18761526632630102,9.54289045051088e-59
759,-0.007569344669510032,7.509079542772678e-59
760,-0.5184889080949018,5.439686129052467e-59
761,-0.2889619984477502,3.9335864417415727e-59
762,-0.033144910517465785,2.838978496476609e-59
763,0.006722846603474161,2.044632121116788e-59
764,-0.02847927279196085,1.4691205602513897e-59
765,-0.07210904190356973,1.0528933038616242e-59
766,-0.09296379275146187,7.52444314168083e-60
767,-0.4608935613725296,6.001755055337226e-60
768,-0.4262634452605434,4.7735914087984404e-60
769,-0.3114365197188074,3.787013811644251e-60
770,-0.2577606937186841,2.72106644280033e-60
771,-0.2882847415458764,2.1586925479825146e-60
772,-0.13362970627859727,1.708565447433251e-60
773,-0.07132804244377582,1.349435459073378e-60
774,-0.47691938975525877,9.739250191731392e-61
775,-0.4161591011124014,7.014207329263192e-61
776,-0.1445403142110558,5.5516160905416866e-61
