t,lambda,delta_s
1,-0.83031711286826,1.1285529602665065
2,0.1773871976058573,1.0504834254057642
3,0.5061647356316255,1.0391432683753006
4,0.09327647042770487,1.0774534649096412
5,0.324117912702118,1.0949697918017745
6,0.08280703342838058,1.0359417633236823
7,0.3346092338649252,0.943204504768724
8,0.3417350813620698,0.8487760246103585
9,0.2416796232869923,0.9161699721515716
10,0.21139185509107447,0.8580788681759519
11,0.3703917982359248,0.9500200390748267
12,0.20243793010636454,0.7252670095547386
13,0.05366575446269392,0.6913015072747
14,0.39374465221757277,0.6314654337939719
15,0.12253337366912442,0.5411794285968806
16,0.26258458730874945,0.5275779710717112
17,0.49973379366672743,0.6375470541967062
18,0.3036571944458551,0.7282972206473955
19,0.3872073598153502,0.6274177306722397
20,0.40894922876457585,0.6338854052206238
21,0.4339692615134652,0.7522557486419912
22,0.3792345742598117,0.588865953340834
23,0.5213094991999442,0.6134328922326326
24,0.43331548569037365,0.7538417776953996
25,0.5965525798608277,0.8596963171279591
26,0.2091861058026318,0.6552330575307433
27,0.32110346144431706,0.745458716967631
28,0.3214978371206387,0.6525229767461915
29,0.48794318782845925,0.6328466094013978
30,0.009563434377703541,0.6916770238926471
31,0.19217937671629629,0.7297589781625666
32,0.4883713704437926,0.7053116642820009
33,0.3749787591109715,0.766734510481261
34,0.43850398306943894,0.8467738790900695
35,0.6234376091990519,0.7520470700720455
36,0.09591295635035227,0.6879121039573256
37,0.7284717146197688,0.7102795489846412
38,0.6852741407751466,0.6827219527201519
39,0.7775267120941339,0.7428754016078932
40,0.7738429441619682,0.6347359833608703
41,0.03286096102437055,0.584585232518935
42,0.45758672116168886,0.6607476684734579
43,0.15031218593914006,0.5139405685004773
44,0.018994757751018127,0.4601710441724373
45,0.22918718825779805,0.6035836846650983
46,0.4987022227515093,0.692532367958281
47,0.5716905483740655,0.6777762256162392
48,0.1306074154870124,0.7840882560213033
49,0.3746423819615731,0.8643650121081246
50,0.6090363580049741,0.8527691755479625
51,0.33501850622295587,0.8111241983586526
52,0.15527065271582366,0.9184273699847081
53,0.6292116347518404,0.9124557718103423
54,0.727895367185359,0.9174441623291331
55,0.5738259852332321,0.8497643700423358
56,0.5707818572154403,0.9456441361441095
57,0.04700043208685177,0.9439399682287705
58,0.0547861865876841,0.8594624037382378
59,0.2901152686001819,0.9589295960763828
60,0.3819892057125857,0.8101636373723937
61,0.5046563559757765,0.8411522499408832
62,-0.016574663283915773,0.8351100894323085
63,0.5440850754993405,0.8983452522916342
64,0.26656661163879825,0.8157302637524434
65,0.5831776346515752,0.8869646824529555
66,0.44621020733872313,0.8866046499276851
67,0.602923174473408,0.9713152346726093
68,0.26831538702190927,1.0085597092220242
69,0.350234102903713,0.9928323891194719
70,0.7564487861198949,0.8823926572042535
71,0.837187071746205,0.9558450188066271
72,0.35506350791854224,0.8003765934304878
73,0.2987580559749811,0.8362518367206974
74,0.3693038423887172,0.8252053078438398
75,0.28938609587715847,0.7567587146827303
76,0.07459787902369243,0.7166099715646055
77,0.06695539823552128,0.5612462146468455
78,0.25624461462728404,0.6840683748612524
79,0.447894223533277,0.513188126137388
80,0.30638905949571177,0.529408638946683
81,0.31923462429941674,0.6265668228267384
82,0.31525379986812185,0.7299997764431662
83,0.29999650369767916,0.7074118954023294
84,0.4409859243028642,0.6876495944853831
85,0.24703293275976426,0.6654448239482627
86,0.43528874456825234,0.5861523167938817
87,0.3597475579301359,0.6015554768625122
88,0.2303173410842682,0.61619898788272
89,0.3061912186542075,0.5540360635053432
90,0.4213811683502966,0.628445266427767
91,0.46280676817493355,0.7563180760040629
92,0.40309784138511007,0.8673813074161851
93,0.1387222334065529,0.6995874801559807
94,0.5054972788191452,0.6308481183766714
95,0.5255466978600147,0.5662307135869613
96,0.5897557063391597,0.6635885684723241
97,0.5565578564090576,0.7129379508328263
98,0.7866299131442914,0.5853013382153246
99,0.5693502639244544,0.6181625928278357
100,0.3270410571612158,0.4001522800226997
101,-0.02732136175021111,0.4143366192489694
102,0.09944263176969778,0.5026272896263713
103,0.27945213055600404,0.3831800923005998
104,0.5194526179037734,0.4929521650903624
105,0.45888775611909327,0.6366840900567422
106,0.0765874195076642,0.4219190961214846
107,-0.2749739794479198,0.46906699712680666
108,0.09495030842355422,0.5546702065670529
109,0.12702485508864703,0.4047532794585829
110,-0.03439804048619838,0.40756667843459954
111,0.0960474464421374,0.34322505905629014
112,-0.12317966791592486,0.347053752827167
113,-0.01619208773704204,0.26540310987379406
114,0.42086780944704894,0.34493449127825704
115,0.25558840900872326,0.2173083555475473
116,0.00924864595312193,0.25553235293419335
117,0.31569546917923413,0.21020370175350953
118,0.02769309375822318,0.2702484011738217
119,0.33305626658907167,0.2448541395905254
120,-0.19544217657516225,0.27221737032539595
121,0.18808460945424754,0.3349622529920346
122,-0.2091265972637067,0.34561422200401787
123,0.43548053747156806,0.444805454476477
124,0.4070304035231237,0.5005014027187993
125,0.19262250639909012,0.5477115774628308
126,0.7035152592544323,0.6018600756152688
127,0.7082838823591939,0.6130701021471656
128,0.9122551748311496,0.6751357384072029
129,0.4821506462433384,0.7749369136953127
130,0.11620624149403268,0.6757277274064996
131,0.23752103547881015,0.6087357120084415
132,0.5582612215644609,0.6841144808374593
133,0.6715348039872411,0.721486301896951
134,0.5131107703614233,0.6901031491937811
135,0.6812326243538669,0.7947009320006387
136,0.41594762145741326,0.8269828418702784
137,0.5493735849547547,0.8604025831899854
138,0.500516090182975,0.9590174265422254
139,0.16063565645396247,0.8952754446372428
140,0.3526938746682152,1.038691945475655
141,0.18410225385020357,0.8653286834838285
142,0.4368465170917312,0.8711514512447541
143,0.43548655575478235,1.0073246283502444
144,0.8495282666577894,0.8503708558862734
145,0.2272596571143921,0.9451265204985836
146,0.1457844489100964,1.0165800623922858
147,0.16547923385974492,1.084649243134639
148,0.6722702894138773,0.9891455781578398
149,0.1887144186052502,0.9147272185753599
150,0.7967904055176614,0.8688121642308502
151,0.6031038589726961,0.9666542415722754
152,0.48099729897259047,0.9293062960977864
153,0.4310055720670471,0.969313979797122
154,0.07371316496935966,0.9559537525056055
155,0.05271200655163503,0.8582977291614055
156,0.3524995919175161,0.8201770274149208
157,0.18209921951859506,0.9214117962589032
158,0.47802487789669734,0.8322176956943306
159,0.028937237002011954,0.9370327329768969
160,0.18588665533594353,0.9680783351071458
161,0.7444385514666876,0.9848468198036537
162,0.21793975416708714,0.8624206438655251
163,0.5196045713719004,0.9575781668747859
164,0.6208414681479324,1.0297249016317607
165,0.32769688358839083,1.0098268963336876
166,0.268620931331912,0.9391290431750758
167,0.4232548077893258,0.9809334770057685
168,0.044407175133348305,0.8695513164023327
169,0.36648656640446625,0.7596199577360905
170,0.22925295958039482,0.8846140358521761
171,0.6578187135883427,0.9436428376105107
172,0.061653848257696466,0.8402568218288524
173,0.2466684108979026,0.7747579342386413
174,0.1999382528596103,0.8544087815176106
175,0.3860374663207338,0.6766472772743005
176,0.5922553536258109,0.8239169124154341
177,0.13369222443460904,0.8859455599377875
178,0.37546253284653536,0.7790062580540518
179,0.3947299069234033,0.6863726729227723
180,0.1977155366522804,0.6432995387451461
181,0.483069164482118,0.683752992494302
182,-0.07084337307290389,0.5316716597183511
183,0.7081904999557169,0.5332905961656287
184,0.07553244450194865,0.3900604893702142
185,0.12298606588739454,0.43875512884836
186,0.1861019190792157,0.49651318354388607
187,0.5254941723830353,0.5519958032229407
188,0.21261769913942272,0.5547944619588581
189,0.31543127150338846,0.6456517849161243
190,0.3630904178351625,0.8124820050053283
191,0.17108039444099638,0.63374535891119
192,0.47932603712186256,0.742587383886258
193,0.3805927149645042,0.6712228664737043
194,0.2545608154006227,0.7255468481465905
195,0.3518885063344912,0.6169784573641313
196,0.47146256742092757,0.7458330939946048
197,0.3429733727778131,0.8002154754103333
198,0.44516607037530215,0.7959197752787679
199,0.4899794036988739,0.8965588824393539
200,0.4899724113391275,1.0161329010376519
201,0.43246613698291486,1.014234255876021
202,0.45604161971958584,1.0013660691497648
203,0.23174737422499384,0.9540626106259309
204,0.298664753348197,0.8931421723291046
205,0.20286420218299633,0.8576913593640103
206,0.22157152895701485,0.7214884744357165
207,0.2664199644974353,0.6777151531661879
208,0.544760183746002,0.7859094968501689
209,0.2862760899341143,0.8189407105065769
210,0.6759919398830794,0.8966081998004232
211,0.3281826842125117,0.7326759446497083
212,0.28855683742709637,0.6702676587669552
213,0.21333986291801998,0.7144471086649397
214,0.41575647424369105,0.8053270050868895
215,0.503868190049965,0.9026054033219368
216,0.5205129317099534,0.9242413448406291
217,0.5768421331891604,0.8712858474718628
218,0.7547237835982119,0.920357727867447
219,0.6775694203579311,0.8354157001756638
220,0.4848668942999108,0.7823112416011562
221,0.7712600337246299,0.8946426793937016
222,0.3240044174282505,0.7704218177274387
223,0.6809783954156952,0.8542855044964952
224,0.07282354016646717,0.8100351067374538
225,0.007822552730214398,0.8906907388398099
226,0.8240716535186332,0.9788661884705844
227,0.20619532572068566,1.1100069346078103
228,0.3112794165005221,1.1866618437256236
229,0.34271840322110514,1.1081790471026374
230,0.2766396218081401,1.1587740292398934
231,0.20103826542497763,1.0232665845207756
232,0.34808090447943413,1.0385938747852366
233,0.08100775321227664,0.8804952187562357
234,0.3096586376232477,0.8367542707697957
235,-0.17616920491544436,0.740516856401664
236,0.23060989833020934,0.6882054523471811
237,-0.043965227672270984,0.5673741169022898
238,0.13750686909804288,0.6119060694522385
239,0.5653759428756029,0.7341731423648187
240,0.6055802817726627,0.8255428715454475
241,0.7082524012618232,0.9202564836077197
242,0.8049931848131462,0.761042597273573
243,0.36531133409226496,0.8123454844503611
244,0.09909684748602655,0.6911377427262931
245,0.07997339543450603,0.7584022662309906
246,0.31791451106242824,0.8487458706697218
247,0.19146214908183504,0.7417587166131342
248,0.41035194537089,0.8464668567295184
249,0.4099164132104359,0.9440842787408398
250,0.4464329735823836,0.9630493511732912
251,0.4161694958058724,0.8567665272528698
252,0.6645168974030565,0.7930532834134718
253,0.16799787678050648,0.8340393260007635
254,0.10898918092446712,0.963679153456354
255,0.05119257671175677,0.9670379394655666
256,0.3443128935189994,0.901923989780665
257,0.39514049034887033,0.9426670144884302
258,0.22225579253448768,0.8400886204027272
259,0.3601103671882589,0.8548721976321934
260,0.270390092340451,0.7488659732116961
261,0.14441554292607536,0.7391108380005392
262,0.5473156332196959,0.6514724049340653
263,0.523481708495955,0.6385080222730244
264,0.3029794153303958,0.7004247583272168
265,0.032212009448503325,0.5919669181519024
266,0.2287779014837618,0.5470195899933981
267,0.26208789508859864,0.5090092763407729
268,0.36746951837169667,0.603472028004165
269,0.3827557750061544,0.7327798959918201
270,0.30014103911093515,0.6588561331934976
271,0.49598163461638856,0.6823635042846196
272,0.29902537870054624,0.5741542892285652
273,0.32178868750591794,0.5539114319381504
274,0.4448882836035273,0.4456826254705679
275,0.3514189208780076,0.3821313779872684
276,0.5852834538688699,0.3866724268991248
277,0.4017673531784239,0.2938356823157426
278,-0.14400141783172019,0.3079227616980244
279,0.08525634791218746,0.33423359287123433
280,0.43717989809261965,0.4231825628895438
281,0.07201464758519215,0.3255250805349388
282,0.1193994669813043,0.31777079604657416
283,0.5611771072813151,0.3965315835146413
284,0.033558138028829725,0.27979195994961054
285,0.29491387619859327,0.315984634915229
286,0.476239195182436,0.41773695761568364
287,0.6101098167649971,0.5237439434796083
288,0.38489249628765454,0.4957214111314351
289,-0.04924083979445009,0.4673255531765451
290,0.29678786816484043,0.5539166498029475
291,0.5262090343960532,0.6981664204555661
292,0.08154689713646188,0.5813441263741748
293,0.7154599018603447,0.6759513076840724
294,0.7658249774661587,0.7894004939576793
295,0.5904725618519939,0.6936469081802211
296,0.39308311711934796,0.6582652816585819
297,0.24163448150125186,0.5916835686177095
298,0.18541568218709975,0.6552588180859372
299,0.11124181915852648,0.44812272693168365
300,0.2660114500631472,0.5487578701244464
301,0.0991749271802749,0.6409576185720168
302,0.27570442605979745,0.7355025993549098
303,0.21713422552546388,0.6022866375161531
304,0.5189551688170395,0.7073632487437025
305,-0.25360608258377926,0.5978983331162441
306,0.22120357808860092,0.766435296821103
307,0.22778446656836615,0.8771675488829562
308,-0.1457046192304826,0.7490032316464251
309,0.24918273884881575,0.8060558528894313
310,0.46223998404914624,0.6999947453171373
311,0.0860490288669111,0.668816443225362
312,0.27036005107575267,0.711192284261158
313,0.23346308368283133,0.8033672560791238
314,0.19860866592810542,0.722018008226886
315,0.2770847969950683,0.7392415084657759
316,0.20163621794199887,0.6410284742004478
317,0.5905376115931337,0.8027195701269209
318,0.6693454560177853,0.8726301955681434
319,0.8043987577407464,0.9534234569959407
320,0.00339971407076751,0.9049008591745641
321,0.40102381124666525,0.9551370903565862
322,0.3064904780175628,0.8634930959692575
323,0.5439347014829008,0.8795837340259189
324,0.6008655566511134,0.9049331748581699
325,0.31697666860940893,0.7647150685861388
326,0.18061833177149986,0.8948490837394399
327,0.5612901144656327,0.676225200642673
328,0.2721267240852991,0.7186982303852928
329,0.26495978789763625,0.8260927726394423
330,0.2681222825250271,0.6541979652092946
331,-0.04453819197314418,0.6066276095543078
332,0.434791185226439,0.7404304969092544
333,0.4105787825711807,0.8737212666187425
334,0.46391592222624267,0.7892152468267739
335,0.015750294631888043,0.6246193641449548
336,0.5719519801653781,0.7003481683643961
337,0.37686057371660403,0.7819579091879418
338,0.40724360380428093,0.8331142994893916
339,0.3408428470030119,0.784243397902406
340,0.7140009533884661,0.8221402854368003
341,0.529595869365394,0.8871135880743629
342,0.4764463328725684,0.9647698354825542
343,0.6726827288263216,1.0556239640245126
344,0.529284300834707,1.1396200288393659
345,0.42105020165181367,1.0709556396224564
346,0.1840382525586206,1.038635627427377
347,0.436675163629064,1.045115120184727
348,0.5611200185196478,1.0255143021092497
349,0.42738812966372874,1.0490254277298303
350,0.11547877458398569,0.9833161708060238
351,0.10366284226730041,0.862406909850324
352,0.43845385582051244,0.8950514995797207
353,0.27030470774616433,0.8779179055865768
354,0.35830053339810947,0.9933259271593291
355,0.47195441861555665,1.091826661095423
356,0.35465441017780924,0.9075761907495028
357,0.414517584195475,0.9126808980191455
358,0.545291017862361,0.7636531359099041
359,0.28256412828756416,0.8670146936802098
360,0.44933086129511646,0.8524604003821346
361,0.3015285819695483,0.9802165086774817
362,0.11328436930837851,0.9184465035229727
363,0.24628439179804437,0.8778687378432077
364,0.210430251779657,0.85761959840925
365,0.22856057733226154,0.7018265136934085
366,0.3114882509398667,0.6195270377028472
367,0.40883973444676,0.5983105339614281
368,0.48720386982558306,0.6918110028414277
369,0.46636849035071154,0.7579179071246132
370,0.1409455393859393,0.6727159025350021
371,0.5224932505963774,0.6868881977139855
372,0.608976424189583,0.7244853902516899
373,0.42426790801939623,0.814423317451756
374,-0.05556512051983576,0.6298982802450687
375,0.2827286804784864,0.621879617831904
376,0.14317558786484103,0.6180751500259642
377,0.23423851665757192,0.45716874486435044
378,0.3787832786227503,0.4370311884116228
379,0.48596929807580747,0.4995188546536983
380,0.5513235675115572,0.595120417165106
381,0.7496212465432678,0.6657873853584264
382,0.095543597104382,0.5657008139380008
383,0.6418764789445304,0.5276657860000213
384,-0.24337841357237902,0.40360977558069405
385,0.26275035796490964,0.4733900009103045
386,0.3096836799771105,0.5311237099548747
387,0.036687864575461575,0.473321329681098
388,0.30064767631604805,0.524816384347996
389,0.24793450828302604,0.6557029943184954
390,0.034146265685694586,0.7935851893858015
391,0.3696822239257963,0.7643454879031473
392,0.49405114006329526,0.7658672957056933
393,0.547305717429859,0.8553260615613152
394,0.43582759378750124,0.8961385210141021
395,0.34883048224933216,0.8056008817119592
396,0.5011015730190849,0.8952514916936214
397,0.4844891808378169,1.0452103700438722
398,0.3209740144526226,0.9922031765768388
399,0.26242891927513323,0.9565746728022697
400,0.18934295569971551,1.0050775544461144
401,0.13318209829986496,0.9327038366795952
402,0.18519821783453577,0.8373147215098862
403,0.057150604124377835,0.8926811792088523
404,0.49616061431712866,0.8270316639056492
405,0.3191338195394861,0.7964924077835037
406,0.2884911074235818,0.8319422774421023
407,0.474949165593226,0.9207762980033277
408,0.3831414015964422,0.9811336563767434
409,0.402930480547843,0.9969254251069863
410,0.4748009391432162,0.8543049341412315
411,0.968857621925975,0.8755822276021554
412,0.01681066494844451,0.7613351914170329
413,0.6472239418047724,0.7723683437324627
414,0.7469286649623725,0.9213491333613159
415,0.35132533857018405,1.0651658930325012
416,0.2202369669747175,0.8781205176948138
417,0.6286558296535093,0.806195382379126
418,0.4906861706653977,0.6512435270333385
419,0.22259995778504715,0.5720225082934993
420,0.28672173501094,0.5124243784140056
421,0.15899826350448923,0.5082228567556147
422,0.19890679283315782,0.6255849729556794
423,0.033070759933590994,0.7046506285305612
424,0.4623873045084921,0.5774806546377926
425,0.39541217592246547,0.5457069753645982
426,0.3798882561391835,0.661483237016366
427,-0.05273922298360987,0.46806762803155916
428,0.4393725406827735,0.49029198721336603
429,0.6030646323038807,0.612571619110601
430,-0.21023543440911838,0.3933217535872902
431,0.13056501811663426,0.451867112200697
432,0.3730070667279889,0.46024340401510533
433,-0.055206467770280425,0.3879184441095199
434,-0.0016247193931877445,0.3341710743025085
435,0.18485092386394963,0.3844267145940895
436,0.1128097220417565,0.2551288273738324
437,0.032126045235703594,0.2548239752017994
438,0.4322122073503079,0.3138362052877905
439,-0.025606591126825864,0.2064952117284236
440,0.13434394956950355,0.20428663810265876
441,0.170387173157343,0.2507103132597363
442,-0.15438743600470964,0.1545968364382196
443,-0.039117152095417024,0.1691469558272513
444,0.42646554943376336,0.21145596446646017
445,0.0553774049503915,0.14731895777120108
446,0.12850431505200818,0.1703910648664708
447,0.3923498544655446,0.19703833411599023
448,0.1041258279192786,0.12847150125701257
449,-0.28219416489294263,0.1315721198682206
450,-0.040898492140307274,0.12154811556933896
451,0.4376766499150542,0.1469914999119638
452,0.09214499375395357,0.1075545554324145
453,0.35466644408192927,0.10949462758292489
454,0.4651016568832432,0.1309521822809051
455,-0.4065605182181767,0.0803651318668756
456,0.11790423751583938,0.10157197217571397
457,0.3465079036337892,0.1199235784396891
458,0.5280750211311205,0.1282346274260768
459,-0.27250845197623597,0.08456558829289726
460,0.21365771362208355,0.08741243795808304
461,0.3679900924226849,0.1035794047634754
462,-0.5348897020024529,0.054786447539288484
463,0.13832461621261552,0.06180639864589481
464,0.25119480082082196,0.07158960969610917
465,-0.5014694260310489,0.03961158010071633
466,-0.1906336387337934,0.03248894333487174
467,-0.3191507263844102,0.02333658686039446
468,-0.23213237051658125,0.01879549852224753
469,-0.31529256222188945,0.01308169222482123
470,-0.22182785260805685,0.01088017878842791
471,0.06258586324447853,0.012221688345764994
472,-0.6198021294796896,0.006254946024811556
473,0.06655205834389534,0.006958376132382781
474,0.05936092094520555,0.007239277231560375
475,-0.005149122952035222,0.007175588012810647
476,-0.5466897274715719,0.004178898112289592
477,-0.5833040330221458,0.0024464215975474666
478,-0.5244150877944218,0.0014478733290015165
479,-0.22580735817786857,0.0011559548684870163
480,0.01171520890054587,0.0011990401782917375
481,-0.5783757473237006,0.0006606744646202029
482,-0.33382317726907634,0.0004775975831583767
483,-0.015045854262572518,0.00046314912316807686
484,0.0462445397531096,0.00045269991605350793
485,-0.6171877266450172,0.0002643107390999597
486,0.061610631073421754,0.00025804351023294607
487,0.014959740576924521,0.00025355631357290077
488,-0.585555075944945,0.00014715967250892507
489,-0.657613257574574,8.615130795292226e-5
490,-0.5611579953818563,5.108852270913628e-5
491,-0.0653321172452537,4.062888652431511e-5
492,-0.48138161135604773,2.9121172632191065e-5
493,-0.07021816536762175,2.315887786503532e-5
494,0.12310832655362675,2.390429146140001e-5
495,0.04783395623523223,2.4065086020023465e-5
496,-0.6004425615780277,1.3625936717163025e-5
497,-0.6524133373597201,7.526063468079008e-6
498,-0.4937242960537849,5.39569814344127e-6
499,-0.036985301274313924,5.186443686512184e-6
500,0.09280553026441492,5.049392858341152e-6
501,-0.6584546944782923,2.9564532268790812e-6
502,0.1013161987588865,2.8782805461248437e-6
503,0.03677687644576865,2.8270548954854515e-6
504,-0.6003395726502043,1.6406989271701488e-6
505,0.044028208999884695,1.6114935608026714e-6
506,-0.6055695942889512,9.352421776730482e-7
507,0.04698112546824305,9.185922598317722e-7
508,-0.6086062686083582,5.331125285161097e-7
509,0.0520070721885441,5.236207443435322e-7
510,-0.6114486598646798,3.038877112918983e-7
511,0.056030265645417895,2.9847696948201297e-7
512,0.002496047229690564,2.831436151282345e-7
513,-0.0435514125657987,2.5863579616670835e-7
514,-0.08410214271121047,2.295464113495047e-7
515,-0.1151958577464077,1.9935315828479407e-7
516,-0.44610221418957674,1.308471849329804e-7
517,-0.4778094561992854,8.403812055149084e-8
518,-0.07747730443937742,7.458617213154588e-8
519,-0.48410951400502755,4.7903828693160494e-8
520,-0.07413061398880989,4.251598313734249e-8
521,-0.4806700314407855,2.730637980028593e-8
522,-0.4960914283045672,1.7040255304996038e-8
523,-0.45865414749933925,1.0239403569078215e-8
524,-0.0966794165341655,9.713371586627234e-9
525,-0.04583156143473756,8.872621232361699e-9
526,-0.5132684291533166,5.536864637477979e-9
527,-0.040672248226455675,5.057615938347216e-9
528,-0.523157348258583,3.156151263679647e-9
529,-0.43566889283863747,1.8965154004244592e-9
530,-0.208011156984804,1.1006734712595277e-9
531,-0.35532887801458723,1.0810611904396793e-9
532,-0.11449471317925981,1.0255234968539816e-9
533,-0.01519462181234475,9.367583147648733e-10
534,-0.5417789369373113,5.845740315883489e-10
535,-0.013455117114737751,5.339756582613625e-10
536,-0.5448355380995207,3.3322181245172897e-10
537,-0.010522656782690893,3.043794745638835e-10
538,-0.5474906116071396,1.8994476367385354e-10
539,-0.4331194387520927,1.141368525520338e-10
540,-0.1705165913891479,6.624117512992854e-11
541,-0.392588579296813,6.506085937330159e-11
542,-0.11926313992239834,6.171846725482931e-11
543,-0.0021677455542226105,5.6376365312937915e-11
544,-0.01897031010743504,5.0035596935060073e-11
545,-0.5362212718077536,3.21359376382337e-11
546,-0.023102588726623963,2.85215411426095e-11
547,-0.5263720288199737,1.831828785257025e-11
548,-0.5232005495626189,1.1431332099350196e-11
549,-0.4019756930906584,6.869029931885389e-12
550,-0.15343630000362068,6.5161450799118605e-12
551,-0.4054989230536545,3.915518786941254e-12
552,-0.1455718684933007,3.714365599169028e-12
553,-0.4050384901703017,2.231943596535039e-12
554,-0.14952884810575878,2.1172812506641896e-12
555,-0.0111953148896948,1.9340179130553475e-12
556,-0.018185881828028064,1.7164948506247042e-12
557,-0.05227088789876893,1.4907170859741075e-12
558,-0.5043868221679679,9.78444977227587e-13
559,-0.5063789578699264,6.28417540671773e-13
560,-0.4266693331485243,3.9215726176979693e-13
561,-0.2427626168956721,2.3564532512619693e-13
562,-0.3237635822084192,2.235394431403102e-13
563,-0.14245195422757628,2.041907692568526e-13
564,-0.4007909721523643,1.2742307107606932e-13
565,-0.2033469849424863,7.656788217259974e-14
566,-0.07367340088340013,4.4437413426043596e-14
567,-0.046763137001684725,2.6020332536344812e-14
568,-0.06747096513464317,1.543328811849e-14
569,-0.49286065657970163,1.483224005402992e-14
570,-0.057879316205783175,8.797360059742244e-15
571,-0.07528300483060232,6.995466011559063e-15
572,-0.4794367938062091,5.014715168054641e-15
573,-0.08317969717409782,3.987590513238932e-15
574,-0.4679635139691244,2.858513013670369e-15
575,-0.09221002658936363,2.2730262823090145e-15
576,-0.07634936008518804,2.3456168385034514e-15
577,-0.48657505770509346,1.2956818065732001e-15
578,-0.0649398971705755,1.337060238367927e-15
579,-0.49683009008920054,7.38571021791891e-16
580,-0.42530077380887044,5.294462584116067e-16
581,-0.12662947632304633,4.210039466969224e-16
582,-0.41646203545148425,3.0179760345107633e-16
583,-0.17311985470348507,2.900441220140536e-16
584,-0.022874524806336102,2.823539718483352e-16
585,-0.5462649160209411,1.65332400651061e-16
586,-0.009137206026492232,1.6094882280284727e-16
587,-0.5274342853093533,9.424360168112106e-17
588,-0.026598180824249546,9.1744852718193e-17
589,0.0001738376853078289,9.011010048832574e-17
590,-0.0365971568510899,8.548084573151236e-17
591,-0.07162361646415434,7.8081968002779e-17
592,-0.09970204956248904,6.929992483444253e-17
593,-0.442839838829362,4.450867381078411e-17
594,-0.36408003719165616,2.777516303569725e-17
595,-0.19951450955106553,1.6689955693914755e-17
596,-0.08302261237142676,9.68628673261486e-18
597,-0.06361541588459285,5.671806308989897e-18
598,-0.4679975253715658,5.521425594758785e-18
599,-0.09432709126828238,3.2330713912819663e-18
600,-0.08368347336655799,1.9176127829883215e-18
601,-0.46217907245002815,1.8429315198155027e-18
602,-0.4068463343694284,1.794068539817471e-18
603,-0.15440098149685388,1.050517039582832e-18
604,-0.39227634513136495,1.0226639194094538e-18
605,-0.16419726205287233,5.988209754882039e-19
606,-0.36583308648195567,5.82944000661374e-19
607,-0.1863148093094219,3.413429265526636e-19
608,-0.061865920169609206,2.0245873973122686e-19
609,-0.4906715099097369,1.94574001708182e-19
610,-0.07316900246099874,1.1540654311529262e-19
611,-0.4759413945504905,1.1091204532370644e-19
612,-0.31536679186096506,1.0797135382544848e-19
613,-0.11485011406613747,1.0604747029194796e-19
614,-0.038980002572564905,1.0059945998415085e-19
615,-0.05703930839125982,9.189197589657889e-20
616,-0.4818688333863129,5.734420717746557e-20
617,-0.08626113781636613,5.238072356044737e-20
618,-0.09179210766582183,4.648935341106569e-20
619,-0.45616922974467694,2.9858321947544014e-20
620,-0.11179844374692775,2.6500093678142715e-20
621,-0.43267791183412285,1.7019989968148776e-20
622,-0.1316956214849731,1.51057158988833e-20
623,-0.09645549842806925,1.3118797751197486e-20
624,-0.4548317340242477,8.610635705260954e-21
625,-0.1019949420610279,7.47804268812635e-21
626,-0.44651212068860774,4.908277617891375e-21
627,-0.2993321594296887,3.152397754967305e-21
628,-0.26407468367868925,2.7978409491385315e-21
629,-0.27690604209637737,1.7969455302752376e-21
630,-0.2848029780168031,1.594839287032691e-21
631,-0.08304545386352964,1.3850633887396603e-21
632,-0.4639675120340742,9.090982645908096e-22
633,-0.20581024176065618,5.838788168571287e-22
634,-0.011537680935937324,3.6436334634997446e-22
635,-0.5455209529709606,3.328255225789847e-22
636,-0.3501115434855139,2.953919360342813e-22
637,-0.0688191771639842,2.5653779616329724e-22
638,0.022152615037418714,2.190915151898304e-22
639,-0.5760398176235136,1.4623295725798349e-22
640,0.018756593509807427,1.2488764094608311e-22
641,-0.5693978221326039,8.335644146098206e-23
642,0.012555750686198904,7.118907753029098e-23
643,0.014288376189950784,5.99965761131458e-23
644,-0.023445646550928696,5.002390975440492e-23
645,-0.05418709818331601,4.1341335813267085e-23
646,-0.0735807236341615,3.3913281890579497e-23
647,-0.4882550171224654,2.3565594946957575e-23
648,-0.46751753861622336,1.6254193991899106e-23
649,-0.08920110878128941,1.3432978259639486e-23
650,-0.04706861545214143,1.1019391835978962e-23
651,-0.5101105617235413,7.657133432451e-24
652,-0.40263379386416437,5.281450882655659e-24
653,-0.1645171612964364,3.610738053790843e-24
654,-0.031281764566600256,2.4421750212146413e-24
655,-0.028151259743270516,1.6300333455833084e-24
656,-0.06652143167743547,1.069886402125868e-24
657,-0.46953259171030826,9.291597578161255e-25
658,-0.10380794629205402,6.098619963717976e-25
659,-0.4392011983217092,5.296442909491368e-25
660,-0.3723581387728133,4.52333231013745e-25
661,-0.18980146388044838,3.019104869482818e-25
662,-0.12501778254795476,1.9816154406925736e-25
663,-0.4181267283014557,1.7209652532269435e-25
664,-0.1511887531506387,1.1295703415807844e-25
665,-0.10414793661505067,7.254795441678137e-26
666,-0.44391253982689804,6.438833339595867e-26
667,-0.31597852921319075,5.591906593587541e-26
668,-0.15894798905959898,4.7756677835075995e-26
669,-0.07569435602275698,4.0248269201465043e-26
670,-0.47532626657360577,2.7222500282939185e-26
671,-0.08890492526236017,2.2942519651565118e-26
672,-0.07167837861886907,1.9129000468696563e-26
673,-0.08438505291280837,1.5808808948182854e-26
674,-0.10405159958538011,1.2968342306007166e-26
675,-0.1244754379111188,1.0571401112335125e-26
676,-0.1469367907681669,8.570913077162272e-27
677,-0.4101799162401493,6.025962919058829e-27
678,-0.15481790707250911,4.885634726809423e-27
679,-0.40275577842631005,3.434949512936509e-27
680,-0.16119068240276332,2.784933935149541e-27
681,-0.16287687180254717,2.24731925099802e-27
682,-0.16275516788045047,1.8060184956577857e-27
683,-0.39774639738621337,1.2810281560501466e-27
684,-0.38456164802278203,9.049044078878213e-28
685,-0.3470224586629866,6.362123099526633e-28
686,-0.28468826233959393,4.448851248678668e-28
687,-0.27947217057330465,3.6265692198076684e-28
688,-0.21644451756763292,2.9402923246394326e-28
689,-0.3313382577369481,2.0672351195208664e-28
690,-0.23040241812229503,1.6760401323525924e-28
691,-0.32300764680325417,1.1783756990048818e-28
692,-0.24587832064586998,9.553847764442864e-29
693,-0.17112651845679008,7.70953512797924e-29
694,-0.3827428724487491,5.445932071926544e-29
695,-0.2922658853846585,3.8288784905059267e-29
696,-0.19579713287389197,2.677425536578126e-29
697,-0.13728862351144527,1.8604842167507048e-29
698,-0.1330692759429978,1.2832551627064534e-29
699,-0.13948829361299303,8.773154104157646e-30
700,-0.4233538302803227,7.314875241217462e-30
701,-0.4073157781171853,6.0452434698528394e-30
702,-0.16309180658906883,4.169661759374984e-30
703,-0.3937035922820526,3.445939908902865e-30
704,-0.1805250192250523,2.3768114443877244e-30
705,-0.15991426692519237,1.624940517220345e-30
706,-0.38313096362994487,1.3548419435871126e-30
707,-0.34018691264900425,1.1196840878436568e-30
708,-0.23235500383485364,7.72293778893244e-31
709,-0.1819249913264564,5.279894858652187e-31
710,-0.1467918308625235,3.571133421019665e-31
711,-0.4076196094490956,3.0096720668032133e-31
712,-0.16081650197621578,2.0356353283167343e-31
713,-0.138679977213461,1.358687823673418e-31
714,-0.425336607515506,1.1603630280237468e-31
715,-0.1407377336563557,7.744860266894399e-32
716,-0.13657542065368328,5.083405629932091e-32
717,-0.1407896873819366,3.264875735018119e-32
718,-0.14774747977882713,2.0374108700009945e-32
719,-0.4050056951985353,1.8610607908537035e-32
720,-0.38546237785422804,1.6517433694025185e-32
721,-0.1797007295765116,1.0608511773063826e-32
722,-0.1655719622628786,6.620128591465e-33
723,-0.15931957357136178,3.978001955832462e-33
724,-0.15654501070953938,2.3086980141681816e-33
725,-0.16004878020635138,1.3518583874066898e-33
726,-0.3985355925972806,1.3160155855262177e-33
727,-0.37892945373974946,1.2925662109919589e-33
728,-0.185906872960767,7.501617841395821e-34
729,-0.15922222739584263,4.3925731887738605e-34
730,-0.39981196455057455,4.276109710041654e-34
731,-0.16577031093599287,2.50387653193082e-34
732,-0.13115079913695774,1.4851096878349937e-34
733,-0.4206098653875554,1.427272220113865e-34
734,-0.12926682665070047,8.465496498081421e-35
735,-0.4173488671907499,8.135808472704062e-35
736,-0.13130409556007877,4.825544641318862e-35
737,-0.08372785631578228,3.8371662972033713e-35
738,-0.46008608900492143,2.750681084167784e-35
739,-0.36764327049819406,2.643556048407902e-35
740,-0.2041671525348106,1.567956985002741e-35
741,-0.08653672722220966,1.2468046915990742e-35
742,-0.4525820761159544,8.937746803761876e-36
743,-0.3048970500659854,8.589667031273294e-36
744,-0.127368018339554,8.361922959490926e-36
745,-0.43206166251798406,4.896324949501561e-36
746,-0.2764095060922564,2.904128667912232e-36
747,-0.11178300573384686,2.3092988409717188e-36
748,-0.06391119274864335,2.383047784655262e-36
749,-0.49384296953563567,1.3163580718249043e-36
750,-0.07032617641334311,1.3583968134481159e-36
751,-0.06500653776977375,1.367452409141058e-36
752,-0.0813951852867207,1.3029455228843672e-36
753,-0.4770476661715725,7.794820595206315e-37
754,-0.4563064223615651,4.413818398474741e-37
755,-0.35627039009050765,2.4381237815766293e-37
756,-0.22306127048423152,2.5159868325905644e-37
757,-0.33684166075303096,1.3897915085932175e-37
758,-0.20788367507690889,9.962750940480701e-38
759,-0.36889561300084467,7.922159046858491e-38
760,-0.2708889566090129,8.175158291058948e-38
761,-0.2900708044649987,4.515828710685512e-38
762,-0.26982966686704263,4.660044604860877e-38
763,-0.29223762068046233,2.5741352608085086e-38
764,-0.20651203038484478,1.8452745129018305e-38
765,-0.15999545177067873,1.773410457370575e-38
766,-0.3988605287819779,1.0518526042168661e-38
767,-0.33062517959850635,8.364099107004521e-39
768,-0.24163291868665399,8.631211991254048e-39
769,-0.3185779255840275,4.767745593470252e-39
770,-0.2560844459637309,3.417768895666878e-39
771,-0.18866598259223968,3.2846641830650906e-39
772,-0.15145362350938785,3.197575499328525e-39
773,-0.4069775269057412,1.872340700951678e-39
774,-0.14613144418048168,1.822697974004743e-39
775,-0.41531966578062407,1.0672810080599806e-39
776,-0.13709445797997305,1.0389834126320536e-39
