t,lambda,delta_s
1,-0.30931729697557864,1.1574636519757568
2,0.1561229445295828,0.9846307937469327
3,0.6001070577274789,1.0399812421437318
4,0.1821758382447013,1.0327773020674802
5,0.4578337545676172,1.0656866373002696
6,0.32891402645274376,1.1658218558797204
7,0.47437385651151526,0.9650539994262987
8,0.167374141890161,0.9426803583364746
9,0.3789009948815272,0.7750927087060794
10,0.7006584659115335,0.8816453206200862
11,0.21937723328795614,0.9128332603199885
12,0.3950736990130115,1.0141206582615419
13,0.23184419648575,0.8856853763328072
14,0.006258367067018003,0.7865868514020071
15,0.09250579108416553,0.6998976326043165
16,0.37867501407620824,0.6190913556449471
17,0.350286622175898,0.5100244438124992
18,0.44606656869542155,0.6067722781642226
19,0.1354300078334425,0.5205226120805735
20,0.5142917357892498,0.5667154314909241
21,0.4015360716796155,0.47424139802483467
22,0.5450728411825326,0.4916868668731495
23,0.28148730598174987,0.4559866257564493
24,0.4468488948963749,0.5649037160189689
25,0.5320435904851131,0.6359662724722153
26,0.28916715230888534,0.6497239669786966
27,0.42842353491204815,0.7731616606733382
28,0.11037056727725318,0.843939423009461
29,0.355816528222321,0.9718354766262952
30,0.5101026316665201,0.8609073607749284
31,0.28536765916704376,0.8680724076630051
32,0.3525107395680364,0.7426598024001422
33,0.12554068213695113,0.7237941694295084
34,0.06206236301989763,0.6584242076296322
35,0.08166607306171064,0.667866866368532
36,0.44855391700418973,0.6824379416893596
37,0.8152318515867127,0.6013594235469074
38,0.5699529599593153,0.6709943775376873
39,0.3855940422050355,0.7704298130243282
40,0.3479492380230508,0.8955110392778038
41,0.46676170592769506,0.8712113932008517
42,0.35059038028106576,0.7427341436227851
43,0.6502405667004764,0.8328789192647327
44,0.34065530064388305,0.9548852012691923
45,0.42519546079091197,1.1327639357208403
46,0.21094236709193823,1.163718373839502
47,0.13359561641250411,1.0581921425950056
48,0.36158605603849164,0.9173821902470327
49,0.6244681816407772,0.9777021725359695
50,0.5673096572397079,1.1144474530668786
51,0.9685479997063511,0.9823048399056171
52,0.48996594793847176,0.9778466373319278
53,0.32851526783953483,0.9574068791186786
54,0.30497563531720345,0.8937775683297986
55,0.38940886950145903,0.9279941932127465
56,0.4165293142493969,1.0479501771497153
57,0.3294989330884894,1.1432641140942548
58,0.10708228274817204,1.0250268573476926
59,0.1030395902452482,0.9883606350552756
60,0.6710823294236021,1.0570183420596109
61,0.5626002889981739,1.088768303596328
62,0.5818213293520005,1.0952219852591834
63,0.05576303584287477,0.9318881514802696
64,0.5356011812571164,1.013267515840883
65,0.5040134823972573,1.1310637569302189
66,0.2465984250357444,0.9351436394442989
67,0.6985511928574859,0.9806278437490029
68,0.7146239356360207,1.0281426477554358
69,0.6667119983917396,0.9083396726423003
70,0.8340630774601225,0.8657434747022053
71,0.07446638043140523,0.8455279269264395
72,0.5258914787823087,0.8075739296190354
73,-0.07015454003369347,0.7202810575635245
74,0.2918057435177115,0.6362906544305538
75,0.6055394671228955,0.7808625729794096
76,0.49452215139241124,0.91040370066315
77,0.39410479733419324,0.9673216722073957
78,0.4147774498770871,1.0047666027686142
79,0.4390495722499453,1.0413518950965788
80,0.35965603368930393,1.0456872698861173
81,0.39021809877545993,1.125450550511957
82,0.53876119695972,0.9704045427308472
83,0.3517926981947387,0.9313872273141733
84,-0.001464904960442963,0.8081680677251114
85,0.27186946597729955,0.7401661508445766
86,-0.2255586840793931,0.6422308685704051
87,0.2216922979589638,0.5383256768456334
88,0.049553902659162444,0.4862279695579887
89,0.12543702802908782,0.5675963898298353
90,0.24161515574266262,0.4335871376131683
91,0.20452723010425516,0.48427288092214776
92,0.3214417103922747,0.6167978044019179
93,0.8573889069622362,0.5220222747756886
94,0.46128313446351554,0.5429864284116088
95,0.6885376326437732,0.639672468101377
96,0.24909550242836134,0.7667758283856697
97,0.7679669928804626,0.5925952038282598
98,0.23445300628965285,0.6938640071863429
99,0.20964248880082686,0.8159986261489849
100,0.4461341862633158,0.7897676882717516
101,0.28059356919950085,0.8098657632146395
102,0.5831984251097648,0.7613184437980943
103,0.5928244794471861,0.8656422303522239
104,0.6709251110764828,0.8458839841392786
105,0.3483627619559574,0.706622350999768
106,0.9657875433554981,0.790011007651886
107,0.3348367252038769,0.7079447717990527
108,0.2152033891746181,0.7800820786753968
109,0.21421235359549126,0.8838708318992047
110,0.49500432994190535,0.9532639578076928
111,0.5987477737423662,0.9835994500291828
112,-0.026575364796400075,0.9435849208398074
113,0.4770879163336596,0.9143444875551157
114,0.3852340560705575,0.7989784445705768
115,0.41091460695091886,0.9082071877994716
116,-0.03891359657721961,0.7577780282561248
117,0.26183643601330836,0.6827161744487378
118,-0.0965447403315257,0.6144994293445691
119,0.17319646362354973,0.4512724350424217
120,0.11041594316143112,0.4688148271104716
121,0.6010530114188952,0.6091264827335222
122,0.20890082449994038,0.6959280662161651
123,0.23628576991907813,0.5072318397385164
124,0.04749126970530986,0.5167453781027493
125,0.15286008511391838,0.4185309754460671
126,0.5120140326020429,0.48764795938555394
127,-0.13248150462250316,0.3604199493394128
128,0.31646690696864166,0.467466315070528
129,0.35480400105511306,0.6054773590266448
130,0.725039210557394,0.7022647957398248
131,0.6233024809351198,0.769682354979491
132,0.3712621932505186,0.7954326770028533
133,0.3200270490020822,0.8673378498696637
134,0.21200780322994872,0.7917897093086675
135,0.35974887295591834,0.7741059100170575
136,0.2583847587326265,0.8511944707081999
137,0.3229144726252109,0.7367685917513442
138,0.40958566257878126,0.716491325309972
139,0.24938017688198477,0.712693638681453
140,0.30087106714928163,0.7511075231743052
141,0.30916499137443687,0.795714115508344
142,0.1273322507781854,0.6937606039450819
143,0.2594867505426428,0.6807620246983894
144,0.4283145724198731,0.7700583517776185
145,0.5201175982910009,0.8251717456705414
146,0.4386881005406176,0.9225378005847535
147,0.19526046983164222,0.816744382249317
148,0.1746925862554128,0.78830660266241
149,0.6168859670781035,0.9051678094602353
150,0.39733052219132353,0.8435429199616523
151,0.5585921428199031,0.8851240992481659
152,-0.0659374782685928,0.6797797120889623
153,0.40203383319805064,0.7994021167315072
154,0.440220841296451,0.8628221601472295
155,0.769956535075777,0.9850168910204793
156,0.9105998631073092,1.0674993566260538
157,0.4969532155845127,0.9935699844718926
158,0.3409381191824281,1.067747152844591
159,0.5257244723912174,1.0843736163980808
160,0.43768867670387523,1.1327301288411533
161,0.01750270712832071,1.1226947508945668
162,0.29696758917977434,1.0260802915306582
163,0.4583289160655732,1.0285878649432563
164,0.3653577645658971,0.9637211757818822
165,0.5155598979138784,1.0882890672803516
166,0.2402727475341171,0.9366913203099683
167,0.5700797049738915,0.8552164293060853
168,-0.000504304573958919,0.7823021101094696
169,0.22922850748805526,0.6256046702620894
170,0.25727050625039155,0.6019011009677486
171,0.28277315236215844,0.5696470614848774
172,0.39300616330172505,0.6489741533611224
173,-0.09758971528335646,0.5634270683234889
174,0.18505095108416403,0.5658681469171428
175,0.36255383299324145,0.6227444223128551
176,0.39541002589529706,0.7128738675260801
177,0.5167668881535418,0.7209129331762425
178,0.21085948592683249,0.5980880542815424
179,0.27003497233375773,0.6320423864499484
180,0.44291157639662615,0.7181265912799641
181,-0.02490509822224625,0.6171002320198586
182,0.23113842954191752,0.6256933017553514
183,-0.24169616271440664,0.5073295622047209
184,0.2837676291927136,0.5108845887809065
185,-0.33680009572026853,0.4004254264292741
186,0.080931794397623,0.44300566775352224
187,0.32359684298356367,0.4991601769390653
188,-0.2786261599258163,0.3830980500486986
189,0.20405686651036398,0.3936181517856814
190,0.3270738204150756,0.4334569400562929
191,0.24745685026227876,0.45340286372433997
192,-0.011934065349944806,0.33860558922542616
193,0.4089187799121051,0.36321647247541194
194,0.1746905211214073,0.35779545373887117
195,0.6508679993711015,0.35828795679828584
196,0.5579681488841328,0.4048796015461044
197,0.2796058750842923,0.4334877788531148
198,0.2600270064580524,0.5007443065148668
199,0.220693157992484,0.6082553842959655
200,0.18249820460771857,0.6765686421353303
201,0.20591123338828804,0.6053175663334704
202,0.11845018161502771,0.593669749200312
203,0.04808599070353611,0.5320925442118785
204,0.4735249609741902,0.6373554071292472
205,0.6813190346945386,0.8007456055875641
206,0.5110489376834592,0.652513609585347
207,0.43438066585302393,0.7129858502271973
208,0.7199092735077083,0.6796415990596377
209,0.5924656782548507,0.821132946874295
210,0.4900581268448048,0.8935857198615338
211,0.26463075099566286,0.8756660287051877
212,0.6198663104413039,0.8756926810503992
213,0.451326628158945,0.9769453332095905
214,0.4510068096060898,1.0141815503513611
215,0.7259714092112066,1.0503226188534636
216,0.5725430206355171,1.0894519318449234
217,0.3189972364736343,0.9008801199975921
218,0.2524614971852124,0.9369787046313862
219,0.4105682609785637,0.9726515099133863
220,0.44778189862868,0.9819467380435675
221,0.4261680138510822,0.983047509766645
222,0.30804172995207135,1.009586828604578
223,0.6495780857673871,0.9331286648664419
224,0.6049869605327121,1.0303931947209855
225,0.709972282773797,1.08073386810023
226,0.36585755792837693,0.9203031729759786
227,0.24679777421294413,0.9187952734352562
228,0.09208624659074825,0.8584242873981026
229,0.5629596246365582,0.761271788238074
230,0.39229680085609847,0.8751122920775185
231,0.6318973010601743,1.0509176506468774
232,0.4608047404707655,1.0835807888575484
233,0.3743808907936227,1.1205770753672493
234,0.44246742207092504,0.9418504988064622
235,0.47941560777074066,0.891911974052533
236,0.0011729718163650837,0.6747345386622903
237,0.2482324448240737,0.6897541830744222
238,0.37993358009110206,0.647540174464302
239,0.45830956763646946,0.8098843661477847
240,0.3882839622936187,0.7286576779890312
241,0.22190157976699942,0.6973319517960663
242,0.7243173923446306,0.6170974249136387
243,0.869133509377733,0.8128305724387489
244,0.04158629901044507,0.8752424623397366
245,0.16765835885900113,0.7881221132180695
246,0.3255940801755856,0.8817683243610622
247,0.34265222728879413,0.9905296388016824
248,0.39395262164849204,0.8689428501219358
249,0.41489913224880004,0.9542275966574987
250,0.34136720246099106,1.0850563005022256
251,0.41543030099700656,0.8285489163238642
252,0.11700274957565818,0.9005167631057276
253,0.22692840845846665,0.6914763521905256
254,0.6037839960499852,0.8223239144761616
255,0.6481262380839529,0.9866152744424123
256,0.4912517597492912,1.0721143625701783
257,0.5323086898744165,1.0756401669943545
258,0.13454944141834627,1.0055608670182101
259,0.3948731487946016,0.9681855714592955
260,0.3859747846550615,0.9684147945165157
261,0.5210495994172997,0.9019937689425299
262,0.23254148860496637,0.7860514071888292
263,0.22559536865496624,0.644780585629078
264,0.3879492113267602,0.6843010988606534
265,0.31573043974419873,0.5405727410481496
266,0.058222976120670164,0.512280254356495
267,0.33076869374718243,0.6018998240641327
268,0.21634601534641001,0.8187015637796984
269,0.7058129620417678,1.0071367275523089
270,0.24310034986949802,0.8602029396413816
271,0.24653197198696924,0.8257740325690288
272,0.5019573666596299,0.8255103806531161
273,0.06770234845107899,0.6826010551076342
274,0.19833858576566174,0.7025075101774604
275,0.31956861733440217,0.819929083186941
276,0.04974211343308426,0.5704899081604978
277,0.4657206825902116,0.5769390322640767
278,0.3624049358133863,0.6802443916804606
279,-0.33202758894083007,0.5556475956224499
280,0.0016978847496653896,0.5171883202990647
281,0.22099689322101257,0.6138728641450726
282,-0.17826918094491717,0.47764593906942615
283,0.1566374034289517,0.5618518156030137
284,0.28619122575660977,0.6630863583327887
285,0.2825380539136472,0.728703419445051
286,0.14169347652193937,0.6107732858744495
287,0.2696294084196118,0.608772252548705
288,0.31290673193579144,0.7133334410547493
289,-0.07128909872661654,0.5260702388477989
290,0.16047765727008523,0.5387713936653891
291,0.0679533808981058,0.45150767152720445
292,0.3422240867834252,0.550453363760615
293,0.12051731594857329,0.4023803970483946
294,0.22486584922221095,0.41028595463361306
295,0.3423917871683408,0.4982213985610491
296,0.10218231967449758,0.384033941677312
297,0.2675875098706659,0.45529997608511813
298,0.5063383325743456,0.5738054358020982
299,0.26277568391747214,0.4413626170453763
300,0.37524190626035064,0.4876368405665742
301,0.3486227801110438,0.41339450356438345
302,0.18692652798212853,0.42296086468185434
303,0.43149314126297084,0.37612492480896675
304,0.8533211431215858,0.41369996399524256
305,0.3930128721845342,0.5290208992211807
306,0.3880979972238356,0.6025706730376015
307,0.3462661435720607,0.6120206444549379
308,0.1548488712544437,0.5580995100605126
309,0.18788439538688217,0.566186814221726
310,0.33894126026717536,0.7207860321671394
311,0.2796435574494279,0.8349692181729431
312,0.2548280439668829,0.6959155058289633
313,0.32588569225940406,0.6918556065498088
314,0.1870018826319515,0.6171173585431425
315,0.1616057458238852,0.7674700139603273
316,-0.009916053151887403,0.5787594219348301
317,0.5871127846068456,0.6641990675824658
318,0.3925252920771665,0.6275913467393553
319,0.05780232934342479,0.6677638745728941
320,0.12228743549391051,0.6290744725872938
321,0.21964789604800944,0.5560079278521853
322,0.48405485846446594,0.6483228370455282
323,0.40112122511083875,0.774843105056573
324,0.04256078279865117,0.7373788199034271
325,0.216497460197692,0.7599663223198564
326,0.25673969072591774,0.7764829090272971
327,0.42663346049541695,0.84355509286157
328,0.24412162820514946,0.6929093854571345
329,0.4741916049673929,0.7579639933961945
330,0.3674159746405321,0.8435287196107111
331,0.4355428430019197,0.9007178146405884
332,0.4635093677755921,0.8950392945334298
333,0.5416251925782146,0.9715760962123183
334,0.03481906359774404,0.8552920382016174
335,0.3853270134370084,0.9272913234352334
336,0.5102222943349494,1.0395662611197531
337,0.21011018999781392,0.8091325799223683
338,0.23836254008131275,0.8243217006410907
339,0.10325904641831557,0.7175636797886527
340,0.2859372007951741,0.8120534912666761
341,0.2967571363052029,0.8722040005451386
342,0.6395783173321434,0.970391012932816
343,0.6998674040456646,0.9241136135097703
344,0.17973679221062042,0.8205066555988313
345,0.2916768854068061,0.7905103860343244
346,0.14332444205569178,0.7806276891887202
347,0.27598791548603324,0.8031953256079546
348,0.30030280448782476,0.9506883445759189
349,0.20444747980989458,1.003154202625075
350,0.4540381043442886,1.0600924082206473
351,0.6640424303000857,1.0387865358606332
352,0.22501636739460104,1.0306175219372111
353,0.5123325430115745,0.9460643189203897
354,0.2447765483834815,0.8082699405774019
355,0.25383579423630964,0.8205839377611411
356,0.07120508282403265,0.780264953908964
357,0.3021063657548613,0.7950924985942944
358,0.11751405826839016,0.772368154103557
359,0.4539256666084773,0.7759689586594433
360,0.41849999336950733,0.7275904219314473
361,0.5481591547727631,0.7977163775097104
362,-0.18125070671964758,0.5979642977605428
363,0.23006723628069384,0.5895042857244653
364,0.4833956235739901,0.6920143677918723
365,0.4346196682876492,0.8008993391386141
366,0.5673615248069026,0.892619965401535
367,0.8399737421184698,0.7810209403842872
368,0.6231578312056627,0.8429613070406565
369,0.45265811907719417,0.6147910982494078
370,-0.04465239366395293,0.5603277731038626
371,0.5561541721433898,0.7137973470078389
372,0.1992238367844964,0.8037621795572024
373,0.36120976685673056,0.7182668235314991
374,0.3755159914476612,0.7662689821723146
375,0.512857192492913,0.8525148954311288
376,0.3725633672150568,0.8705120702690198
377,0.2500119674643782,0.7406174653232277
378,0.5936684150104705,0.7912359238046041
379,0.6181803552798921,0.6840552484953432
380,0.748934222889098,0.750697750999384
381,0.6368725773835662,0.9057729690353915
382,0.6924489633841903,0.7204080277980589
383,0.34644821262199477,0.7663218549021383
384,-0.07692704560704532,0.5709815037250899
385,0.6388231686728006,0.5375114421873285
386,0.04211218920347356,0.40383007507972063
387,0.949068457883844,0.37810064727323267
388,0.6641187982482741,0.33765745413877424
389,0.843266803122396,0.3436564457168319
390,0.6791834440979547,0.32470569200738203
391,0.10608834900197547,0.3090928708944543
392,0.45363622260588093,0.29226158009750774
393,0.18757575003033714,0.24134081858919995
394,0.6893381556818646,0.3076126705346846
395,0.11565024557036209,0.2549150254783098
396,0.3005532545366084,0.2638394274125893
397,0.20809836983436253,0.30966299796505553
398,0.1854332722625558,0.3321424693078734
399,0.4741842620752027,0.3733141066512263
400,0.20412492521408213,0.35442923185234
401,0.3653181076079816,0.3551361175054164
402,0.42703332329613214,0.41902758771315
403,0.17211456605706552,0.30384725826103304
404,0.2819658611459104,0.34554657408364003
405,0.021030614113572356,0.26369996294696435
406,0.3052594346761474,0.33074439326331184
407,0.21301729046268586,0.2447206214299826
408,0.35576478437007064,0.2586485889965814
409,0.43130635497472214,0.32166186171808764
410,0.6580085559198596,0.3939690819626423
411,0.729285669537617,0.44466639949237613
412,0.17799265350421395,0.3502473596062438
413,0.3826352640300035,0.4106723950006954
414,0.644388819013968,0.4588856881842806
415,0.2314839019283053,0.36297748547499414
416,0.3224683695179343,0.4786957179235818
417,0.007758342115652923,0.3396086553560769
418,0.286416422341298,0.3605933280644707
419,0.020639643107002194,0.34333962405523066
420,0.667628053465744,0.29717206318555783
421,0.17785974232313348,0.349959201010624
422,0.27459706196383066,0.24363747945950404
423,0.6235227713360413,0.2865987730748012
424,0.3035923316126239,0.18807997860292883
425,0.18234152761219274,0.22684048653148844
426,0.17157997722152663,0.27984216593058137
427,0.15582692166315307,0.25902839129176025
428,0.22148780845657742,0.3023387250655323
429,0.4370886873303878,0.33831454680916956
430,0.14496508264663088,0.2886746893892752
431,0.9321248871152579,0.2901933805396663
432,0.057114178220426914,0.2638510885961145
433,0.2856670855407831,0.30359794788571415
434,0.2509657946843961,0.27928714223925005
435,-0.08274872384646355,0.2624805766153369
436,0.11489551315590331,0.34993307889786945
437,0.02176375474944117,0.2245461497826449
438,0.18374486532920897,0.22630893663755347
439,0.318070720700789,0.27766666457168143
440,-0.14232580007625975,0.23807787418934714
441,-0.1296698948882613,0.24709967763186685
442,0.5077856695092986,0.3309613967880519
443,0.3603500235902277,0.3027168504296725
444,0.03849604500526833,0.30218137664399736
445,0.6342604290581407,0.37169966777630004
446,0.491057019935333,0.39378221431619476
447,0.04301679360545331,0.4171059079272744
448,0.5254403145228198,0.4512111326434717
449,0.12696969372367248,0.41854675133893493
450,0.5044828020736938,0.4357377818451228
451,0.17079844949382345,0.45583906034168215
452,0.12184280453270364,0.3468437997387508
453,0.4153234561554182,0.3594664847271714
454,-0.04388913910734878,0.29189036539760116
455,0.46554242133110696,0.39261264268671636
456,0.1412907749603604,0.29249567781115654
457,0.3870616573830134,0.34237792489945623
458,0.2377716436366149,0.4234781923313611
459,0.26686530611280435,0.3237607926295899
460,0.34395410396682147,0.4391547165305657
461,0.10730072088934192,0.28858731351976663
462,0.49909730854676987,0.286548121868694
463,0.20534878735446346,0.3597654893967995
464,-0.11737792222232013,0.24509977763834218
465,0.3706194754295709,0.3439942087700377
466,0.46658696962591245,0.44798575639554156
467,0.15067657695978834,0.3575803812520998
468,0.38112404372839487,0.44940297412001573
469,0.2853446915041475,0.40033438127071497
470,0.4467869972183315,0.47681410069128793
471,0.6503084887429259,0.4144518619568076
472,0.4846234139871943,0.43077560521455394
473,0.47939739491857014,0.5188354937654883
474,0.4246039053290788,0.5117225116597605
475,0.38492165948306756,0.5431613266836429
476,0.3139228775487792,0.6292588383381315
477,0.3439921828516791,0.6903190948156916
478,0.7800810576294692,0.6198929710462457
479,0.7548837368652506,0.7353263349806312
480,0.47734099529769014,0.5542180991549644
481,0.42508390545212105,0.6243640014072226
482,-0.0034079640866065152,0.5453250148962502
483,0.5717836635134151,0.661517105307455
484,0.8109593398542769,0.7644343537979288
485,0.44823185047020847,0.7882312330584985
486,0.061103454375192115,0.8383396447214073
487,0.6675829732490665,0.9359524851852447
488,0.34694718051905954,0.9690830319300346
489,0.3797023816656382,0.9914465559891448
490,0.5010716891924807,1.0452166520149495
491,0.5441374495044559,0.8629475109401955
492,0.4015952784944603,0.8488839708636164
493,0.28815705796933755,0.7552282818642447
494,0.130617051030204,0.693758105869265
495,0.4702459285762281,0.8360031281984437
496,0.5554416033423425,0.8950861756788275
497,0.3304681571225799,0.8352136399235177
498,0.2985496455346597,0.8256006610775537
499,0.1489412607189724,0.7700151856814718
500,0.4266905945355863,0.7727671175467877
501,0.44527372977403584,0.9001166241644137
502,-0.1315228927252797,0.6993774951968146
503,0.12030717840011497,0.7781589662687316
504,-0.31088488118946705,0.6189133609533207
505,0.14250846837569256,0.6170263723604233
506,0.2874488377617966,0.6942401977281119
507,0.6554882318107513,0.9164228683323739
508,0.6049924993863214,1.0105221407809943
509,0.2950437482401149,0.9687305731035264
510,0.5569700286015962,0.9605532763428177
511,0.3879423484936918,0.8662595576368068
512,0.2097889194115329,0.8431028261787622
513,0.6522930997577829,0.9875547761058715
514,0.5506985163861174,1.1428585979477384
515,0.2742601280475497,1.007290837463984
516,0.3544076055258722,0.966890721161177
517,0.3074216187354065,0.8110192500875436
518,0.45166331024762535,0.766224828097553
519,0.07913878537931346,0.6701801413814387
520,0.005961030769610168,0.6454190874682555
521,0.5605985043455671,0.5433584337534818
522,0.6394756206012674,0.4777129197335219
523,0.06475817810586126,0.4000296783508211
524,0.36277801761670003,0.4543447512407939
525,0.4589639423369413,0.4699811323697135
526,0.22870336393931842,0.5346197821453926
527,-0.17667021695033308,0.4129501926724397
528,0.18504691560149092,0.36867157160811326
529,0.4282184870779546,0.44627844319888343
530,0.24807073070311395,0.479640035315679
531,0.22756612883471858,0.4703675477117868
532,0.2297176118506921,0.39627856385567084
533,0.4333062265535121,0.33837114853922834
534,0.21185821729668763,0.3144847959807211
535,0.38579367690324773,0.40203769731566574
536,0.5087074435071781,0.4603637994813233
537,0.3872019525614599,0.3912470796575211
538,-0.028455101662494195,0.33365774139092746
539,0.051548508852380034,0.2813552782240754
540,0.4218519090424851,0.35344916266629206
541,-0.11778270374672163,0.2550222710293536
542,0.3044302996625067,0.30798283766043966
543,0.5497208181830778,0.40447472173967997
544,0.6701519897916135,0.5361357478664407
545,0.4110889924668706,0.6176666731240605
546,0.28577942496501174,0.4729817550763093
547,0.2012231406725213,0.47690086453352293
548,0.3347974051769534,0.5688138938628119
549,0.14159325102191053,0.46291984966612876
550,0.4534240404577518,0.5079736251641623
551,-0.011589618755591077,0.41595884210570905
552,0.20697664062889387,0.4625219173331266
553,0.4754779018775472,0.3810650730031949
554,0.28951080157613823,0.3888349673847524
555,0.28349825780226,0.3201179792481993
556,0.43649774733089264,0.2920327494194318
557,0.6493982235736722,0.37234905254203643
558,0.16113527569883304,0.24777589250391074
559,0.3645647168758391,0.2812240068826878
560,0.1404054376861706,0.2197579753816153
561,-0.06279041611373098,0.2627365371177576
562,0.387864753745763,0.3122096935869568
563,0.009647925810108595,0.2393698769130022
564,0.33366663558041054,0.2764983788960572
565,0.5624354773007306,0.30203420247292995
566,0.5411328797984452,0.2631498325579164
567,0.59222251222847,0.3484148741104044
568,0.3229646256536976,0.2607410375904245
569,0.40754224047493476,0.28833641150074446
570,0.6891011712058965,0.34324030464551103
571,0.25176816129691176,0.3668982101888906
572,0.5687619417505222,0.41822250673144545
573,-0.0814543385356735,0.31098813702494427
574,0.3571141522368674,0.3083922106164173
575,0.20615699186299685,0.33384738580732126
576,0.31194837508323725,0.2728774007214148
577,0.20781383833468897,0.2507260474095698
578,-0.2209383324909825,0.23282547501167974
579,-0.13468713571210492,0.2562925387837763
580,0.552473769073814,0.31452133552983214
581,0.2537348276458921,0.345156710813533
582,0.22884011865626222,0.2603565446682061
583,0.3226570826036309,0.2934110953292054
584,-0.010230313712910366,0.23869615602108366
585,-0.04832316876272949,0.19345225928916526
586,-0.03572084113419068,0.21488397057901346
587,-0.19250752338143218,0.1789965280954209
588,-0.12034647508953987,0.14652766373043644
589,0.26411411888926445,0.19510055415137192
590,-0.17071182680988636,0.11708085645000678
591,0.3378642807402993,0.14561318155869943
592,0.35464598165541644,0.18415397231355973
593,-0.5261036013148253,0.10079840822835136
594,0.12274222991423543,0.10960903377286231
595,-0.1797714904741611,0.0644972921929141
596,-0.05404255677555992,0.07000953982174468
597,-0.21828035394283316,0.039917377098602276
598,-0.11894700981112644,0.042922817067495234
599,0.13398009822200416,0.05526613052042518
600,-0.5670759093068559,0.02483971733264724
601,-0.23915196583692924,0.015349618974224774
602,-0.27845634770126915,0.014357115480684692
603,0.007720996659271889,0.018185962468102217
604,0.04947000953088587,0.020026980750850784
605,-0.5866409777236099,0.01036142006052855
606,-0.312106531785217,0.004924047465124001
607,0.035074106963356826,0.003855257211183213
608,0.07244125367990273,0.004533969222510985
609,0.02166285158623174,0.004961143527856884
610,-0.019498438002822676,0.005018183775711665
611,-0.046461895516022624,0.004797130114390626
612,-0.5321974885713395,0.0028609706351538262
613,-0.5541732092911286,0.001602838195050386
614,0.002996074830858151,0.0016335248345555721
615,0.0014860139891559156,0.0015642170187274446
616,-0.03002144370799001,0.0014340368587733641
617,-0.062043290010108304,0.0012762204352163877
618,-0.5081103963511788,0.000817730894378712
619,-0.046232464973510315,0.0007280135921419433
620,-0.07739749609993703,0.0006336090853689838
621,-0.4877436806139436,0.0004150079920846887
622,-0.06861477317455404,0.000361286766341117
623,-0.49481477227958903,0.0002365821916652306
624,-0.5177754542085824,0.00015145186789913967
625,-0.04246867899882721,0.00013488916327189382
626,-0.05615927536379276,0.00011744931011557858
627,-0.5071012103768975,7.689214377313292e-5
628,-0.5078365171990259,4.920986702707148e-5
629,-0.4044107960541779,3.052474940053697e-5
630,-0.20539888462188083,1.8106428525005593e-5
631,-0.3365002173231559,1.7400420200300295e-5
632,-0.2368483948775417,1.0321226249309301e-5
633,-0.08461502190032921,5.7646417050508785e-6
634,-0.0382153191651731,3.2037705560116552e-6
635,-0.5257155666317633,3.286014288596449e-6
636,-0.032684002242240384,1.826239818305417e-6
637,-0.528049377990165,1.8731187372187905e-6
638,-0.4359232688334322,1.911709770369262e-6
639,-0.17919032536784407,1.837177916026396e-6
640,-0.013367348889712612,1.6883641474150579e-6
641,-0.007585965917699192,1.5038580276834182e-6
642,-0.5457756898560733,9.62410317087899e-7
643,-0.011336978551884853,8.572375176863518e-7
644,-0.5558636302656166,5.485980550245498e-7
645,-0.0027728117852467912,4.886470452016856e-7
646,-0.042033475049729686,4.2548020249244093e-7
647,-0.0822419189752267,3.642742072645119e-7
648,-0.4704288108126367,2.4253436211421565e-7
649,-0.47913021890340546,1.5877532736338241e-7
650,-0.08385843669468562,1.3825066735391654e-7
651,-0.4618029354253876,9.050590940685902e-8
652,-0.37703067508682814,5.7920127764358584e-8
653,-0.22408502751597817,3.592586085914954e-8
654,-0.11051176769106458,2.1309317043857203e-8
655,-0.07934893957330545,1.190186967623798e-8
656,-0.48197037645739454,1.2146843626920736e-8
657,-0.4491307035612098,1.1673336505592311e-8
658,-0.12297586267747408,6.92400456459296e-9
659,-0.43261888639928037,6.65409367394986e-9
660,-0.1387573268171883,3.94685570472021e-9
661,-0.4104412578747036,3.792999755039381e-9
662,-0.1576983968256847,2.249806427364927e-9
663,-0.10045971647921219,1.256581938236739e-9
664,-0.09677085366505268,6.984420683796438e-10
665,-0.11507644355200146,4.41857177386156e-10
666,-0.137098632957486,4.0415729678371084e-10
667,-0.1475608203724344,4.1688576942977355e-10
668,-0.15609946995684562,4.2941216976097977e-10
669,-0.3818855309728463,2.3763531072183147e-10
670,-0.3269021425821369,1.3132222439147585e-10
671,-0.24069324886487475,1.3545806799258568e-10
672,-0.2900063378167992,7.485695095626875e-11
673,-0.2700003372498252,7.721448520535054e-11
674,-0.2890343827055622,4.267033347270474e-11
675,-0.15617994382681394,2.659202621711547e-11
676,-0.0827240808746153,2.396038589171376e-11
677,-0.07350235659165041,2.4572431684532285e-11
678,-0.08990841048789866,2.5078201094543155e-11
679,-0.44896242516257184,1.400690037087712e-11
680,-0.11758447009141326,1.429520157898408e-11
681,-0.430906826784067,7.984283383900182e-12
682,-0.3396569647734689,4.437879624800838e-12
683,-0.2142835075802229,4.551241135921059e-12
684,-0.3245499047639854,2.529702333126048e-12
685,-0.16128110931614392,1.6003720084519113e-12
686,-0.397052709320459,1.4419935724411057e-12
687,-0.16962659517135628,9.12252054118794e-13
688,-0.08417436843775031,8.344174154852253e-13
689,-0.45342355226147646,5.200064771490565e-13
690,-0.11058004739063272,4.75638787262077e-13
691,-0.06511608145438567,4.906184880259337e-13
692,-0.07086726742599898,5.053603765906315e-13
693,-0.47965620189554115,2.79664803637061e-13
694,-0.07613403471539658,2.880680486660142e-13
695,-0.07085680669931087,2.7795890689365474e-13
696,-0.48539451391852606,1.6420598944086725e-13
697,-0.4404365643695038,9.087106532346928e-14
698,-0.29194869032220616,5.021724421689976e-14
699,-0.2741965781928093,5.179877901100939e-14
700,-0.256395452482606,2.8625084634737914e-14
701,-0.07083999159727525,1.7839068484021805e-14
702,-0.02288781388007291,1.6073651598687254e-14
703,-0.5209178679362382,1.0168715012604642e-14
704,-0.03447427533906407,9.162383252541726e-15
705,-0.046641105845968624,9.396427818570307e-15
706,-0.5102961882630964,5.222787513530086e-15
707,-0.06169673077423967,5.356198767280532e-15
708,-0.09360823530463198,5.466444327313642e-15
709,-0.1190228206268896,5.2533519195498126e-15
710,-0.43140157103819043,3.1160099276769588e-15
711,-0.14126236133200043,2.9945419279413795e-15
712,-0.14868537020315564,2.7519887180650337e-15
713,-0.1514828321699433,2.4512522895813197e-15
714,-0.40369291164613874,1.5687023690150206e-15
715,-0.16090429491659672,1.3972750863685916e-15
716,-0.39145280635797225,8.941995678977873e-16
717,-0.3325791393139261,5.546411759621407e-16
718,-0.24406109976588083,3.2898374924491244e-16
719,-0.16447129963283594,1.837469355119444e-16
720,-0.40497573565176637,1.8752896166333127e-16
721,-0.15051208954022657,1.0474034691519613e-16
722,-0.11596127354321464,5.821750420413918e-17
723,-0.44591466920833156,5.970461625033467e-17
724,-0.11607891605808614,3.3185432833964424e-17
725,-0.11652609510640187,2.0994184612418328e-17
726,-0.4426753729933314,1.8916526351180576e-17
727,-0.12136062706149592,1.1967210083693757e-17
728,-0.43547271738652005,1.0782892933331709e-17
729,-0.41580835725126464,1.1058331913294952e-17
730,-0.35697982087041746,1.1285943330978044e-17
731,-0.2679510472408164,1.0845995771964634e-17
732,-0.28520444333972883,6.433269847240758e-18
733,-0.1833814475078184,3.593167208000517e-18
734,-0.13127104397327358,1.997179054670438e-18
735,-0.42919372616826945,2.0481951377404945e-18
736,-0.37945114980504024,2.090352725579962e-18
737,-0.17837192967617407,1.1675224333905251e-18
738,-0.1260334395132834,6.489403957137202e-19
739,-0.4339249596593127,6.655169750934341e-19
740,-0.1280232120467114,3.699122490667133e-19
741,-0.11930353886789453,2.340185251208519e-19
742,-0.13136764005902843,2.1405173276848874e-19
743,-0.4238062043406367,1.3339640978201365e-19
744,-0.4211691912403899,1.201950324520687e-19
745,-0.4043143932622509,1.232653028646506e-19
746,-0.15767037570911585,6.851417337349047e-20
747,-0.14186980793090426,4.3344295419227765e-20
748,-0.14260365877279194,3.964609868096411e-20
749,-0.15146992382326,4.089470731117358e-20
750,-0.1641808546450978,4.212349349178092e-20
751,-0.17442981813341618,4.064525815943804e-20
752,-0.3801995620986255,2.4011444377652422e-20
753,-0.18321587541204187,2.3168813282333674e-20
754,-0.17535682408646808,2.1353698950051857e-20
755,-0.37894386521143725,1.3206802791262254e-20
756,-0.18036764221137777,1.217214224400331e-20
757,-0.15069561829303676,1.0865039601355879e-20
758,-0.4067653600022996,6.938425382637987e-21
759,-0.3500793059398,4.2912666290149085e-21
760,-0.21467868139172322,3.955075928738218e-21
761,-0.3388029973130947,2.446129260204223e-21
762,-0.23341914007495745,1.4450663947450696e-21
763,-0.1511028493372686,7.996950854276204e-22
764,-0.4162154256655366,8.237239716645585e-22
765,-0.34120180578956577,7.948171128530986e-22
766,-0.2366486522326851,7.325487560105595e-22
767,-0.1524871096964698,6.538841795001089e-22
768,-0.4046625276232781,4.1757110464491914e-22
769,-0.302839018916693,2.5825873275044883e-22
770,-0.2593492601252864,2.3802596892522007e-22
771,-0.15096928600288181,2.124656060273787e-22
772,-0.4056939284069089,1.356807529365986e-22
773,-0.28214137629597275,8.39156228059159e-23
774,-0.2805246142629491,7.73414211926846e-23
775,-0.14733390645209854,6.903613080085813e-23
776,-0.0841398079226728,6.019339972315252e-23
