t,lambda,delta_s
1,-1.30748492246601,1.1893955405519023
2,-0.02953443688944039,1.144696419464554
3,0.14164050946455423,1.118071910714148
4,-0.034943821399048974,1.0055956602576
5,0.6522165222508011,0.9319944013197351
6,0.1065159080539235,1.026227543694093
7,0.23429804505465113,0.8286110323825995
8,0.3055824235060097,0.8521469114748474
9,0.5915928562702124,0.8969675215629985
10,0.13928325323701965,0.9127438517639519
11,0.5529128906112551,0.9902528743895641
12,0.24686795093243924,0.8059854469143855
13,0.46411289609422623,0.8849100869133117
14,0.2988174315772848,0.9253044489822153
15,0.2787562428546819,0.8172614672732615
16,0.3192503257726061,0.8452633348406757
17,0.4543184791328776,0.8550349856161612
18,0.27121650500406863,0.7942120521041904
19,-0.1476888203723585,0.6792241323190922
20,0.058232127991756914,0.6125289380298231
21,-0.06818279760860543,0.6178729474454167
22,0.24303856499934487,0.6015011027468654
23,0.18131489443571472,0.6817542790393782
24,0.4549666079528537,0.6188208217636226
25,0.48755127127006753,0.6229262955004541
26,0.4942814492663907,0.7547500915751327
27,0.3806968276313138,0.862290897775439
28,0.8080904946909824,0.8287749989532509
29,0.5667597245052863,0.8086994457686616
30,0.9995498855584508,0.8410734416276265
31,0.31185470596355114,0.8859814257188146
32,0.2620106191972776,0.8981990004241724
33,0.11178028741835609,0.7836003860750276
34,0.3032895844847156,0.8410773699591817
35,0.22357594539083026,0.7570226573582753
36,0.3355478715083957,0.8406034315876761
37,0.5400562890074708,0.6303448684636715
38,0.33391031617402256,0.663895204914036
39,0.2739927855473834,0.59328440447042
40,0.018036545479693366,0.6396624199092616
41,0.12218742084448866,0.6885530682343434
42,0.17440921419385477,0.7746379340067818
43,0.3053258884586331,0.904526498960149
44,0.593905137446297,0.9520601233979633
45,0.24232942145138608,0.8537580604861641
46,0.16748674308840175,0.9163497202064683
47,0.2559042882285829,0.8097761603693485
48,0.2845543370407773,0.6896679110719286
49,0.29814853649354833,0.716577034374708
50,0.14290695014067364,0.6610285695786374
51,0.4634259200722728,0.7207119746289267
52,-0.02738280593918848,0.6158838259095217
53,0.5191707838525597,0.6015642304886032
54,0.4200350126248869,0.7219070447149715
55,0.14143172816004393,0.8481685404054852
56,0.3307364628463709,0.7942071212246025
57,0.26475348374250374,0.758263334427696
58,0.4846064521659489,0.8754758441642041
59,0.20362281124862036,0.7058630909039393
60,0.42074912172086354,0.7486614210794704
61,0.6360805640476305,0.8191601034117436
62,0.4159888591428084,0.8859581137237511
63,0.48592285104988625,0.7463918776841887
64,0.05372647453682158,0.7201493439547474
65,0.21295942720988512,0.7119159419750327
66,0.8134175888194681,0.7672484088537029
67,0.4797509326315082,0.8113165982730323
68,0.21712657897052035,0.8127529156554666
69,0.3749129618919939,0.7421716721717682
70,0.10763740182624663,0.8191440783673282
71,0.2753561356091199,0.6324972024620793
72,-0.1716136386011467,0.5555596097950771
73,0.571740614441821,0.5594130506134677
74,0.7068323617635875,0.5540972944426622
75,0.6292297943816648,0.47262090755639335
76,0.6029849854643332,0.5051324940924453
77,0.7962416976971418,0.4760743436733989
78,-0.005498609863655994,0.43351658834750645
79,0.10154299515366251,0.39447472487339946
80,-0.012464855611535746,0.32198015029099214
81,0.11413906389513413,0.29906632063746186
82,0.11942006010251455,0.35867799968275316
83,0.6870548682101331,0.2518724992320853
84,0.35284965128071966,0.30686823823735954
85,0.41503683682605397,0.4095666168547016
86,0.12477493093228116,0.5135084674615421
87,0.2237822339829778,0.5800059481617436
88,0.5122360669336735,0.5093466837796538
89,0.6307113899483586,0.5550720221770291
90,0.18507520283327444,0.5011095565840141
91,0.16033657824280018,0.5301821282463565
92,0.513585285162943,0.5325270871298328
93,0.4892904876550626,0.6760809073964161
94,0.37852552775287984,0.7340678195876508
95,0.37803272094365004,0.7084392953175416
96,0.2490312926285106,0.6103709305886383
97,0.1802609786040775,0.5585496080002889
98,0.3178137207259664,0.6207245181508282
99,0.28565263003016683,0.5018559286951413
100,0.16632420919266994,0.5170905162289166
101,-0.06922476097657924,0.4344956883196689
102,0.30261368976243336,0.42043690829472663
103,0.19042903827769345,0.4041299352975685
104,0.5017322698309041,0.4339644046507174
105,0.4528245505834267,0.4812453172804777
106,0.43160082086004925,0.5370528378589258
107,0.3041208048334956,0.5011292873568561
108,0.4174827994321501,0.5764402373351118
109,0.47035031693532703,0.6679551044792902
110,0.2939758779933825,0.6925825414330038
111,0.47892014279440237,0.7571997984221844
112,0.4115383445867552,0.9030641739633072
113,0.6280676333031534,0.9951995606189914
114,0.3651650662484179,1.1038642887830754
115,0.172953741469727,1.0992300684693321
116,0.27754878491754026,0.8960535154789148
117,0.19451051072685502,0.9303791841523096
118,0.4619910126701571,1.0095210296140378
119,0.5206171228464651,0.9456239191012928
120,0.18477109109593484,0.9144682740788377
121,0.34093752836134195,1.0621129723537643
122,0.1574337086810388,1.004297483220544
123,0.4278080656477559,1.0254452612856946
124,0.5396391806022397,1.004340145475281
125,0.3422929849464909,0.9356166744657005
126,0.5655023087936397,1.0270096856983195
127,0.09728675088386696,0.7772889940567713
128,0.2958046987484211,0.85797670950209
129,0.45007253698845157,0.9631817865474094
130,0.4066706465305446,0.9748019824208953
131,0.5499953036367344,0.9602593304446393
132,0.28009709712224634,0.8883664011859889
133,0.22868318736202095,0.8960743822628583
134,0.37038956718563815,0.8209944436269068
135,0.4057027030677086,0.9138147084836699
136,0.4660017791945597,1.0163307219966395
137,0.10948406603741187,0.8530913853336337
138,0.4459387937955146,0.9166002440660173
139,0.4221663841623479,0.9587032504046217
140,0.45269480653593314,0.9884638605884679
141,0.4671341035991159,1.0668125002693065
142,0.44021862243949744,0.8809594478795204
143,0.3277911013718997,0.8288456378435526
144,0.38308290108395715,0.8125277610496235
145,0.37129130099623736,0.9093686332163682
146,0.5000819616185698,0.8326601062323036
147,0.45486270919202904,0.9845687382397352
148,0.382114577472792,0.7874623567328001
149,0.41738427527661776,0.7151441992135747
150,0.5445294505647209,0.6387569451450443
151,0.712798177337578,0.7036181736163443
152,0.4056890930167236,0.7130352353918442
153,0.47568590345959605,0.71826165772102
154,0.12479637743072014,0.7515224033105566
155,0.4043874680193894,0.8027859509904866
156,1.0485735395645122,0.8900840170236394
157,0.2529849433011447,0.7682198133443054
158,0.33358338274039584,0.7002189225042955
159,0.3400052278322631,0.6962510231908804
160,0.08865615455811297,0.6794977692831871
161,0.3430814142217091,0.7496668814042793
162,0.018932825079481335,0.6087726218899692
163,0.2815268531392166,0.7295270875195405
164,0.05125140236936136,0.6601221957681783
165,0.12601945259830943,0.5870072972322731
166,0.5299301711150407,0.615475939648273
167,0.724964949243161,0.723108250765258
168,0.5967712949417533,0.6249557285203257
169,0.43623808928555674,0.5767511768791953
170,0.08387165088406474,0.43711113522967404
171,0.3953317799197969,0.5610784009518549
172,0.411428239069606,0.5628425846088949
173,0.20060209756643121,0.6157242795803687
174,0.12565737770603738,0.7100516204974786
175,0.4176791228273683,0.7139226209057173
176,0.4188963492365857,0.7713772721152553
177,0.28197458494753225,0.7585342593438094
178,0.4875788750499404,0.6374286955804744
179,0.24970525189004947,0.6655360379465374
180,0.47073584719221073,0.702729662927422
181,0.20329940301095725,0.6326071366279694
182,0.21214774666922587,0.6765725761823691
183,0.22621199830433086,0.812513015087696
184,0.008998848712727677,0.6152356149494682
185,0.43135344945472237,0.6835406985802628
186,0.28810384624426166,0.7733638229243935
187,0.4330916679833984,0.7875102594726607
188,0.39061820597072117,0.7709810337446548
189,-0.03517763598180389,0.7048346632366549
190,0.21179156208287114,0.6876996738108584
191,0.5889946523155647,0.7913182680500518
192,0.23478022352587075,0.7034580129871574
193,0.21713235187779906,0.7292971849168592
194,0.4715654035432953,0.8417815804300577
195,0.48307366705007354,0.9062427955130179
196,0.3661231078637334,0.7118037111703184
197,0.2527526177193251,0.6467155816064769
198,0.5371829881293954,0.7102087915528998
199,0.31106297844893444,0.7810121567104303
200,0.22442725046725978,0.8524402600685894
201,0.3069821522607311,0.9420634673278356
202,0.6078558585757252,0.9422295180515079
203,0.4355832948276004,0.8953573324114329
204,0.3338476833213648,0.9006851188295033
205,0.567451049936213,0.8901289855906488
206,0.7280236857539343,0.9892229080374794
207,0.03370501005507208,0.8149586273922675
208,0.5102937483289345,0.7963357114534131
209,0.4004483620257497,0.8097305924256873
210,0.4320557986510328,0.9076727142114333
211,0.4156521767495629,0.8233453573924759
212,0.30783758674621287,0.7904819167929014
213,0.3947503731410458,0.908669697559565
214,0.23257093508520563,1.040417235645689
215,0.31890456231631553,1.0194204936369982
216,0.5798724327151674,0.934978917061302
217,0.672057265971761,1.0078848557889157
218,0.4233845152225082,0.9289803939829834
219,0.23748709543887328,1.0089846775717737
220,0.3737260740532308,0.9743558304531461
221,0.5222800806714231,1.0185516523741414
222,0.49806901787098873,0.8548777656613029
223,0.6085501401176181,0.8441287165421512
224,0.24680571313760116,0.991526330615846
225,0.3845536318615482,0.9736279805330235
226,0.6574970600795546,0.890211126207456
227,0.361721181803491,0.8643087988104117
228,0.5998987640283099,0.9637184235383229
229,0.6841434793157575,1.1005674905354286
230,0.3152988574569718,0.9145164120732661
231,0.5798562284114434,0.8819228460904891
232,0.8129989967876404,1.0447419300961311
233,0.809429408931543,1.1690686826181869
234,0.3932855421850977,0.9831003887975818
235,0.48735698906195885,1.023007651810694
236,0.5611100143711123,1.0471712724934574
237,0.5111042236093672,0.9503259015724875
238,0.22522354698720587,0.9539465882838479
239,0.45238514384481493,1.0676081994327324
240,0.5913588234147651,1.1076700436422808
241,0.5945626228295761,1.0672756621775954
242,0.3637192895992219,1.0105230067586266
243,0.5037081426707941,0.9337807845194201
244,0.5111857548348034,1.024121433168989
245,0.4008028278612476,0.9039348953236194
246,0.3947494288267059,0.8839880688378234
247,0.38541698436233246,0.847309093257459
248,0.012195290629561194,0.6850638406840663
249,0.48213125107104843,0.8183702075406469
250,0.12932294447033715,0.600645141937484
251,0.7504962203144361,0.70880123699252
252,0.5056697161453184,0.8155515535112652
253,0.5085789875855081,0.7731768171713148
254,-0.012456625417720458,0.7757914893507221
255,0.24483877885424837,0.881380778993495
256,0.2795128966997045,0.9761917751167256
257,0.16673328418564393,0.7572287122396135
258,-0.023574956332163246,0.7545794371260459
259,0.11654646632363394,0.6089435979240981
260,0.4603619597027052,0.6375313465082662
261,0.44879212289021087,0.7972347502063956
262,0.4487657079870634,0.9263801146390829
263,0.4796491055961377,0.8199633713235581
264,0.5149678468103303,0.9006572790986037
265,-0.07638976484690652,0.7770433722438614
266,0.34031047396379754,0.7641547961063423
267,0.5766513949447768,0.8825124262676296
268,0.636323192453985,0.9674803046257534
269,0.319734268590365,0.7911679420311479
270,0.5943608637473323,0.8852799015572259
271,0.47602214846748503,1.0249840757643236
272,0.2228547610016625,0.7846129900323136
273,0.24409424323552895,0.7462877106617847
274,0.5605340337346549,0.8475942420082453
275,0.4557129261740554,0.8124658422493779
276,0.4342381582949248,0.9300689617415938
277,0.190664645931449,0.8098813421160344
278,0.6276913554080672,0.8727960225053517
279,0.21524306453834643,0.6426436782983816
280,0.3124412116616944,0.6942435647531968
281,0.5334138433343811,0.6166020172661493
282,0.10341423447352117,0.5474253817990956
283,0.22688423880919348,0.6141909269572811
284,0.3793489769279766,0.47102887041732133
285,0.003144843078057132,0.5040790002665918
286,0.4170231777940148,0.47055325391923664
287,0.7144456796727966,0.562033001659601
288,0.1849878977035646,0.5056850444033524
289,0.432256107686674,0.47203533308816475
290,0.7702399939907449,0.5928225645189078
291,0.6417693903291536,0.7297660709450271
292,0.27414186231738885,0.7401812553945473
293,0.4087575731129939,0.8224856975216145
294,0.4283790172356365,0.767920325091903
295,0.17641351037906244,0.6563125699624315
296,0.5468527269175476,0.8182783379583796
297,-0.035563276289551665,0.6415967196763593
298,0.2409932793713408,0.7357198642515874
299,0.29378860792672484,0.5522220199004908
300,0.46495621611642873,0.6550888538230056
301,0.3597554652635061,0.7748344860651761
302,-0.006937240393476606,0.6088051303957417
303,0.17583933506038377,0.679373614904632
304,0.3596126587304311,0.7656945121580532
305,0.5595739586345027,0.8604728153957076
306,0.31793620907716363,0.6878337478277273
307,0.1804291256406243,0.6994323864307813
308,0.3911976394761013,0.7532566589681688
309,0.30540519433206353,0.7638451080207003
310,0.09897545266615965,0.7384822012214953
311,0.09235658336035385,0.651922997355744
312,0.5582736367541608,0.7633989985441525
313,0.5909953587114422,0.8706977337689897
314,0.44878033982889604,0.964889180642175
315,0.402263403144405,0.9752456228350295
316,0.6708244717268866,0.9146339174232895
317,0.27774809295489566,0.9152347378045742
318,0.3640538521236121,0.9705232310198072
319,0.6447249214978962,1.0703043913346626
320,0.5525630779862232,1.0950483105223563
321,0.3396764200724086,1.0579471299748517
322,0.16463310600583353,1.0224405566430896
323,0.24684370200484412,0.8987507991739998
324,0.32722253297100806,0.693328491212599
325,0.3578785735053726,0.7297679285403589
326,0.3322825942854213,0.5718696868240025
327,0.3311323997939019,0.5174226474733841
328,0.4486979821452031,0.6555959711018288
329,0.40264324730366446,0.6922243207786759
330,0.5073307603454219,0.7437522036159231
331,0.3786434905375085,0.707456745411671
332,0.5511002337257053,0.7847935846547602
333,0.1841605928187018,0.7131735891531548
334,0.4352673823412092,0.6726120718371822
335,0.24581456348444936,0.5873392124458386
336,0.3654805415669529,0.6736869621332053
337,-0.018479389556378106,0.6025324864321603
338,0.29247614059778626,0.6002907381238307
339,-0.03279852244587603,0.4571952368110808
340,-0.13003482984620815,0.40377697622917785
341,0.21643961338839227,0.53202086678689
342,-0.1380448505598066,0.3567024235622532
343,0.26879736832373297,0.4326866859525633
344,0.3187692249167527,0.5657567404167434
345,0.3305864566593711,0.6491584809859237
346,0.3223346779606817,0.7193200791034529
347,0.46571631819432624,0.8423620265611463
348,0.07177796672759323,0.658797301680895
349,0.3224223621786873,0.6794637632573679
350,0.5512765510691968,0.6448263704903867
351,0.02719104370559412,0.5099524374310646
352,0.034443375693602105,0.4927160940670837
353,0.3694603811132216,0.5708766179450887
354,0.5852851741222055,0.47818977257644424
355,0.2837969312089263,0.521479302151867
356,0.1740968771526616,0.45457576732340516
357,0.5722121852624821,0.43450724053573087
358,0.1765483725343422,0.48364592419793195
359,0.26693176766274557,0.5646182318446386
360,0.2777982024152188,0.49857949487126324
361,0.5441360181189018,0.5150415142160356
362,0.44389886160991693,0.5356452639071663
363,0.5559838652708148,0.5861815986756486
364,0.477204057777603,0.6186319056811826
365,0.26426350683404354,0.6782891873005908
366,0.29112346556501045,0.6631411810389568
367,0.5005737362397156,0.6547841754917653
368,0.31173114805184815,0.6486276365746084
369,0.38077042878962464,0.6999083505134972
370,0.572366761554667,0.8182632903566553
371,0.5874485608668921,0.6932693394309108
372,0.30960163320985296,0.7155380296882276
373,0.3297739619019686,0.7462706033041817
374,0.2246414809229157,0.6887469294761902
375,0.18336109209602136,0.5894635977614352
376,0.5344649097507899,0.6782467506990794
377,0.33073238993336973,0.7010017226874219
378,0.5593476651564964,0.6661487510324916
379,0.50202827083179,0.7728001363845742
380,0.6184955971714897,0.8714639057586816
381,0.44083643465465094,0.9271911416468649
382,0.025416010565521435,0.8397009261908305
383,0.2328795250699143,0.88539749038748
384,0.3153462524837262,0.9419509363152229
385,0.47099027611789,1.0263206007072392
386,0.15696864768694527,0.869068157725043
387,0.2889881315010523,0.9380914334559203
388,0.205848503327456,0.7201254276697809
389,-0.06401710329601733,0.754540132417634
390,0.24572375388669934,0.6600241244182548
391,0.6861784189022692,0.7442951807651861
392,0.7660953843136299,0.7922734379444575
393,0.13615603961790487,0.7585280039280046
394,0.28351315335474037,0.7240442778196754
395,0.6154570984832765,0.6663048735527008
396,0.14167428540045976,0.672002541938487
397,0.5747737684354366,0.652151556320162
398,0.6846529901913949,0.5547399688108424
399,0.035653556396676965,0.5693500348777024
400,0.4119435943200874,0.613983654448579
401,0.30531684315665775,0.7627093960047044
402,0.44732409793153455,0.6159169159955405
403,0.7876755127086614,0.71576254743176
404,0.3018801922031947,0.6542377298704876
405,0.4975896142029921,0.7587668720648957
406,0.49278623891445156,0.8972163009805657
407,0.7280397627063963,0.9891932675686951
408,0.6654809695582977,0.8612895649200317
409,0.4743703912693857,0.8182469855107412
410,0.5490470972959272,0.85654161479604
411,0.46605227454541814,0.7667749143520011
412,0.37018516075362096,0.7503754543855005
413,0.06885943140377901,0.671256597307318
414,0.20355676635134068,0.6187698561970164
415,0.2406819601653718,0.6496005745423518
416,0.48987182512806826,0.8613411264682834
417,-0.008483032580882698,0.807908042092987
418,0.3183391349947306,0.9393314593138774
419,0.2376796166869579,1.00463386000467
420,0.40684240936532007,1.0594714423523741
421,0.19883345155154675,0.9320902669590339
422,0.42497151100660857,1.0650084015654024
423,0.48394672567856484,1.037895942080184
424,0.45931257773679857,1.065395745226522
425,0.29968972765535945,1.0989600720809256
426,0.3716253170380862,1.0021047822059912
427,0.38341489284724917,1.0876053163944983
428,-0.005553380097786471,0.9232800809033677
429,0.490228773923104,0.9331095484066392
430,0.3233323812490242,0.9794903317498151
431,0.543736786661819,1.0443438518377577
432,0.5879982198516356,1.1991789804512618
433,0.5300506569058436,1.096185928477293
434,0.4349169641696497,0.9968882482720182
435,0.279344169546831,1.053557511536092
436,0.3798660747546621,1.1315160534933253
437,0.3730330165832269,0.975943018871395
438,0.7364283134622882,1.0012068141793928
439,0.5994397237540945,1.0788793655149336
440,0.2788624635910749,0.8665118492738335
441,0.7173009721697057,1.0076785672649475
442,0.32719003650779127,0.7810225717198573
443,0.5039895037803716,0.883457571202337
444,0.39715566257218543,0.7005952740725041
445,0.435591489930848,0.7629687736213916
446,0.19401278520586643,0.5990926679044544
447,0.249521726545294,0.7107074696759815
448,0.362321843791966,0.826725801204342
449,0.1088562831628341,0.73614472795457
450,0.3826774312717132,0.7107775799307167
451,0.41477424662323226,0.7444173346339853
452,0.4220954885466603,0.8851929663269592
453,0.37052419007494647,0.9736150097895276
454,0.11095439897672844,0.897992217918294
455,0.2986220960850468,0.8339853093192305
456,0.558740746210906,0.8961039494824498
457,-0.07676690249063503,0.7227922092488405
458,0.4930867229877052,0.7585944686648172
459,0.10187169459437942,0.6928533482909971
460,0.029982346455323418,0.6252806020903914
461,0.5310845022228569,0.6168216784208287
462,0.3392250558045388,0.5718496535117298
463,0.32532911762227834,0.6759491830088962
464,0.20877979863382054,0.5353983322522079
465,0.3750612900032418,0.5633274887457685
466,0.5897525265881429,0.48538956345436535
467,0.12459716179455924,0.480065654882874
468,0.6068357712713488,0.5660123368830111
469,0.20998283871736406,0.69348383003872
470,0.48659509984603244,0.7852354620710252
471,0.5670868460863051,0.8422820078286928
472,0.3957524111755067,0.7766625657483557
473,0.4493069827925489,0.7362540698739287
474,0.2899335030415652,0.7478627908844068
475,0.02043146941734262,0.7441678765355462
476,0.4564853367247525,0.8501612567372375
477,0.09325200246578903,0.8850363194226255
478,0.20458449735607917,1.0069414155931176
479,0.3404451257748803,1.0184650593931588
480,0.3713237714078549,1.0272005969813625
481,0.3872402908825872,0.960940533365679
482,0.32246757622306005,0.9414122704360159
483,0.42848879297349557,0.9707380402072914
484,0.19789149642451082,0.7650248862615967
485,0.5867357905711349,0.8233573016566292
486,0.5696726140856243,0.9338789938997496
487,0.1946849630424298,0.9529200632818663
488,0.169140820287501,0.7590635653281016
489,0.371091462106508,0.8782313566712263
490,0.10317931532622344,0.7325204818156673
491,0.5248038561644576,0.8169670281064114
492,0.41411184795556455,0.9584889772650529
493,0.3191949882411736,0.9484207566679227
494,0.3236677571111432,0.9317269003025723
495,0.46442046608750676,0.8611649863366471
496,0.5184710649519885,0.8965188677300702
497,0.46000535712341545,0.9433903349835844
498,0.44828870554476535,0.8018316095233187
499,0.2516534206469924,0.7343123672436174
500,0.317739098109039,0.7893978032017072
501,0.05199471315144153,0.687768384189008
502,0.2894601099732601,0.7069652209519027
503,0.08439542195354206,0.6859463840260392
504,0.39637818360717025,0.7274473904921163
505,0.4525850510357875,0.7365628541070517
506,0.4451511255760644,0.6929165838199041
507,0.457388220102049,0.7649608181573442
508,0.34981912051896746,0.678786169104504
509,0.45981778788291766,0.7680280484000713
510,0.4173217341570933,0.8482345849704325
511,0.08931527006351718,0.8970313226275155
512,0.4258329025773074,0.7737937201109787
513,0.37791511771705205,0.7815999887113939
514,0.15963564961659196,0.7366624219524536
515,0.4083142018572308,0.7688559948386948
516,0.6091880399217992,0.932159610301437
517,0.3364670201930448,0.8033109593289846
518,0.047306577161572966,0.7749891537933087
519,0.09570400314855701,0.7364829700250473
520,0.49857287732936945,0.9476053558397475
521,0.39548966937190994,0.9287318936516419
522,0.526670664576478,0.8052873422102186
523,0.389349568069177,0.7639900511869185
524,0.40165611498790976,0.6214826520176641
525,0.27401696418887206,0.651817832879105
526,-0.08930197508958299,0.5273646648070616
527,-0.07401363893075834,0.4732053746385346
528,0.41392824790707117,0.442848079447538
529,0.47663943094343475,0.5835060552641347
530,0.06726388511316114,0.4014174328762718
531,0.3681787837716563,0.4046909136087566
532,0.11592803294420091,0.31882127183616576
533,0.2755233260812788,0.2883172791078349
534,0.3197781946241322,0.263870679963217
535,0.6092309021920594,0.3538669758540962
536,0.5626601700113792,0.4128247773118364
537,0.4440498246217525,0.455945558596405
538,0.07569932533255525,0.33843207114438933
539,0.3714018196399258,0.33719762754262483
540,0.32926622963627145,0.27510624057422794
541,0.3557183536196168,0.33884503942388
542,0.173122558316805,0.3703279368962502
543,0.0872892694176519,0.3368363516676978
544,0.5568261974916179,0.4129499349423105
545,-0.01849431122181038,0.3013593465711371
546,0.07948066397243807,0.29862499114764024
547,0.49928926670441576,0.3645322879921911
548,0.7736493511375298,0.47957505005858875
549,0.654400100105793,0.5827328915773542
550,0.3029511082800494,0.5315454522433716
551,0.4209917965868578,0.5190331374244461
552,0.19509476560813307,0.4611339540767532
553,0.7344847082750255,0.5534171716426909
554,-0.3558169349210552,0.4019577892048951
555,0.3132280509045598,0.4678896329452114
556,0.7052188714328623,0.6101773564681875
557,0.6026098354420758,0.6381729554179956
558,0.5933093014123387,0.5995731795016362
559,0.8432519374444791,0.711352478984487
560,0.2719579109562561,0.6930505890252425
561,0.2524018492847432,0.6334792738120062
562,0.5871404025563073,0.6486368614592225
563,-0.10285131287085587,0.5712560310199599
564,0.4695433947377505,0.6147323695865993
565,0.10016556575361579,0.47590051765516067
566,0.6307712895395324,0.5224093526032222
567,0.8159300542025848,0.6645462927646426
568,-0.592541889284609,0.523647903170507
569,0.5672000776618297,0.6171681210898478
570,0.48407244594506754,0.7347550049261203
571,0.20406718417692554,0.6195325442056147
572,0.42888664301621593,0.6413308697196242
573,0.5231766020855738,0.7465127956321698
574,0.3945230953788948,0.639791909039932
575,-0.012928159123826026,0.6302643164083563
576,0.5049044457985173,0.6624635842358952
577,-0.15672857925804778,0.4786559278630044
578,0.3320055209098485,0.5524168497021684
579,0.6296937404593772,0.7042358002836582
580,0.4890986749251067,0.752056753311607
581,0.50028442405826,0.7878020281884662
582,0.7120182871858723,0.7161091257624164
583,0.29000002173121026,0.7109493667295572
584,0.6489453256922563,0.6987527240861109
585,0.27118953657267103,0.7634057659623321
586,0.49942880520664695,0.6133684343050986
587,0.3578481706478647,0.6337824781770242
588,0.4167146009413709,0.546053577502928
589,0.06068639147408999,0.6702894911913193
590,0.6502843445832678,0.7804647125942892
591,0.34798073124867773,0.6439746549990926
592,0.46891943314484,0.5833814526974387
593,0.6117389381632996,0.7090721411561438
594,0.5072381902151667,0.9023505469038378
595,0.3871644414007241,0.7995775995945862
596,0.5376777590510126,0.8433860660320387
597,0.0831640967230239,0.8860565482088489
598,0.5027612756630448,0.9573560940795987
599,0.386995076557008,1.0080250782367228
600,0.4275075493197053,0.9137355370009854
601,0.2124710488865444,0.8516642264284872
602,0.36997109585720944,0.8263567435524205
603,0.6127750019312443,0.8951936240233642
604,0.13449945815190079,0.6903771013791553
605,0.718072999644567,0.818936589018414
606,0.7743280460399831,0.9437934750967334
607,0.3069898279896507,1.0138710005755167
608,0.2132821357717651,1.1104854282044925
609,0.3554733954186104,0.8754350543979151
610,0.10160158823077607,0.8673310644701231
611,0.19903024978164366,0.8529858459300862
612,0.4176070550346015,0.7796113426648897
613,-0.09365750370025294,0.6928963698166684
614,0.14163351749076286,0.6236495470841827
615,0.22633238414062468,0.7408959319020297
616,0.255690502745942,0.8104452547324118
617,0.3881729495816353,0.9379561415359794
618,0.4468864293842111,0.8714724377019682
619,0.2742706163527076,0.9313393435399724
620,0.6678833539254403,1.099396841127189
621,0.2167227038747661,1.0090418661837022
622,0.1665091900433981,0.8224128161949802
623,0.20715016246078566,0.8966252305436796
624,0.632459975498746,0.8758141588023426
625,0.20079077140615656,0.7924148140758581
626,0.2032282645897684,0.8256978430226676
627,0.532783911246339,0.6702561779221617
628,0.297642181084031,0.7824451308091217
629,0.3291667906631662,0.8321402121794813
630,0.3685039116831773,0.7849267786643348
631,0.3804350180509678,0.7155806211904103
632,0.5436792123871987,0.8081989870159828
633,0.0332539679212437,0.6274952728291678
634,-0.03131943203971406,0.6759687291187105
635,0.2802051193408138,0.6659012322730056
636,0.5910195642213306,0.779530419484027
637,-0.22030717124057234,0.6309554454348476
638,0.4707849414759293,0.6429333008308151
639,-0.24616108696091796,0.5615243668146738
640,0.08426622690453851,0.42267479389153184
641,-0.3070758598010032,0.42027789311906544
642,0.27851101314700943,0.541205737793028
643,0.35644258261081274,0.6211111017275974
644,0.3958300998822351,0.7059048900944108
645,0.5493092371164606,0.8311044116935369
646,0.34499845872846574,0.838261830008327
647,0.35064530999741067,0.8852304551595888
648,-0.09335915226073896,0.8351497650479887
649,0.4116927737345712,0.8774409128957315
650,0.23774553237780105,0.7318536627372912
651,0.46301651268962823,0.8085513883036439
652,0.5246077424864893,0.817830739420101
653,0.40475969317769306,0.7639184779782173
654,0.1585270484947686,0.8140599017344496
655,0.5237752311919504,0.9209186869538725
656,0.3734364655923622,1.0298636164847523
657,0.27727238433426366,1.0422462243311124
658,0.3502981509001979,0.8987295758490379
659,0.3608709424633105,0.8862031744802009
660,0.35013879014602817,0.9909493315542135
661,0.5103953730317502,0.781256568028682
662,0.5115029302558781,0.8685578190261035
663,0.38403675378457713,0.6726994547246606
664,0.2533269953342239,0.6445519859592466
665,0.16977128701164146,0.5595432335087033
666,0.7191192613673454,0.65333774345498
667,0.38552281539418504,0.5088874805080008
668,0.3845585696640874,0.5422112801588074
669,0.5037301908867243,0.4261368636212916
670,0.27800050127832454,0.49882988896255354
671,-0.04437865069978314,0.40031551176253455
672,0.5304877623612729,0.41618717639247815
673,0.03231717771386359,0.3035946200346527
674,0.5875514132663062,0.33589455527066486
675,0.5264156737126149,0.3841865189434645
676,-0.009536017335810427,0.30800060046433975
677,0.1683702490290956,0.41661680680130747
678,0.19861272362831828,0.28679555003268487
679,0.008293254411926057,0.2901691781352516
680,0.5975183807142939,0.3869130621050093
681,0.8049891374095077,0.4807088158040472
682,0.3526186686228335,0.5449228215716678
683,0.27165760107638065,0.48580744056595754
684,0.27299373617719386,0.44907487423062664
685,0.29875948988709705,0.5167096108762979
686,0.5640192142710793,0.5333258650649809
687,0.5696086207437114,0.6581702416317403
688,0.4062088440875245,0.725532779960966
689,0.08300043311204643,0.568295117974245
690,0.20491968684778666,0.5091815760115724
691,0.37705255446466157,0.49419432718124257
692,0.3824579946065434,0.5089133928859004
693,0.10290740883740021,0.4700899915882663
694,0.4619923344154314,0.5124201452810059
695,0.1586894554680879,0.4184080367462523
696,0.5201317195122321,0.5322750794431924
697,-0.18243774233182217,0.35252062156802083
698,0.21700003503523255,0.3796039758606275
699,-0.25742502843032317,0.2874290579230347
700,0.30541676866376316,0.2892146949616767
701,0.21904849401223178,0.25862590709105
702,0.20838210225014467,0.3132806519486917
703,0.2731115196362872,0.21413684855074758
704,0.3156218632066695,0.24949880019930074
705,0.17363131792931005,0.31248369847127716
706,0.2069981999613749,0.23100771150355318
707,-0.10560276900788043,0.2306903361749937
708,0.3552491689922866,0.3103702993977335
709,0.37135993983241367,0.3864296954511611
710,0.5269557880646104,0.5215716319711375
711,-0.0035773104444144304,0.41485231827579416
712,0.3536150145824829,0.4738763746355247
713,0.25059796304678733,0.5081935910608852
714,0.28158767541347896,0.5338353021891442
715,0.6067925111807106,0.5471373346015085
716,0.47636207486539167,0.6552665497811825
717,0.5226054782860159,0.6079993966685193
718,0.01329177644038409,0.5981433171308531
719,0.5069068855466651,0.6946664186531089
720,0.5796171342095292,0.6169266957205694
721,0.01623300010375881,0.5747242660453605
722,0.22332789616404713,0.5415875613389128
723,0.3015220932481215,0.5753781085817659
724,0.4344520858659875,0.6502513460994787
725,0.662071802159848,0.7915190591297298
726,0.2852160490656887,0.6874876085239229
727,0.6517180470659538,0.702842743593772
728,0.7446422272719067,0.6300654791741189
729,0.48302758978366794,0.7702869966717817
730,0.3321541608329462,0.5481006203830826
731,0.5988531228702534,0.6257904703698278
732,0.18410887338183246,0.5365156501751489
733,-0.03508931522572288,0.5173271862347167
734,0.4569446791380123,0.549536754044505
735,0.739079453777336,0.5414501957417398
736,0.34769997556280746,0.5524672038944776
737,0.5325388023198908,0.5879192147111594
738,0.40782635520307003,0.6792146178062188
739,0.598571601892739,0.7252668420974311
740,0.603999709995274,0.7622321903403129
741,0.381923956197166,0.8189359386123677
742,0.4514308466262776,0.9628172521039591
743,0.24460191277432566,1.0265122754265843
744,0.38640156319358737,1.076152265121001
745,0.5120484988916699,1.0079287038361249
746,0.3661790424062949,0.937086720973026
747,0.1052073443554719,0.9077549803544482
748,0.3240588236929877,0.8353579308958741
749,0.5608968025596403,0.8190444795947448
750,0.1533870307057307,0.7570801031675779
751,0.28104800735530666,0.8748456222004943
752,0.37016312124905293,0.9552297378902506
753,0.04016320898140772,0.8094760287822702
754,0.33186566176960486,0.8711218124508168
755,0.4483106851000899,0.955310158202739
756,0.13802405516225327,0.9018786198557147
757,0.3408381171177986,0.7803926284116592
758,0.03166748663027147,0.7249331248270285
759,0.30651436359220224,0.5728587269990393
760,0.00032412653289317825,0.5065928245917389
761,0.11542137040837293,0.5022378441227222
762,0.2098411077068509,0.5216527478549117
763,0.31997898955827153,0.6583382534915005
764,0.17297471515013318,0.6191132764667976
765,0.3584783007214739,0.7054754065688882
766,0.1703051187460509,0.7926956954316674
767,0.333633986032,0.8648840519235166
768,-0.03652922401698271,0.7278047692847773
769,0.4356416518294372,0.7819723900887771
770,0.6861142227298083,0.867407709375953
771,0.5485648613946041,0.9964299724035001
772,0.21006023911627353,1.04523339464617
773,0.48911834684816174,1.1139930975647656
774,0.5261057073075233,1.1485748473513484
775,0.527034539040868,1.0910988489509115
776,0.4315304302428227,1.0601176303722748
