t,lambda,delta_s
1,0.41386609376491584,1.125893361479877
2,0.35835618545505027,1.02663467901259
3,0.07610773954185296,1.0392354915286288
4,0.13071579857939292,1.1525262165018828
5,0.021123046399885544,0.9651123771644871
6,0.2924033813272854,1.0326202042856603
7,0.6440847004557243,1.015951694506502
8,0.2144842340365029,0.9533392296373847
9,0.19317575031155512,1.0036671213194908
10,-0.07114052281841898,0.8620949138412999
11,0.5751159188373343,0.7954783270697735
12,0.37623535615965376,0.7295702152711945
13,0.08453373461925255,0.6720211904934936
14,0.19259698438787687,0.5483070658765399
15,0.2885162282699831,0.5836003379286409
16,0.178916949809656,0.5326451901661746
17,0.33655811327419644,0.6282808938703661
18,0.5640472341028034,0.7124283967597713
19,0.5249461245305305,0.8260046755092979
20,0.46096371115087353,0.8973400814341875
21,0.6159881639713904,0.803670934566534
22,0.6809483138965311,0.9302620308877202
23,0.32428377962696947,0.7513174350282025
24,0.4958774899884303,0.6997349414826186
25,0.3791257893562454,0.8946562495962934
26,0.10391315529562305,0.9849269605826003
27,0.4182494069860822,0.979809806936105
28,0.4713888110614705,1.042922110601167
29,0.46127861702849476,1.0482079859202404
30,0.5265565472630525,1.0217140863392884
31,0.5338468995025809,1.0901349513078333
32,0.42308598327715413,0.9542815712773324
33,0.6069622612235742,1.0027996058885102
34,0.7105986789239922,1.105227934311658
35,0.16437894104152542,1.1007599565714643
36,0.7935948715572979,1.2072287779089388
37,0.4420626993411499,1.2102598444274726
38,0.3953345964173839,1.0953472986852013
39,0.21573392608204106,1.0228366528023074
40,0.42088243866520625,0.8950655144533785
41,0.5852772361544544,0.8751236016805795
42,-0.0978992722769201,0.7076764756698887
43,0.6524010533934095,0.7211014542143751
44,0.7294815787385054,0.8498611500419561
45,0.31876515578459436,0.7493733344958678
46,0.2797184208353353,0.7530504288518091
47,0.5068962016550268,0.8655434786510763
48,0.5129263409133357,0.9783679360935765
49,0.5075566305130768,0.8248045177969358
50,0.5335221070991631,0.8645850988822931
51,0.4101556335554621,0.7386303645547423
52,0.4024289203682526,0.7886191016265441
53,0.2784430032393046,0.9224416910868815
54,0.510871112567399,1.0114225310031446
55,0.2606589280718324,0.8773614678853323
56,0.5468021327606849,0.8310016926084942
57,0.2877016572544048,0.8911425320319233
58,0.3087513966584579,0.770072811837086
59,0.5234245645779361,0.8541462203858599
60,-0.27102373104579003,0.688465936216148
61,0.3883629870953269,0.8128903263976707
62,0.03204525464098027,0.674129668058169
63,0.46102851207882817,0.7808079098158297
64,0.045081375831408865,0.5886617764346461
65,0.2609051740688257,0.6291675678134537
66,0.39807867956318777,0.7260743993175945
67,0.42108872737440894,0.8811823738240029
68,0.4082063011785119,0.7735291466160449
69,0.47277529554735176,0.7541169349525336
70,0.33075360532530734,0.7273621822648779
71,0.48105623208845116,0.8385886734192557
72,0.2650561345262554,1.003425863539335
73,0.035861955261127745,0.7898669929412749
74,0.3185107524868233,0.7867139338445397
75,0.04051705221380933,0.674312771681438
76,0.5148603671895033,0.6098285439202294
77,0.17777709112859702,0.6461183155176188
78,0.28215869989622594,0.5022705110802943
79,0.2792520712716699,0.5525571893916
80,0.10030495830257755,0.4436817479040635
81,0.3805920953810008,0.537136268097769
82,-0.11910863794482392,0.375988093422454
83,0.2240297209538049,0.3510795483417573
84,0.3364859931803654,0.36307060431073734
85,0.46217037961287083,0.47073678104115935
86,0.4426307848782338,0.5497747645833151
87,0.25931847994012924,0.6467584586104581
88,0.3541120405577538,0.739146768314586
89,0.5401097680551015,0.732381051249895
90,0.4412117750851435,0.6711354853181523
91,0.37495904482482373,0.7528332724680912
92,0.5279110501008462,0.8997479355173854
93,0.4737227005148584,0.9397068154527849
94,0.4071470802368154,0.9536634249531065
95,0.3078220368196517,0.9277603519308621
96,0.2374896429792065,0.9942927832194621
97,0.3827305864923758,0.8891734478870236
98,0.28054802399713014,0.8853005668356532
99,0.21156050668628035,0.8432952612997562
100,0.5968140844729493,0.8722309198665205
101,0.5117417729382118,0.7377824779866501
102,0.5222536441119108,0.7317315161379393
103,0.48985354401055764,0.814997828498033
104,0.4195192940676757,0.846237153471003
105,0.45071089278623583,1.000731301488662
106,0.2577982785195619,1.0229793341762285
107,0.3013309202829164,0.8801004757784058
108,0.2082860487240611,0.9322739173958811
109,0.5379316092227506,0.7920503462730359
110,0.6515996825325806,0.8749586936659872
111,0.6813370697098907,0.7643450813744372
112,0.5111778023627612,0.7564676007732684
113,0.816500954709355,0.818443003837548
114,0.08697656700456476,0.6771725890959127
115,0.24617263871604586,0.7558817235220158
116,0.56006927455154,0.6636643500510598
117,0.3780679742702947,0.6514782160606547
118,0.6768744625965174,0.5572882562168515
119,0.3321243055260288,0.5425110994101608
120,0.6791518544807581,0.5115439090699896
121,0.40440341748744113,0.531589095790677
122,0.6194380292669088,0.5707245953574065
123,0.21713932116589146,0.6468565578780986
124,0.4940151295794123,0.5587816433257201
125,0.5099442456197965,0.6405648664619574
126,0.8066216154822816,0.627783149278251
127,0.26475043165272694,0.6770216862220005
128,0.6090869743707419,0.7613849316129997
129,0.166589322611739,0.7366996134985658
130,0.5906532448368663,0.8717602348790441
131,0.6604758723273216,0.8836403709733022
132,0.46847182904330603,0.8896893150057681
133,0.3790836778738855,0.74578977493517
134,0.32806050876756176,0.7133869057549637
135,0.37140794174217473,0.7190002850412531
136,0.27276476414143513,0.7656330866916579
137,0.6070322540867742,0.6375349746803837
138,0.5254276293530694,0.6672943736464433
139,0.40295585350347896,0.5125460599866498
140,0.34794452502439616,0.4567388927442458
141,0.7186170512112583,0.545193657232486
142,0.42203862881823995,0.3992401653328989
143,0.2085804321886493,0.43960922042075556
144,0.2661974584168506,0.5104479900413978
145,0.04978062792758457,0.3706170378945518
146,0.08033529708396611,0.36779802467897493
147,0.2697651725839524,0.41773744283544206
148,0.053569241556478055,0.2994985747979438
149,0.40541578392674166,0.36451686459902943
150,0.34527939711467875,0.4808490545644988
151,0.054704552542943145,0.4028305463040256
152,0.25429831279392073,0.42656613777557945
153,0.3472797328689641,0.49989827266578096
154,0.12319503271541192,0.384341355460023
155,0.40263236472366054,0.3767511160375671
156,-0.16989493711133577,0.27667283103858364
157,-0.15227162988266096,0.22952584241275473
158,-0.05386483441031381,0.1885243923961051
159,0.06217339719484008,0.14577549360307368
160,-0.1496924812517859,0.1366930278444409
161,-0.2812627809665319,0.08710748586274995
162,0.2246152963564615,0.08867777358487625
163,-0.4413267757578777,0.05367474982744378
164,-0.14321733295871872,0.05124090439813601
165,0.02181237312819836,0.058361494685782056
166,0.033828502422639135,0.06328483074211848
167,0.013931018029773475,0.06566100592702256
168,0.10545955327160521,0.06682554749551803
169,0.041332504550627334,0.06947220768313879
170,-0.3486474013062016,0.04312206001980104
171,-0.020235196264675827,0.03777225381357801
172,-0.4620953048560129,0.025190141018390434
173,-0.10997642923509066,0.025058192915107705
174,-0.36993626697491927,0.015129057130244594
175,0.010845142628118958,0.01426346632492554
176,-0.5031817777149886,0.008677857435733198
177,-0.0792688077134702,0.008443847044060086
178,0.08126716425965509,0.008800075573951027
179,-0.6294391938258077,0.004843775525127748
180,0.07731683522157419,0.0050300108179334065
181,0.04049513707172021,0.005021707422304583
182,-0.5985246952715807,0.002875915601381104
183,0.04669639329026639,0.0028633725288371202
184,-0.6114849608072791,0.0016385635793013129
185,-0.5650352012314397,0.0009202015991703002
186,0.011404147831883576,0.0009351481384682897
187,0.06688248835023908,0.0009322832353957038
188,0.018294201299789044,0.0008809082761232841
189,-0.032667187395332656,0.000800777151635163
190,-0.07204593354917403,0.0007099622557123775
191,-0.48955727207648436,0.0004569813408449461
192,-0.520720839535573,0.00028757282680454805
193,-0.03417116039127719,0.00026049008846954494
194,-0.5244917528913116,0.00016395829174194678
195,-0.4777076947080361,9.960340560746352e-5
196,-0.26739028146327704,5.7687201398899665e-5
197,-0.045382125329593064,3.437799049567787e-5
198,-8.487972979988647e-5,2.3600386048475337e-5
199,-0.04415087536335092,2.2161498893535103e-5
200,-0.5111235585535212,1.3452691003509603e-5
201,-0.5361075868701618,1.117104996644667e-5
202,-0.018794068433754217,7.66859790485386e-6
203,-0.036076267362180225,7.201553134406028e-6
204,-0.511925011435819,4.371317608006873e-6
205,-0.054632240997907644,4.105093884254537e-6
206,-0.4910713089055125,2.4917562359168515e-6
207,-0.42857934872899894,2.069121853228042e-6
208,-0.2535637082522788,1.97937656863346e-6
209,-0.11506132742765388,1.9482777427437136e-6
210,-0.07599236489971022,1.8281759970441626e-6
211,-0.07786795634791965,1.6556485665861327e-6
212,-0.09746665463590833,1.4666333522592348e-6
213,-0.45807330584969047,9.437633429218658e-7
214,-0.4457552765460055,5.940317096223322e-7
215,-0.3572841182733286,3.608623425701751e-7
216,-0.20681639829363413,3.386129048119206e-7
217,-0.3443014615873006,2.0570064458858115e-7
218,-0.20545099570319883,1.191296429328988e-7
219,-0.10993498926779459,7.099455015478306e-8
220,-0.08703333742952449,4.873880032656379e-8
221,-0.4703558652095915,4.046867256291757e-8
222,-0.4382678792556262,3.870862849144682e-8
223,-0.13716514044524916,2.3068155740737405e-8
224,-0.42187700752338586,2.206488642128114e-8
225,-0.134814146199353,1.314942620828441e-8
226,-0.10802168045769459,9.027276725345743e-9
227,-0.10881559242963267,8.476888848343264e-9
228,-0.12071475325103147,8.435103496327342e-9
229,-0.12960186334568408,8.113881572922618e-9
230,-0.14188370483278268,7.563489781906192e-9
231,-0.41798611626375765,4.625115325714459e-9
232,-0.1403879702701562,4.311378266078158e-9
233,-0.14204838002035147,3.888788384311195e-9
234,-0.14701430002623542,3.4187150763600086e-9
235,-0.15424368827399024,2.9471961380019304e-9
236,-0.3928329308377308,1.9487530554258495e-9
237,-0.16218196339797208,1.679975478932974e-9
238,-0.3982336750540037,1.1108379601020742e-9
239,-0.30877327906187985,7.202711420606765e-10
240,-0.23482827362869038,6.33205408572212e-10
241,-0.3150281910319244,4.105725576537332e-10
242,-0.15588024381995053,2.5946909116941e-10
243,-0.08069107117736818,1.5866676213346584e-10
244,-0.4186888994969596,1.4790386870967664e-10
245,-0.13658606905808113,9.04440210745745e-11
246,-0.0393330058417971,5.359638436645985e-11
247,-0.023577747877479186,3.0702618932630567e-11
248,-0.5444747260373016,3.05512789986803e-11
249,-0.021105879597850822,1.7501260356982248e-11
250,-0.5452547431335888,1.7414992811284157e-11
251,-0.02374863293556481,9.976155934993095e-12
252,-0.5376330201585813,9.926981277264297e-12
253,-0.02412665635403538,5.686658286831333e-12
254,-0.057454443130671315,3.452001777199075e-12
255,-0.0876159588548621,2.8662549928768956e-12
256,-0.4686563118087057,1.9677273130520928e-12
257,-0.09176268710476632,1.6338370023144585e-12
258,-0.11219955497412566,1.5627793656984826e-12
259,-0.1252748880599927,1.5381813238056546e-12
260,-0.12660502412376615,1.4433422799784557e-12
261,-0.42442962502774334,8.768018091028902e-13
262,-0.13474539013274028,8.227411831444369e-13
263,-0.4119400675191128,4.997989512340605e-13
264,-0.1514220794444409,4.689830429217424e-13
265,-0.39069844440873347,2.848978971772752e-13
266,-0.16484219730946786,2.673320590414681e-13
267,-0.07820788406577667,2.4210191701266736e-13
268,-0.06500603639228739,2.144624101808184e-13
269,-0.48454242298854744,1.3800414524516572e-13
270,-0.3729311760764183,8.686380511339117e-14
271,-0.1571619882539453,5.276803882602948e-14
272,-0.055029203419944744,3.056011549025861e-14
273,-0.06204452902490837,1.8212096951732634e-14
274,-0.44466756379514344,1.7420029832334715e-14
275,-0.3571008942954396,1.714583973666374e-14
276,-0.2328346112812959,1.608868540697274e-14
277,-0.3136819076769571,9.773557295891821e-15
278,-0.24248907581157736,9.170952899109593e-15
279,-0.31968908948299735,5.571171997590734e-15
280,-0.19682810406996412,3.226492085934556e-15
281,-0.37093068731912504,3.1757073179266576e-15
282,-0.20037589447150222,1.8391811512848487e-15
283,-0.15595239885019446,1.0960477374400757e-15
284,-0.39517794246368326,1.0483792357611457e-15
285,-0.2909520019005291,1.0318778172377482e-15
286,-0.18318035557553855,9.68255730541547e-16
287,-0.12776132232299814,8.7687413684315845e-16
288,-0.1196729087592781,7.767660129792667e-16
289,-0.4276965260112558,4.998401798540217e-16
290,-0.3925775452340501,3.146138827464294e-16
291,-0.3255140390012049,1.9112169399325855e-16
292,-0.25076723704537013,1.1068633913767806e-16
293,-0.29687456544936347,1.089441436185072e-16
294,-0.2821913759354308,6.309398046695493e-17
295,-0.24528377520461492,6.210088546613955e-17
296,-0.14657188506755908,5.827195547749584e-17
297,-0.1071819501884572,5.277239168304566e-17
298,-0.44765583759656985,3.321647142105956e-17
299,-0.1176245314857032,3.00815825691281e-17
300,-0.11855894857958774,2.664732596681391e-17
301,-0.13438070902397384,2.326232877369618e-17
302,-0.4143534325752512,1.51896419842331e-17
303,-0.3968983778532251,9.774363520613932e-18
304,-0.35340772714906166,6.152267429748261e-18
305,-0.2014380503378905,5.571631565837957e-18
306,-0.16313744281418233,4.9355475949674125e-18
307,-0.15429600940049024,4.308587322245489e-18
308,-0.39194492460787467,2.8133855178212986e-18
309,-0.18093446635684177,2.456002488362985e-18
310,-0.3674278002808777,1.603700079796086e-18
311,-0.32278473988522144,1.031962937259178e-18
312,-0.2427181259337291,9.141491379857638e-19
313,-0.20861134005141846,7.980252060750534e-19
314,-0.34013640856033384,5.21087862380335e-19
315,-0.28184257593282547,3.353141699041957e-19
316,-0.28905045754128755,2.9703310875335043e-19
317,-0.2627020878882354,1.9113745969963906e-19
318,-0.21979911157218626,1.203074517777962e-19
319,-0.34448503952253695,1.0895313046528678e-19
320,-0.21502073274068778,6.857825519963822e-20
321,-0.18867601662977837,4.165992991294854e-20
322,-0.17849717651343572,2.4126958245562518e-20
323,-0.1778832025462424,1.4378299809068238e-20
324,-0.37792646293829385,1.3752969373926775e-20
325,-0.36304157371315515,1.3536498562756955e-20
326,-0.20223883099748247,7.83953636737261e-21
327,-0.1934763135529959,4.671919398497262e-21
328,-0.3606948292798821,4.468731717811573e-21
329,-0.20867491114254852,2.6631108551284026e-21
330,-0.20329592575492195,1.8282657964941862e-21
331,-0.35078834750706134,1.518039765194568e-21
332,-0.32163590778584544,1.4520182967638947e-21
333,-0.24443748596111753,8.653206171550336e-22
334,-0.21526100330747353,5.940556639988273e-22
335,-0.3353392111249367,4.932543847937981e-22
336,-0.2705783282445258,4.7180212804755865e-22
337,-0.21325923814655565,4.643759943455725e-22
338,-0.35730588574746,2.689390080403097e-22
339,-0.19979116022533208,2.647059261768349e-22
340,-0.1739786365021953,2.483850564935379e-22
341,-0.37857238758731426,1.5088899556895031e-22
342,-0.18191369834084642,1.4158569182772903e-22
343,-0.1650608945561426,1.282231825690742e-22
344,-0.3917324796692044,8.070738398410123e-23
345,-0.17783809879454585,7.309041964393653e-23
346,-0.37519025231428027,4.600522655553731e-23
347,-0.3566842679096578,2.794726270526511e-23
348,-0.32495331664012594,1.6185395457377397e-23
349,-0.2900617107278255,9.645578445733213e-24
350,-0.26191842039578955,6.621835184132934e-24
351,-0.2433668110407665,6.2181098750060845e-24
352,-0.3136831547529412,3.774611600835376e-24
353,-0.24848144765685165,3.5444780815003445e-24
354,-0.30785357590681656,2.1516229777661856e-24
355,-0.25974600538059506,2.0204411184072342e-24
356,-0.2977883980909576,1.2264788879011699e-24
357,-0.2659445049179501,1.0183659983005684e-24
358,-0.2943070565538354,6.991236280758642e-25
359,-0.26138156783536876,6.564989032051605e-25
360,-0.2296077576545322,6.532628763134027e-25
361,-0.2012090753490965,6.28385639498864e-25
362,-0.3440441360919205,3.723761710705475e-25
363,-0.26722875548820824,2.133152042804098e-25
364,-0.2921786228724732,2.1226372691448883e-25
365,-0.20943010148245564,2.0418040365664763e-25
366,-0.32892518110957286,1.2099563093443152e-25
367,-0.18330327492617907,6.931218948734914e-26
368,-0.3624054482436036,6.897053452339933e-26
369,-0.18857260036346152,3.9509680812526196e-26
370,-0.3728526390376735,3.9314928941700687e-26
371,-0.18694182658545186,3.781775707859265e-26
372,-0.36337158169251643,2.2410492369992945e-26
373,-0.21532185400405465,2.155706697872478e-26
374,-0.08773220159379529,2.009477953609146e-26
375,-0.44774329186996303,1.228806710454759e-26
376,-0.27414901829998944,7.281807684049808e-27
377,-0.29174238536597674,7.00450545126974e-27
378,-0.2566648056440905,4.150812425100493e-27
379,-0.07614249576545869,2.377787487970673e-27
380,-0.020926682339860187,1.4434007144987167e-27
381,-0.526693889022152,1.3553983128304831e-27
382,-0.4767269132198494,1.3487172576635234e-27
383,-0.0843057643725196,7.726109232711962e-28
384,-0.49131471858490783,7.688025547996497e-28
385,-0.28336491873438224,7.395253925532558e-28
386,-0.2705263896391169,4.382366762996704e-28
387,-0.054099870152107425,2.5104330886500655e-28
388,-0.013571968964329524,1.5239212638599848e-28
389,-0.04835155648015025,1.2653373935021137e-28
390,-0.5131262005920141,8.68673218431788e-29
391,-0.5296788775941063,8.157112594144538e-29
392,-0.03311031388584789,4.951654513365799e-29
393,-0.5243781349498602,4.64975810647724e-29
394,-0.0420284481538031,2.8225668639813386e-29
395,-0.5133623490311098,2.6504783646446886e-29
396,-0.45396338952060444,2.637413576231278e-29
397,-0.2813309262719923,2.536976884521418e-29
398,-0.28012937264643684,1.5033916737912338e-29
399,-0.2701657584531035,1.4461402485993215e-29
400,-0.2922649252040356,8.569708388528481e-30
401,-0.26755799317630713,8.243360952078282e-30
402,-0.297179795836822,4.884948024170947e-30
403,-0.2569725587908297,4.6989218267084216e-30
404,-0.07131769247088815,4.380178354421926e-30
405,-0.02180010914620902,3.950844944016318e-30
406,-0.04397628463161848,3.473270331446633e-30
407,-0.0711193302439261,2.9942269886452052e-30
408,-0.4902898337558647,1.979850920682866e-30
409,-0.06655287332205288,1.7067842392024827e-30
410,-0.49042832054788105,1.1285645210622514e-30
411,-0.0648513363081648,9.729096859513958e-31
412,-0.49648914538353794,6.433099911185097e-31
413,-0.059986796164750056,5.545828437344444e-31
414,-0.48214218700469524,3.6670277768732844e-31
415,-0.29886178699861354,2.3777133810242862e-31
416,-0.23903377845244075,2.090297508512195e-31
417,-0.296035052136934,1.3553560700183686e-31
418,-0.2391004494090548,1.1915218372896633e-31
419,-0.306035136192787,7.725868438122204e-32
420,-0.24773812204230447,6.791972353010404e-32
421,-0.2861804707953542,4.40393815644061e-32
422,-0.2477399688156474,3.8715940405247553e-32
423,0.05808869611126505,3.3376127565598575e-32
424,0.06342139101498107,2.833769374479182e-32
425,0.0036051051992495413,2.376949108392638e-32
426,-0.047495610509799634,1.974150537986732e-32
427,-0.08414234013291957,1.626213923825627e-32
428,-0.10863310044858392,1.3303707727819877e-32
429,-0.45102681522870297,9.269825919287028e-33
430,-0.4565650978328361,6.414577743160657e-33
431,-0.10649541825756854,5.284032519641587e-33
432,-0.4429453722658001,3.656469678045155e-33
433,-0.3831490417319565,2.509547939811411e-33
434,-0.2666529692668718,1.705430472699446e-33
435,-0.2976338990128518,1.4305050643909999e-33
436,-0.25782992432819807,9.721380052005022e-34
437,-0.14497789830789645,6.5266942691925935e-34
438,-0.41341059931413277,5.541429664144161e-34
439,-0.1501090953689056,3.720378900796508e-34
440,-0.10555861081154846,2.45999906485509e-34
441,-0.45724693391021487,2.1207089829265296e-34
442,-0.41258712197748076,1.8005684320892595e-34
443,-0.3145169712375125,1.5103062259754611e-34
444,-0.2402614266401202,1.02636902050168e-34
445,-0.3203662926338332,8.609123064616623e-35
446,-0.20398242158063778,7.15021826491686e-35
447,-0.34865255663718736,4.907415374908089e-35
448,-0.21707895792345283,4.075803166459233e-35
449,-0.3247522218696663,2.7973494490819845e-35
450,-0.24060102664685787,2.323309699960924e-35
451,-0.14069905740789176,1.913835095518428e-35
452,-0.09658695305546366,1.565667491649857e-35
453,-0.09783237365197987,1.27329875587196e-35
454,-0.10461678075138792,1.0302593113470226e-35
455,-0.45344598279041404,7.258121233159137e-36
456,-0.10371007775503352,5.872735639505866e-36
457,-0.45645333861834014,4.137310555931537e-36
458,-0.394053738938448,2.899888128570464e-36
459,-0.17196202669255653,2.3583704496448748e-36
460,-0.373835373025481,1.6530087304883786e-36
461,-0.21463262759015012,1.1517919280988269e-36
462,-0.348730245260552,9.42256301596638e-37
463,-0.22125308419104156,6.565501938145337e-37
464,-0.10068396541967677,4.543226914054544e-37
465,-0.45574936935179666,3.7425002422912955e-37
466,-0.3441121418894983,3.061659272822535e-37
467,-0.20161580968368847,2.489932864915492e-37
468,-0.10828706819978587,2.0146697755558894e-37
469,-0.4455471435792083,1.4193239813234532e-37
470,-0.11592413325478423,1.1484121388112463e-37
471,-0.43807115179295253,8.090501524539015e-38
472,-0.31616607234933813,5.670724739663504e-38
473,-0.16540490730275506,3.951276760459108e-38
474,-0.3782723980794727,3.2324548697266884e-38
475,-0.1896976059690046,2.2523265353807025e-38
476,-0.12471103909740137,1.5585755104767318e-38
477,-0.1104041310458343,1.0696984539055425e-38
478,-0.11927634899098415,7.269422157470678e-39
479,-0.4329245972834749,6.097548611875069e-39
480,-0.12895812104107213,4.143752365312224e-39
481,-0.4222295579345269,3.475755147484087e-39
482,-0.15362390040279875,2.3620424420371003e-39
483,-0.1454527251764266,1.5858169094884448e-39
484,-0.1360796101857491,1.0485781739966763e-39
485,-0.1263881762663589,6.799016825249596e-40
486,-0.13026317972254645,4.2967672411631094e-40
487,-0.43060624785102836,3.8756095658129e-40
488,-0.4097632764994514,3.4071293386484046e-40
489,-0.14737377348411954,2.209194342752499e-40
490,-0.10828142087151725,1.3961421372057473e-40
491,-0.44414089497920456,1.2592960052274938e-40
492,-0.12175595214133561,7.958359217607066e-41
493,-0.42984597154858795,7.17830205379802e-41
494,-0.3091063495564047,6.310595304778962e-41
495,-0.24863258878120004,4.091811628216216e-41
496,-0.09888754529478656,2.585897728012211e-41
497,-0.0461508756068583,1.581290541169666e-41
498,-0.04884888986118729,9.370597926783121e-42
499,-0.0761193175456937,5.3679348096702783e-42
500,-0.10433293449125391,3.25852540601651e-42
501,-0.44687883485780233,3.059857039882301e-42
502,-0.11881872216284799,1.8574409445645614e-42
503,-0.43089876502480223,1.7441950091589085e-42
504,-0.41009287456886195,1.7355974899147006e-42
505,-0.3578210017560505,1.6695033165935558e-42
506,-0.2897533222643977,1.556255362328777e-42
507,-0.23427956673717593,1.403715358678901e-42
508,-0.30644256622607696,8.871044629114608e-43
509,-0.2543671467292288,8.001528473309406e-43
510,-0.17520528843878214,7.034310849040556e-43
511,-0.12365731849893752,6.064118649222577e-43
512,-0.4255210717455115,4.009733041724342e-43
513,-0.14109710599637268,3.4566992330230993e-43
514,-0.4160109304660515,2.2856480771089193e-43
515,-0.35020688599860306,1.4820220483544211e-43
516,-0.2583292582801683,9.365918561051594e-44
517,-0.31508888420365233,8.447896181132289e-44
518,-0.22569232532082084,7.426722026514154e-44
519,-0.16403046648605,6.402407358742089e-44
520,-0.1442524356700289,5.435905007399292e-44
521,-0.14563951388587168,4.559605194766265e-44
522,-0.38675617915522664,3.0986017518427817e-44
523,-0.32978325153983895,2.0803246234665334e-44
524,-0.23558629543006177,1.766280463594182e-44
525,-0.3129026644573288,1.185837043491511e-44
526,-0.25191676952306497,1.0068240212602735e-44
527,-0.2802687081075707,6.759567607162487e-45
528,-0.27838791823563497,5.739148627188873e-45
529,-0.16099061380927857,4.8139641620753395e-45
530,-0.08170574297946116,3.9981882266029705e-45
531,-0.05263797015874947,3.293522575440567e-45
532,-0.5002560571936999,2.2790672438693587e-45
533,-0.40469549633340435,1.564194157245624e-45
534,-0.1509510079392175,1.299125305686631e-45
535,-0.03576153956865348,1.0701593522124913e-45
536,-0.009412818840013987,8.754744400746277e-46
537,-0.5338518622818567,6.100175847449256e-46
538,-0.021585680102942022,4.990423177035396e-46
539,-0.03146905320687127,4.058524339607879e-46
540,-0.06645924128804304,3.28385814556628e-46
541,-0.1004977057920967,2.6452665623882625e-46
542,-0.12582754717769767,2.122540366509317e-46
543,-0.149055211825181,1.6972163494901265e-46
544,-0.1656066204882551,1.3529304037090223e-46
545,-0.1811503075433437,1.0754946315829483e-46
546,-0.19143817036787295,8.528117088814079e-47
547,-0.35679238263313806,6.130588273680699e-47
548,-0.33235501679852164,4.396056475271485e-47
549,-0.23439172633975505,3.494588580704841e-47
550,-0.21568553781914418,2.771028298822799e-47
551,-0.3396349210682196,1.9920028557162764e-47
552,-0.3005643287276144,1.4284040391727858e-47
553,-0.2676198968855568,1.1354914278296707e-47
554,-0.2774310440086689,8.142260124294673e-48
555,-0.28068012752419746,6.472585011486083e-48
556,-0.22072700914515114,5.132425697375419e-48
557,-0.16508350917708586,4.060513792745751e-48
558,-0.13163923369632602,3.205830951237822e-48
559,-0.4086392844264975,2.3145943747098974e-48
560,-0.14538005128662967,1.8274037879793388e-48
561,-0.11756046011382898,1.4400323799247712e-48
562,-0.10884937412732824,1.1328064043500566e-48
563,-0.45480957164600194,8.208544573666174e-49
564,-0.41263216535110925,5.937755728645721e-49
565,-0.1465068166958269,4.6790756206040616e-49
566,-0.09878702752168625,3.680810864638613e-49
567,-0.46467564385131,2.66719008063483e-49
568,-0.10422011245680064,2.098154213115625e-49
569,-0.07430665360110146,1.6478836019157359e-49
570,-0.07650276597022103,1.2923349936808173e-49
571,-0.480993435332372,9.393348501820172e-50
572,-0.4550136537481754,6.8175010254768695e-50
573,-0.09064964511863596,5.354443479750044e-50
574,-0.4511777850390074,3.886146022047452e-50
575,-0.29377408293395185,2.815980093267065e-50
576,-0.10461338702291292,2.0369752250831626e-50
577,-0.03363467967994127,1.4706862180554057e-50
578,-0.04637729130159253,1.0596333210897246e-50
579,-0.5118270368333262,8.383279114470326e-51
580,-0.5224100328209147,6.618713056965437e-51
581,-0.44798361564497685,5.21568422816953e-51
582,-0.24172719815463564,4.102935863877369e-51
583,-0.073955342999239,3.2224326922831854e-51
584,-0.0374124452446806,2.527158185309497e-51
585,-0.5157522966308393,1.8368671954187227e-51
586,-0.4844698808453785,1.3331607984102129e-51
587,-0.08672379892992398,1.0470602230685571e-51
588,-0.474158324204481,7.599349841137816e-52
589,-0.08709084168397634,5.9685050365465445e-52
590,-0.4736744990312944,4.331819393194584e-52
591,-0.3649872047126325,3.138924041880796e-52
592,-0.1946334853089464,2.4692453496057427e-52
593,-0.36790435161543644,1.7892651769731005e-52
594,-0.19321598773146667,1.2942878556963528e-52
595,-0.09441938759902453,9.344695449064171e-53
596,-0.08219467272805489,6.732877857763991e-53
597,-0.10314791104089151,4.840048701614658e-53
598,-0.126104560485372,3.470650202804767e-53
599,-0.14886836144394883,2.4817983869766576e-53
600,-0.3987666051642078,1.978357381853788e-53
601,-0.1742793945325009,1.4146871255363697e-53
602,-0.18882261574067977,1.0084933902732436e-53
603,-0.3478912221124164,8.064070287338692e-54
604,-0.2256877653481883,5.748664447905057e-54
605,-0.21784130935167242,4.0838929217580414e-54
606,-0.19940855229780946,2.8899025348747356e-54
607,-0.35728562929558255,2.3279210627251276e-54
608,-0.21175574043366607,1.647316692441971e-54
609,-0.19090740071357845,1.1605257173087819e-54
610,-0.3598402539609913,9.390116976092345e-55
611,-0.19197182597713366,6.615286720089384e-55
612,-0.14779843088394976,4.636729867709376e-55
613,-0.11181955518882648,3.230804493588212e-55
614,-0.11056317184929816,2.2356672905750063e-55
615,-0.10789967765254148,1.5344074304386938e-55
616,-0.45400011007428637,1.2743862473100174e-55
617,-0.11618178665055963,8.746505955358167e-56
618,-0.44243383996257424,7.2643202062289275e-56
619,-0.3983990971430522,5.984011066625521e-56
620,-0.13671494151315092,4.140844125555646e-56
621,-0.4226380133413239,3.411035908253213e-56
622,-0.27253469886917103,2.79049540208987e-56
623,-0.25912846050218913,1.9443757436020378e-56
624,-0.2833793261592204,1.5906521415762777e-56
625,-0.09277990797283649,1.2936178362877405e-56
626,-0.030024406174781165,1.0467000105150918e-56
627,-0.5192441119567647,7.373945071299195e-57
628,-0.045336799748307885,5.966451734938654e-57
629,-0.5278163063687111,4.2033330392673236e-57
630,-0.49698159700927996,2.9461640397102984e-57
631,-0.06559613181560914,2.3960049157083566e-57
632,-0.04017565497753577,1.9386702162850463e-57
633,-0.06565484294465061,1.5616690098385832e-57
634,-0.09467046361651871,1.2530705070102143e-57
635,-0.12255640852833247,1.0019747021627645e-57
636,-0.14189229056025854,7.987208223103335e-58
637,-0.15466656309971566,6.3493284959322474e-58
638,-0.16674775517169277,5.034689644982927e-58
639,-0.3977706849490502,3.619275975893779e-58
640,-0.16833180781528748,2.8698989648813946e-58
641,-0.38598763526446356,2.063077788158851e-58
642,-0.17018030706034107,1.635914157456516e-58
643,-0.15533748357657243,1.2942519564378887e-58
644,-0.14745424877729238,1.0218295497632086e-58
645,-0.15254032480505492,8.052230427135384e-59
646,-0.3972844290044702,5.824683891037728e-59
647,-0.3384243144098039,4.205393476363359e-59
648,-0.24804743342773894,3.0299971544848536e-59
649,-0.17041561142631756,2.1781672121898436e-59
650,-0.3985401516766114,1.7271741279852282e-59
651,-0.16915157622729599,1.2416097651285156e-59
652,-0.13001218938174455,8.903202113875635e-60
653,-0.41298531398193666,7.077486063673821e-60
654,-0.1542061978767467,5.075047784961958e-60
655,-0.10645949576224269,3.6290737096954756e-60
656,-0.08542687631537872,2.587071574327546e-60
657,-0.08717725670314623,1.8378744117388763e-60
658,-0.47775506707194704,1.4746954741560593e-60
659,-0.08096109976079362,1.0476343615514524e-60
660,-0.09522629125486821,7.413419634337788e-61
661,-0.4681115126313014,5.9717777694336685e-61
662,-0.09347425506813052,4.2258345270634e-61
663,-0.10822772455354898,2.9770776124890293e-61
664,-0.4483787782446915,2.408831326289314e-61
665,-0.11603625624166486,1.6970086660590587e-61
666,-0.13749928588263285,1.1894527177155167e-61
667,-0.4138920514786063,9.673373648703147e-62
668,-0.41391904299981475,7.82697951109717e-62
669,-0.41087218153722,6.304915214793188e-62
670,-0.39983779125789515,5.059012668551275e-62
671,-0.3749328330133499,4.045265356938127e-62
672,-0.33093042062088823,3.2246699097122162e-62
673,-0.2270095638638786,2.305902385088656e-62
674,-0.18015191042002204,1.6438174010352455e-62
675,-0.38838294467692935,1.3144220070601617e-62
676,-0.1687868474090649,9.370170140251162e-63
677,-0.3993716813003104,7.492534045744687e-63
678,-0.35869414257361526,5.972648751797755e-63
679,-0.29305316661355557,4.7478803427575353e-63
680,-0.2205641720746349,3.764823951479867e-63
681,-0.34536791426042335,2.706410492380366e-63
682,-0.219330563446241,2.1460437729423113e-63
683,-0.3456035743458922,1.5427216409191177e-63
684,-0.20784262748191518,1.2232986016714414e-63
685,-0.15116269768829668,9.678115451868261e-64
686,-0.4203949869551753,6.973107854177631e-64
687,-0.3688533528213084,5.0127422966558844e-64
688,-0.27527529799247163,3.594483473418959e-64
689,-0.18748785119280326,2.5703492904978432e-64
690,-0.3724446470751707,2.0489454419356428e-64
691,-0.2719388289166512,1.6287828384719152e-64
692,-0.16113863105871662,1.2915406874969728e-64
693,-0.11177360530608232,1.021801207595775e-64
694,-0.10524593634563578,8.067259722587098e-65
695,-0.11383126707619588,6.3571692770944885e-65
696,-0.4529480733233553,4.598539723367709e-65
697,-0.10947582561319286,3.6237454171757865e-65
698,-0.1213936451564773,2.8506317451871094e-65
699,-0.4225592767139309,2.065625481425627e-65
700,-0.13702762635167443,1.6249313605502817e-65
701,-0.1258728032952944,1.2762158884943091e-65
702,-0.4441078662159945,9.262514987976743e-66
703,-0.41172929240058187,6.711805905324227e-66
704,-0.1531099072624833,5.279865106021445e-66
705,-0.1061449381677167,4.146789151222581e-66
706,-0.45708430256311355,3.0096551070598726e-66
707,-0.10132659017313758,2.3637734859256512e-66
708,-0.45697278696585814,1.7155786524018047e-66
709,-0.10152630862996066,1.3474099813147692e-66
710,-0.059108594093736706,1.0566917879779562e-66
711,-0.05951186161300434,8.275700139156942e-67
712,-0.506312034212174,6.023407364421343e-67
713,-0.05523068933911401,4.7173559718229384e-67
714,-0.5069054119061712,3.4334927829042755e-67
715,-0.4951689448381103,2.4956373112241127e-67
716,-0.3485159984186784,1.8112827310933765e-67
717,-0.12987320577029035,1.312492141340095e-67
718,-0.02797388223305325,9.494079810501584e-68
719,-0.5425452952223422,7.481533328673875e-68
720,-0.46273364532637884,5.885373820221262e-68
721,-0.09223724012422789,4.2646610356773265e-68
722,-0.4796177599932262,3.3548102118716244e-68
723,-0.193458745678517,2.6348572002595922e-68
724,0.009677344960657938,2.0663584243988718e-68
725,0.011599629193832568,1.6183113084534159e-68
726,-0.03363981039799013,1.2658114992858352e-68
727,-0.06970902208757483,9.88924012967651e-69
728,-0.09474582947101348,7.717473972644245e-69
729,-0.45729473256528164,5.637114104918851e-69
730,-0.4243476992545537,4.112982325368298e-69
731,-0.31568477370507936,2.9973936207681773e-69
732,-0.2505747493223415,2.344502750018064e-69
733,-0.2885041372680598,1.7085892986783809e-69
734,-0.2733623249776206,1.336425180079047e-69
735,-0.14126014366310793,1.0440914408349423e-69
736,-0.06365625591895523,8.1479956134586e-70
737,-0.050455789918107376,6.351993658766761e-70
738,-0.061912797241002515,4.947012252796219e-70
739,-0.08859848466120758,3.8492337622105496e-70
740,-0.10600073247684734,2.992449106426963e-70
741,-0.12494250316100335,2.324456780354624e-70
742,-0.425159600261348,1.7057708018910296e-70
743,-0.40960719061388406,1.250725754910202e-70
744,-0.35761056319929235,9.162725917403566e-71
745,-0.21734649842722403,7.129449484426878e-71
746,-0.16454764666635288,5.5425354906835646e-71
747,-0.40131147884369883,4.063964442360429e-71
748,-0.3280580979813646,2.977230793979768e-71
749,-0.22567415958205858,2.3165613312565048e-71
750,-0.35364800638781785,1.697095983338317e-71
751,-0.19962727482468234,1.3204978728494892e-71
752,-0.11937942882452982,1.0265738387834013e-71
753,-0.41518318739444526,7.5271679997103e-72
754,-0.14060403461124427,5.851727524525086e-72
755,-0.0765006575498297,4.545470027194964e-72
756,-0.07314053550729796,3.528053015236162e-72
757,-0.0850273755442817,2.736345278947702e-72
758,-0.46841924261061324,2.0110784200099936e-72
759,-0.3946866514682385,1.476952760572338e-72
760,-0.24633884592683403,1.0838415736739531e-72
761,-0.12455291724635899,7.947073363746174e-73
762,-0.4429397263722198,6.178167930334949e-73
763,-0.13500596453920952,4.5300304941694166e-73
764,-0.08959297931507257,3.3186673939191973e-73
765,-0.07847253570637851,2.428984265169468e-73
766,-0.07357311540688292,1.7760669607693538e-73
767,-0.06680522441320245,1.2973017014792599e-73
768,-0.4856838185535833,1.0124025693125505e-73
769,-0.06936791962992943,7.394944023857144e-74
770,-0.4764550191617555,5.770947745723868e-74
771,-0.29436502403678555,4.4989007388962565e-74
772,-0.2704641442264105,3.2895844887562487e-74
773,-0.04648596850414097,2.4028280738777084e-74
774,0.03324832175129287,1.7531646893814347e-74
775,-0.5707316824107305,1.3696720728121405e-74
776,-0.34370572083662543,1.0688797556108251e-74
