t,lambda,delta_s
1,-0.08229484062522777,1.1453218539475263
2,0.1731353163772369,1.1368362153676659
3,0.661426146514833,1.0531970693065347
4,0.24803728661471047,1.0724699968494975
5,0.023719629756191032,0.9352901705560075
6,-0.0770501988646257,0.9200115081576761
7,0.3781008009165364,0.9753039217899984
8,0.30375326343211495,0.9676257835224187
9,0.26803220745055006,1.0130446854512867
10,0.5346007355007537,1.1452075320960509
11,0.5643616742735252,1.124886509694084
12,0.3483677186811108,1.0580273229599642
13,0.42964132831727203,0.9793671144430313
14,0.31649017471707325,0.9466810776112139
15,0.2733072211389898,0.8880229672880644
16,0.711706965967714,1.036401051486998
17,0.06314373180398158,1.070836027889443
18,0.37040555523957064,1.0805950294900342
19,0.17558576057677094,0.9738558987187654
20,0.37724907105819994,0.8714746891131523
21,0.2011889535808945,0.7604455643183461
22,0.5286022641782232,0.8307158932379634
23,0.2977066491874458,0.6045906459797886
24,0.34362766343502654,0.6726359851683511
25,0.5017325084914461,0.6173803179124044
26,0.037732190560153776,0.6500748246159046
27,0.10407778727568036,0.7228062508958024
28,0.1257450597511066,0.67089187815254
29,-0.1080645443569139,0.5817184937037402
30,0.3174792541834264,0.6730454467537011
31,0.3850845469900032,0.7819884718526466
32,-0.2738100097995808,0.7534687582424414
33,0.16546980558646468,0.7456892189859731
34,0.3598530337574366,0.8460311753585906
35,0.3740516642671494,0.8785628683795768
36,-0.014616585250908322,0.7450580228208207
37,0.10204314628613524,0.7242784096649405
38,-0.006021805565581659,0.7680029629601073
39,0.1898131627674811,0.7456087183441431
40,0.5169546122264962,0.7975777031546943
41,0.2969436168164815,0.7416179924812074
42,0.24335887207052867,0.7422385410266888
43,0.5955734795928711,0.7338715100076894
44,0.664845041471519,0.8690192597669701
45,0.4769287185072132,0.7541430635944637
46,0.3552274656511994,0.7112474764409055
47,0.8242474636846141,0.815037799308354
48,0.40813056289766364,0.7109175605431177
49,0.19532841046680335,0.6340944397582695
50,0.33034432254067764,0.5792346572614518
51,0.5138381568204583,0.6529829777572123
52,0.4850756213576723,0.5260770676539013
53,0.22365329543056262,0.5363907657273858
54,-0.04097309260310607,0.4792479128709645
55,-0.0003280671308740338,0.4776090463913909
56,0.3032211925266478,0.5978611508782734
57,0.15598504572090954,0.7591715490926383
58,0.13593245223260367,0.7046357392486732
59,0.25718516208123243,0.678345256593193
60,0.39258787298723574,0.7854409267802237
61,-0.06920010264124694,0.7301926336596093
62,0.23482777520458406,0.7527644392864653
63,-0.1787612390056423,0.6095952162692754
64,0.5079246611881945,0.6686883304835721
65,0.8481487827978904,0.6644290133386818
66,0.16941269114086785,0.6570487895958879
67,0.465439937357361,0.5440024148269803
68,0.27608136157437824,0.5124439471303138
69,0.20917471814382305,0.6325125933996925
70,0.19183521937261316,0.5297589944302514
71,0.4394572173466999,0.4891672923076085
72,0.5260115548285563,0.498153383234263
73,0.4746272346458324,0.6044160248233189
74,0.6589400978744633,0.5220721832668421
75,0.06703871488449174,0.5003923242306985
76,0.18321553750857436,0.4785953070551313
77,0.10167836577480015,0.44135560626348835
78,0.8687540139063441,0.3848775038498607
79,-0.048705659511020606,0.4203097844521479
80,0.4786404953525238,0.370368314964855
81,0.5221502285054312,0.42372748890107254
82,0.19418736295473463,0.5138535999893656
83,0.5133530004321978,0.4563495211891234
84,0.7460969800122118,0.5164202528733808
85,0.9710663712643584,0.4273213727783564
86,0.5647441983531539,0.4881052595985389
87,0.3084965941414358,0.4422778658894028
88,0.4345052184313963,0.5815093133208344
89,0.46302684404437894,0.6655367109888253
90,0.5366813469088285,0.7186138995589065
91,0.33843383185153847,0.8527507781234519
92,0.36010568461610787,0.9764482201147598
93,0.07576603256022027,0.866457789266704
94,0.6054691452422936,0.873981499881643
95,0.5047067300783585,0.8179992296016991
96,0.3511509523463548,0.8872446020293524
97,0.2458200830488122,0.9382806950217486
98,0.09283690003269156,0.7593188742814424
99,0.3167034381518271,0.8596222326680988
100,0.3063558508477329,0.8498196748888012
101,0.4956539090123061,0.9357652405691432
102,0.28604761179588895,1.00739488735462
103,0.3992299940591657,0.9146389231474146
104,0.13890995373367537,0.832787289129412
105,0.0953675010103951,0.8508514215913237
106,0.31789762485939926,0.9401703993896796
107,0.3021764985949759,0.9966644449966382
108,0.36680637941505856,0.9594127693469761
109,0.47705640875056116,1.019701316551074
110,0.6835629081575417,1.108044732655744
111,0.16931458897649865,0.9935808724915219
112,0.36526997522960897,0.9587765972729105
113,0.36218852601488394,0.8816389002615546
114,0.29233589119932263,0.8848631426994046
115,0.591764446229401,0.9954589883750098
116,0.06861895261977571,0.8884574858322395
117,0.4843264159858601,1.047287124914959
118,0.3616746346276771,1.0339514192867714
119,0.4728355766441929,1.0321237022962684
120,0.5302442515464117,1.037604379297521
121,0.4755265606677429,0.9259120480843008
122,0.5032676612922643,0.9703800772141004
123,0.44854163977605815,1.0728457776140268
124,0.39157418172059005,1.0446341885873283
125,0.7104058427870356,1.0334949495450778
126,0.4603483806090926,0.8668639152807938
127,0.7595655006000569,0.9153143153958947
128,0.5179299138201475,0.9923503667967506
129,0.21438466112282048,0.9257429885012612
130,0.5404768329718731,0.9526785677321694
131,0.4274481164749359,0.8197154358186292
132,0.520163215722173,0.6722893462832829
133,0.5173580889035567,0.7448210288921355
134,0.47112689274553815,0.6671707197572254
135,0.040443075977748856,0.6645826185094369
136,0.6191706399679285,0.6526266199475148
137,0.37159932166921844,0.618081319912284
138,0.03272890048333706,0.5236401811807682
139,0.2676265365656366,0.5894075981385248
140,0.33066361059478716,0.49046124582539014
141,0.16199192031090914,0.6413287701917539
142,0.4994802826032827,0.713362873670879
143,0.3745629357759855,0.8073514690569386
144,0.6540643115709304,0.8367705179985846
145,0.725239364307133,0.7836890126063908
146,0.743570513114501,0.716955010531623
147,0.5628821882862028,0.6907504070192667
148,0.3332731566263535,0.699479063202981
149,0.02974378729033444,0.6403176437214295
150,0.3097061295607177,0.7544022622872507
151,0.4550062102138097,0.867916910279516
152,0.1423609566798675,0.721090586473469
153,0.2524649960167182,0.8767589161956938
154,0.3420055175593753,1.0026926404564074
155,0.3534141825803435,0.9175153910701667
156,0.102568894485063,0.9385808437815977
157,0.17265403116875302,0.7305060584036187
158,0.5765090729290727,0.8015673148384616
159,0.29597961300115533,0.8323306481257534
160,0.30401561940029104,0.8000409382951527
161,0.5528447036704132,0.8630002314218588
162,0.088503701167859,0.6980451256667191
163,0.39984432565673494,0.7716845642879125
164,0.3453717668674707,0.8717905816499502
165,0.20898809812537375,0.7685753707154914
166,0.2867765668616822,0.8312258546114228
167,0.42508389467044744,0.7616247380994604
168,0.5026471130773159,0.8895132251581858
169,-0.03941331503344427,0.6850639601745167
170,0.042887118276964904,0.7857553261483118
171,0.18876739206724855,0.8519926982997741
172,0.465725933165187,0.9105974210632418
173,0.5362812259301319,0.8625820017372201
174,0.3527363074301867,0.8138244550484165
175,0.35670482010025806,0.7253822088826809
176,0.5958095136149589,0.8533897703742828
177,0.16758326399360335,0.6463946975212118
178,0.31808047340916923,0.6932760158047075
179,0.4038629436401867,0.8722392576423118
180,0.44313505918254154,0.6179314852707052
181,0.35484015707772526,0.6476287885746165
182,0.570473501401017,0.7435192731749563
183,0.318384575856827,0.8922465592124045
184,0.46608990654947663,0.8045948550314939
185,0.3875762263859432,0.9267787180286998
186,0.18660565016744873,0.8047775509213637
187,0.5535246888025653,0.8383595328710856
188,0.4016644739716169,0.9930125429801535
189,0.05211930822016664,0.7553769774928538
190,0.21967961673405248,0.7803216722569937
191,0.27491125976510794,0.8844995356052723
192,0.5087429293639322,1.0090234312753006
193,0.41682244671191154,1.0200859887714948
194,0.4285661643305079,1.0344838407063712
195,0.014235066635201278,0.8921418903364646
196,0.5841494801303257,0.8306271849628871
197,0.4700871743928265,0.9800436030195109
198,0.606419378958636,1.0371319482915802
199,0.5771821373764944,0.8889967820481687
200,0.6284437849747252,0.9137938665601734
201,0.1297617058046203,0.7657449646098611
202,0.43317180168330555,0.7349449411808404
203,0.5391396844034516,0.7435244161839957
204,0.28394868932889533,0.7097200042634016
205,0.17041897312934812,0.7798315192388544
206,0.3964163047291445,0.8411843574096768
207,0.25443108108215506,0.7509974492089309
208,0.4448102666771149,0.7402789343510273
209,0.5927528485551062,0.8301938825935826
210,0.4625459866186509,0.8831145710985253
211,0.23950689805540898,0.9590614266326013
212,0.4854362075009888,0.8992436798632363
213,0.3999867657395254,0.9096373343219007
214,0.41156927559478884,0.9367461975468844
215,0.25727468900401956,0.8191632939828241
216,0.16121490774018934,0.7198978580013592
217,0.5142723996927979,0.7994599623651959
218,0.4194373586291811,0.8396166692155533
219,0.6108550249437582,0.9353048494978332
220,0.33018255470723296,0.98934349572121
221,0.8465070061627009,0.9188138003230027
222,0.33130717661348935,0.7397080332506214
223,0.5866053770799371,0.8018781560527041
224,0.04332715084951836,0.7739775613086503
225,0.236134790585141,0.828956394745211
226,0.5201556979520713,0.8844664993814759
227,0.6045441384267038,0.9442776152933107
228,-0.3565553133762373,0.7451795292094573
229,-0.019414815827810485,0.680296805560174
230,0.004286872834253821,0.6898863403658708
231,0.3644396492487305,0.816274338860545
232,0.11586677800749165,0.5970715938575457
233,0.04963892246979043,0.5892968426578946
234,0.251133077214464,0.6811813348976038
235,0.3728503018366288,0.7754881328790405
236,0.42435061571838867,0.6436949558465509
237,0.22799259683231768,0.6850963182399584
238,0.09274412914812127,0.4947302857699727
239,0.46727172283693236,0.6058032211969117
240,0.572573467036642,0.654450669460585
241,0.6018712691492015,0.7883890159813379
242,-0.052056386901358456,0.7350049843582696
243,0.27732824049501376,0.8346397306958606
244,0.40154188250588935,0.9569198676252715
245,0.4627750644140772,1.068453809587206
246,0.3206150962803799,0.8821136794266324
247,0.3595203700359584,0.9090201028651079
248,0.709446669416984,0.9913188921196933
249,0.684145459900963,1.0375926104917594
250,0.4744334928445137,0.8905191417670008
251,0.6607074249724999,0.9512291475864655
252,0.31379149339616996,0.8212977144150039
253,0.3759011899176246,0.752884629038427
254,0.4312380587708648,0.6753393933902901
255,0.6184347555675836,0.724808645806603
256,0.05270969847525164,0.7144441405568411
257,0.2356973333996619,0.7298743451158907
258,0.43689091825556076,0.622222244168094
259,0.5198371250375652,0.8125464176468983
260,0.4698147225422858,0.9387965468890525
261,-0.15651708032518097,0.7248290091256536
262,0.5478399437140701,0.7270738019913023
263,0.5257014681004805,0.7205013671674068
264,0.19962355830754053,0.7246874820609168
265,0.011386328273925033,0.5989367150799494
266,0.390814913854714,0.6721602869005404
267,0.5915001908657865,0.7892924634385156
268,0.4539065356444611,0.6336744153566128
269,-0.24460440818711504,0.5232185122747299
270,0.0855299916759207,0.4625749603291199
271,0.2069191173084212,0.4709943632635236
272,0.4801214968034633,0.5587635885552699
273,0.6817231007931853,0.6709000186852746
274,0.2819572567347374,0.5387846545610654
275,0.23621862254242804,0.5601221720267906
276,0.05895747345527196,0.46593946625848154
277,0.409981163947102,0.5205967111227191
278,0.23010100549821663,0.4565660582383936
279,0.18339478069305695,0.49445936267705515
280,0.25610822532798444,0.41483519267692004
281,0.515973116929585,0.49664013522144806
282,0.6469212744757755,0.5725041375424462
283,0.34853575452777286,0.604911726967129
284,0.3597798891359648,0.6643825822440601
285,0.5706299710145124,0.658107821268122
286,0.15932355759278521,0.6552580477313144
287,0.29463941165714075,0.5366837948055447
288,0.4672524864460714,0.5317151202474517
289,0.5566905038611326,0.5453231753237896
290,0.6892735816503943,0.5037825467226272
291,0.9620007484991959,0.5538362666298596
292,0.4068744892060672,0.43245805293857165
293,-0.13930947292031692,0.4119772925715323
294,0.15759897788106936,0.4572628651307032
295,0.5147394221209597,0.36027859155503933
296,0.11776486403099376,0.3427047290448168
297,0.5878291118439053,0.3130012501374014
298,0.06021856233864601,0.274850612813382
299,0.069400676785536,0.20884696228314842
300,0.2180362339578864,0.19231358608640978
301,-0.19524014936546752,0.16550143797139763
302,0.1463493004720127,0.12861729359292037
303,0.324371296754589,0.16118277277780269
304,0.13258282462322837,0.09242286762073819
305,0.1660472196166223,0.10372760056540532
306,0.3423878577703749,0.13887729968469953
307,0.5380994153069824,0.17351170684687642
308,0.31654767592287164,0.13701421283567647
309,0.15427101058273232,0.13899844250431137
310,0.13604917025787905,0.11511868937083951
311,0.03731118504328813,0.10808989056411994
312,0.4816861472822139,0.15152674746553685
313,0.23399261139485397,0.10041654294690815
314,-0.10469789060075627,0.10999708999019288
315,-0.10862460187252347,0.07765685484227977
316,0.042157855555864376,0.07879739944950902
317,-0.2718839497354541,0.052852590314604535
318,-0.026330560684487015,0.06803173967814495
319,0.1346768584411099,0.0827890521948304
320,-0.25332698347574784,0.04922853193157511
321,0.23746971313508933,0.06039485828972838
322,0.42276723211913314,0.07613443523854006
323,0.3895495027081858,0.09118660356878079
324,0.49098848287360214,0.12213611015151495
325,0.4977467260049627,0.15582499193894309
326,-0.3490775458274604,0.102980210023064
327,0.34383017533751875,0.12832558980553835
328,-0.40935413361944367,0.07059458667017612
329,0.05152463998198167,0.08013686703204277
330,-0.23170913564779475,0.04718668688165808
331,0.2731549243621396,0.053515157087354666
332,0.22418486352572473,0.059441434045954186
333,-0.4855967026732375,0.03742179443819998
334,-0.1937056189214595,0.027062903853779987
335,0.0725008734488561,0.026246417768702342
336,-0.5491914239617941,0.015504066451048803
337,-0.11496149956499575,0.013149040198552037
338,-0.4003523752053938,0.008910778424265634
339,-0.042932501513595116,0.00886294923563949
340,-0.46688924044293884,0.005151816714545118
341,-0.07308510631141112,0.0044747975462699555
342,-0.4401358896320006,0.0029445152441783407
343,-0.0946782819131466,0.002572571621370969
344,0.0829184759023705,0.002572726367738141
345,-0.625541186872627,0.0014746523829176844
346,0.07312352431124229,0.0014789413344668543
347,-0.6260421427404478,0.000846664434066813
348,0.07029108567522702,0.0008497354738888907
349,-0.621410928610918,0.0004860048753415018
350,-0.36682006305404874,0.0003185891484629627
351,0.01710993115311073,0.00032217556224188316
352,-0.5855640942641158,0.00018282165192871815
353,-0.22517595157444764,0.00016005208944190838
354,-0.32130424108543504,0.00010489357617612854
355,0.03625895525400964,0.0001061153483582314
356,0.056140798814100806,0.0001136605399966126
357,-0.6112244272136149,6.088081717528303e-5
358,-0.6203149195525325,3.4536600880848404e-5
359,-0.34462667562128196,3.0231845233774467e-5
360,-0.21240040332448046,1.9816938457981093e-5
361,0.05272948715611505,2.004658851314555e-5
362,0.03794318594295321,2.1476935810172753e-5
363,-0.5879695475936141,1.1502751099403408e-5
364,0.02891881949530446,1.2323744223377553e-5
365,-0.5784116393356414,6.600337270862239e-6
366,0.01908060142872822,7.071460209717215e-6
367,-0.02389526594458728,7.036023076196198e-6
368,-0.06233455082089302,6.618637149649711e-6
369,-0.49314709516306476,4.037317234776551e-6
370,-0.5096329580637077,2.328301290817615e-6
371,-0.4562146459009184,1.2470092792456967e-6
372,-0.28013575813414926,7.074331257854522e-7
373,-0.10591876348444136,6.193345889044112e-7
374,-0.05032095782377378,6.229074357353302e-7
375,-0.05879710206272248,6.375296076847069e-7
376,-0.08123516726038936,6.19865316478973e-7
377,-0.10150456381641011,5.770306842003674e-7
378,-0.45553502681193486,3.5568229476596557e-7
379,-0.09621405172780789,3.3110384358921535e-7
380,-0.11046259518467572,2.984246732844971e-7
381,-0.44999146113191396,1.8998940635243938e-7
382,-0.10023947177705636,1.712379441811226e-7
383,-0.11282567348109078,1.5064695620837832e-7
384,-0.44850881687439864,9.825738916861092e-8
385,-0.46654950763987113,6.255467111399739e-8
386,-0.08353460626609643,5.638070530198014e-8
387,-0.08702599798040175,4.960105623317e-8
388,-0.09560604096720376,4.283266536734642e-8
389,-0.4664506039046134,2.8461395301770416e-8
390,-0.47973381175978214,1.8563548985882394e-8
391,-0.4439967306349272,1.1818311888785579e-8
392,-0.312493407096064,7.28480633481738e-9
393,-0.15425473187179028,4.299165403856091e-9
394,-0.07830264457906591,2.410296773125545e-9
395,-0.07288724826911765,1.3751058894039207e-9
396,-0.09105330092741211,9.01285689717387e-10
397,-0.4611268306280269,7.890443539843594e-10
398,-0.4676781065647781,7.935989215438063e-10
399,-0.4374967234450366,8.122317834991662e-10
400,-0.12010295127332862,4.553720209756992e-10
401,-0.4271648112459754,4.660636739483237e-10
402,-0.1298147921713719,2.612953116453354e-10
403,-0.09512793690775456,1.4907239837117746e-10
404,-0.4506696309654216,1.4993288292040882e-10
405,-0.39159431104341436,1.5345314835749521e-10
406,-0.1675804193484649,8.603242529271365e-11
407,-0.10794177968673353,4.908262568213307e-11
408,-0.09481866036328168,3.2170226639274114e-11
409,-0.4509762288408166,2.8163917382568777e-11
410,-0.40659113869461,2.832648682270002e-11
411,-0.14945409926164674,1.6160631818426393e-11
412,-0.10051954407883108,1.0592163337041247e-11
413,-0.4488917044735894,9.273071541379704e-12
414,-0.3754663988706641,9.32659811709194e-12
415,-0.18040480552116736,5.320946407121814e-12
416,-0.36967899538335947,5.351660290851077e-12
417,-0.22486243573751652,5.477311612593308e-12
418,-0.11292901310057062,5.325575936428772e-12
419,-0.44248916486905443,3.142915636493865e-12
420,-0.3269834900492451,1.7620534838259559e-12
421,-0.16943143253940973,1.0052745959551371e-12
422,-0.07978608478429684,6.588871548138509e-13
423,-0.05883218005335001,6.664468723320707e-13
424,-0.4948480892841241,3.7807356747692543e-13
425,-0.4524600880584715,3.3099029231223525e-13
426,-0.2990801639387,3.329008541925588e-13
427,-0.120596467972043,3.4071701405374784e-13
428,-0.43598600285491534,1.9102059076599384e-13
429,-0.25366479088607635,1.0897974945909798e-13
430,-0.2928650017443922,1.0960880886022496e-13
431,-0.09952010374421678,1.1218230773074559e-13
432,-0.45750343669993154,6.289421957904892e-14
433,-0.2583560038193282,3.5881976203002226e-14
434,-0.28304340859212623,3.608909628333079e-14
435,-0.26798411503644165,2.0589302207633747e-14
436,-0.06784878771660378,1.3494846886375606e-14
437,-0.012706694119686156,1.3649679515412736e-14
438,-0.027746968829702796,1.4623807852269808e-14
439,-0.5203550133482305,7.832271416440796e-15
440,-0.03433206662854306,8.391232344431516e-15
441,-0.04040689275163091,8.349186243944297e-15
442,-0.5091987125184114,4.814941564436955e-15
443,-0.043771387234142464,4.7908152491892664e-15
444,-0.04994801213039779,4.5066186880738715e-15
445,-0.5025321914519005,2.748999732580108e-15
446,-0.032779929546731,2.5859259695835873e-15
447,-0.5089401523327921,1.5773932278027958e-15
448,-0.03880270534108878,1.4838204833843717e-15
449,-0.003521234049575833,1.3442446821452756e-15
450,-0.022083078809858592,1.1931912191869007e-15
451,-0.058933617180333776,1.0372438302159717e-15
452,-0.08646167327631739,8.869021118211856e-16
453,-0.11785352419720892,7.485581725161144e-16
454,-0.40512259770353143,5.089099749011952e-16
455,-0.36118633056983823,3.415162781824631e-16
456,-0.28561551927908335,2.2542696900363175e-16
457,-0.2733938555184,1.9596417489783593e-16
458,-0.1784927344133119,1.6756044769338205e-16
459,-0.3479560695348114,1.1244546833247137e-16
460,-0.18404068053892436,9.61472321392607e-17
461,-0.09342225144026829,8.114965047817846e-17
462,-0.44104805219288357,5.516988272170865e-17
463,-0.1239241529334047,4.656417662969429e-17
464,-0.4124730682517562,3.165682351748343e-17
465,-0.26062516118207896,2.124407278294954e-17
466,-0.30493530495848786,1.8164883189478977e-17
467,-0.24821572904144273,1.2189981738311335e-17
468,-0.11961535659281909,8.046324029125756e-18
469,-0.41078950280716897,6.99468770882891e-18
470,-0.14846336392027082,4.617031017437539e-18
471,-0.40473239857652316,4.013595524124208e-18
472,-0.21468324365469352,3.4318510678445102e-18
473,-0.0908301488225613,2.8965317924635885e-18
474,-0.4677472146762026,1.9692175917983532e-18
475,-0.3754396301005505,1.3214908255885069e-18
476,-0.17215820989693428,1.129949361783844e-18
477,-0.08379124282411252,9.536935565028823e-19
478,-0.0792591401298508,7.965337461891983e-19
479,-0.46049477725421856,5.4723532330608165e-19
480,-0.4297629806671318,3.7203990935353855e-19
481,-0.12552551402363787,3.140070487338004e-19
482,-0.1047331137050026,2.6226161344206617e-19
483,-0.4414248648106151,1.8017920710750928e-19
484,-0.3880833917569843,1.2249548416335789e-19
485,-0.16634173488593368,1.0338795515833319e-19
486,-0.11798268646671285,8.635058365612341e-20
487,-0.11202903364040702,7.150053855680493e-20
488,-0.11723115162379522,5.877741826109084e-20
489,-0.4248452737164946,4.102745590226065e-20
490,-0.13743732820337126,3.3726849957078056e-20
491,-0.40252723210202557,2.3541810618316545e-20
492,-0.15522617258581808,1.9352677298183616e-20
493,-0.3852465521235742,1.3508438069106396e-20
494,-0.27784737377401275,9.361089010260295e-21
495,-0.16684869920786577,6.431263704187139e-21
496,-0.36860629583611787,5.37145138089367e-21
497,-0.24691885710618547,4.447702034013477e-21
498,-0.14345459350424017,3.6562583727424826e-21
499,-0.096588242503081,2.987218785688423e-21
500,-0.4440125623825719,2.0979839058944656e-21
501,-0.1145458314622562,1.7140848093454277e-21
502,-0.07659512740634565,1.3930432116361565e-21
503,-0.4552670343150644,9.835525766324642e-22
504,-0.10187708129412526,7.99336901356899e-22
505,-0.43937349115552266,5.643686156753121e-22
506,-0.29616383957971304,3.963674433059228e-22
507,-0.2610151912776273,3.23838238978342e-22
508,-0.27430131873297436,2.2743811626545924e-22
509,-0.119886157876112,1.5875497021874764e-22
510,-0.4370555878334549,1.305054126013471e-22
511,-0.29998838662555644,1.0662491006190731e-22
512,-0.24845517507028453,7.488482140948172e-23
513,-0.12036535718928267,5.2270647453053945e-23
514,-0.09284607899137112,3.622255814689775e-23
515,-0.4533908735726663,2.999322420010893e-23
516,-0.11066766517864271,2.0784730255678346e-23
517,-0.11751241044220422,1.4279543880861734e-23
518,-0.133155615630058,9.707999437883933e-24
519,-0.4107593727256736,8.193691525987723e-24
520,-0.14662714365723006,5.570510752454289e-24
521,-0.1360856718747199,3.73822521384639e-24
522,-0.1284979099501564,2.4675157034831427e-24
523,-0.42841796062130283,2.1450169916126457e-24
524,-0.12657893447011248,1.415875932631774e-24
525,-0.4256706447398156,1.2308241561435326e-24
526,-0.12252613347322555,8.124384593686905e-25
527,-0.4343530266486117,7.062545934461348e-25
528,-0.10851795959354046,4.661822657261257e-25
529,-0.4417967200120584,4.0525329981060124e-25
530,-0.28573301634561615,3.465144809294151e-25
531,-0.10149032742320413,2.924632190380774e-25
532,-0.03539954711994044,2.442680061058458e-25
533,-0.056087992797724036,2.022602888049659e-25
534,-0.09091203989883101,1.66269203458567e-25
535,-0.12902869213156856,1.3584447197595904e-25
536,-0.1583825961242399,1.1040131648834428e-25
537,-0.18000937269505965,8.931180971499699e-26
538,-0.19433369435370684,7.195998087197317e-26
539,-0.34099057632729335,5.124767461327598e-26
540,-0.2302254914763203,4.1291086774218646e-26
541,-0.30556456615270366,2.94062359910641e-26
542,-0.2557093408378776,2.3693083660338993e-26
543,-0.23653198019362326,1.902190856040511e-26
544,-0.28699972362455184,1.359523948607539e-26
545,-0.20885789398295743,9.682109431234047e-27
546,-0.3603203700322554,7.801033387356849e-27
547,-0.15998215570465973,5.5556549048260414e-27
548,-0.08420830637509252,3.940632168518266e-27
549,-0.0737045566222161,2.782267549586415e-27
550,-0.09101051732890487,1.9540425257400493e-27
551,-0.12113654265458494,1.3639488757370615e-27
552,-0.14774836744632397,9.451904628721979e-28
553,-0.17681276498180648,6.4936559312181795e-28
554,-0.20028818673652973,4.414735418444853e-28
555,-0.21474566747101184,2.962614379017243e-28
556,-0.31892467048821876,2.5332027752000224e-28
557,-0.2771234979198802,2.138059673939296e-28
558,-0.2949061299014697,1.4535675849271173e-28
559,-0.2813199877583635,9.754514868515988e-29
560,-0.24900285478695555,8.340661650285858e-29
561,-0.19490149750899635,7.039638714686026e-29
562,-0.16142645114477527,5.879571859318134e-29
563,-0.39909157136587287,4.03938869222881e-29
564,-0.14593063417547544,3.3737350802008665e-29
565,-0.12823560588670177,2.7935407610327295e-29
566,-0.42681360000978996,1.935870274863508e-29
567,-0.12324693924904609,1.6029511483103363e-29
568,-0.12139347934341674,1.3177149710764742e-29
569,-0.4342645253677342,9.19783387345148e-30
570,-0.11983383454052673,7.561130861222498e-30
571,-0.4307129961146299,5.277774563048168e-30
572,-0.11955843429563921,4.3386241452373534e-30
573,-0.4356757578584296,3.028420030368058e-30
574,-0.11903292916720891,2.4895296509380997e-30
575,-0.12520099895681533,2.033983647395376e-30
576,-0.4274976867753793,1.4285076732686e-30
577,-0.12918611321043794,1.167112529273263e-30
578,-0.1414053842285446,9.485167695643352e-31
579,-0.15772658216375993,7.673255349609642e-31
580,-0.38763273679575244,5.4426485060582505e-31
581,-0.17492877815235996,4.402961877451949e-31
582,-0.3655068005652952,3.123025729329387e-31
583,-0.3477286859172061,2.2049997999442367e-31
584,-0.2131734386110238,1.7920116824000102e-31
585,-0.34371362705545094,1.265242666456752e-31
586,-0.2144517398665454,1.0282675034341407e-31
587,-0.21160139800988098,8.318418160576979e-32
588,-0.32903564514063177,5.900263201424065e-32
589,-0.2962272388338183,4.165857186694416e-32
590,-0.25685184948867196,2.925765388799774e-32
591,-0.22114295053308838,2.0422249568046185e-32
592,-0.19464054726841037,1.4152228038372814e-32
593,-0.35045871075309504,1.1718414441204698e-32
594,-0.3036019672111096,9.6331882370408e-33
595,-0.24519781321172887,7.870461530369483e-33
596,-0.3105628698664624,5.527583617840495e-33
597,-0.2416185434204785,4.516120016510574e-33
598,-0.3060436913591319,3.1717620273144865e-33
599,-0.23696630882967065,2.2139340338167293e-33
600,-0.3107618919424376,1.8199768747857238e-33
601,-0.2195162572778685,1.4869488300960766e-33
602,-0.3349824000413301,1.0443141056075146e-33
603,-0.24671612553207242,7.289457785573368e-34
604,-0.30189363918492657,5.9923396076075195e-34
605,-0.2569794170450551,4.182736436473157e-34
606,-0.2921146759283043,3.438441918967743e-34
607,-0.18791086973274052,2.809259424993713e-34
608,-0.3536598251813783,1.972999463365685e-34
609,-0.23531054150079372,1.377181082007552e-34
610,-0.1291154691631156,9.543601285335053e-35
611,-0.42096535378122724,7.902351122376959e-35
612,-0.12746043712879307,5.476178065033287e-35
613,-0.06106829746741176,3.7622487286161424e-35
614,-0.05920208623782324,2.557778374947711e-35
615,-0.4983537014857164,2.1588018345344967e-35
616,-0.518432270080929,1.8030514108193821e-35
617,-0.47866077095532267,1.4929736599417959e-35
618,-0.31437987483826196,1.2273073606777578e-35
619,-0.25655872146136144,8.566776171599768e-36
620,-0.10194304451894079,5.9366119060593484e-36
621,-0.45448974544281506,4.9156697096150204e-36
622,-0.09853479182097567,3.4064650155212664e-36
623,-0.45833204592832316,2.8206420023127836e-36
624,-0.09117873323747173,1.9546509163124495e-36
625,-0.46695661397155436,1.6185020099395895e-36
626,-0.0923242079981996,1.1215909123483104e-36
627,-0.06079666020687785,7.70556386935932e-37
628,-0.49588047381977496,6.435758754486626e-37
629,-0.05948991387389563,4.42150070801256e-37
630,-0.08334209876511879,3.0059732121779087e-37
631,-0.11194491879153669,2.017230619106052e-37
632,-0.42134757745972623,1.7248462164802602e-37
633,-0.13528247043313074,1.157499536934422e-37
634,-0.13166548057909677,7.640385800141138e-38
635,-0.4155824301643122,6.64180468665077e-38
636,-0.3889487521387826,5.679118478504594e-38
637,-0.31220688075119396,4.793257895217407e-38
638,-0.21262913286150623,4.0033736641031144e-38
639,-0.14285187726272516,3.3148979532948824e-38
640,-0.1214631444613571,2.7250304323071933e-38
641,-0.12837222031263656,2.2263913731170084e-38
642,-0.41725050806421077,1.563639493498069e-38
643,-0.1464595987056668,1.2775172848406217e-38
644,-0.15717644761513783,1.0382431322489152e-38
645,-0.16478314799470156,8.399118417678229e-39
646,-0.17382793426319618,6.767306614951209e-39
647,-0.3707819656178003,4.8194666425538775e-39
648,-0.3458550637284695,3.4184530198682696e-39
649,-0.2186584714926109,2.7654400811639303e-39
650,-0.31202113940806414,1.9615297081317867e-39
651,-0.245688751053653,1.3849301891419305e-39
652,-0.18466880937405827,9.726643597474375e-40
653,-0.3560816860658848,7.94681598343322e-40
654,-0.19555753433863485,5.581208887753283e-40
655,-0.3573583176127406,4.559932678893877e-40
656,-0.27256606591360966,3.705874545540574e-40
657,-0.26824959805473864,2.6165178707285496e-40
658,-0.16694678826747938,1.8376331886278904e-40
659,-0.3850268555439957,1.5013743074607336e-40
660,-0.16782851739830962,1.054445408842112e-40
661,-0.3835813401783483,8.614979612103904e-41
662,-0.2932412292215057,7.00142653478632e-41
663,-0.18621480441620256,5.663972987807477e-41
664,-0.11594962111486178,4.5635553591694733e-41
665,-0.42728253292315793,3.2500231002351037e-41
666,-0.1281901372692059,2.618596587312438e-41
667,-0.07359392505855517,2.1023310242991574e-41
668,-0.06494834765547829,1.6824950464364742e-41
669,-0.07881054498989035,1.3426737801026332e-41
670,-0.4853556956023157,9.654261732392894e-42
671,-0.06984779883292298,7.70434606734016e-42
672,-0.48158538532261114,5.539675721182869e-42
673,-0.07492763032855035,4.4208019256027063e-42
674,-0.08404711087586547,3.5188843602674716e-42
675,-0.09775797839120567,2.7944933978654133e-42
676,-0.11887459133101165,2.214570789882331e-42
677,-0.43216460176782223,1.603497777278911e-42
678,-0.1175101423461636,1.2707345603019178e-42
679,-0.10669690742012215,1.0051099878128641e-42
680,-0.4446527603960896,7.291554327922422e-43
681,-0.39951844928651203,5.279574358674383e-43
682,-0.1533578248213813,4.183939445576436e-43
683,-0.08818419431468526,3.3093609448647842e-43
684,-0.4593875393580946,2.400770603493293e-43
685,-0.3430518922797073,1.738318930262144e-43
686,-0.2134877391667212,1.3775771771007235e-43
687,-0.07592745476899058,1.0896190462924157e-43
688,-0.47049583393908684,7.904623940777517e-44
689,-0.0779323946340719,6.25230218881627e-44
690,-0.028396395674626068,4.93678157227444e-44
691,-0.5335407952630976,3.5876100728314565e-44
692,-0.4493287210047729,2.6026259882637573e-44
693,-0.21521105405312288,1.8844757667425965e-44
694,-0.33690325399464616,1.4934030584781704e-44
695,-0.09842014435189189,1.181233576861286e-44
696,-0.44670884685758566,8.569240087238894e-45
697,-0.1852315603336247,6.204704539423193e-45
698,-0.3558096377250717,4.917083519808222e-45
699,-0.1922647242969764,3.560298244124401e-45
700,-0.3491317858857925,2.821453255437957e-45
701,-0.20577708321054028,2.042921384342606e-45
702,-0.3548167843268209,1.618967512053146e-45
703,-0.11120470426626135,1.2805510034468085e-45
704,-0.431371672319477,9.289736769630453e-46
705,-0.1284498080608156,7.3478816922155e-46
706,-0.417437806504867,5.3305090192687634e-46
707,-0.14046424959622764,4.2162604392538326e-46
708,-0.03872517781088657,3.3291348069596182e-46
709,-0.04500317567916827,2.62445928244416e-46
710,-0.07122201596317118,2.0658577893582007e-46
711,-0.47727982770979205,1.5059311391369743e-46
712,-0.08270631212472726,1.1854021111449184e-46
713,-0.09091090708783449,9.317948310361623e-47
714,-0.44756685012333597,6.801911401381489e-47
715,-0.1064531370612551,5.346696977662437e-47
716,-0.08487425683236881,4.197332556357652e-47
717,-0.47328504066016447,3.0679681426388167e-47
718,-0.4286260653657842,2.2395539010754913e-47
719,-0.27879277993677887,1.6325489463885313e-47
720,-0.27692133724347184,1.2850700256489986e-47
721,-0.2678773885686091,9.367667888686539e-48
722,-0.28629994424310146,7.373812124050556e-48
723,-0.27870111943646225,5.3752263824526387e-48
724,-0.11336818187751474,3.9124930242067045e-48
725,-0.05125738996764904,2.8432490232821806e-48
726,-0.06478563991176081,2.0626304556167948e-48
727,-0.4767450217406734,1.6314740598657116e-48
728,-0.09525552188861769,1.1835502468732647e-48
729,-0.10862310063228313,8.569697563201514e-49
730,-0.43362162431240164,6.791285288449221e-49
731,-0.4192862676375204,5.3716872797455585e-49
732,-0.15005327737231908,3.8968819440452174e-49
733,-0.3949469284179763,3.0823077341635006e-49
734,-0.35311428559517494,2.433772322987844e-49
735,-0.19087178599404364,1.768647442286355e-49
736,-0.14884244236947708,1.2830624577151318e-49
737,-0.3987064108862556,1.0148609564304248e-49
738,-0.34549375046938074,8.013283294413337e-50
739,-0.2825191342367703,6.317117492783129e-50
740,-0.26605552326300946,4.598072037354962e-50
741,-0.2821453716637215,3.6248014993432904e-50
742,-0.2540934559546927,2.638402472984509e-50
743,-0.1950642181085891,1.9173542822762035e-50
744,-0.3615078389851219,1.513931829013967e-50
745,-0.3001142624726972,1.1934789883957877e-50
746,-0.2247883995053725,9.394536547416382e-51
747,-0.17187306018326373,7.384650754846448e-51
748,-0.14238918296051226,5.797193138145529e-51
749,-0.13400221501665263,4.5454354256300166e-51
750,-0.4228367431574145,3.3264656551250175e-51
751,-0.4160372779942673,2.4314229383725077e-51
752,-0.38150077654483455,1.7748889407022912e-51
753,-0.318459201107327,1.29382600200365e-51
754,-0.23551636804287884,9.417436303523226e-52
755,-0.16694652832939064,6.843748067063628e-52
756,-0.12402579575505121,4.964786087360961e-52
757,-0.427587176851627,3.92698541430653e-52
758,-0.12603784033268928,2.848825286840765e-52
759,-0.421109947599894,2.253328774387925e-52
760,-0.3329111342847695,1.779215340802357e-52
761,-0.20140320730829891,1.40261013368223e-52
762,-0.3559599125005538,1.020924882648272e-52
763,-0.18989973273794336,8.048264610201991e-53
764,-0.10259343480401482,6.335236460714829e-53
765,-0.08949227099329267,4.9798633999262655e-53
766,-0.10574067952639198,3.909356161766772e-53
767,-0.44305780826486946,2.85747674302394e-53
768,-0.11631366181143697,2.2432129990977843e-53
769,-0.43303630205998517,1.6396380143767805e-53
770,-0.12606336793694298,1.2871696389635527e-53
771,-0.4230723713898889,9.408345403869864e-54
772,-0.4092635783825869,6.867899427984056e-54
773,-0.15054892705617223,5.3985673948993e-54
774,-0.13675814149212875,4.238052535793505e-54
775,-0.13829307936001617,3.322951930844112e-54
776,-0.15082735710938822,2.6024696036896714e-54
