t,lambda,delta_s
1,-0.3192326269395084,1.178652051924591
2,0.2005364295286265,1.1316154198444293
3,0.5857029221333093,1.085250773852154
4,0.14505347494620324,1.0834268186199816
5,0.4101861670835764,1.1475007091336655
6,0.5662730886349849,0.9407081876435001
7,0.28448864654000133,1.0527016583385387
8,0.35020244443918663,1.257710203626116
9,0.34615282145523635,1.0571873150297255
10,0.15140330025552684,1.0870473487535575
11,0.4393595405180499,0.8803171630268462
12,0.705214204102595,0.9032685423860187
13,0.3145646323466614,0.9660217265677375
14,0.5193534716807032,0.9818828559693248
15,0.4046747915646513,0.9905482129048432
16,0.6619087990765055,1.0971258148726235
17,0.5464145351065838,1.1069298007422672
18,0.2128092296049021,0.935551287806109
19,0.3125209832518326,0.8988042412719417
20,0.23507540856745224,0.8942317133207439
21,0.3212150865766002,0.7637656625793751
22,0.4388587592593214,0.8989607929735107
23,0.5546511038502816,0.9716130346397924
24,0.04528383523692035,0.7726383703884427
25,0.17337188907618153,0.720300531649619
26,0.48613667270586697,0.8681739973367333
27,0.27505371389846006,0.6493710827771257
28,0.5541660687388668,0.6747932273594435
29,0.4426471911290789,0.7822512474149521
30,0.6287574790408589,0.5421325079029088
31,0.20012167459150318,0.5912927778727918
32,0.4417697808322216,0.44997179660703845
33,0.6077254861021565,0.5629384413058717
34,0.37099789729031857,0.7127214456563109
35,0.722199537240232,0.6217768277502828
36,0.6800669436421399,0.7056062882731963
37,0.41826745365977075,0.5447694137393227
38,0.8293584089838411,0.6765796880715911
39,0.10480959422123448,0.7782593643607235
40,0.3962082471015781,0.6615006057579226
41,0.7201084736922635,0.6392926877622226
42,0.22004648791607972,0.7146736981981934
43,0.2075139963675673,0.8745459882190225
44,0.2371300224949161,0.633173255374911
45,0.39941095146473776,0.7179532375229807
46,0.16830497667393698,0.5589216817822223
47,0.015283625164721124,0.5901549442066878
48,0.5132776022374124,0.7330790211426069
49,0.7150088820820872,0.5643358932749176
50,0.7401547437312103,0.6186144876229359
51,1.102166111240771,0.7045852020351724
52,0.3963234275927581,0.7646064671968499
53,-0.11528619313185838,0.6339855218053486
54,0.5023718202910249,0.6308280208713531
55,0.5317726812216096,0.7142709873426938
56,0.7642944602984557,0.7058702031504693
57,0.6693726206354009,0.5647316803392484
58,0.35745564288642495,0.6013234454952829
59,0.33686820239310167,0.5257734580498055
60,0.42946875620983466,0.45893372587514947
61,0.6699845155339493,0.6015326706357561
62,0.18650304736752757,0.6492725405443858
63,0.36983101432601323,0.6911751832393542
64,-0.1812795378418097,0.648119259677343
65,-0.09182102513162399,0.567923589743862
66,-0.13974446216060565,0.5314397337293443
67,0.040900944453179496,0.5521010762657556
68,0.16285401436543634,0.5883209168031369
69,0.3321529940016968,0.6876997683006976
70,-0.07823431538820365,0.575407996554705
71,0.10520225205391112,0.6423432200187771
72,0.08176722790480193,0.5590599798954194
73,0.038380094332553204,0.5331420325314816
74,0.025035651242195547,0.45636778598220645
75,0.343622403352913,0.621762976120907
76,0.3354576868069939,0.7621873515202473
77,0.5282684263354475,0.8845607213686817
78,0.49153580996711227,0.9715476054623471
79,0.11925776110207068,0.9430051929065276
80,0.28449655850470157,0.9140586629336016
81,0.12347131190923874,0.8171613168709843
82,0.05768699549521933,0.6955918804945223
83,0.45198354679698893,0.7845094746675502
84,0.028350021807719075,0.6454525661242275
85,0.42426717882596277,0.6395273056010183
86,0.4936169122046308,0.7559560422033856
87,0.4213037410297232,0.8781431022963397
88,0.4490094792344797,0.9956975670089792
89,0.40578222717009965,0.9313709016421524
90,0.4047175735380383,0.9454775141356311
91,0.6798173112197929,1.0132159254048654
92,0.242938946447956,0.9675645592742688
93,0.23578105423880388,0.9884042090161842
94,0.4585486376004472,1.0289925343852078
95,0.11256342744648078,0.9569300928587603
96,0.3733618744761401,0.9819894236084521
97,0.3931991309170496,1.0618531470740935
98,0.1799930082245193,0.8551027887554005
99,0.2953042170406491,0.7961982591064354
100,0.496570768259079,0.9545416707359614
101,0.45114790013147926,1.0474563432298112
102,0.4131260442821726,1.0237416205578507
103,0.7037552766610717,1.0732340070822797
104,0.4254261801909522,1.0754820986372924
105,0.37300382568343415,1.0280843007673608
106,0.4072315162153889,0.9875416986359233
107,0.381559158224963,0.9830883370091388
108,0.23911143881629554,0.9229580228114589
109,0.41984394948961407,0.9816592619784074
110,0.4401965090964845,0.9582195460364882
111,0.5510612199082346,0.9800215444584266
112,0.6145834610405956,0.9471822520665505
113,0.5848798963340262,0.9907132186983405
114,0.17510677135252234,0.929517763807488
115,0.1281820291088012,0.809631856877816
116,0.5534852135554799,0.9492237404889334
117,0.6305125666940438,0.9817687983846288
118,0.30996527348899167,0.9085222784415293
119,0.5034437675888991,1.0012615166540344
120,0.4001950515587123,0.9064938709575971
121,0.3037901382647275,0.8887985152344381
122,0.3295205183570339,0.8856595692830802
123,0.3111263027278845,0.9090412860941639
124,0.04122733621712045,0.734485036520387
125,0.42640215788298624,0.8889857514058049
126,0.13872121041612775,0.7151851441331645
127,0.3585797290819256,0.7979954114279905
128,0.024565955566754845,0.6002198914686978
129,0.38742514720753773,0.7226688259250397
130,0.2260799510449906,0.6610539796570466
131,0.32702710618855213,0.781229176731093
132,0.5414338637245744,0.8501447015874591
133,-0.022832195531872372,0.6840981259328492
134,0.2890262284539183,0.7136754465634255
135,0.1747696524753891,0.5836719422486083
136,0.5437321588420113,0.6670959704212907
137,-0.016768710448522413,0.5503640012113943
138,0.4599072399482981,0.7267954789497383
139,0.2773292163264813,0.5683493430990381
140,0.13620082694197913,0.5931009754816609
141,0.3468151796530523,0.6965177005741886
142,0.39799615451858406,0.7799185474133138
143,0.48724921140634675,0.6387302522099434
144,0.5100481619739257,0.7253714433166706
145,-0.0083447113377754,0.626185404620399
146,0.05145056214594906,0.6701676083062676
147,0.19248452902968904,0.8210112351046951
148,0.5080485773823202,0.7681772210709965
149,0.4273184507636004,0.8621459662764103
150,0.5851627069580149,0.9336214831009289
151,0.5665619894690909,1.038978984665931
152,0.6437979746426559,0.9415975451048291
153,0.306447172284809,0.8486062479472793
154,0.1890795146219337,0.7036322168159103
155,0.1441873774291831,0.628724183852584
156,0.5894403089345097,0.7672687300180328
157,0.18795921018904646,0.6920478627146327
158,0.41521979821992117,0.6891130656074881
159,-0.003328810112494106,0.7017661036276678
160,0.1862386375792028,0.78163059650775
161,0.13664557405371472,0.6878233701722573
162,0.31990652404523734,0.7627215828090087
163,0.3378717283602598,0.8273529513161479
164,0.14652207949409168,0.7544626161988983
165,0.4801497902841419,0.7974034526661641
166,0.011501030630513002,0.6787914359367528
167,0.24183817852559178,0.770169496396677
168,0.6337164513477761,0.9613772930752024
169,0.7561762924312297,1.1023813018511501
170,0.24168687086851276,0.8640680908095072
171,0.39358562404006076,0.9830400705275124
172,0.4880672331284336,1.0520946106833982
173,-0.052200592412234896,0.8332419910673369
174,0.24018202382325046,0.8323658245649427
175,0.08610616447069272,0.6337589724179787
176,0.17790083301960335,0.6506844731274256
177,0.30457594001657345,0.8352047888928695
178,0.29811113048691096,0.705841647541256
179,0.571015913366538,0.8091184633761975
180,0.5467088112356264,0.9686213451128429
181,0.24024617586590297,0.9201606718806927
182,0.660544554874605,0.8198301142374129
183,0.47170879391377973,0.8756743719464309
184,0.7637352731647759,0.8631543373391467
185,0.0023422948722177047,0.7209212873932724
186,0.2743911646261114,0.6669076177326205
187,0.36185394773435176,0.7694552228215717
188,0.4533717396231183,0.8065632198760245
189,0.4785319072747675,0.7944299378055631
190,0.4468591488979945,0.8442061414429832
191,0.354710261922908,0.9161272508949948
192,0.24943276464409797,0.7085915321990571
193,0.5565930666601772,0.7359014736879375
194,0.40859442747449465,0.8441232044121713
195,0.07023653662234394,0.7300648543318583
196,0.30653036776278747,0.786539875432985
197,-0.0491060226354441,0.6325345128473567
198,0.39536152563952764,0.7532162154023185
199,0.7061470348872353,0.8606617711876575
200,0.2012792094428811,0.6986454587225855
201,0.43243844228410994,0.8220864542524928
202,0.2085720302408891,0.6418144567701731
203,0.2203179698761105,0.7176907734798567
204,0.13801715596891348,0.6101846379773775
205,0.2495828684475893,0.54225476864247
206,0.4403659450472289,0.6049166754843732
207,0.45343448719389906,0.7594831731550508
208,0.5100729805884013,0.7634320249095289
209,0.14195918195095042,0.7152680738503217
210,0.5645531173082265,0.8285498918359602
211,0.442782444715847,0.9135612004586041
212,0.5823984789266978,0.9010856581766392
213,0.4482855166918005,0.8858185360550773
214,0.3812483027749624,0.8473958899136718
215,0.5204294164272846,0.9052732838756584
216,0.2822148698908016,0.988171303588979
217,0.6098168788152996,1.0693441421046663
218,0.5140118185875286,1.147197162411024
219,0.37708137297231087,1.1278823613995885
220,0.2955552576876322,1.0641345258608925
221,0.46866283843476825,0.9716305734437283
222,0.5694310879644775,1.028112062874581
223,0.4563347911447666,0.8620884815418758
224,0.53608536701861,0.833694283248185
225,0.5159939668912273,0.7334563790299992
226,0.332278152321303,0.7431446915800017
227,0.23649095583436325,0.7884053315047893
228,-0.00038988927960180523,0.8652273717302764
229,0.18176297751526777,0.950312814750046
230,0.22822394194831144,0.8465960634928267
231,0.3853860815334233,0.7823620214203275
232,0.24211679273021797,0.8298122875658792
233,0.5421193549765784,0.9723349736415214
234,0.3929714608705314,1.003594613347858
235,0.5871394245781641,1.076535719161619
236,0.5722546273505867,1.1940869057775538
237,0.4812119273388233,1.2106378221653142
238,0.503904516596575,1.0456035548898728
239,-0.05668191755440168,0.8852921020378886
240,0.3888939566514545,0.8926711164117435
241,-0.1799816761708856,0.7501144842744975
242,0.08966754346701883,0.7267011839288703
243,0.5591484829254938,0.8510733989591198
244,0.6271745368634146,0.9911171577134278
245,0.42772111990342915,0.9735799437527499
246,0.6886162656513475,0.9680682356327621
247,0.3211395609173305,0.9525822862932382
248,0.4323558067323437,0.9644255498002351
249,0.289957949919119,0.8466852422239891
250,0.3172985791030247,0.784104531156105
251,0.6107700145172632,0.927869766501002
252,0.41465136442864425,0.8958593731511384
253,0.6260529705693243,0.8355989930621787
254,0.5897267740539114,0.7716882071380495
255,0.4159308130373989,0.765569044173611
256,0.17005007354230245,0.6630787793426137
257,0.14038657912376887,0.5957737513623965
258,0.3359898111718614,0.6017198161867294
259,0.5613846230306015,0.7044179981266775
260,0.21552774587004753,0.5030922588825913
261,0.4286909747631111,0.5018766234899042
262,0.5082292001383776,0.4586124427363521
263,0.1624502356717136,0.3537618970361993
264,0.06927025649475083,0.3175066067612215
265,0.09308519960384065,0.2727987514620685
266,-0.007126847432082702,0.2142340790580311
267,0.5239161578156919,0.26031354529865214
268,0.6168643873674109,0.2908521495648742
269,-0.15075649930710514,0.16024551702687845
270,0.14685925825671275,0.17134306554265258
271,-0.3583856212329796,0.09713072323347038
272,0.0367278262368364,0.0991156946597387
273,-0.4295566430046715,0.06445173253621872
274,0.019492748351730534,0.05817710195560882
275,0.2060935049055166,0.06394025059095809
276,-0.5337790904565615,0.03594995231754094
277,-0.088555360083722,0.02994612046550842
278,0.08847780015244103,0.03295014263177377
279,-0.5957729301479141,0.017664898292648605
280,0.0436343832936208,0.01896273711627218
281,-0.5775444290634925,0.010380889007780501
282,0.014356078360089536,0.010803949256732209
283,-0.5284485569869143,0.006054404473099165
284,-0.09403842813042178,0.005103672264901686
285,-0.43058700116061516,0.003497858303986786
286,-0.11423409943344645,0.0029351851761940544
287,-0.44598883387649774,0.002005894145522713
288,-0.10444080207929987,0.0016840779594067949
289,0.08391189567417405,0.0018522208364316734
290,0.03411206622952984,0.0019259140092941927
291,-0.581542389212783,0.0010620884621405319
292,0.022050875173153163,0.0011047389698854567
293,-0.03505462275736402,0.0010754486876476484
294,-0.0770134498534294,0.0009999602644302848
295,-0.4709336450718066,0.0006167641034182805
296,-0.4692321117900946,0.00036306454921361157
297,-0.42151448433173655,0.00019987869728328432
298,-0.301629486211587,0.0001044807080044566
299,-0.17116319438078828,7.222160177694841e-5
300,-0.10050116274925644,7.46484395577753e-5
301,-0.4517860453427167,4.1445728774880796e-5
302,-0.38201973137513573,3.441216951982456e-5
303,-0.174884751591614,2.3781572121464612e-5
304,-0.37812591417785624,1.9745875166171227e-5
305,-0.2745561156832649,2.167619803338234e-5
306,-0.2763626687071538,1.1330436873023817e-5
307,-0.16789157417312,7.830590944666488e-6
308,-0.38573333789702163,6.501548433310248e-6
309,-0.25896380842750344,7.137130983327322e-6
310,-0.1350953009773043,7.439528421278195e-6
311,-0.4112458630143486,4.095333849338566e-6
312,-0.2656070469149025,2.1406981014494025e-6
313,-0.13420439187569438,1.4795181161208551e-6
314,-0.07290866464961965,1.5291275310408737e-6
315,-0.4823420837306054,8.489583925975598e-7
316,-0.3965735422458227,7.04838462997775e-7
317,-0.23458611225299406,7.737299051744101e-7
318,-0.3181625949765877,4.044406075281391e-7
319,-0.1653401328150861,2.7952266338413116e-7
320,-0.3877377525282105,2.3207059867129583e-7
321,-0.23334117769460416,2.547534069832084e-7
322,-0.3188068972568029,1.331635779864777e-7
323,-0.15794164735279337,9.203389484705373e-8
324,-0.07739573921105877,9.511963844927504e-8
325,-0.47748249428923345,5.280963116091641e-8
326,-0.3886552180681638,4.3844606796003474e-8
327,-0.15998162950410688,3.030249859331487e-8
328,-0.39045364216376544,2.5158310508615868e-8
329,-0.16143369107974243,1.7387763437674646e-8
330,-0.0521991496201564,1.7970744476525675e-8
331,-0.5011591843879375,9.977207596890457e-9
332,-0.3824391487958086,8.283465228172964e-9
333,-0.16616567750006678,5.724984154680521e-9
334,-0.38433943310463825,4.753104140413239e-9
335,-0.14097382798604136,5.217677431801349e-9
336,-0.4163279258647127,2.7273608677041295e-9
337,-0.14113012293096214,2.9939359152537085e-9
338,-0.4152209449202306,1.5649767162520545e-9
339,-0.158354032750797,1.0816085681285233e-9
340,-0.3958958506449162,8.97993421132975e-10
341,-0.1576389859413767,6.206337564793345e-10
342,-0.39582728410668144,5.152742375850148e-10
343,-0.14805760302836263,5.656376685630868e-10
344,-0.41090949413685296,2.9566757810087934e-10
345,-0.13513620400399143,2.043459066325846e-10
346,-0.417073200280167,1.6965590424769383e-10
347,-0.12348576607621436,1.862382457647718e-10
348,0.013432675040821303,1.9412871373133194e-10
349,-0.5722248480148656,1.0686466941215394e-10
350,-0.4326328253901587,5.585981937947555e-11
351,-0.11812268912452444,3.8606618674272e-11
352,0.021354265504865994,3.9901030046531216e-11
353,0.0071833329163096685,4.228104013824014e-11
354,-0.5621702315781741,2.289546042173029e-11
355,0.014447098868050429,2.426112508807637e-11
356,-0.5705582739313815,1.3137558286650422e-11
357,-0.5465309369233552,7.293862789198589e-12
358,-0.28319585339325926,6.0556480286264095e-12
359,-0.2669627577838431,4.185264055088326e-12
360,-0.27832820324986896,3.474768686631399e-12
361,-0.27476094503922416,2.4015306727122197e-12
362,0.02660601903142444,2.482049731047602e-12
363,0.05454547134334527,2.6300986261014587e-12
364,-0.616550410819556,1.4242156484889376e-12
365,-0.5815419702045129,7.907126496287086e-13
366,-0.20302500755138497,6.564803364614623e-13
367,0.07368053552094783,7.20645395450373e-13
368,-0.6381306584574533,3.766925200638227e-13
369,-0.38332930662432213,2.603449963709554e-13
370,0.03721164386883022,2.690739017217823e-13
371,-0.578954416492745,1.4938758607392712e-13
372,-0.12913893844417024,1.2402737304757938e-13
373,-0.42402440796094737,8.571953056163388e-14
374,0.03597219144794009,8.859355418187564e-14
375,-0.5882161656561478,4.918640238333777e-14
376,0.037544515148863936,5.08355350992727e-14
377,-0.5878923757618507,2.8223465102576157e-14
378,-0.08535858772545848,2.3432216337178433e-14
379,0.12505731214745525,2.5722505108986003e-14
380,0.05512261330067781,2.681230597739318e-14
381,-0.017848360714027286,2.6141922610379012e-14
382,-0.5341935997529479,1.5385068746740535e-14
383,-0.02338090121252298,1.5000398580851793e-14
384,-0.5258323771953918,8.828048603559373e-15
385,-0.5461353297354399,4.859695804542183e-15
386,-0.013676886715262203,5.0655894640261374e-15
387,-0.528536010317314,2.7885238257450853e-15
388,-0.027837900471196136,2.9066668943923453e-15
389,-0.5094629510118445,1.6000723994864407e-15
390,-0.04651839489880037,1.6678636306704174e-15
391,-0.014644460168466997,1.626162329879954e-15
392,-0.037795564525804695,1.513748140538664e-15
393,-0.520603604794007,9.331021083996792e-16
394,-0.033449329208188334,8.685981439669637e-16
395,-0.05883685368377965,7.822432830393212e-16
396,-0.08225724284987238,6.874554631922486e-16
397,-0.4696615039965066,4.488560848284812e-16
398,-0.08412740089836687,3.9446624137635704e-16
399,-0.09862316901563817,3.4027427642152954e-16
400,-0.4605635780295697,2.2634719471576235e-16
401,-0.09507032021944403,1.9525150652490125e-16
402,-0.44316805871284176,1.2987943499787134e-16
403,-0.10979721588261002,1.1203653476590412e-16
404,-0.10274784928760315,9.52472555859939e-17
405,-0.4548110588129985,6.428726387701806e-17
406,-0.0995459023509972,5.4653470550590715e-17
407,-0.09942038491666223,4.592360379790114e-17
408,-0.4497514728327874,3.136050298611988e-17
409,-0.10329186065682158,2.6351250881759402e-17
410,-0.4508097004670664,1.799485261657926e-17
411,-0.10145193000842731,1.512051245127155e-17
412,-0.4450761621563344,1.032555889922203e-17
413,-0.3433336241249556,6.969249933218974e-18
414,-0.18394884724417657,4.63587841034145e-18
415,-0.36371602440348905,3.998999169493129e-18
416,-0.19028374476190704,2.6600960060939885e-18
417,-0.3573890031335886,2.294650717199967e-18
418,-0.1757906564006917,1.9507849274203298e-18
419,-0.06981286322710871,1.6391836273021496e-18
420,-0.47536800423150927,1.119372583759581e-18
421,-0.3301985257579126,7.555220381534396e-19
422,-0.21911730314060554,6.423029846398963e-19
423,-0.06733471539858026,5.397071309041169e-19
424,-0.0346289710211962,4.491797666220256e-19
425,-0.05550764586732781,3.7086695119794663e-19
426,-0.4942448800610046,2.5774215746125963e-19
427,-0.059056682211246485,2.1280577451582668e-19
428,-0.4837078859249587,1.4789406083975484e-19
429,-0.07218810319949473,1.2210928345327202e-19
430,-0.48013574852196794,8.486253644773158e-20
431,-0.3949007673581688,5.850853900403684e-20
432,-0.15851164004655274,4.869465380456118e-20
433,-0.38855506883215035,3.3572565358885124e-20
434,-0.16507918808925148,2.794129669464348e-20
435,-0.06740134239707789,2.3069835926914088e-20
436,-0.47761923780131355,1.603289067649076e-20
437,-0.08334683739039564,1.3237616041337844e-20
438,-0.4656193091798616,9.199772875737129e-21
439,-0.09567880349393285,7.595826819619913e-21
440,-0.44829492469245313,5.278887174678437e-21
441,-0.11101088594512616,4.35853290301553e-21
442,-0.05449864193987456,3.5744422252399955e-21
443,-0.4882882145838807,2.5009534205809534e-21
444,-0.06796079229747486,2.051037289106616e-21
445,-0.4775706786342228,1.4350627036882294e-21
446,-0.35643067968908526,9.973284385304387e-22
447,-0.18057607011200463,6.876088352783752e-22
448,-0.08299984459447173,4.695572025864277e-22
449,-0.470176866098864,3.945542472379521e-22
450,-0.36259793292078585,3.283739912740893e-22
451,-0.19000156295327822,2.263976930291822e-22
452,-0.09020473467412253,1.5460340524531767e-22
453,-0.4558996333634315,1.299084112457261e-22
454,-0.10532654994807528,8.871240020104606e-23
455,-0.08537285133752569,5.987655440359915e-23
456,-0.09118888255959685,3.982931140440118e-23
457,-0.10498167328376815,2.6005508335591434e-23
458,-0.4429735092111148,2.2854307817041674e-23
459,-0.1131688934130053,1.492212321738946e-23
460,-0.12319451257516999,9.507644847144529e-24
461,-0.436895851616689,8.562407565408181e-24
462,-0.4413339106857756,7.524863410840704e-24
463,-0.4111254179624679,6.491093999224371e-24
464,-0.14685429962995664,4.317813655536714e-24
465,-0.40060265879839363,3.724630306092439e-24
466,-0.30635101160232503,3.1664743600735594e-24
467,-0.25525498790186185,2.137216148575254e-24
468,-0.2893584247894985,1.816942778274958e-24
469,-0.16226545037523563,1.5267202509256762e-24
470,-0.09863174076884897,1.2706369931764864e-24
471,-0.09346490982727086,1.0491061769824217e-24
472,-0.46225730784429087,7.290994481658753e-25
473,-0.09235988066863401,6.019836812661195e-25
474,-0.1093515716244812,4.936881141207637e-25
475,-0.4441253233310195,3.4542199870850727e-25
476,-0.4583485277566132,2.4005862720885127e-25
477,-0.4596495887820144,1.6550859945077756e-25
478,-0.09234178804916711,1.377471406588589e-25
479,-0.459193604836207,9.496986879360274e-26
480,-0.08772199657900898,7.904017022968233e-26
481,-0.45766393480338635,5.449430427544917e-26
482,-0.0933884895938934,4.5353743678855664e-26
483,-0.07230230039866681,3.744648778390802e-26
484,-0.4864648243961669,2.6024261583825365e-26
485,-0.07107389228678185,2.1487028730955075e-26
486,-0.09649134186761187,1.7621558561077396e-26
487,-0.4513622792570169,1.2329391379751589e-26
488,-0.10648035585656192,1.0111360437087215e-26
489,-0.4396873204111819,7.074681832397584e-27
490,-0.12336554787331164,5.801961814803374e-27
491,-0.13559588527709213,4.7307881243380734e-27
492,-0.4010644370156846,3.329201951595518e-27
493,-0.3787115589968244,2.3293645508813793e-27
494,-0.3293941593837897,1.61884320756718e-27
495,-0.2649399837308778,1.1161126560210929e-27
496,-0.2833037348889272,9.289023502720947e-28
497,-0.27697541495942885,6.404324177290031e-28
498,-0.259494361191221,5.330099742258173e-28
499,-0.2877400589443359,3.674841239955127e-28
500,-0.19111858832990702,2.50949098390219e-28
501,-0.13056470362363803,1.6937843309664994e-28
502,-0.4186194302861005,1.4399616108817259e-28
503,-0.14623165356547282,9.719040352606454e-29
504,-0.13217213522403032,6.465012701743489e-29
505,-0.1363486071356586,4.221161144310336e-29
506,-0.14321133026804067,2.689516794493403e-29
507,-0.4059282296094861,2.4221286468624222e-29
508,-0.1621251194790816,1.5432615461602796e-29
509,-0.3961723757365028,1.3898325558737007e-29
510,-0.16308581547741277,8.855331205714318e-30
511,-0.3730994762427417,7.974946070138037e-30
512,-0.3249187713148328,7.008587179270621e-30
513,-0.26837318354413214,6.045744048571605e-30
514,-0.2894141880427285,4.0215711271353544e-30
515,-0.25976645321468533,3.46908572097069e-30
516,-0.299440994929607,2.3076026475698103e-30
517,-0.2279336111484927,1.9905830684787376e-30
518,-0.33177523920864427,1.3241168216921041e-30
519,-0.21847193978564475,1.1422090058372773e-30
520,-0.34247466207682875,7.59786508017065e-31
521,-0.22524090093638346,6.55406666355716e-31
522,-0.16482813480992564,5.57190441435761e-31
523,-0.3968407538246483,3.7607644144657465e-31
524,-0.3628905823895142,2.5016245252305795e-31
525,-0.28935844644056397,1.633370378485003e-31
526,-0.20939642889683072,1.0407034733759722e-31
527,-0.3393341351171639,9.372381317395598e-32
528,-0.22364868171128643,5.971621574198413e-32
529,-0.31233501932634217,5.377930977304828e-32
530,-0.19886779871428942,4.7262636972150166e-32
531,-0.11823646695499034,4.076967281498716e-32
532,-0.09097246875308944,3.466011738831642e-32
533,-0.09219695831452782,2.9123813776041764e-32
534,-0.10389317488717136,2.423875306807806e-32
535,-0.1206503027151782,2.001281695923387e-32
536,-0.13744445046652035,1.64125543105553e-32
537,-0.1545570044522449,1.338242468682294e-32
538,-0.17363259085232635,1.0857293971552264e-32
539,-0.3714811884327947,7.678918925453295e-33
540,-0.19082416206541827,6.229983138964011e-33
541,-0.3537945168272838,4.406211672668383e-33
542,-0.20814304541509038,3.574803262532168e-33
543,-0.21164566224651543,2.8876497362123326e-33
544,-0.21157823220499264,2.3237201019246677e-33
545,-0.2037817792263026,1.863585968186728e-33
546,-0.18071804174043965,1.4900004373684636e-33
547,-0.15597415010253615,1.1880308332383157e-33
548,-0.3950924281286612,8.549715634647576e-34
549,-0.3551616894955486,6.135924123025862e-34
550,-0.20403385889127637,4.905880266883498e-34
551,-0.3374929088437899,3.520831611318011e-34
552,-0.21818320504589808,2.8150247588894174e-34
553,-0.32552079441212295,2.0202751837718447e-34
554,-0.22925243810576026,1.6152788005554909e-34
555,-0.3148487681309764,1.1592465271681828e-34
556,-0.2391218963961884,9.26857071251244e-35
557,-0.11538170125344407,7.390164130395756e-35
558,-0.43471610440305203,5.31836380340659e-35
559,-0.28581753834229945,3.8168610689348664e-35
560,-0.11777021640402108,2.7309013350805506e-35
561,-0.42833618557676806,2.190138736736507e-35
562,-0.23832505709662258,1.7510904950686083e-35
563,-0.30678426924011115,1.2567152955065116e-35
564,-0.24997976341478928,1.0047866703859614e-35
565,-0.30294601755510875,7.211110910322333e-36
566,-0.2552272966788768,5.765528713841544e-36
567,-0.07396957915675687,4.597063000908875e-36
568,-0.0334378373549161,3.656295579015959e-36
569,-0.05896744602123994,2.9014908717566045e-36
570,-0.09530252567517175,2.2977706762096666e-36
571,-0.42756537708535547,1.664893596531888e-36
572,-0.4066371429375905,1.2038485279016071e-36
573,-0.14670802297634442,9.553263512749754e-37
574,-0.13448955796232956,7.56549295928357e-37
575,-0.1332205072850768,5.980036871146318e-37
576,-0.1365547425715245,4.718653466430316e-37
577,-0.14126873558105033,3.7173939860784245e-37
578,-0.14841035946043632,2.924270126255462e-37
579,-0.3973650999284308,2.1330639029242128e-37
580,-0.1604494005116612,1.6779644751336723e-37
581,-0.1420511940064652,1.3181550749065819e-37
582,-0.4018908826808888,9.628265031096705e-38
583,-0.15227543280548023,7.56365620450615e-38
584,-0.39534501565263275,5.524758651499733e-38
585,-0.1547178813023782,4.340073202996906e-38
586,-0.0995480834382178,3.405079447815064e-38
587,-0.45797754897113135,2.490361129337143e-38
588,-0.09829284960776041,1.9538558689028325e-38
589,-0.4556813642896444,1.4289847807707102e-38
590,-0.32083819869576385,1.0437803909861753e-38
591,-0.226117169280783,8.199603983611137e-39
592,-0.3204171228351028,5.989277119753108e-39
593,-0.12222222222142216,4.368786150790501e-39
594,-0.4277624699617346,3.436684644296333e-39
595,-0.11790913017527618,2.5068367982370317e-39
596,-0.43791389998441094,1.971991128176262e-39
597,-0.11784721327414406,1.4384386225583976e-39
598,-0.055229541752020245,1.0476979693524844e-39
599,-0.49179037345738386,8.253850718653995e-40
600,-0.06657472604280429,6.011756429267638e-40
601,-0.47764738999654366,4.7361111289306495e-40
602,-0.09100166045748306,3.449583412591453e-40
603,-0.09820199674536521,2.5085207779059322e-40
604,-0.4429056480302678,1.979392522041304e-40
605,-0.12220113566202986,1.4394049006172862e-40
606,-0.41715992904186405,1.135787800350563e-40
607,-0.14802698224588498,8.259395282548273e-41
608,-0.14049943073857188,5.995796653049981e-41
609,-0.4007664350939618,4.739292634346715e-41
610,-0.3395383147318851,3.7396223634321823e-41
611,-0.22554980464040295,2.7194357341671095e-41
612,-0.16352962069063665,1.9741377080663252e-41
613,-0.12122465660512463,1.4303991529100068e-41
614,-0.42604809495867146,1.1327725552491323e-41
615,-0.33253461371477755,8.95384039542338e-42
616,-0.18583203542713592,7.065185538166987e-42
617,-0.3764188085276889,5.137769580396407e-42
618,-0.1668196781999355,4.0540476192098304e-42
619,-0.3965030612573306,2.9480842962913356e-42
620,-0.20524126058456107,2.1401220491240574e-42
621,-0.05605294811669539,1.5506662750439872e-42
622,-0.023909546763597564,1.1212532238498628e-42
623,-0.5320625160009982,8.897820002844584e-43
624,-0.02521557796959289,6.433821076777003e-43
625,-0.5178740123897995,5.105624729007239e-43
626,-0.035490091988814365,3.691766745236374e-43
627,-0.5181644916350485,2.9296393796589103e-43
628,-0.035467634229896086,2.1183588319587888e-43
629,-0.5079942988371056,1.6810453862944056e-43
630,-0.36690829379405815,1.3312662230318605e-43
631,-0.1388980916532308,1.052280550902279e-43
632,-0.03553575071723598,8.303205107530428e-44
633,-0.5203018155157297,6.038051568611705e-44
634,-0.41966026484225055,4.383242131844733e-44
635,-0.1904856577451,3.1759617410537373e-44
636,-0.03772294514584401,2.296469200556588e-44
637,-0.022385612002723744,1.656780818456129e-44
638,-0.5117400061632698,1.317728380211874e-44
639,-0.4383013280422233,1.0456968765277937e-44
640,-0.11988434969090281,7.561207803679497e-45
641,-0.42290697465897586,6.00027403357126e-45
642,-0.13603258948267383,4.3386682953000664e-45
643,-0.4064884984172717,3.442994742175899e-45
644,-0.22743229020107122,2.7266025317964486e-45
645,-0.31839430676919556,1.975611901777669e-45
646,-0.14259975453249638,1.4285222098362425e-45
647,-0.3820322302422781,1.1336184568144126e-45
648,-0.17541260951058688,8.977437335521346e-46
649,-0.04925793470937244,7.096088326795172e-46
650,-0.48347331501615537,5.151309652105494e-46
651,-0.08539822882380863,4.071779832467111e-46
652,-0.03855894457196707,3.2129096249750996e-46
653,-0.053681765287457335,2.531156611237941e-46
654,-0.09063814592359053,1.991122192276815e-46
655,-0.44263425786655447,1.4523934832571502e-46
656,-0.43247059694387624,1.0578621007845754e-46
657,-0.12353710663035436,8.333924581522231e-47
658,-0.11838079085047169,6.555841748138388e-47
659,-0.13327539220206203,5.150059014154418e-47
660,-0.1414371792892015,4.0405678162346945e-47
661,-0.14022276422054578,3.166331942834422e-47
662,-0.40759290717869034,2.3185030665043184e-47
663,-0.390415817344575,1.6956755351997047e-47
664,-0.34989112351263196,1.2385806321617026e-47
665,-0.28192827187186614,9.034636074158556e-48
666,-0.2736445124694445,7.107053078633359e-48
667,-0.2665615217162008,5.184130645827645e-48
668,-0.192090844960627,3.775901915669746e-48
669,-0.3570604240327535,2.974686565392437e-48
670,-0.19458538497371344,2.1666361185982737e-48
671,-0.1439468883089016,1.5755675603687518e-48
672,-0.12113175471959768,1.1437620288102336e-48
673,-0.12358094412841546,8.28734606737892e-49
674,-0.4077271311163681,6.56297800643992e-49
675,-0.3728628724812632,5.187613110507689e-49
676,-0.19396341183696095,3.765877798707765e-49
677,-0.34356866147455134,2.976684825391253e-49
678,-0.28070658626247985,2.348805613151759e-49
679,-0.28407828532469487,1.7080403570896594e-49
680,-0.22933801688088862,1.239928869605184e-49
681,-0.18989919597959945,8.98414126585505e-50
682,-0.1477808241452188,6.4962381138887e-50
683,-0.12756010302499346,4.686691507382666e-50
684,-0.41610930909479793,3.727582031237548e-50
685,-0.3392466438697671,2.9580609673440414e-50
686,-0.2183033396345026,2.1389098669117994e-50
687,-0.32857971725804963,1.6973538709430561e-50
688,-0.22588410588602623,1.2273198498206586e-50
689,-0.30794902741426994,9.739522596088189e-51
690,-0.12814573102334825,7.712996666442796e-51
691,-0.44222857839643387,5.58859893765163e-51
692,-0.10954803450931012,4.425765693434038e-51
693,-0.4596113535334723,3.2067729991678635e-51
694,-0.08543855327666763,2.5395320159280345e-51
695,-0.4614177740424885,1.8400663892537643e-51
696,-0.0832614563433987,1.4571993428146062e-51
697,-0.013590719640234922,1.1518226037007279e-51
698,-0.03866953023845542,9.088659215279021e-52
699,-0.4951101571833859,6.609230088947508e-52
700,-0.06718506293077625,5.215129461847198e-52
701,-0.48275271391689684,3.792417532726136e-52
702,-0.4656088004306395,2.753054378900228e-52
703,-0.09181897998767422,2.1761128828878355e-52
704,-0.08300374172804711,1.7171002151720865e-52
705,-0.45844271876471276,1.248667172906558e-52
706,-0.4223430890351663,9.06453099769385e-53
707,-0.13480678473755037,7.1649302798361365e-53
708,-0.41850859176777244,5.201284539795464e-53
709,-0.3309902035863041,3.7686899801203707e-53
710,-0.21314857325201095,2.7250581623571934e-53
711,-0.3390281162529196,2.1624978649054445e-53
712,-0.2183785133239193,1.5636554051740725e-53
713,-0.3316481097384379,1.2408547904943994e-53
714,-0.22312263227755402,8.972352443351651e-54
715,-0.13350712805047993,6.473076765397144e-54
716,-0.4245746939879868,5.1483919091979466e-54
717,-0.13523758459985716,3.714291904714662e-54
718,-0.08464975326407913,2.673006346377686e-54
719,-0.06908838818741236,1.9183520040448853e-54
720,-0.49480312051871866,1.5337877478411802e-54
721,-0.4864818677887796,1.2229440276518975e-54
722,-0.04328746325741505,8.800969958846933e-55
723,-0.016786251928838557,6.316243274533285e-55
724,-0.5427810801997819,5.050051568448612e-55
725,-0.4832865827134448,4.026587390374583e-55
726,-0.25215251351607804,3.2025651314844414e-55
727,-0.039091205376644705,2.5414284196653945e-55
728,0.002444034021393417,2.0126272859364973e-55
729,-0.559732396424476,1.4582875111316264e-55
730,0.0071696882337508915,1.1548581155908993e-55
731,-0.5638044049290623,8.367744881842714e-56
732,-0.510676909825457,6.050535228705605e-56
733,-0.2506819586526794,4.365140497370019e-56
734,-0.029350621544687032,3.141392370774549e-56
735,-0.5177514855149651,2.5047448995190254e-56
736,-0.04278510744886077,1.8025505760527532e-56
737,-0.4925153712227806,1.4372382779996385e-56
738,-0.24637683696270543,1.1431141928669755e-56
739,-0.30328789935307476,8.2469630665543e-57
740,-0.05984936047692861,5.934962889497368e-57
741,-0.4862916548746642,4.732158951108021e-57
742,-0.22175355826027104,3.763744775461263e-57
743,-0.028698544520447677,2.9867582840667273e-57
744,0.006019463708518847,2.3652962926262586e-57
745,-0.5547624279057924,1.7138205706367642e-57
746,0.013044812667746559,1.357221795810776e-57
747,0.005761076515910244,1.0727967661793243e-57
748,-0.03433186020223137,8.465091919302715e-58
749,-0.514627842456087,6.155774894134848e-58
750,-0.515292557015457,4.468701792874517e-58
751,-0.03725431417552639,3.532222107847663e-58
752,-0.031098030409235405,2.787162094905645e-58
753,-0.0538309630288809,2.1957492075946235e-58
754,-0.07918761164866779,1.7272755690046457e-58
755,-0.4764927580126825,1.259934618750342e-58
756,-0.07814746816099856,9.911215169671718e-59
757,-0.09334487447512466,7.785932758411414e-59
758,-0.11379633335821465,6.108588122299389e-59
759,-0.4316249577077209,4.46761687885621e-59
760,-0.11679525413948505,3.5051460432511537e-59
761,-0.4356100763788377,2.5635464876931855e-59
762,-0.3655786516471601,1.8725038861452886e-59
763,-0.2332221155421898,1.3658691827954943e-59
764,-0.1410427460649721,9.948414529295497e-60
765,-0.09751860234193704,7.234440095829228e-60
766,-0.1054438540308839,5.251744253591477e-60
767,-0.43410288699299077,4.151166942237408e-60
768,-0.12966252776378742,3.013483676112374e-60
769,-0.40707397793155015,2.3819655362492148e-60
770,-0.33276744594195307,1.879531878602842e-60
771,-0.240192520690309,1.366786711984401e-60
772,-0.16960408996121576,9.922003866874928e-61
773,-0.12166243240168047,7.189177263752917e-61
774,-0.10361035006066602,5.1983384907126034e-61
775,-0.0941319568278878,3.7503257161765745e-61
776,-0.46202813434043394,2.9828391155864592e-61
