t,lambda,delta_s
1,-0.12455663131739199,1.1330051669339989
2,0.24968974603815505,1.0326304315856496
3,0.0672914469504579,0.9827724947126426
4,0.008818827733671942,0.8874487968024412
5,0.12266015369398543,0.7327085862930429
6,0.5418060927488291,0.8452345257230134
7,0.11911308489739691,0.656703712951381
8,0.4469977283370088,0.6902251714898204
9,0.46404486120738386,0.7213010253583743
10,0.17556757483576627,0.5644977067151736
11,-0.1773084334674993,0.5587401110602478
12,0.07200468220027328,0.4198471757954677
13,0.16342173864333948,0.4267940735186633
14,-0.05238537809767853,0.383451129344964
15,0.42071957578562014,0.4422176673388902
16,-0.2542140162328849,0.32494539576978
17,0.15392103124844728,0.41867964414969533
18,0.015652104071897058,0.40781574072580945
19,0.395202604225737,0.4302502045538073
20,0.22376897094132703,0.4019907164207083
21,-0.023207697016122724,0.34087122060016284
22,0.16389014828612739,0.2730410701864546
23,-0.09283401658562027,0.21744020295615504
24,0.4027993699830894,0.26163783134906643
25,0.14158118888528368,0.19277645615641778
26,0.4212967980525356,0.20829859318795557
27,0.24729650117987825,0.24737439692960325
28,0.056542839568708675,0.17144966431702172
29,-0.06736243650601326,0.18417157204327342
30,0.31300114366746956,0.22793087794799027
31,-0.2713075624400546,0.1668213856893939
32,0.35559814479469726,0.20194079177030738
33,0.09513055859734247,0.14313754364666215
34,0.19177825193950235,0.17312594012242907
35,0.09886905435835106,0.1328234516944091
36,-0.11760059380776318,0.12997597678293418
37,-0.2727825142097721,0.08803532689058746
38,0.2396607981503294,0.10289858094565027
39,0.4139743154093803,0.12658670197952554
40,-0.21886623883917813,0.0745103138420123
41,0.16450934334472744,0.08134893414313796
42,0.3437447573446187,0.10267259693446222
43,-0.33570766883731096,0.06971969315247394
44,0.09704255970885822,0.0704635053995068
45,0.280731650300274,0.0856619953128745
46,0.3340515596900054,0.09123128296660926
47,0.19707353003778832,0.10843286794526248
48,0.27927663907018424,0.10202906094897551
49,-0.4363595580738191,0.07668187931287009
50,0.33298973169475937,0.07895665200417919
51,0.4028214805726157,0.09121540290578059
52,0.40457330527696134,0.10654944162460354
53,-0.15676025302067112,0.07913783548313781
54,0.05954284637669987,0.0853462161696236
55,0.4881999623616858,0.11289758163150104
56,0.4318539186290955,0.15491162760730012
57,0.24875703307265185,0.13320872937224446
58,0.38220093430333196,0.13766334091097007
59,0.09303524849489647,0.11448766201698758
60,0.41499543910454506,0.1211221977697557
61,-0.15370548622592944,0.09137718576483529
62,0.335124375429403,0.12377612362987316
63,0.32955375035440554,0.09802106811518443
64,0.40165432717956817,0.12316222805839175
65,0.5591524217590549,0.11951409053121467
66,0.08201569443039801,0.16381601813469615
67,0.4835223714394816,0.2315872399878789
68,0.38758591054154684,0.30006511959812193
69,0.6112388939711355,0.29094129227293075
70,0.13633834324320962,0.32066702112530454
71,-0.1787375755033864,0.25102066943048695
72,0.2845979264384004,0.29517759471273625
73,0.0013123587528583826,0.25993867077972715
74,0.5211286834529835,0.30563184987436154
75,0.33625620651145655,0.38238079886618387
76,0.6882588736636823,0.4875999344661706
77,0.66322961044999,0.5203046526522204
78,0.574677684137846,0.5542691842526126
79,0.4017000971681172,0.5873433874411778
80,0.10396617821524924,0.6216302569937203
81,0.43474327445001826,0.6574233846706167
82,0.4713817193222995,0.7227557984047002
83,0.3972389123600321,0.6968849647217716
84,0.623512447409171,0.7692241759600776
85,0.43773786182881946,0.6252665311460395
86,0.07316429834741589,0.7146877590731118
87,0.5123538998942665,0.675276181931318
88,0.2769190475833473,0.7258148294296815
89,0.3375176533523037,0.6949846753080876
90,0.5073591923958927,0.6997476130024266
91,0.6689625082236628,0.8121891793524895
92,0.7025640517676702,0.6976978207756834
93,0.42282458488708546,0.6634374236503072
94,0.5507460391428188,0.754082866670207
95,0.5233959067548797,0.6594626707504103
96,0.038681630435670446,0.7031118546113403
97,0.2713339604522846,0.8259817120114521
98,0.3396877637848678,0.6195957692803461
99,0.05639428601580244,0.656335616259596
100,0.02176406088406908,0.49639554211989695
101,0.33020045074069926,0.6226353356253
102,0.03654700359780082,0.7678100904614574
103,0.7883593092534128,0.9308655021953353
104,0.6528594139783311,1.0074670729833817
105,0.5180344318256858,0.9228935395616974
106,0.13449123535073404,0.7678073632178448
107,0.2999159800970376,0.8359579787212373
108,0.5224369653550017,0.9326578271793553
109,0.5312033849859302,0.9818429718299676
110,0.7093997555331646,1.0120686110649169
111,0.6976473716648839,0.9448259723456374
112,0.5074370029413038,0.9659410559949887
113,0.016426273910353683,0.8633871706574252
114,1.0012536863756059,0.8326988829907291
115,0.2381595041806082,0.8277698941939597
116,-0.22145634525828609,0.7221015623393144
117,0.3692138108612742,0.8294360642522186
118,0.47391458784793605,0.8010901161384023
119,0.1681256068731129,0.6809106181575243
120,0.5966356998221217,0.6957772765276198
121,0.7085117183760654,0.8210090454893049
122,0.6620917342907764,0.720462753582014
123,0.009072371008729202,0.6121556535963146
124,0.4533150958868339,0.6597570634441812
125,0.2772652749563716,0.5702006121476174
126,0.5416301935874411,0.7723390144752827
127,0.042997086008343316,0.6925472874848049
128,0.19559227822129024,0.7283558673374926
129,0.2498737694226301,0.7754837130276148
130,0.2835390219595792,0.6856365175972624
131,0.6296896587105003,0.7218524090317641
132,0.23571457918406033,0.5762863027353643
133,0.5684125103861896,0.6185763499086903
134,0.26587411923935417,0.6430289144732245
135,0.03717597577698295,0.5888153717984901
136,0.6495042366251764,0.658901619828038
137,0.8324659377617187,0.8382461794642794
138,0.23491117247255522,0.6736391517514795
139,0.7949826258804769,0.7699018357944034
140,0.41822993402190317,0.959603204144944
141,0.48725505759882365,0.9388132994546736
142,0.24031447718737212,1.0124320160366875
143,0.5945764407676455,1.1135612465630065
144,0.3732489993644126,1.0533791014575926
145,0.20793147111613297,1.0777158812451872
146,0.3315726037438909,1.1076847172552933
147,0.6357668683500265,1.1970276694880269
148,0.17206596028522994,1.0421657130348057
149,0.5352772101300134,1.000819882254466
150,0.36943644828322514,0.8346148265681651
151,0.6599610215084233,0.9726419210220973
152,0.4211435841875901,0.970298075035231
153,0.4436130880813283,0.9992564554804582
154,0.4080381044538049,1.136106085895918
155,0.6141182699808982,1.1683061689763714
156,0.3295761109860572,1.0614536170174103
157,0.3282300572953197,1.1019387057667134
158,0.4469630115352289,0.9272666550239317
159,0.48715373213382646,0.9604218894279638
160,0.28682144238276325,0.9989065726606515
161,0.03467764372685677,0.8828742166934661
162,0.30231640783971475,0.8268268001629475
163,-0.06136638850374547,0.7131639233776464
164,0.1855428010449609,0.7428425354319182
165,0.23792627575215633,0.7758068719471621
166,0.6244348883292362,0.8722227857779702
167,0.33644761162286524,0.6963348228002952
168,0.6460148787586794,0.7285223915927852
169,0.6474687228721526,0.5826506086325915
170,0.6464757961978196,0.5905913484169132
171,0.4900973283452548,0.5043200495674958
172,0.4548497889198135,0.4262258343210869
173,0.05958920868905046,0.47619916986167227
174,0.3531401251656872,0.3473001860172069
175,0.3143717485437083,0.3108320573152651
176,0.6183699811711952,0.39334624127551493
177,0.5074052531381373,0.4571532250303156
178,0.2749794751693157,0.30354518320796536
179,-0.2687123422953618,0.3079150716245788
180,-0.10096698336981319,0.2322718698898085
181,-0.25073441879005165,0.20580449047026655
182,-0.11061471108867718,0.20435258398998693
183,0.14006041385432885,0.16454110275925413
184,-0.3201619958280867,0.1495344834508018
185,-0.1952194050725791,0.12448850249928523
186,0.05677366366480383,0.11745098913837242
187,-0.35593409425671774,0.08616668372021806
188,0.3195058169914331,0.11651159152379308
189,0.3729195894251833,0.14520835413390057
190,0.4118625622436608,0.17489824405892065
191,-0.014330513744280644,0.12936206911944453
192,0.08809238494570983,0.13356646952467327
193,0.17103791260976853,0.0971737934213921
194,-0.25175652790708686,0.09589654991134366
195,-0.17849596695398318,0.06431341579127159
196,0.3624309823331038,0.07853639094167197
197,0.40167122746654416,0.09236230983737861
198,0.41182063676824604,0.1201311538371639
199,0.015688786851166005,0.09287321485697057
200,-0.22970817070935087,0.08621122459690973
201,0.08045734030811245,0.07178380875612146
202,0.13572467658497536,0.08464398903118213
203,0.40226859268675497,0.11775899164160929
204,0.3342608676425541,0.14287759923390567
205,0.4495936836549802,0.1641812412463838
206,0.5016481400612286,0.218311110625819
207,0.5213608481642549,0.21551629938395492
208,0.3772313088751142,0.2543940804636481
209,0.034461369657665254,0.22812537514537579
210,0.022390227710891164,0.19369966717611853
211,0.3910848633326123,0.24530139016751779
212,-0.018626891813589168,0.19629415014476098
213,0.07592820015975556,0.19065437643363778
214,0.3475902459180021,0.26000375681826277
215,0.3832669382886373,0.21231097761467563
216,0.5129609220302034,0.2708965659318921
217,0.42601851488012543,0.37425653051890173
218,0.6088572038608455,0.4602080142990605
219,0.5216240108266815,0.3612778411712609
220,0.6576172670615338,0.4675779893505934
221,0.2774198012692463,0.3638224519483917
222,0.15973180503671297,0.4269847930557225
223,0.0795389813562336,0.31971726340613316
224,0.24863358686677609,0.35504856150741926
225,0.3349890235524196,0.46886910335256593
226,-0.11645729879165893,0.276884273805109
227,0.10442037951056127,0.3437846294598981
228,0.12643029455630184,0.2746576433131997
229,0.24592402555900514,0.3406800380338613
230,-0.42697161361554625,0.21380056229568142
231,0.1087542948802986,0.261137110121577
232,0.25442521639728144,0.3332275919074543
233,-0.16494372891491965,0.21862248347867422
234,0.26531352257030605,0.26997541227451266
235,0.3092193248177841,0.31733209147780694
236,0.10062437890191588,0.22216517793940713
237,0.4507514611391824,0.23543493058305096
238,0.07830404079022886,0.15929041674009736
239,0.3679731784719934,0.1962636475465689
240,0.09563776121175413,0.1248863236819975
241,0.2245109068380316,0.1363868917164743
242,-0.02039881533736116,0.08204522842676668
243,0.38729334368573765,0.1057027044645705
244,0.37321243017407313,0.13397870663269806
245,-0.1801444744133195,0.07316156783851362
246,-0.1080964372952113,0.07974793066348915
247,0.26026320989579094,0.09837870997976803
248,0.326438611698968,0.11564399043376482
249,0.39257851250399284,0.12832641021968608
250,0.36974508240022824,0.1515053760963761
251,0.505492071987328,0.18528540073246838
252,0.3359652308850371,0.15980376913151836
253,0.10265396780547521,0.16665179105351896
254,0.3402960519071878,0.22535758930123093
255,0.537535959300998,0.2548181420227506
256,0.6298204494218651,0.3380528462395633
257,0.09927771201081469,0.2543052133358774
258,0.4444351197817578,0.2501970200734084
259,0.13606451067816921,0.2419349614345074
260,0.11552163253797623,0.21139462385261787
261,0.045035817277241236,0.2252436785114033
262,0.28542716064858775,0.18189172869332831
263,0.542970769167369,0.18671402754903113
264,0.4006978890449099,0.2024040951659945
265,0.19755956986424913,0.15993350936563047
266,0.4039809427614347,0.18707387818515914
267,0.678706466896159,0.1788691335096797
268,-0.033209186677453026,0.12133217949658379
269,0.3595709452654085,0.14409699397471779
270,-0.24471759173105528,0.0839186080736075
271,0.0319926915793548,0.10813541737580816
272,0.2879138535679984,0.14148564068306843
273,0.28393573290283314,0.17501993003454408
274,0.07170075675890007,0.10477155298932689
275,0.2707729972806937,0.1390313563817826
276,0.45115055036182955,0.19192519795493243
277,-0.23512948845267287,0.1246547493123052
278,0.34057662626545826,0.16322174667076775
279,0.2698744608159242,0.20309833319586865
280,0.46804952945062434,0.20188288240995336
281,0.39623092193446535,0.1608120043424902
282,0.42281862983563395,0.20275583011424325
283,0.5154653765157686,0.25291793234970444
284,-0.06280555326623949,0.16572841378479833
285,0.37923353868088405,0.20237535568316492
286,0.6172170610412874,0.27027815064910843
287,0.5235753062059302,0.240017223722303
288,-0.01711387536823017,0.21426681231789144
289,0.5212950578624147,0.28902792498790714
290,0.2279007924660575,0.2652604331094177
291,0.03691288280244427,0.2878317623554583
292,0.7563354276261112,0.2883862552476201
293,0.587879040444412,0.282783799395496
294,0.05639225357670176,0.2867324722614334
295,0.17093389539782483,0.25283372422153005
296,0.08265478922734011,0.2848583143878245
297,0.4208800341258039,0.270123767980493
298,0.5445726674821728,0.3402406738284938
299,0.2937395784869966,0.3020600938148801
300,0.5086592492702473,0.3375671548106041
301,0.18091895731391217,0.3788043957899881
302,0.28791100311154444,0.4504716296793634
303,0.03128127158509128,0.5203882002231769
304,0.3476839163876721,0.40410748212099656
305,0.1722976640412453,0.420765815247983
306,0.5518286672821376,0.5222612103898931
307,0.2575556934195953,0.3890595589896135
308,0.3975229821587718,0.40714130614872396
309,0.29105724130211125,0.34332368810686176
310,0.30733956080745767,0.3225403994755072
311,-0.13648942218356877,0.2785624498921107
312,0.1290808077081474,0.24255908063006582
313,0.32586187365028746,0.29253802608736185
314,0.22691442856652763,0.20004922595135924
315,0.08226905191840732,0.22123604261245067
316,0.1280026737099497,0.31534377561563887
317,0.3581425681762886,0.24919469994716217
318,0.3500357125851686,0.27259414567303664
319,0.6454681095654239,0.26078888957106766
320,0.33016602730139133,0.2620106926416743
321,0.3562839625271064,0.3226998166489106
322,0.34083206766045715,0.33172798663089426
323,0.276163277236477,0.266650743308474
324,0.08219231957305721,0.2555016520757244
325,0.5986668258342132,0.35357438203893543
326,0.31805090864936686,0.40274418809935825
327,0.6379923812859458,0.4952296212547593
328,0.2586028209107368,0.5594297341277116
329,0.04985753605102968,0.436081317249683
330,0.22486383361696216,0.40469132309920963
331,0.32081740670573583,0.36692080825392054
332,0.5688376203077204,0.39629093510520513
333,0.5725818647733936,0.46508543562340193
334,0.2548146525007537,0.43457087633214786
335,0.39317909351278035,0.46813679409998
336,-0.006185730352089502,0.5017787281290114
337,0.16182556669567535,0.5373741902316598
338,0.4949874884214702,0.5766903100248099
339,0.6044108397358525,0.578289685683482
340,0.43530991039675976,0.6602465108844204
341,0.21912956365418,0.7188769376139444
342,0.3251283948422071,0.7191037803119535
343,0.5237110661683849,0.6216176261689546
344,0.7086395799007745,0.5662168747078823
345,0.7765387571886645,0.5920318219319778
346,-0.11166002703349308,0.5072466237969959
347,0.1876614632210431,0.5916941177715759
348,0.34987853251363116,0.4728473271228265
349,0.39418622272542075,0.536080250561936
350,0.4566763312903394,0.5826938291872517
351,0.20278848814014905,0.4417215450448503
352,0.48907628553883475,0.5010673988327812
353,0.2651819151321205,0.6102277880830412
354,0.350953746792815,0.6866373727564614
355,0.15524749496748308,0.5969837741414262
356,0.3991707154666326,0.5770534605042361
357,0.452440037404946,0.7504817698549143
358,0.5562779931424565,0.8541781513132239
359,0.37214993635400484,0.9515114612344177
360,0.8186863540484749,0.9862077468759953
361,0.649667315171989,0.8878531333645355
362,0.5785100384683115,0.9353213476196036
363,0.46992353002169346,0.7369772120273991
364,0.7152561018497089,0.7954226152915767
365,0.5600393866702263,0.946335600995993
366,0.3762930942800185,1.0923369141489372
367,0.5838503888669793,1.0787018771996817
368,0.18856105572631995,0.9470537886571657
369,0.2892260552286614,0.9752986199474533
370,0.41325028099660266,0.8087141541987342
371,0.44378068970169404,0.8807555500266764
372,0.3409957755170048,0.7895273473063245
373,0.6384809286965998,0.9306557981156468
374,-0.01967682270069512,0.7263025920293741
375,0.3084318755283329,0.7354952951585767
376,0.28715943327396926,0.6115521386352889
377,0.7613743984577179,0.6916719709892437
378,0.6428489242637115,0.7124426942189601
379,0.4400322403994056,0.8024973375802292
380,0.48329959885176454,0.9171674932058627
381,0.46756670501547887,0.9446791882006847
382,0.2816416810205355,0.88042366712473
383,0.16486589966863222,0.8677166147755279
384,0.2858127184119626,0.9197268373158598
385,0.191072211131531,0.7560102502966015
386,0.14694357879912762,0.7925432862944342
387,0.21063411693310558,0.605036315191468
388,-0.3295834927726249,0.5697987057493301
389,0.1885862836617772,0.6850494392958205
390,0.21878056790631364,0.5515925579267504
391,0.3844821355075963,0.704934481367482
392,0.24005852839062877,0.5541463337928285
393,0.03257634745159427,0.5198754324860397
394,0.20459814010476576,0.6414708833259496
395,0.20620715823396416,0.4743442722189883
396,0.48824304380499,0.5345225281839774
397,0.4738969477950894,0.4441710448720392
398,0.36145813032012675,0.47186692026043525
399,0.17011563978667346,0.5747969082522305
400,0.19707812650553502,0.6190978345916218
401,0.20812068093773126,0.680447265221125
402,0.026709972917223913,0.5862522577280032
403,0.42434497621836426,0.6466909095174392
404,0.010063229545647394,0.5754959181455113
405,0.31038168744607686,0.6248239515818652
406,0.3637487054982764,0.6230659931379254
407,-0.05701270347810535,0.5231498213887993
408,0.1818308338098891,0.6301270349685021
409,0.2800312206494358,0.5879108789603795
410,0.5967334149414564,0.6289431058561916
411,0.4042110566626588,0.5315326343598251
412,0.10537751856374071,0.6166822531153479
413,0.5701540686004986,0.4983066968113475
414,0.1624369878629122,0.4641407783484719
415,0.5120625363308345,0.5409939895879743
416,-0.11494219624050873,0.3933809893403324
417,0.19305561373832517,0.40764113536480745
418,0.3951167160562021,0.5549824829952762
419,-0.058382359340484226,0.40512085759126865
420,0.3313028952197457,0.4759924707973521
421,0.258711376657049,0.3577510026189461
422,0.3262131112732069,0.4252590938970218
423,0.3081134637244116,0.5098589178347634
424,0.5035235230683153,0.6152040348878791
425,-0.1634661496399968,0.5198417933513998
426,0.14196413657901086,0.44503515244945246
427,-0.301824164912419,0.4166775516530409
428,0.009262905593718887,0.2862561415540001
429,0.23395885165286862,0.31994818810497283
430,0.32343309817431315,0.3894584821362237
431,0.4557740045891255,0.5058936420445342
432,0.5614099536747782,0.6199522894642
433,-0.05121239026536024,0.49092458730087757
434,-0.1599056350176443,0.44558987188635135
435,0.040419807631522295,0.4497404238047994
436,-0.25975882424597535,0.3512353780486497
437,0.010642923514234522,0.36175801467792745
438,0.31256778415837083,0.40612197940942063
439,0.548383330592222,0.4929593275808987
440,0.4101851995497791,0.4081111012151359
441,0.5278382779312818,0.4756382814287112
442,0.36061480361754666,0.6196161146873125
443,0.2852356056891891,0.49458687983846544
444,0.5025044136428126,0.4966206077982476
445,0.6851153862212273,0.6477068934275827
446,0.5287438517266981,0.8108888972745485
447,0.5865489872382914,0.8212845821255829
448,0.2306790322412721,0.8036159098653455
449,0.5307201417723528,0.8119547798435682
450,0.48302290260809594,0.8665604089819778
451,0.33182784360001955,0.8223268841855613
452,0.4628610841183744,0.8337647444131194
453,-0.11557416871229408,0.7731158919062527
454,0.1481703987486374,0.7231926521128045
455,0.22104493180981039,0.6364402648648271
456,0.3168377442846135,0.6599335141158356
457,0.5028731206651729,0.773635679659883
458,0.16518597001662927,0.6095037869122601
459,0.44370073348501476,0.6273431566553638
460,0.06610560963105959,0.575587838517885
461,0.04716222384589146,0.48909593432098686
462,0.3838829604578025,0.4835440413538543
463,0.13742165764217446,0.46006460869580373
464,0.1680079817276285,0.43295658555632427
465,0.170819781026962,0.41526761326236655
466,0.22234504421962623,0.41154019144670057
467,0.42870252705073825,0.3684599664110078
468,0.5253256968179718,0.34488557855903623
469,0.15005014323103616,0.331645573226625
470,-0.08836622524402872,0.3067813711509572
471,0.6144175449891243,0.27349893564074246
472,0.11941963627322563,0.24970877474552405
473,0.13638155888757242,0.3396155581743703
474,0.17076003762235675,0.4217293644962429
475,0.2155116096533426,0.3119253207939485
476,0.37123366150459014,0.340906792994793
477,-0.08044037792130919,0.29232602811660285
478,0.18167463861721392,0.23507356608331267
479,-0.16341566627536072,0.21055696475089097
480,0.2399078005448011,0.16853475933135798
481,0.47993968118963054,0.22618350259577596
482,0.25964195937000845,0.1878122292686278
483,0.7618913300738723,0.2182112457500414
484,-0.25609162041419,0.20640134466303153
485,0.20725756510278248,0.17470053966213261
486,0.02729414990756729,0.17456478741157025
487,0.5183200819857683,0.19143050835025363
488,-0.26109758651311926,0.14203769862282165
489,0.15639480237522804,0.12781098188851903
490,-0.1353217185617413,0.10400255342291771
491,0.15852658964698685,0.13719537414182909
492,0.3103484035749484,0.11987215890632799
493,0.2821363031490937,0.1531097793521257
494,0.08324775509589177,0.14173967252567424
495,0.055849629776128645,0.1779579214054557
496,0.29487992532685625,0.12916455301292762
497,0.2576141217328198,0.15087314123491752
498,0.07248806542338397,0.1179404739974834
499,0.3272674739366943,0.15449209308812403
500,-0.05005379150306572,0.11577711833491448
501,-0.20330867237289826,0.11519666687581165
502,-0.039060772289449486,0.08524189133219548
503,-0.18254024342173028,0.07503663453112594
504,-0.14751331631706158,0.05593380041014542
505,-0.09352632663926964,0.047736894223694884
506,0.08574744993533386,0.060264269050603336
507,-0.4124386141637228,0.030844505833487326
508,0.012739054810670974,0.036393812588741414
509,0.3485866925287558,0.043553210607970606
510,-0.40156966931343724,0.022852159711087738
511,0.08864992828235836,0.019834872144686818
512,0.17123752392218303,0.024786793265194146
513,-0.7297737260814423,0.011127318038627912
514,0.18103536501581352,0.014182735609201209
515,0.19266460188081916,0.015783762188309444
516,0.13760600591575606,0.016242172836736703
517,0.06711596313614628,0.01581836718536222
518,0.047057934899628034,0.014728984331247492
519,-0.47959716789299045,0.009326591944792349
520,-0.07657528702450014,0.006148135505065826
521,-0.32882210822521146,0.005504704361854508
522,-0.14961254387798473,0.0035793890834861937
523,0.13173453504990398,0.0030718496663376623
524,0.08432547635983913,0.0027640563166967938
525,0.022300320345360974,0.0025147467559344557
526,-0.01885821364786108,0.002296199624725632
527,-0.545445677442171,0.0014422927408461312
528,0.0027704076065945076,0.0013190829634330537
529,-0.02052353080389055,0.0012006724720675297
530,-0.0440607807563585,0.001076894869136313
531,-0.06429467931498328,0.0009514671086943209
532,-0.4882683969763117,0.0006206612669728927
533,-0.508973181548094,0.0003984138159356459
534,-0.03357864315941652,0.000356578345561124
535,-0.0378267580756841,0.0003143563598284675
536,-0.05784507936495773,0.00027289337025470576
537,-0.07889895907345118,0.00023365535404597124
538,-0.4679238065188913,0.00015668335143939158
539,-0.4757049521781895,0.00010361706817780729
540,-0.07212907715079553,8.993222693346738e-5
541,-0.47585722078908393,5.9465900367442536e-5
542,-0.07033937360657701,5.1612433254553226e-5
543,-0.050302757595440485,4.418918847202971e-5
544,-0.49991126224871135,2.961372726958819e-5
545,-0.42363966683380166,1.957695712414588e-5
546,-0.21543029058254048,1.2778215231969395e-5
547,-0.061719546374677685,8.25687971994935e-6
548,-0.4826713276563825,7.332385936981117e-6
549,-0.3028925880133946,6.446241816398073e-6
550,-0.09112652605304901,5.595669560482833e-6
551,-0.013062023195760367,4.791804461866132e-6
552,-0.021852767290534904,4.053603822156088e-6
553,-0.5265969488329886,2.749589879505744e-6
554,-0.02697459201121888,2.3259920535103896e-6
555,-0.045171783976724944,1.947257784982747e-6
556,-0.5089619520239775,1.3346729516934766e-6
557,-0.042725523203518925,1.1173503486574862e-6
558,-0.05562697023522101,9.272319710720214e-7
559,-0.07060087221862406,7.637611053357138e-7
560,-0.09254591258029556,6.251289948301906e-7
561,-0.4413778464624373,4.3825063157912115e-7
562,-0.4136329332666654,3.0529388017444357e-7
563,-0.3201115365447144,2.1109786492193603e-7
564,-0.22464729095490274,1.751796011057477e-7
565,-0.10812753067025714,1.4429574208189168e-7
566,-0.44076769302229735,1.0051916605735234e-7
567,-0.10499900229761013,8.279780526192857e-8
568,-0.03946436053349395,6.776908792625655e-8
569,-0.04431807944218234,5.5165631094761405e-8
570,-0.5015019751243249,3.888632585582428e-8
571,-0.42412492711958594,2.72614725773642e-8
572,-0.20895675774400313,1.8990856596850518e-8
573,-0.04887307315275395,1.3131373703796862e-8
574,-0.5203290082153027,1.089707234174844e-8
575,-0.037946448426897345,7.534864409075424e-9
576,-0.03049158089328375,5.1644740591882185e-9
577,-0.4995773759534452,4.323552334807197e-9
578,-0.06289883959309657,2.9634075141679237e-9
579,-0.4692275404626682,2.4808813633843665e-9
580,-0.35203337845948907,2.05875976342686e-9
581,-0.1898327672813663,1.4235452301344391e-9
582,-0.32355219480045305,1.1813292227790052e-9
583,-0.2248325691163438,8.168391502004757e-10
584,-0.3124277686180372,6.778540916076332e-10
585,-0.0857349390233103,5.583496717007365e-10
586,-0.011032924817640625,4.5700312035129116e-10
587,-0.02042275283692892,3.720113254280692e-10
588,-0.05721257957575556,3.0138879337184426e-10
589,-0.4773272833809837,2.1346242367462696e-10
590,-0.07799868316310034,1.7293877327730088e-10
591,-0.46587523755648236,1.224860728582326e-10
592,-0.3958479607088625,8.634058545551503e-11
593,-0.1664603853326761,7.028327414078555e-11
594,-0.08800460228880741,5.694071584033321e-11
595,-0.07603715458240468,4.593905290145207e-11
596,-0.07150769698403481,3.692665801363587e-11
597,-0.08094137865396434,2.958510209739649e-11
598,-0.4711756889730816,2.118874716059833e-11
599,-0.45551499783924626,1.5125599126209004e-11
600,-0.33500114396940184,1.0757683078158975e-11
601,-0.16676744342013833,7.619265065302052e-12
602,-0.06527166729987408,5.370829444536298e-12
603,-0.056238873294096686,3.765249297258314e-12
604,-0.49860401680698785,3.0818155029536185e-12
605,-0.49056347473379686,2.508670547632345e-12
606,-0.06358979311892857,1.7683649969434899e-12
607,-0.04786728845045911,1.239721933235597e-12
608,-0.5063584105298382,1.0146988875270474e-12
609,-0.05081388593251027,7.113601935534579e-13
610,-0.07005500202661094,4.955469314292382e-13
611,-0.08920334668718306,3.42649726510726e-13
612,-0.458601749164906,2.8434792642247404e-13
613,-0.09007153110346125,1.966145546326134e-13
614,-0.1089188060434266,1.347616491980019e-13
615,-0.13467628979867535,9.14100725420964e-14
616,-0.41914844436344756,7.732707657012026e-14
617,-0.13685085645551856,5.245167093760803e-14
618,-0.14145201425671194,3.514681163464189e-14
619,-0.15829461807405956,2.323463783224511e-14
620,-0.3987803181754011,2.016746018352977e-14
621,-0.15751236258629372,1.3332180404628826e-14
622,-0.3947492488296199,1.1572214699935579e-14
623,-0.37960012243274566,9.90957778477293e-15
624,-0.18574180534515666,6.640209121164986e-15
625,-0.36929699711464264,5.686177667763828e-15
626,-0.18747620703099133,3.810193495031482e-15
627,-0.36322304125717986,3.262764284373311e-15
628,-0.2968485557497428,2.7600899619874966e-15
629,-0.23180198785773395,2.3106696426034317e-15
630,-0.1717550379332122,1.917509546009455e-15
631,-0.3888706421276971,1.3258766826111136e-15
632,-0.33756121546553086,9.087695909171844e-16
633,-0.2139141283414564,7.607963272115234e-16
634,-0.15867322945545154,6.313469451017511e-16
635,-0.13874403667363983,5.200416477961008e-16
636,-0.40756478143344715,3.6227082301779165e-16
637,-0.15213355122425107,2.9840314776570137e-16
638,-0.14902175924346792,2.442397234044821e-16
639,-0.16584990078071268,1.9881689870053653e-16
640,-0.1737485588552111,1.6107355085037502e-16
641,-0.3642709706007602,1.1408237907998472e-16
642,-0.3304770916542272,8.041681125646713e-17
643,-0.2360012581939804,6.546118213096449e-17
644,-0.21517451168029342,5.303404850198034e-17
645,-0.32246031354324917,3.756203543913574e-17
646,-0.26093607747900727,2.6477525615063745e-17
647,-0.19092534319964616,1.856221385268463e-17
648,-0.3751210691053629,1.5192969682458666e-17
649,-0.2932641380486314,1.236743586265573e-17
650,-0.1885744350005468,1.0019605085545239e-17
651,-0.34729674924110276,7.096511994465997e-18
652,-0.2147014575661948,5.749312020617642e-18
653,-0.3301014028219318,4.072022935624554e-18
654,-0.22721877444503263,3.2989911706305315e-18
655,-0.31726424897864314,2.3365522106047164e-18
656,-0.2393757539372651,1.8929817524026152e-18
657,-0.30491863824521104,1.3407282618963025e-18
658,-0.250748121563767,1.0862047606645734e-18
659,-0.11459503643730262,8.763363301583773e-19
660,-0.4190169620254643,6.23271080449086e-19
661,-0.24291170285492578,4.414396236625757e-19
662,-0.09659557200692924,3.1117134112631267e-19
663,-0.05450153417350841,2.1814836713923007e-19
664,-0.06533432084014659,1.5196626816031875e-19
665,-0.08632796615176959,1.0507824167890796e-19
666,-0.10642224330292747,7.202171360068091e-20
667,-0.12318041165801306,4.885299418658356e-20
668,-0.4322153630165154,4.132650939978071e-20
669,-0.43395390970588266,3.459739067203312e-20
670,-0.40140742631053894,2.87106497863086e-20
671,-0.15788136495603333,1.9852199001304307e-20
672,-0.4016572705312628,1.6474350288945033e-20
673,-0.1609277594424218,1.1391315863192163e-20
674,-0.39688009910877187,9.453085160485967e-21
675,-0.33461695875002057,7.786523751728462e-21
676,-0.2271959008817957,5.424239346869101e-21
677,-0.3258053856513024,4.467955994515238e-21
678,-0.23369847100751448,3.1124624387294072e-21
679,-0.3174070536535995,2.5637410743778094e-21
680,-0.24984029786530643,2.09839412075638e-21
681,-0.19227917032202937,1.7081423346083205e-21
682,-0.1672420453164607,1.3838690422770839e-21
683,-0.38498874896886087,9.801427474878457e-22
684,-0.35514874507175576,6.909038447897675e-22
685,-0.3069950677670707,4.843619114972509e-22
686,-0.24726353835033502,3.374156455741765e-22
687,-0.30197348978868005,2.7792989207906944e-22
688,-0.26565275965331014,1.936112062782473e-22
689,-0.21919217655126483,1.3387395355124512e-22
690,-0.3299179021830961,1.1109532023249754e-22
691,-0.23033972687035933,7.681771125991411e-23
692,-0.31862691625105666,6.374718909515851e-23
693,-0.24032177100546134,4.407848283163409e-23
694,-0.19426656629911784,3.0211848007061874e-23
695,-0.16259043908770374,2.049297581612924e-23
696,-0.1431545169207964,1.3731931661424982e-23
697,-0.4076101815180757,1.1758997604393802e-23
698,-0.14543453067065318,7.879468211898536e-24
699,-0.13681073472963218,5.2089103306806945e-24
700,-0.13513222367721978,3.400453129721668e-24
701,-0.4226757570624593,2.988905303434149e-24
702,-0.12721044771586404,1.9512012586663537e-24
703,-0.4357169094769253,1.7150525437686614e-24
704,-0.11766019180335961,1.1196114772306205e-24
705,-0.4432162144849201,9.841078686928557e-25
706,-0.39838271226479616,8.54196927942457e-25
707,-0.2955210121374543,7.314702604858119e-25
708,-0.17988515211916445,6.18777069838817e-25
709,-0.1240564775340869,5.180227494418649e-25
710,-0.12093101520934839,4.2988125554186695e-25
711,-0.12658098355248157,3.5409398623544406e-25
712,-0.40789562869474677,2.4666855118777033e-25
713,-0.16146147587895535,2.0318134238931173e-25
714,-0.3674323918207196,1.415399563499875e-25
715,-0.20706438010105613,1.1658672414637698e-25
716,-0.1677823281167372,9.542496274370293e-26
717,-0.3667394358046362,6.689819098221702e-26
718,-0.24935553713518574,4.6602541946854614e-26
719,-0.3143923094462811,3.838660009928978e-26
720,-0.2185125092074906,2.674082983499234e-26
721,-0.0862569375259738,1.8490151887730505e-26
722,-0.056108915705744146,1.2673341335121737e-26
723,-0.4996475587795689,1.0609764716629061e-26
724,-0.47901643842019337,8.804514825463571e-27
725,-0.06696323328274341,6.087949305431233e-27
726,-0.49244694567655684,5.0520856350686546e-27
727,-0.05866463713472694,3.4933033611396e-27
728,-0.5007041381461402,2.8989183129376123e-27
729,-0.0433033836955611,2.0044793017679093e-27
730,-0.02771186888395226,1.3738908444201667e-27
731,-0.5300206111573752,1.1501827513500621e-27
732,-0.527161885228934,9.54479326990353e-28
733,-0.027496755243044062,6.599820513668618e-28
734,-0.5263808304576003,5.4768620332285835e-28
735,-0.02377471888448664,3.7870182596212618e-28
736,-0.5231601550400542,3.142657665054268e-28
737,-0.3865030082839769,2.5886129382165197e-28
738,-0.14063208499444615,2.118751470167756e-28
739,-0.4031294225686339,1.485362282779503e-28
740,-0.13505141689878336,1.0347313891926928e-28
741,-0.4133694806637785,8.52310161373146e-29
742,-0.13556752687099335,5.937353381899494e-29
743,-0.0037842841483730722,4.1054285345622843e-29
744,-0.5314839006875136,3.4068904789925655e-29
745,-0.02507412551424834,2.3557205520601795e-29
746,-0.5314935986196625,1.9548950499114278e-29
747,-0.40235678069203046,1.6102506726480393e-29
748,-0.15001399353975423,1.1217309977332392e-29
749,-0.034985805708933344,7.756295018983282e-30
750,-0.5090812297808944,6.436562573180686e-30
751,-0.04605835613670655,4.450610558736476e-30
752,-0.48907476807050376,3.693339833007157e-30
753,-0.3581144832733342,3.042210859701665e-30
754,-0.19170700278623884,2.1192614795534635e-30
755,-0.0701436053420469,1.4653796044684802e-30
756,-0.4788213770929226,1.2160454823520243e-30
757,-0.08686472082228341,8.408439756665418e-31
758,-0.06893357054190964,5.763231572085719e-31
759,-0.46799315326070884,4.824815285123096e-31
760,-0.09287432703446144,3.3069782962601104e-31
761,-0.4439663039712748,2.7685091656991635e-31
762,-0.3649414547906033,2.2974477422318007e-31
763,-0.19673930187743652,1.5885878624604653e-31
764,-0.3442729133303138,1.318289873540996e-31
765,-0.22868931073409773,1.085877810018838e-31
766,-0.32986560516444396,7.564429687495333e-32
767,-0.22323534623923105,5.230482925508154e-32
768,-0.15359305818943217,3.5850270925290466e-32
769,-0.3808368894401777,3.001283793174862e-32
770,-0.18232900931159454,2.057110952112495e-32
771,-0.1325585640401939,1.3953573771085473e-32
772,-0.4029219640119479,1.1803831212656005e-32
773,-0.29187331255340293,9.881835311577636e-33
774,-0.15965601336491222,8.200442500596558e-33
775,-0.08879442278093694,6.754719673158646e-33
776,-0.451838733595849,4.705465159607932e-33
