t,lambda,delta_s
1,-2.1074536438675238,1.1771008861211065
2,0.780282948424868,1.058288638285373
3,0.4745427676922645,1.0141490031859743
4,0.7863758137558322,1.0609671127257148
5,0.0329402143166095,0.9805820871705744
6,0.4529084274909174,1.052734675256635
7,0.47581194102766244,1.110843328176331
8,0.622828757703782,1.0252427231828456
9,0.4302201239574276,1.010659600642461
10,0.4973965279909195,1.0705602283527385
11,0.13222292197815627,0.8917854578164117
12,0.02948212149683782,0.9221189092191252
13,0.1157080801884198,0.8654707469910242
14,0.31652588030435397,0.7955541695437396
15,0.33843349924237487,0.713630334783454
16,-0.21276761661704857,0.5808437154414063
17,0.4355761590864695,0.6651991250100941
18,0.16081534334798403,0.5333091574203269
19,0.3038970821102841,0.5345270817617565
20,0.008857172113428817,0.48410038880805817
21,0.11618924996717968,0.40063436553608917
22,0.32647527701950596,0.4809477741702083
23,-0.17387042835296293,0.32548930076883126
24,-0.16346304682596358,0.29494453755838784
25,-0.0025848061924314035,0.23808967607410228
26,-0.2995934648495866,0.21773790731577108
27,-0.008651538613523864,0.158085546385505
28,-0.5787775814203505,0.1221176325414265
29,0.22327048194933072,0.15351977981612513
30,0.3207334843373157,0.1785331613888987
31,0.2597046168524884,0.20028345422151592
32,-0.335202189144978,0.12244216599733802
33,0.1429035526051885,0.11077313342962351
34,0.2661421603569526,0.11650281769149133
35,0.22133467520590236,0.13040076994338465
36,-0.1803385718699796,0.08401058573081784
37,0.15402388927456256,0.0799849554119625
38,0.14923160294310084,0.08482526333980428
39,-0.24483636548968302,0.05381144312968929
40,0.15591896728211982,0.05237846353720353
41,0.14880712169721805,0.05514689548264502
42,0.10771423997317592,0.055213426075531
43,0.1576571418681113,0.057180961040518195
44,-0.556822051073574,0.03434765157985929
45,-0.17124271514831602,0.029982839677635
46,-0.29397401576847115,0.020655336513279922
47,-0.1733787231901854,0.017466467896193622
48,0.09994484930853778,0.018247849772907186
49,0.11062812636387818,0.018596717211241055
50,-0.7039158422299998,0.01049128743584437
51,-0.5776756543395836,0.006593945815887818
52,0.03930383729777405,0.006109375181193297
53,-0.5881262897305062,0.003834960844899878
54,0.030262783736546804,0.003505390527596414
55,-0.5844637487115514,0.0022074223158230068
56,0.02606909513837538,0.0020156091737525477
57,0.16768473560690908,0.0020928782324319004
58,0.05987322179033542,0.0021050788062626693
59,-0.024396284468336343,0.002030259677910997
60,-0.5272082353672372,0.0012055273381811774
61,-0.6012442951398117,0.0006882101576397982
62,-0.7096534242390924,0.0003932731832131864
63,-0.7064198893651676,0.00027736788332973606
64,0.14801170088308974,0.0002257991468823945
65,0.14162137392798765,0.00022696613174618663
66,0.032376389575175406,0.00022866411309187558
67,-0.04220505556094958,0.00022175528130289818
68,-0.09204056983094844,0.00020708031159509348
69,-0.45993155115131945,0.00012719435184511466
70,-0.47751938296839574,7.51778742879731e-5
71,-0.08154236562908332,7.299239885264172e-5
72,-0.1010076349972516,6.821538522482908e-5
73,-0.44786936645254516,4.187813969268929e-5
74,-0.10647510710515505,3.914604181401633e-5
75,-0.11533752049316137,3.5423072047729676e-5
76,-0.4237220379787208,2.2461132792347387e-5
77,-0.3984270204433823,1.3785422889873511e-5
78,-0.3394852166410029,8.141415032556032e-6
79,-0.2506841818091109,4.6367717120640485e-6
80,-0.3042973463655529,4.671630813246251e-6
81,-0.21157863156052714,4.5390364655251804e-6
82,-0.14833957507671758,4.243847958731695e-6
83,-0.11364878230765985,3.840625289176662e-6
84,-0.42411410713412,2.4351283702501513e-6
85,-0.33692997005207576,1.4944441254779808e-6
86,-0.20481978837629644,8.825375226819838e-7
87,-0.34566371949862285,8.575224271418395e-7
88,-0.20631324782446575,8.017783837803912e-7
89,-0.10452488828024695,7.256095352666791e-7
90,-0.0647664814189007,6.410430267028137e-7
91,-0.06729984777652308,5.555899536482865e-7
92,-0.08511295104831205,4.7415669857380706e-7
93,-0.10526262488457937,3.9966058110081175e-7
94,-0.44958364658442423,2.720739424071941e-7
95,-0.09498657082171674,2.293278371980833e-7
96,-0.10592833336871167,1.913457435665992e-7
97,-0.12075905184733621,1.583157943650716e-7
98,-0.43695412765217917,1.0979536405951568e-7
99,-0.44972130138256977,7.55069627307266e-8
100,-0.107725446859536,6.300127042041024e-8
101,-0.4466403600189792,4.3326364018317e-8
102,-0.42845067587585595,2.949491469878178e-8
103,-0.3560725050040528,1.983094830793171e-8
104,-0.19985853384397517,1.6924366801681914e-8
105,-0.34767160564328414,1.1379121817080298e-8
106,-0.23038328217436946,7.533637757171688e-9
107,-0.1397515864248848,4.8930883543067e-9
108,-0.4061701646149197,4.32284846637591e-9
109,-0.15172705067307804,2.8076846650851243e-9
110,-0.10724492961157481,1.7801725429458739e-9
111,-0.4382905500801537,1.6110670151007762e-9
112,-0.3975253730116712,1.4233134877934487e-9
113,-0.292556544657289,1.233587222843825e-9
114,-0.26548724180111566,8.167061741249289e-10
115,-0.16859836566550504,5.304496327534062e-10
116,-0.11134305408807296,3.3632404494334274e-10
117,-0.10172498968680369,2.064004376059624e-10
118,-0.4485562824508094,1.92984839048311e-10
119,-0.11045341089881626,1.184338610865967e-10
120,-0.4400720109023351,1.1073590681253734e-10
121,-0.1193705846625502,6.795808969836665e-11
122,-0.11883555086195677,4.0132085921808565e-11
123,-0.12491481757403007,2.2858003472913616e-11
124,-0.13069802450975918,1.3242313196353694e-11
125,-0.13420481930056216,9.51158760101269e-12
126,-0.42535031824535635,7.598522076538815e-12
127,-0.4382092259883458,7.526080218971301e-12
128,-0.4185985430920157,7.582065928882681e-12
129,-0.36126975594445054,7.367196604628794e-12
130,-0.20095413748752683,4.3506368178819524e-12
131,-0.1423337592900179,2.4779891003576735e-12
132,-0.11841289868411381,1.4355719127434278e-12
133,-0.12273819797257565,1.0311316312464086e-12
134,-0.13800282270302994,9.584742321970752e-13
135,-0.15427219530282843,1.0032424219365678e-12
136,-0.1544740300488068,9.963536309468365e-13
137,-0.4035248514899186,5.756667719721678e-13
138,-0.1471683478619517,5.717139406475598e-13
139,-0.13591766261603752,5.40072586070694e-13
140,-0.12833858027110046,4.911584332248264e-13
141,-0.12391711286936874,4.345797859192732e-13
142,-0.4379893926296622,2.818297787246355e-13
143,-0.09941636848699706,2.4936459728413016e-13
144,-0.4579271625121803,1.6171568846832025e-13
145,-0.4378125461183531,1.0203471510869124e-13
146,-0.33676656020369106,6.197833135820131e-14
147,-0.18954342601748886,3.58094403803897e-14
148,-0.08722943520602335,1.9630771238391463e-14
149,-0.06994923037676141,1.2118149454042455e-14
150,-0.08036166401194383,9.68082616742423e-15
151,-0.10020408667138474,9.588532293803019e-15
152,-0.4589764440969664,5.554918560031592e-15
153,-0.096924150985929,5.50195975851102e-15
154,-0.10831246127608314,5.54288825179944e-15
155,-0.11867252972214018,5.385807495180845e-15
156,-0.4376851672473975,3.1805439219340853e-15
157,-0.4366097499238588,1.811540126534316e-15
158,-0.11474890722150324,1.825015980805294e-15
159,-0.10101334255508033,1.7732965742282665e-15
160,-0.4532427188007779,1.0472055761359567e-15
161,-0.098935499782481,1.0175286573957694e-15
162,-0.09468915289308173,9.513914143635165e-16
163,-0.46076852360287407,5.83864303167801e-16
164,-0.09189634376268058,5.459143397581258e-16
165,-0.46074746723343724,3.3502498630957863e-16
166,-0.09084239234929037,3.1324906011783593e-16
167,-0.08459945147527606,2.834923126365026e-16
168,-0.4698545427678099,1.7974426850224002e-16
169,-0.08256593865390668,1.6266966081777914e-16
170,-0.08585701907260479,1.4371216152841672e-16
171,-0.09789375800745541,1.2455547431881673e-16
172,-0.11340017578850457,1.0629963966165531e-16
173,-0.12948791865836123,8.959880283179658e-17
174,-0.42660151627976794,6.099539761060569e-17
175,-0.4386674273619519,4.1010339880986823e-17
176,-0.43646181930142125,2.7151219738599698e-17
177,-0.3984690248322898,1.7634683052615307e-17
178,-0.3027501279449492,1.1181019958115947e-17
179,-0.1966469827313368,6.861737795813522e-18
180,-0.11821572567228954,4.052142312904394e-18
181,-0.10260751813119201,2.3079757986144395e-18
182,-0.10407315193796467,1.3370782104071632e-18
183,-0.11563230834384855,9.603863268233168e-19
184,-0.43087646684857356,7.672238338704454e-19
185,-0.404643095373736,7.599093693465318e-19
186,-0.3350787119194592,7.655622542980824e-19
187,-0.223062155633989,7.4386686866502365e-19
188,-0.1331320741090036,6.955170718126662e-19
189,-0.10104587321235482,6.294471979969226e-19
190,-0.4564621542581201,3.9909204278780665e-19
191,-0.414780340877278,2.4492085375607925e-19
192,-0.3117440841263149,1.4463597769987554e-19
193,-0.23837861047410316,1.4053711664057428e-19
194,-0.13059566147376994,1.3140249682347942e-19
195,-0.426109797593134,8.06410758853405e-20
196,-0.33836853161038644,4.762191816080331e-20
197,-0.22790512830193996,4.6272353349732673e-20
198,-0.3328405875014553,2.732575427765743e-20
199,-0.22001093096327284,1.5563910317482075e-20
200,-0.34459866121623595,1.5679688590484072e-20
201,-0.23667370094308648,1.5235339501083463e-20
202,-0.16429740972626503,1.4245074171514396e-20
203,-0.14137624520571526,1.2891879129795327e-20
204,-0.14036549272690388,1.1389461357403151e-20
205,-0.1439501784741651,9.871257564563702e-21
206,-0.4029278352937406,6.5353441110114106e-21
207,-0.14580858377570452,5.664189285906431e-21
208,-0.1480019771476185,4.834000941027304e-21
209,-0.40359340088298584,3.250147213436148e-21
210,-0.39015511249716656,2.151785657736395e-21
211,-0.16783155800779112,1.864954784489744e-21
212,-0.3913588823432668,1.2347080590695034e-21
213,-0.36546661234809474,8.01941330585816e-22
214,-0.32783440956711685,5.084594940416747e-22
215,-0.22616321508574644,4.601589476234572e-22
216,-0.1899379841177731,4.0653208887972827e-22
217,-0.3556109848273689,2.6404208013976234e-22
218,-0.18781374335751072,2.3327065342474343e-22
219,-0.15342548364252073,2.021759089347082e-22
220,-0.13400538235846562,1.725434099589826e-22
221,-0.1340689599225691,1.4543495178391832e-22
222,-0.42112953841723044,9.900648703077643e-23
223,-0.12854696134867746,8.345148430206095e-23
224,-0.4268189127437865,5.681054104880346e-23
225,-0.12967617173571047,4.7884983264299464e-23
226,-0.425583114824779,3.2598243519684983e-23
227,-0.1291607030447712,2.7476702678200426e-23
228,-0.1373798250928939,2.2925932118383526e-23
229,-0.41806860391326944,1.5766303726143145e-23
230,-0.1335704244437876,1.3155043136604206e-23
231,-0.1445824434197677,1.0884235492600028e-23
232,-0.4050903939866048,7.548445970803097e-24
233,-0.1501706676130842,6.245442352125724e-24
234,-0.41061171615035275,4.331345475834132e-24
235,-0.41842461169239537,2.978692772979906e-24
236,-0.13682887969462068,2.485353104942848e-24
237,-0.4174487996920403,1.7091925299657017e-24
238,-0.13785170664724447,1.4261111450731127e-24
239,-0.13912332327795285,1.1799375631393076e-24
240,-0.41556747961564894,8.183114882376087e-25
241,-0.4162712736490795,5.62757815015987e-25
242,-0.40142305692778935,3.8310374246646083e-25
243,-0.15383561468889786,3.22913951492517e-25
244,-0.40011361699014514,2.198273218256456e-25
245,-0.34613929376867336,1.4780120363752272e-25
246,-0.20700474890708265,1.261382911843168e-25
247,-0.35243592024015424,8.480925440473324e-26
248,-0.20441800670731647,7.237893984588088e-26
249,-0.14359561885817676,6.100741621577536e-26
250,-0.1216589590416767,5.0903192397627257e-26
251,-0.42369240021255955,3.500643672096325e-26
252,-0.1321388729737421,2.9208569942711e-26
253,-0.12450226250822995,2.4166621907452768e-26
254,-0.13381127586526353,1.985377682707245e-26
255,-0.4169322102274559,1.386695869188332e-26
256,-0.14365007090991463,1.1392221229479343e-26
257,-0.1569491016261922,9.302725483708275e-27
258,-0.3925610865765122,6.536927742857929e-27
259,-0.3901370782198433,4.5657462442325345e-27
260,-0.16910943672741288,3.750929994650273e-27
261,-0.37535772440271636,2.619853730854654e-27
262,-0.18180434883764113,2.152307074242792e-27
263,-0.36762362134127613,1.5032884448502184e-27
264,-0.19233645608967703,1.2350072511197283e-27
265,-0.3569763264268536,8.625963052078356e-28
266,-0.3252186144717681,5.982286591375755e-28
267,-0.2276662819737063,4.949631511551637e-28
268,-0.32404999977581805,3.4326734354226038e-28
269,-0.28224946513934174,2.360670514772158e-28
270,-0.24720893021964585,1.607053131574456e-28
271,-0.22360697870156102,1.0805043940104288e-28
272,-0.2090398827024482,7.153564763285676e-29
273,-0.3396988524586447,6.200001744356466e-29
274,-0.2218368292623674,4.1047601709530906e-29
275,-0.20989728704256325,2.6660365655266875e-29
276,-0.20203458372656008,1.6903625633237558e-29
277,-0.34325098819821487,1.529788444027748e-29
278,-0.30399647692772513,1.3515071148927634e-29
279,-0.24999885581125694,8.778021703608967e-30
280,-0.20520525612600096,5.5655798047513605e-30
281,-0.348608198251423,5.036883716166473e-30
282,-0.21052189087394252,3.193564476840111e-30
283,-0.17867834291320736,1.95987505220353e-30
284,-0.3696198596338761,1.8324872565888357e-30
285,-0.1894878004418445,1.1245885541734623e-30
286,-0.3599021501935089,1.0514926408760272e-30
287,-0.19963012523355497,6.452959410631961e-31
288,-0.17494788025301003,3.810741629799662e-31
289,-0.16491650263768046,2.1704813842153114e-31
290,-0.3941418919952683,2.1866273643142315e-31
291,-0.3723253787417333,2.1246601975185127e-31
292,-0.18619164608386088,1.2547004480645325e-31
293,-0.36324657011483064,1.2191433004623566e-31
294,-0.19567232432041295,7.199549589772296e-32
295,-0.35355692597835614,6.995520454509284e-32
296,-0.20541703035658654,4.13114655179628e-32
297,-0.1751117969673323,2.3529741864473995e-32
298,-0.1558648507353703,1.3631470989592104e-32
299,-0.1475971405595935,9.791108890261853e-33
300,-0.14480222848872887,9.101190664190686e-33
301,-0.41218682271398227,5.618199475662814e-33
302,-0.411920038698638,4.488211067544628e-33
303,-0.38745636036811437,4.44542191113407e-33
304,-0.1691079771426486,2.5753635618762787e-33
305,-0.380285460689469,2.5508108764956736e-33
306,-0.1753829201845888,1.4777597078268705e-33
307,-0.13383393689819054,1.0614339585230185e-33
308,-0.4202813372330213,8.479477563492321e-34
309,-0.36545927973717657,8.398636959901326e-34
310,-0.19217559583853058,4.865577222666666e-34
311,-0.3575210437674251,4.81919037907238e-34
312,-0.24528657143417829,4.855039823586986e-34
313,-0.3151837995665902,2.7652815594516006e-34
314,-0.20507967148639003,1.6020088776507777e-34
315,-0.3453817995738692,1.5867358418230749e-34
316,-0.20364860883165317,9.192427065515014e-35
317,-0.11178689648065225,6.602666317741322e-35
318,-0.443508987272297,5.274672102861671e-35
319,-0.33874571947023563,5.224385080654577e-35
320,-0.18946712148224704,5.263248725445451e-35
321,-0.08563685316131803,5.114092716067817e-35
322,-0.4453791993884436,3.020085013965133e-35
323,-0.3539411751535107,1.7201476611007005e-35
324,-0.19972568925132644,1.7329436565445305e-35
325,-0.3396408881512405,9.870314788624638e-36
326,-0.19466931723929,5.718163440731246e-36
327,-0.09563552195169184,4.107198771377008e-36
328,-0.07560858862553549,3.8177901535964e-36
329,-0.09307722247955964,3.99611060106974e-36
330,-0.4507547396849497,2.190671851322073e-36
331,-0.4374236961274947,1.3523100328918788e-36
332,-0.11641472060304978,1.2570211999876765e-36
333,-0.09351398723935513,1.3157338515078563e-36
334,-0.09201738876058295,1.3066993297393664e-36
335,-0.1068359039534617,1.2343804060987945e-36
336,-0.12357446487326873,1.1225830784593717e-36
337,-0.4314494482377173,7.08295191897026e-37
338,-0.4342122470993032,4.3023547481905775e-37
339,-0.39735031214432825,2.4857867657039005e-37
340,-0.1567493057206941,2.46871804422893e-37
341,-0.3901933854720079,1.426359982328183e-37
342,-0.2767626446619328,7.819319771334997e-38
343,-0.2789658875421019,8.184542726098006e-38
344,-0.2559299020131434,4.486774555540591e-38
345,-0.30046335438571714,4.696341769627075e-38
346,-0.1517179929229021,4.6640942129488455e-38
347,-0.3929861589885211,2.694790259548075e-38
348,-0.16121849836465346,2.676286409978878e-38
349,-0.07162427874619828,2.5281680570275765e-38
350,-0.05796570245576093,2.299192911924364e-38
351,-0.06684520912995016,2.0343390153982755e-38
352,-0.4811762062521495,1.3192912628178987e-38
353,-0.07260951056795228,1.1673164416543766e-38
354,-0.0893910450682656,1.0119657945453135e-38
355,-0.1034595888000153,8.636044477017436e-39
356,-0.4390252329684261,5.8067229769631664e-39
357,-0.11655809469539165,4.955416296190585e-39
358,-0.11863343441867102,4.177094082597618e-39
359,-0.13732739333024774,3.494554256034596e-39
360,-0.41715766584634245,2.3968426914325285e-39
361,-0.140763477941086,2.0051970730767508e-39
362,-0.4026887467098389,1.3753233166108065e-39
363,-0.3778351932739618,9.362158033334176e-40
364,-0.3173211589082078,6.294948840385888e-40
365,-0.2508285708924146,5.372064793014858e-40
366,-0.18479758126006093,4.528301704033126e-40
367,-0.1595766515464573,3.78837432902563e-40
368,-0.3884568613577033,2.598367819659857e-40
369,-0.3366344914769745,1.7687717398940521e-40
370,-0.2404286302238941,1.189290714097046e-40
371,-0.18258776703664492,7.87183662018376e-41
372,-0.1535985543043202,5.104972768417969e-41
373,-0.3937014483275966,4.5169090516403177e-41
374,-0.15623162713403704,2.929265280598033e-41
375,-0.38530870959547897,2.5918306445127863e-41
376,-0.1733095332801305,1.6808307259151547e-41
377,-0.1551299286255193,1.0605222405386364e-41
378,-0.39340231151555594,9.644711757221527e-42
379,-0.36509556153730877,8.533696027952814e-42
380,-0.18599551899776587,5.534195885742192e-42
381,-0.1666916632729142,3.491807788753664e-42
382,-0.16086369847968968,2.121007736827509e-42
383,-0.39278738709738403,2.003621132985533e-42
384,-0.3749986926616909,1.822153987879433e-42
385,-0.33775531175888623,1.6122522518148024e-42
386,-0.21768869406746413,1.0455633467076429e-42
387,-0.3362949300253768,9.251204186679074e-43
388,-0.29033644069577086,8.020020845423446e-43
389,-0.26929014981145044,5.30839878234262e-43
390,-0.2886653814727339,4.601938086234256e-43
391,-0.22586870996193803,3.927261396325779e-43
392,-0.32691020181157715,2.640620835994255e-43
393,-0.22845583259253535,2.2534871345954575e-43
394,-0.1776382973823676,1.899543290109591e-43
395,-0.14916213469224338,1.5891567098355635e-43
396,-0.4068420661467399,1.0899698120104454e-43
397,-0.1474882641550866,9.118680523330825e-44
398,-0.40691937093883773,6.25431490442919e-44
399,-0.36953285901458904,4.2574632319763975e-44
400,-0.3012463456944519,2.862642687689263e-44
401,-0.21816159942792396,1.8947642718763229e-44
402,-0.3387866359957726,1.6426022657128971e-44
403,-0.21013545443276974,1.0872275814793336e-44
404,-0.34792362913649155,9.425354463302209e-45
405,-0.20173887022056342,6.238579814252257e-45
406,-0.35312852292740166,5.408327299508202e-45
407,-0.23201096492372758,4.615428244371261e-45
408,-0.3191160714066879,3.103332006503428e-45
409,-0.23702835109912396,2.6483615730467566e-45
410,-0.3139809730228931,1.780711301156708e-45
411,-0.23892141144285553,1.5196464228740597e-45
412,-0.11029472420040565,1.2809632332015356e-45
413,-0.44414587241575604,8.719826152352785e-46
414,-0.3040649277839776,5.8630562879498035e-46
415,-0.1391520302440144,3.88071820006793e-46
416,-0.42288843864377434,3.364258342127396e-46
417,-0.26713433887525606,2.8710342613747474e-46
418,-0.28385707968722823,1.930432463327338e-46
419,-0.27163047124339124,1.6474174031409635e-46
420,-0.1068710300646513,1.388665870820672e-46
421,-0.4464279250423359,9.452984022810543e-47
422,-0.2653255545872765,6.356018623132071e-47
423,-0.09182602956758744,4.2070067110654576e-47
424,-0.4625505233221411,3.6471232110695766e-47
425,-0.2889626717290536,3.1124291387844105e-47
426,-0.10108389165578172,2.623575611218585e-47
427,-0.4506982673196741,1.7859312925166117e-47
428,-0.2503436728724284,1.2008284926197232e-47
429,-0.0772190426943493,7.948204413536409e-48
430,-0.040608140859516924,5.1544981237143204e-48
431,-0.5075864311760319,4.5607293687647765e-48
432,-0.05318106916183679,2.9576832390005495e-48
433,-0.4902954736344524,2.616975016355783e-48
434,-0.43507734437634843,2.2686986212396978e-48
435,-0.12059325190037064,1.5016366204787996e-48
436,-0.4335262351277635,1.3017934482337213e-48
437,-0.12237096946493858,8.616484780596134e-49
438,-0.07949179883865301,5.587885303875157e-49
439,-0.4672983044836312,4.944192820135941e-49
440,-0.4336743029199576,4.286201956106357e-49
441,-0.12439630686210951,2.837008741399127e-49
442,-0.1028795180217693,1.8398314227548323e-49
443,-0.11231043017922507,1.1608439282968182e-49
444,-0.13640932950474652,7.051244232563015e-50
445,-0.40302179861423626,6.660995013312664e-50
446,-0.16186313062746607,4.046048010921112e-50
447,-0.1775612294545162,2.337699512849367e-50
448,-0.18959296780506624,1.2815292245108363e-50
449,-0.19900759309837773,7.910928451946242e-51
450,-0.3385725184825877,7.353494785819705e-51
451,-0.30453633730810303,7.696960096364608e-51
452,-0.26395718655259975,4.219481267445758e-51
453,-0.24805724019793607,2.604701771341353e-51
454,-0.2333094101690904,2.080818128375223e-51
455,-0.3087565575449636,1.4945941557817385e-51
456,-0.26238412615394147,1.3892794503474174e-51
457,-0.2999275745499094,8.576074678010354e-52
458,-0.24742655437497196,7.971772316059133e-52
459,-0.20198499635130446,8.344115988541013e-52
460,-0.35557510726620223,4.5742527785317015e-52
461,-0.31564372826036524,2.8237035691396855e-52
462,-0.23465113574358032,2.6247348334013565e-52
463,-0.18324454999367648,2.7473303326720785e-52
464,-0.37702954589424853,1.5060892519984073e-52
465,-0.17363290062451772,1.5764353157018176e-52
466,-0.14467924724146594,1.565610680339581e-52
467,-0.13939542746534203,1.4789623775009115e-52
468,-0.415643436000319,8.983571934456033e-53
469,-0.40656789021117506,5.190470226289809e-53
470,-0.37339850242980727,2.8454209993123135e-53
471,-0.17006182852893534,2.9783242562840057e-53
472,-0.389775682258897,1.6327203532866515e-53
473,-0.16060802362125284,1.708981072782364e-53
474,-0.4016313795096155,9.368651432180886e-54
475,-0.1480054090890248,9.806240206942251e-54
476,-0.4121414054740772,5.375790745856843e-54
477,-0.1360020112406479,5.626881919744755e-54
478,-0.4223753899707485,3.084662328664819e-54
479,-0.3368190705834063,1.9041737413203193e-54
480,-0.21863143580402408,1.5211872944958856e-54
481,-0.11999331065137435,1.506684785568748e-54
482,-0.42339603514193425,8.728667770023296e-55
483,-0.12482592521738314,8.645451467392574e-55
484,-0.41506997773407195,5.008564120612929e-55
485,-0.23128169170609109,3.5975131903389095e-55
486,-0.3275116223161158,2.8739453959334523e-55
487,-0.13048368193874357,2.846546127670143e-55
488,-0.40989807893830515,1.6490878303453393e-55
489,-0.1459280612739714,1.633365958970426e-55
490,-0.02709200637379515,1.645516394564844e-55
491,-0.5272029173523207,9.372355957944737e-56
492,-0.36236379969955934,5.429681255354074e-56
493,-0.10378458340447827,3.89998999016145e-56
494,-0.00686495590538873,3.625182079651572e-56
495,-0.5305259270790783,2.2378386312920783e-56
496,-0.4060173266976888,1.7877421682609607e-56
497,-0.16218799380681082,1.7706984111585738e-56
498,-0.3750838634261964,1.025817629536691e-56
499,-0.09304105722293539,7.368164536323879e-57
500,-0.4645931242977377,5.886205671883378e-57
501,-0.18317874123398661,5.830088485911386e-57
502,-0.34916934134993427,3.3775416033121306e-57
503,-0.20364149530340722,3.3453412112689884e-57
504,0.021175729189995593,3.370226848627625e-57
505,-0.5483659540480725,1.9195776954087158e-57
506,-0.2313471949352444,1.112067774391496e-57
507,0.03656029156471535,7.987675490584817e-58
508,0.030459913451635925,7.424833940494654e-58
509,-0.03069651942419286,7.771631343551774e-58
510,-0.08128843664224703,7.71826722856033e-58
511,-0.45964922393506763,4.459410637625904e-58
512,-0.10567391993353836,4.4287899749180975e-58
513,-0.43517890305087276,2.558837695186229e-58
514,-0.4320539925640611,1.4027573985178826e-58
515,-0.13226844738375035,1.4682770622334529e-58
516,-0.4075147985041708,8.049109625033019e-59
517,-0.36699025753057185,4.9687458645208335e-59
518,-0.19676872447966523,4.6186294097791e-59
519,-0.3457821163605671,2.851097431723707e-59
520,-0.21133250990847824,2.650198421765059e-59
521,-0.3230967720150599,1.6359775256820114e-59
522,-0.2216619486481853,1.3069333812064458e-59
523,-0.3367424962775206,9.387341290958733e-60
524,-0.22424263892275348,7.499265424698911e-60
525,-0.1633829480254187,7.427769847420435e-60
526,-0.1504549499492051,7.48302423707242e-60
527,-0.399483541147982,4.2621007620113914e-60
528,-0.38622502856447205,2.4691602324714026e-60
529,-0.17081633538328306,2.4456200553718978e-60
530,-0.16929077694378478,2.4638127627734561e-60
531,-0.3752245640890133,1.403312072897741e-60
532,-0.187187232594343,1.4137511621091768e-60
533,-0.3554132536396555,8.052292381291795e-61
534,-0.20505832200704605,8.112192527630083e-61
535,-0.3396587125243783,4.6204556952126136e-61
536,-0.2243709645340894,4.6548267735574404e-61
537,-0.19770384521000553,4.522912926786078e-61
538,-0.3474461210259059,2.6709686953345926e-61
539,-0.2943195831716642,1.5213017292254379e-61
540,-0.266415779905107,1.5326185309373353e-61
541,-0.2759562287145818,8.72932440365364e-62
542,-0.2025491090936788,5.057154177573171e-62
543,-0.3536096030183409,5.00894090109398e-62
544,-0.19732029380529068,2.9018266743050955e-62
545,-0.14150675098618895,2.084301904796686e-62
546,-0.12610175869497495,1.9374341813476775e-62
547,-0.4213459715902157,1.1959854598592435e-62
548,-0.1384212482428083,1.1117118422209306e-62
549,-0.41702705299391346,6.862639317763577e-63
550,-0.14430710004001882,6.379072032653836e-63
551,-0.14929455865863728,6.677024233681953e-63
552,-0.39885983783680784,3.660351401536977e-63
553,-0.1644699227967106,3.831318236688166e-63
554,-0.378986779780186,2.1003325113981757e-63
555,-0.3490536032209327,1.296543216118209e-63
556,-0.3090235365907214,1.0357694911580426e-63
557,-0.24849725051438074,7.439646008037292e-64
558,-0.30305320553042786,5.943310075858046e-64
559,-0.25582402000288107,5.8866484749205745e-64
560,-0.2996211666123985,3.41030846721532e-64
561,-0.2556031731036753,3.377795686462394e-64
562,-0.21503157188370864,3.402922749209152e-64
563,-0.34050631360798317,1.938200276115162e-64
564,-0.299550986502163,1.1228563827031967e-64
565,-0.2541492407442854,1.1121514321866056e-64
566,-0.3009654392584417,6.443020102474861e-65
567,-0.2535985769097764,4.627843279250164e-65
568,-0.2962215326055065,3.6970452036757153e-65
569,-0.2479848960318157,3.6617987673793204e-65
570,-0.20757357046552824,3.689038498829832e-65
571,-0.1812676489232352,3.584494273460865e-65
572,-0.1658408507730633,3.3515096128437037e-65
573,-0.16064761913814685,3.033136669623589e-65
574,-0.16072280305227463,2.6796553506741415e-65
575,-0.16328326378687882,2.322459975999849e-65
576,-0.16584261061443845,1.982061887906155e-65
577,-0.16908937375910035,1.6706582718453282e-65
578,-0.1709180060976866,1.3939590416622165e-65
579,-0.38870898887678734,9.586341579990486e-66
580,-0.39514727311194353,6.52601036869096e-66
581,-0.3909554485530061,4.387772090534335e-66
582,-0.1562007325903107,3.7446655371196774e-66
583,-0.13615630194451075,3.1563375962452904e-66
584,-0.12897234987932646,2.633575881418703e-66
585,-0.4260870428338814,1.8111262398355237e-66
586,-0.12270846802062725,1.511162300607311e-66
587,-0.4299244993112802,1.039235555956622e-66
588,-0.11786963229597944,8.671143728528539e-67
589,-0.4324652240045432,5.963198572301346e-67
590,-0.11842712584670895,4.9755564660779776e-67
591,-0.09342038499570247,4.116681923515219e-67
592,-0.099179598806969,3.382006988420222e-67
593,-0.11560900879327665,2.7616987033084666e-67
594,-0.13004646625659952,2.2434359990473297e-67
595,-0.1388863587442828,1.8141727541142362e-67
596,-0.41227101465472865,1.2872975977283514e-67
597,-0.40033570514137534,9.09299274808757e-68
598,-0.15556565893656957,7.386594071865136e-68
599,-0.3892277483538138,5.217616070057322e-68
600,-0.1692670549273836,4.238473844649165e-68
601,-0.1365029901265425,3.4274763225933753e-68
602,-0.12579961147768862,2.7606180114960327e-68
603,-0.42638198658536597,1.9667073356310954e-68
604,-0.3824855142980413,1.3955328250030662e-68
605,-0.2876968845053676,9.85752624712722e-69
606,-0.2677343566184938,8.007654570669156e-69
607,-0.2811070181172112,5.656310170140641e-69
608,-0.2797308941138692,4.5948422404910263e-69
609,-0.1811803452334535,3.7156565222684465e-69
610,-0.1257977723123891,2.9927291553529154e-69
611,-0.10761044774624542,2.4019540177859414e-69
612,-0.44333848610172194,1.717246693898723e-69
613,-0.4001189518038131,1.2233933329112152e-69
614,-0.15844749094407257,9.853668857509242e-70
615,-0.11508678846559678,7.908520375087364e-70
616,-0.43262347174701926,5.6540967758691626e-70
617,-0.3621568208557839,4.028066744172216e-70
618,-0.24542057408932477,2.8582287058952493e-70
619,-0.3112467469358354,2.311329873223168e-70
620,-0.19838347440431467,1.8616317891003872e-70
621,-0.12585170960461564,1.4941392031650127e-70
622,-0.10115027502251549,1.1954190875444821e-70
623,-0.4473352860324881,8.573464131461038e-71
624,-0.3911555372754649,6.129489917788603e-71
625,-0.1646076850198018,4.9195073027831646e-71
626,-0.38179415543135553,3.5171396241390864e-71
627,-0.18321215754099415,2.822844037257621e-71
628,-0.3628087705192476,2.018156698453659e-71
629,-0.19723356880519752,1.6197655513536557e-71
630,-0.1223317485513711,1.2959292235512865e-71
631,-0.425571438384151,9.29431596901424e-72
632,-0.13364776442862888,7.436122880313753e-72
633,-0.09660783300797145,5.932645453296212e-72
634,-0.4528267561422199,4.2668937844920334e-72
635,-0.10407842199407921,3.40418904013545e-72
636,-0.4458327112469919,2.448370321627682e-72
637,-0.11109371431863009,1.9533449474112217e-72
638,-0.43890575245647456,1.404890192864474e-72
639,-0.3544098288022621,1.0075776606433643e-72
640,-0.2259978724189215,7.20354925104243e-73
641,-0.13282386631537538,5.1319208581586775e-73
642,-0.4220255944876025,4.1334415824309627e-73
643,-0.33934746072458305,3.317485846804851e-73
644,-0.22447020236167978,2.6542278627911813e-73
645,-0.13910995595200853,2.1175810453438645e-73
646,-0.10733300183118313,1.6851355473487526e-73
647,-0.10688043979740618,1.337907407293708e-73
648,-0.4435343530897589,9.669413091658848e-74
649,-0.11366671760247936,7.67699632226425e-74
650,-0.4360427733339614,5.5483696658256716e-74
651,-0.12046489645117892,4.405108470942243e-74
652,-0.11709483647713068,3.490067973590396e-74
653,-0.43525651438879887,2.5276787725546013e-74
654,-0.4094764145410785,1.8268207561752523e-74
655,-0.1457944345161272,1.4503978776841585e-74
656,-0.11961651042189803,1.1491174883115232e-74
657,-0.11687730731042534,9.086694906218946e-75
658,-0.4338893212351164,6.593707967774538e-75
659,-0.12276364107354179,5.214002329031595e-75
660,-0.4270741101294709,3.7835108425838274e-75
661,-0.37888199224869423,2.74020452177351e-75
662,-0.2807823797778395,1.9804187742898793e-75
663,-0.2747775287016684,1.5723464808719014e-75
664,-0.28363973578471136,1.1363766703048718e-75
665,-0.2794629508784758,9.022222378898021e-76
666,-0.2791675119881835,6.520600357751247e-76
667,-0.19718674500895894,4.701734036901948e-76
668,-0.14875101227457038,3.381594247680031e-76
669,-0.3994710141302921,2.6978843762120685e-76
670,-0.35047110623296474,2.1469312237131015e-76
671,-0.21478928649404025,1.548062916847836e-76
672,-0.17655410206517047,1.1134021221899628e-76
673,-0.37080771954122455,8.882881770805187e-77
674,-0.3233351999586614,7.068848612804485e-77
675,-0.2658422957460234,5.612287352782119e-77
676,-0.21602370408519542,4.446488543411878e-77
677,-0.1860519404880988,3.51607953137584e-77
678,-0.3689728547427964,2.5514229167631316e-77
679,-0.34590568853385373,1.8478658855108034e-77
680,-0.20788313157276944,1.464022416031915e-77
681,-0.1821190011180017,1.1576818876801488e-77
682,-0.3735144690499776,8.400652124592127e-78
683,-0.1820938959786895,6.642851026626676e-78
684,-0.37385520405933137,4.82034669316674e-78
685,-0.17894953781809897,3.8117094368973034e-78
686,-0.37362222374803633,2.7659450597059083e-78
687,-0.3418660634418541,2.0032333657612095e-78
688,-0.29098477399014167,1.4477900957077953e-78
689,-0.23791869932125198,1.0439412934097431e-78
690,-0.19581292814972057,7.508263642739215e-79
691,-0.17367465622941003,5.384875455084477e-79
692,-0.16472332726691769,3.849848708104743e-79
693,-0.3877583654195677,3.0898751915990677e-79
694,-0.3680035509224778,2.472122928267587e-79
695,-0.32951359924505746,1.9722951175542176e-79
696,-0.27656179171123124,1.569519438115908e-79
697,-0.22174442748258283,1.24611440631615e-79
698,-0.3303267606646752,9.006000630873956e-80
699,-0.2247294193390186,7.150282345592465e-80
700,-0.330266096303679,5.167699449499419e-80
701,-0.22481966744791554,4.102876699165614e-80
702,-0.17557163471378778,3.2506165652455137e-80
703,-0.37298481692679814,2.3542562929605992e-80
704,-0.31272900388510716,1.701483712263808e-80
705,-0.24018870516727436,1.3508869750026226e-80
706,-0.31355346990028865,9.76321988370174e-81
707,-0.22835932176318274,7.039852271024513e-81
708,-0.16084896065648302,5.063222155351818e-81
709,-0.1281094473966973,3.631308383045403e-81
710,-0.42257191798167054,2.9053085178793434e-81
711,-0.12980956980068517,2.0836674458688466e-81
712,-0.11390873693517622,1.4896917285289828e-81
713,-0.43441761069269824,1.1956214033610804e-81
714,-0.39652772667632297,9.565833250522833e-82
715,-0.30805695353432183,7.631758922508491e-82
716,-0.24415801983830193,5.488934905607816e-82
717,-0.14861234592343073,3.9366266628565934e-82
718,-0.41125904128543317,3.1495851546809244e-82
719,-0.1415523760596638,2.2588609830637556e-82
720,-0.41783838701777515,1.807251646663131e-82
721,-0.13527828650780305,1.2961485499631267e-82
722,-0.09967719251483384,9.266650384412833e-83
723,-0.44423023550563845,7.437381388972795e-83
724,-0.39427169930898215,5.950441334310049e-83
725,-0.29416247954453545,4.747347414142094e-83
726,-0.18972007229336454,3.777859601064741e-83
727,-0.13149323312899955,2.999418267528904e-83
728,-0.41179084816369604,2.1677594507134538e-83
729,-0.33689205821618345,1.5630812860842612e-83
730,-0.2367916954774509,1.243873921315946e-83
731,-0.18291116379017394,9.875693000995474e-84
732,-0.3533506185824689,7.13742630263098e-84
733,-0.27267424728058554,5.146501601354467e-84
734,-0.2921609873569974,4.0954998213640476e-84
735,-0.2516323710870795,2.9530947844922014e-84
736,-0.16888747365256643,2.1239330548507123e-84
737,-0.12172739025973725,1.5232702951724842e-84
738,-0.4234037725230158,1.2187260614549315e-84
739,-0.11963048080522569,8.74062015809316e-85
740,-0.09527739093900581,6.248996008235688e-85
741,-0.09802872705215009,4.451882237436533e-85
742,-0.11351671332884168,3.158958978203626e-85
743,-0.42152735807238056,2.5545178521050664e-85
744,-0.1422877014331984,1.8126304051868538e-85
745,-0.4006014453343331,1.4657983092744624e-85
746,-0.36011261458156013,1.1806089475015697e-85
747,-0.20100858680786723,8.410842311011194e-86
748,-0.16541014953983527,5.96815109105916e-86
749,-0.3767285048530709,4.8261938858226654e-86
750,-0.31534679532008053,3.88719760960832e-86
751,-0.2426285204610854,2.7693002153968317e-86
752,-0.3021754611385915,2.2304982833783137e-86
753,-0.22622714607733974,1.7901901693450783e-86
754,-0.3260078056563266,1.2798738556167475e-86
755,-0.25957534717509095,9.118021001246106e-87
756,-0.20549542451703096,6.469949735669805e-87
757,-0.3417029316996305,5.231977438146272e-87
758,-0.2757499482645273,4.214030905561125e-87
759,-0.2779388706627992,3.0021413538673197e-87
760,-0.21391242338570984,2.1302543234154345e-87
761,-0.33376343756788324,1.722647472232529e-87
762,-0.26599614522947895,1.3874848990072565e-87
763,-0.28860973491671227,9.884658861137263e-88
764,-0.22883631832348872,7.013939316114883e-88
765,-0.18486679917899046,4.954386573043029e-88
766,-0.15066135425868576,3.481395543154074e-88
767,-0.1411571696085638,2.431596194896024e-88
768,-0.1482082257745508,1.686363044281987e-88
769,-0.14573528765646238,1.1597221788584721e-88
770,-0.4090068155097881,9.676456545780306e-89
771,-0.38065986325775114,8.006118314057542e-89
772,-0.298638724444235,6.577323337417574e-89
773,-0.2088990977991796,5.370948491348782e-89
774,-0.35052576800425983,3.774109239281063e-89
775,-0.17925644214370226,3.081883812764002e-89
776,-0.37807114848070406,2.165607469682219e-89
