t,lambda,delta_s
1,-0.7729925564660152,1.1357036470533337
2,0.3533737086464165,1.1193234603175874
3,0.2587743936861375,1.075103147614518
4,0.35815462234223977,1.1713493806012143
5,0.6611013790070933,1.1364398463888572
6,0.43677834928210885,0.9973358610337852
7,0.19413428423741172,1.0509947003770383
8,-0.08097263838508365,1.0257320557562575
9,0.4379483450769269,0.9541249588433421
10,0.4385813469459162,1.1139479352871848
11,0.2208343160641403,0.9190752375677048
12,0.23267835076086577,0.8261410694774487
13,0.19484151226753083,0.9126898238275502
14,0.07673275933390591,0.7332509467935227
15,0.3873153600775732,0.7842736882066357
16,0.08780205141673818,0.7550013013126492
17,0.3934049558970627,0.9462020087259455
18,0.06211202058373235,0.8679964527253792
19,0.36480605564315305,0.8880251493589267
20,0.060638906731854146,0.8470587172425226
21,0.3321721167789128,0.8241818191070709
22,0.3280129284677059,0.7812299031304492
23,0.12156885217748788,0.6775415501292372
24,0.5052878927539161,0.7740167099701827
25,0.26853667791927976,0.6361485575230568
26,0.38480575094592345,0.6386330359374345
27,0.17768373490070072,0.6852817368606694
28,0.45895507437426397,0.5403205119517954
29,0.066359705348583,0.5135150678720455
30,0.4135724135153011,0.5195566923102177
31,0.3506029573786677,0.4955233389651644
32,0.2675838144088444,0.47736822010602087
33,0.07539261440169703,0.3961356790410797
34,-0.013151368305051597,0.3420978948335897
35,-0.1725325133631203,0.27019338288036726
36,0.015095486034362891,0.2439972290755189
37,0.022569934669794376,0.2027487745180456
38,0.08125308688237229,0.17870376186205572
39,0.28152540160676914,0.23605668770763794
40,0.5017205900517606,0.29040921720605734
41,-0.10160319977323899,0.23088804223780124
42,0.12914722837252848,0.25591597201885613
43,-0.2962031257179552,0.1744831745958518
44,0.10136715701415787,0.21738953441457284
45,0.28710870793916077,0.251417033159592
46,0.34028545124878296,0.2917263415368375
47,0.48467257636066924,0.3255159957574429
48,0.3994503300954955,0.4073820494883332
49,-0.18425265071477562,0.3257560717223289
50,0.4075306735973912,0.3745138309841014
51,-0.25069082933975834,0.29409785309134984
52,-0.0973847316450813,0.3041302141379482
53,0.03738818330960396,0.2692248229307231
54,0.3378374340784151,0.2596569296737566
55,-0.06870666424517936,0.23068984622616387
56,0.15888611954697385,0.23842255280579872
57,-0.12608167573135837,0.23591373936936513
58,0.2967975057269425,0.2897554919210961
59,0.24007297930432525,0.21934731195840648
60,0.44112906311719635,0.24227167164764027
61,0.4892548451420906,0.2713183691031915
62,0.5701994731841161,0.3107975328905919
63,0.20838172737300736,0.2650083125263668
64,0.6370577850432981,0.3376107191056015
65,0.6670380008584335,0.40785136515406745
66,0.5470427555635682,0.4843663187145745
67,0.08793142640999373,0.45460201881946977
68,-0.1314502712075563,0.38745994931161604
69,0.0698369921971272,0.38770253475259314
70,0.2206325352970236,0.4213045967492492
71,0.3345218951437279,0.4318214762486405
72,0.21600404810710086,0.4851666579373818
73,0.49855720306475726,0.5191612386438023
74,0.16823766300273113,0.47249831863239344
75,0.46024365633812436,0.5639728493212844
76,0.06280009193582001,0.4648530419803541
77,0.34919919544067274,0.45375161400446745
78,0.16026991077358022,0.4123604863713475
79,0.6281339895576463,0.5490228177490823
80,0.4908851514383119,0.6106766022881946
81,0.4776183223718467,0.6952552270497753
82,0.5147585822612555,0.7340162464496124
83,0.47730354362841537,0.6640013455744747
84,0.5762073396890592,0.7338482065918459
85,0.49339301751245146,0.6984115935708644
86,-0.015366578048828744,0.6225368467691268
87,0.22729481372583635,0.6157429919844635
88,0.3466552035814159,0.7040838670233969
89,0.09726227923921783,0.6225900401923097
90,0.2684548012311753,0.6406573167504199
91,0.632170834455405,0.7030694888536797
92,0.41097756174888594,0.8298960158157299
93,0.40123675387949564,0.9106910763981134
94,0.10862004201288646,0.9319071752651125
95,0.24763293182232854,0.8795361343603706
96,0.309659738758154,0.8644719540085344
97,0.07476498514258735,0.7366482312867488
98,0.4243863959751234,0.8342458396411149
99,0.20860002105251077,0.8171589015765011
100,0.18157228210709886,0.7018745703852213
101,0.8329657537670875,0.8480472710717953
102,0.5005008687445315,0.9775099883056104
103,0.49516131244241407,0.8164319447101185
104,0.48507059125284024,0.8134976007989795
105,0.6200430605152094,0.8510993151805135
106,0.5137385783103167,0.8648841233232891
107,0.6238675459992563,0.9293914319461215
108,0.4611004612195041,1.0172488938789979
109,0.09001605194683639,0.815076467177752
110,-0.11409305169397971,0.7613546896001487
111,0.2251509120778023,0.863979021579891
112,-0.2080837647060633,0.6472428814538863
113,0.447334507961132,0.7867286495433428
114,0.6712893357162989,0.9813793458878037
115,0.41713822243849774,0.8536262128029874
116,0.2894117974155682,0.8376727022648183
117,0.1133647652952827,0.7890552834553733
118,0.3081261251675344,0.7054098316787427
119,0.5060109444502519,0.7393973356477019
120,0.4548027372276124,0.8414418839072771
121,0.26420327031810653,0.9525643697428702
122,0.28890302702970977,0.8822333704378568
123,0.5281510747090051,0.9041610473828469
124,0.4774173368038679,0.9680728134497327
125,0.49146581386831,1.1031490586912711
126,0.46070294510171494,1.1115914524365533
127,0.5652619449871662,1.0095917447478922
128,0.45377337031945664,0.9760497198579081
129,0.08593273891849969,1.014002685626799
130,0.5736892485613001,1.0283968724636798
131,0.4410982720905156,1.0354086046276862
132,0.5925550260589001,1.036197381060462
133,0.4507260648086235,0.9524122843245301
134,0.5969582200575532,0.9076860641330015
135,0.21655903902508328,0.9330652317936128
136,0.49135753909971364,0.9254375319861381
137,0.218607427540379,0.85134264391116
138,0.5600468048169651,0.7143638186162697
139,0.3125392533742265,0.7796897426397094
140,0.15402154393491113,0.7457514322197001
141,0.5154834610440756,0.8022087125870265
142,0.5601414943564268,0.802583611783413
143,0.42602142082917754,0.7524247804437444
144,0.2151612937296772,0.7293850104809602
145,0.5679969830052748,0.7207420283710566
146,0.29124341034023027,0.7896440018514074
147,0.3674949228353935,0.7840326689700707
148,0.9279065910493177,0.8134738342492821
149,0.5227329856731453,0.7641871831861884
150,-0.28043782045438276,0.7941944749051272
151,0.3111658893742918,0.817787772029678
152,0.3973702518632858,0.803179911846168
153,0.37761212647207765,0.9163785027790319
154,0.27766711420728385,0.9131761053541924
155,-0.03223800569305791,1.038821103516781
156,0.2010454249942866,1.1198769305314313
157,0.29127950940126907,0.9983747081083498
158,0.5690590448491406,0.9614216621148005
159,0.2806556480779563,0.9611466503038039
160,0.3827007907495684,1.037331495434401
161,0.24864313313154413,1.04131427053664
162,0.40376500609331817,1.0115694769860517
163,0.5156101730377136,1.0396664051835411
164,0.500007151782256,0.9366462329925381
165,0.536546813158924,0.9128602708863579
166,0.4239361764449033,0.9825153311500119
167,0.4901038746503979,1.0777738555059941
168,0.43793894554761087,1.0609256858171774
169,0.37973586093249734,0.9887480357762884
170,0.29579321894336896,0.9209273183531367
171,0.3543660362841354,0.9292149946331265
172,0.3448037173164395,0.9401497791307759
173,0.2034729166724029,0.8567518060821147
174,0.5400488749658047,0.8673314613201192
175,0.4809516501363578,0.8534000934846734
176,0.7250570064048603,0.9014882213599857
177,0.39196350887118786,0.9314396322565871
178,0.4421746116977803,0.9621354167931847
179,0.1991959206560477,0.6988250920701942
180,0.060328902954568005,0.7537690584678158
181,0.31420875281262195,0.868258864235344
182,-0.005874327238973932,0.6607473278701823
183,0.14840019659035633,0.6452552391601256
184,0.3447903933895202,0.7152980965899385
185,0.295797874561161,0.6184158873573657
186,0.141419480207368,0.6113070299060178
187,0.6080767178164278,0.7151314038538696
188,0.5378891695623353,0.8282409797604993
189,0.2842767822635521,0.9129092141280837
190,0.2938279924079038,0.9268877310560927
191,0.3184639517020478,0.9454938072406184
192,0.5848819598504187,0.948360535672585
193,0.39879554498610814,0.9299399727500788
194,0.34829048052740175,0.9313817931752568
195,0.3257274861471773,0.8741895065729726
196,0.37837339882006554,1.0204613449642317
197,0.07692572972796707,0.91170425958478
198,0.4727084694213617,1.0547781706939157
199,0.07905731943740664,0.9238949074229643
200,0.451311432540079,0.9749448530826619
201,0.3116101348737485,0.8203680322659893
202,0.17388810795898352,0.760446372267966
203,0.2668713611034001,0.9079261363933989
204,0.26388174829401617,0.7616276118017838
205,0.12514998336148692,0.7784615030695475
206,0.2937804432656391,0.6664743918702309
207,0.20754719026590282,0.6889141197584442
208,0.44144672225190096,0.6052911479488565
209,0.4389603162260661,0.5823578841414295
210,0.532192440190322,0.4866188304532026
211,0.6897066176271541,0.5489344830720645
212,0.375724861508287,0.6537064481704657
213,0.34967542326695167,0.522123673324181
214,0.011053768769663777,0.5890249997922427
215,0.1924035586455657,0.47265143917139746
216,0.40317991911535495,0.5279014275062871
217,0.4056417126946714,0.5520652167426983
218,0.6682063032187632,0.6248137616881081
219,0.19574359550436377,0.4732312472895522
220,0.2939876594269002,0.54437704519127
221,0.5988878817591714,0.6392397495229675
222,0.2614347115289442,0.7494672005736722
223,0.27499230282550785,0.6601152524162165
224,0.48525859348297373,0.6900430828916285
225,0.43181186778519876,0.7105489974983219
226,0.23044560502324027,0.5622635272623528
227,0.08655439867182668,0.6270077263330142
228,0.11923375219114259,0.508577811132177
229,0.21100798707833174,0.5627366572245817
230,0.25089068850574536,0.6416429986458527
231,0.23012890400899727,0.5789848394095132
232,0.16827706956009975,0.5566021973523811
233,0.33846055844411554,0.5884484196700737
234,0.33695719529146234,0.6780152413390559
235,0.5373031607500649,0.7919116357402681
236,0.5199250850850806,0.7468980851395696
237,0.17979633326302039,0.6539297136302641
238,0.06444782433812866,0.7385139910415396
239,-0.011732723147856193,0.8689658021515468
240,0.2651843070700422,0.7619213776701569
241,0.4283417314101242,0.7850304057061728
242,0.531159728833284,0.8366927027845967
243,0.4468789198750563,0.9948672964667034
244,0.15067466602209945,0.984901711267962
245,0.28425472791541206,0.9262719319250945
246,0.6220798339795878,1.0613656855531826
247,0.5035526066089282,0.973408859215206
248,0.2892263520824687,0.8976244483937224
249,0.2535951724298414,0.9204750506978308
250,0.5138741310569428,0.994895276627725
251,0.3466315209773275,0.9672399005133963
252,0.5915055399589494,0.9265436569467581
253,0.6293694587893046,0.9156073991147146
254,0.15282183936293836,0.7207817251631051
255,0.3843397771122718,0.8041337489391938
256,0.26035058096011227,0.8359469745385035
257,0.42960884364165636,0.9062171851845178
258,0.514558581036305,0.9704438672328957
259,0.8621896219164958,0.9878796022121926
260,0.41208050116521067,0.8400702253544567
261,0.1006388094082013,0.8706388755451351
262,0.8837230524778465,0.8482044927209477
263,0.7655596818420916,0.8022689240699858
264,0.2532837322587126,0.7213252743294902
265,0.2607030779443096,0.7583270239617782
266,0.5620303361250439,0.6736358259399329
267,0.4012806838867231,0.7847877710627635
268,0.14284150412480656,0.5855491913355444
269,0.09015163244046721,0.6152412798295666
270,0.333938188259784,0.6720506134856183
271,0.18938386176307345,0.6815210476564985
272,0.5026855130803553,0.7547052186019129
273,0.22504770289136244,0.683222347050731
274,0.0439023864778876,0.6266878240602152
275,0.11211231180476931,0.6376559695214229
276,0.3705890593899638,0.8242775578672771
277,0.360154477855506,0.900415381553742
278,0.48223140104003825,0.9081839982155593
279,0.7099294007302192,0.9425363435729521
280,0.5288137841351072,1.0203311314290027
281,0.5049622474408186,0.9793078365161675
282,0.5013191037608397,0.8331920300318411
283,0.12241916660067827,0.7197603935839201
284,0.1519714367445535,0.663317225884777
285,0.5323821896072017,0.5472318319533919
286,0.15710991490398202,0.46823674931193543
287,0.1282249946446903,0.5079266403938218
288,-0.03323327543627861,0.3747396665936973
289,0.39955134938678266,0.43080615757800844
290,0.4644631393243859,0.5204032992530462
291,0.5766359913993185,0.5895544759071594
292,0.6176052939767818,0.664797200309293
293,0.5093077982032066,0.7096141954255698
294,0.10053155012648621,0.6177358467235374
295,0.04900714973764497,0.5869404585822569
296,-0.03432754722245852,0.5928343134768663
297,0.354179161553817,0.6568089653815085
298,0.44283086810521616,0.7699287987305771
299,0.4814010558335427,0.9112416242835573
300,0.47307371378219615,0.7000243078196305
301,0.6079944397262194,0.7949368900263508
302,0.45722787727662856,0.8978768382762023
303,0.3394626784193769,0.9561524187766521
304,0.2103292509040324,0.9922393843114896
305,0.2403013189496069,0.850706961734493
306,0.3660904001740913,0.8110503011368816
307,0.2664908834084268,0.7364756127265959
308,0.31866411535703215,0.8400675119018969
309,0.4528082317214585,0.7867806537774867
310,0.03312275000509499,0.7234173907809236
311,0.374669003461822,0.7865214802066052
312,0.7189694254612751,0.6989720225970638
313,0.2742290897472489,0.6147434273019402
314,0.24252157979845218,0.5817680738898061
315,0.31585613725094575,0.5525975517101557
316,0.4301553110393805,0.6418386649761927
317,0.48607587525514634,0.8077906433577455
318,0.5935761550209376,0.7898675084107563
319,0.17016828028785957,0.8183725347906521
320,0.1554315187941315,0.8246156087464573
321,0.4315503837686194,0.8344961949366683
322,0.46501814841076733,0.8233253498172451
323,0.4015586092829388,0.8743618367573641
324,0.6489185684288578,0.883885171033085
325,0.7906920320094726,0.9355886151584106
326,0.35606771135903104,0.8090397548619173
327,0.488293460818405,0.7738223845147432
328,0.4015952520382444,0.7294238856696222
329,0.3273740349966309,0.6637144355606389
330,0.22903061580103176,0.6055510007111119
331,0.48774815324958826,0.7120661170096114
332,0.35616003039697497,0.7666320452520246
333,0.3648304771274699,0.8502653516984253
334,0.48789607184125894,0.8930829219960378
335,0.34519958011254187,0.7529125582414861
336,0.44873580204609326,0.8967925033845239
337,0.22143277119784135,0.9302276115314163
338,0.5007411433772684,0.8850891174734988
339,0.3441306159936896,0.9358989042642691
340,0.27282567427869253,0.8726667926021308
341,0.2697104244942431,0.9988039054229497
342,0.28269383392556724,1.06763957347956
343,0.704189649860838,0.8982920031623829
344,0.4050571357544017,0.8928520789379558
345,0.3993004069231096,0.9911865376236259
346,0.5024920662379396,1.0392177906920375
347,0.5969664691813212,0.9854649437523324
348,0.35104096840527854,1.068421796211476
349,0.03938063757830764,0.8940476828365801
350,0.4483971099061054,0.9655968248443539
351,0.5841638757227544,0.9845810623570456
352,0.07200750766832979,0.8946578704047118
353,0.512463735391264,0.767107477829675
354,0.47727743144149964,0.9025082950484293
355,0.3352053981200956,0.685630469144908
356,0.4982473349146551,0.8208143251290165
357,0.6320378148727664,0.896200845030195
358,0.19257206337275717,0.6877560029488071
359,0.6269168726561979,0.7399145178823376
360,0.3113308079387838,0.8677218456880802
361,0.5661199596270673,0.8913667571196443
362,0.338689230047531,0.8113152924716328
363,0.10826312533160443,0.6679247067790894
364,0.3656612515750991,0.7655778124293503
365,0.6378523594030715,0.8885967989648309
366,0.48681273703148464,0.6638494838672531
367,0.12944740215942366,0.6969103792149665
368,0.3696035628391872,0.8049730582947475
369,0.6067683877360484,0.9294158307064266
370,0.07528331162523652,0.7703954513252864
371,0.41388409438759965,0.7841769619507727
372,0.6920911847177993,0.7670136917044214
373,0.5090633132906335,0.7679176948817039
374,0.46111511840369185,0.7970036564751692
375,0.351636407809364,0.9090128620446969
376,0.45787919792994497,0.9087136067954682
377,0.5003747650076844,0.9335676284436862
378,0.0482799938245478,0.9376457242666467
379,0.4424843869860272,1.0352312759118507
380,0.5380283216908175,1.0756985328810245
381,0.49647712763285573,1.048992889947279
382,0.47545565268976336,1.0402669226326255
383,0.18646276789132135,1.0292713138702743
384,0.42490471840638905,1.0524187437319454
385,0.05324856043685644,0.8317317876988108
386,0.34456905633769486,0.9095440623907041
387,0.34918094316536186,1.0257114730571655
388,0.16218838449586,0.8565766046021912
389,0.22977612647476467,0.9015023068604431
390,0.3259040239284164,0.833085586276431
391,0.35921065392419715,0.906451887690093
392,0.5715239130599555,0.9079432742148261
393,0.8140905190372266,1.0543007953578587
394,0.8170469247808283,0.9392845454852967
395,0.15848650780668108,0.9479451640671746
396,0.5195100960456334,1.0906069373011125
397,0.4599821338374426,1.1322487043331166
398,0.43468581862830225,0.9924628214978841
399,0.03816256786813874,0.8658903837828005
400,0.5802849367326216,1.0382091554974275
401,0.27578454321609525,1.1003620174432929
402,0.48871589189995873,1.1482128799019367
403,0.2233902967308753,1.0146328237429854
404,0.6734054367369728,1.0714194971437554
405,0.7116345776457097,1.138100896942719
406,0.4093593484517218,1.0028078493483987
407,0.1856457936371751,0.9587058023869688
408,0.47100853383221375,0.9133672354186464
409,0.1784689427979484,0.8546617403812689
410,0.28153335349336894,0.8234894604217688
411,0.12819039042642374,0.7314656634779579
412,0.5246128743939813,0.8267474272593293
413,0.2757142190679102,0.7198151855587914
414,0.5729295274121392,0.805617864811662
415,0.2390010657852898,0.6506512375638345
416,0.3124879380693586,0.6966372838958778
417,0.39105798097886213,0.7132342184837398
418,0.5032589338595899,0.8490013174286174
419,0.3390582786235301,0.9815014653884022
420,0.3130397120674295,0.9945840620207221
421,0.36838953767184685,0.897414603918484
422,0.10039386957556169,0.8781066862894394
423,0.1707724397935741,0.87624435567015
424,0.19223592816158122,0.8268278618689426
425,0.4066705287921419,0.9178666249911225
426,0.4476233236511566,0.9841705018193553
427,0.09512929405524852,0.74531541881389
428,0.12305570563376647,0.7020704998851931
429,0.5398830218491858,0.8531363212799781
430,0.5060850832632636,0.9942871488057241
431,0.3864625027158388,1.0558335825237712
432,0.38357527272504865,0.9956116427373759
433,0.139911394035083,0.9078975683996903
434,0.10204438640945293,0.8441087936686074
435,0.32643757190808104,0.8810874006019345
436,0.5287128254312863,0.9675940625959709
437,0.392093308830176,0.990462434099377
438,0.5393728286280807,1.0484177527933445
439,0.6316892712040112,1.109436859341828
440,0.25564336667268345,1.0972005725627665
441,0.36057785596861525,1.049633571060469
442,0.20167855492566705,0.942384853560536
443,0.37473993427573965,1.0183429591020554
444,-0.22991319705304203,0.8013964226185419
445,0.08735446739335312,0.7664272470205005
446,0.3926681738743758,0.8763009543872472
447,0.37271758794306625,0.9034092197439092
448,0.390474935661245,0.9502988882389412
449,0.5243190273191467,0.8451147642035065
450,0.5958458149707654,1.0397447168430383
451,0.41051152193820184,1.15878232487948
452,0.5187991542698318,1.167503089406192
453,0.3224777434552873,1.1067680348038416
454,0.3281444561640897,1.0892681104418191
455,0.33452790565593726,1.0112635908139629
456,0.2973092990396953,0.9858848079442577
457,0.41132339537691504,0.8626484619284328
458,0.25185399724533286,0.822517272767505
459,0.3356274388787287,0.8059692281221424
460,0.33418237524365824,0.7541992035398943
461,0.4037159986027653,0.8111281946224107
462,0.35787142972280755,0.8993805309503381
463,0.340779709449869,0.9726711929589038
464,0.48600876158335915,0.9596338132222493
465,0.38840762542156826,1.0050399332002866
466,0.29820970149825105,0.9042855338553769
467,0.31970351662997143,0.9623347067015494
468,0.5518421447003069,1.1005653996566676
469,0.694904231078363,0.956527893967867
470,0.7882405659926627,0.9651441357263632
471,0.6256198461385716,0.9868597565338507
472,0.900680001488346,1.0049133186160815
473,0.7744583824811692,0.9589066842783769
474,0.25535491067584687,0.9421130376235162
475,0.14754199995639156,0.9117966574930642
476,0.43419579744317854,0.8572226657437654
477,0.480870529941607,0.8931804883568848
478,0.03564938682456592,0.7760928598058315
479,0.1951260693042987,0.7658736611751803
480,0.04972197830049623,0.6580137905795164
481,0.2455300933352292,0.5731992328204938
482,-0.08650464848232371,0.4806278243966664
483,0.39607017611805817,0.43568125302814337
484,0.26305586263392894,0.5052524870572115
485,-0.10276124544568391,0.3790154449537362
486,0.14031156756028207,0.3584734550418567
487,0.4115504319511383,0.45238839825897165
488,0.3083932743456667,0.5214063350458463
489,0.38601475923626866,0.6659338554941139
490,0.5756540646165857,0.7521529609201274
491,0.6380505937119653,0.7845443912972621
492,0.8007024288733644,0.8905114288148575
493,0.35799773876129504,0.7847136186807977
494,0.12845492769336875,0.6697546464836259
495,0.7086459995997705,0.7082452089269894
496,0.19924902858381596,0.6314805853488106
497,0.3497929531199135,0.605080146978162
498,0.4240722228535597,0.6843680141335212
499,0.07831733960790435,0.5393386311517995
500,0.28013025791997187,0.5478803248383218
501,0.17997507794349812,0.6524840017445146
502,0.3235941468528676,0.6259973251745254
503,0.7418247776617244,0.7183773371931002
504,0.948793911892408,0.6608365971461059
505,0.42034491818398967,0.6167772162418576
506,0.9095860187127601,0.6863797311461339
507,0.5399053225215639,0.8050563154528518
508,0.5197839218001786,0.9385633331638553
509,0.36592573812346174,0.9852513930552024
510,0.050266424124936426,1.0131937675660936
511,0.18725363838726578,0.9036539599400715
512,0.4474598449162984,0.8004293757391321
513,0.25735089067887096,0.7797136184623991
514,0.49063755216791194,0.8152375643326655
515,0.19915560570815405,0.8119028070722754
516,0.7082146929828173,0.8365169384770466
517,0.5044198396906889,0.883237008177004
518,0.4610035614832716,0.9293562017584233
519,0.11461056314766153,0.8800421294487336
520,0.5744527684305597,0.9015173603613736
521,0.5851199234419256,0.7592579867427778
522,0.2805807193625549,0.7625084140298107
523,0.22053227257779237,0.7801707151583857
524,-0.059131431491053384,0.6427416340044257
525,0.29472356201406325,0.7974003607105272
526,0.4126540835032762,0.9428441419113636
527,0.4460314134713489,0.8672996505932621
528,0.5508598692507586,0.9169964137725931
529,0.6830774332419925,0.9059184094851755
530,0.40001031275832866,0.9732320398594618
531,0.2813285283947522,0.9843583803387455
532,0.16319592443406708,0.9470384129087995
533,0.1422473125201284,0.9439475747391689
534,0.1959159606757982,0.7473721232298282
535,0.5887224737893183,0.7686344376433695
536,-0.03301412826521759,0.6995231064917062
537,0.5472597750026928,0.813616415639574
538,0.1528409521094713,0.6894020163535761
539,0.4082685837347424,0.7334740529664024
540,0.38555948076025476,0.7723041597997836
541,0.4885136137059723,0.8999449295221619
542,0.5819816990695522,0.9761468769372162
543,0.44460326096780173,0.9044135549981221
544,0.33446483172125324,0.7875514090474525
545,0.6389675330672095,0.8791462524000861
546,0.6197435819159892,0.9639906860153359
547,0.4427541528701699,0.9239907982437949
548,0.5233735190397297,0.9466540149129555
549,0.3020803590256033,0.8153672256012054
550,0.2823374822206167,0.7574056486451063
551,0.3925822586413085,0.711838552933648
552,0.10078832236785806,0.6694350883676905
553,0.4445360832929196,0.8463683463213467
554,0.24363771200273265,0.9835711374677198
555,0.37093257165298427,0.8332157450137113
556,0.19343126209285666,0.8880579448235387
557,0.49898619018126383,1.0219888638531431
558,0.6102065054603922,1.0335507188265827
559,0.07533652857204036,0.9023214932219125
560,0.024217536249058237,0.8255549289930001
561,0.43733321614118353,1.0046102025579888
562,0.2250322427407505,0.8589320849842743
563,0.26393372885273575,0.8443399101136587
564,0.3460867561301646,0.8139259434930524
565,0.041671990648992324,0.715963205911894
566,0.12710131761125334,0.6498021675756702
567,0.3943914034712689,0.6883368648785828
568,0.6856644010722617,0.7742082981307805
569,0.3735556775059267,0.8249668583209465
570,-0.17081737390361204,0.76514024981768
571,0.19586539203357312,0.6711163879815579
572,0.1588900161824535,0.7430813091782049
573,0.36948632943752374,0.8799923315191782
574,0.4272914250807364,0.9427322376046172
575,0.6315093451151225,0.8597897444448204
576,0.43426447746120117,0.8936387514283637
577,0.4162458220700168,1.015632207430085
578,0.21033114640518671,0.7918848386940972
579,0.506713861346438,0.90679159737002
580,0.4818926507371844,0.9627854179754851
581,0.38256937975188465,0.9508064549287883
582,0.2514061206210382,1.006323992261491
583,0.305952151351772,1.040654113229244
584,0.4852570887840838,1.1210111168072958
585,0.4516841195534216,1.002827367528148
586,0.5209429824349712,0.9965641349154603
587,0.28175276387484327,0.9009092838015856
588,0.4288187409980244,0.9764299169856822
589,0.18815526310385913,0.8407153536580703
590,0.14441301246187976,0.805365757100029
591,0.4422358998604666,0.8982604923875989
592,0.36980701645456826,0.9341725372897114
593,0.6090698394758667,1.024843942765241
594,0.4563996231270182,0.9955411150092343
595,-0.04540710211396874,0.9357851752614058
596,0.45141413330407953,0.8768692948566602
597,0.3476846194275957,0.8350239407901938
598,0.39045368953230314,0.8928364763115059
599,0.22142053757995375,0.7283767916978717
600,0.48434413489030653,0.8048839844659051
601,0.14420968515778348,0.7248076460255708
602,0.38194032213969664,0.731290394396303
603,-0.10805848005136655,0.5818198290975575
604,0.2480966717292897,0.6780965321849155
605,0.722660332729472,0.7961242254937607
606,-0.0184251987586394,0.6532184267449278
607,0.3336640956875303,0.6504005096156456
608,0.20481108435080508,0.6674885791494487
609,0.22672029427806653,0.6243932362900909
610,0.465304097031093,0.5432296239171707
611,-0.21279397476155165,0.5023025085106924
612,0.4482758845579833,0.5679584320546854
613,0.3299429027887343,0.44666132558148297
614,0.2539537352717849,0.4909889182520227
615,-0.46292683047000427,0.4128140017882206
616,0.2581504749171356,0.4631871991922946
617,-0.33926441366825916,0.3645651949607259
618,0.3436041943744766,0.4801498713387187
619,0.02750892972460318,0.33552096050014146
620,0.20709761747906003,0.370076277774201
621,0.36024907418918817,0.5123363369850478
622,0.4255347607729136,0.43264357449475405
623,0.5747182459401997,0.4047212345141092
624,0.39435012268932734,0.3712072097149394
625,0.7112038346713224,0.42048157336032416
626,-0.025940012712674338,0.5011894038366524
627,0.7045584452451815,0.6213248496317804
628,0.7308477174597251,0.6508763240036521
629,0.3836784530331864,0.6963372079817762
630,0.24029076270935162,0.7082300483133682
631,0.2514042780494063,0.7925590517849846
632,0.2961847336004559,0.7917597797630737
633,0.4274525381189651,0.804730855643257
634,0.3009738137020379,0.731232161371142
635,0.271585162213288,0.7705066204817349
636,0.270569235981527,0.7630747171920595
637,0.009072089288062921,0.7013648555917662
638,-0.06463890126378426,0.6360588630976097
639,0.3634474853655143,0.6420501967910561
640,0.34576234872378897,0.6833407831347467
641,-0.004175896574238336,0.5637888883424789
642,0.3577479665333574,0.5618678416519391
643,0.23176120223982788,0.5653493096687678
644,0.2246955705838589,0.6972645649637794
645,0.1070503000866134,0.5578758219284143
646,0.31576435555311494,0.6516042485893127
647,0.5081814365712981,0.8037750770841171
648,0.5011048854450364,0.8968306494420258
649,0.25108305417079646,1.0033974613433745
650,0.24957704926866947,0.9970891271525585
651,0.22558159200552091,0.9058013892102026
652,0.34567172198230783,0.9554369454384155
653,0.25165922133375085,0.9061661180599813
654,0.2326519959384779,0.9060855600675766
655,0.04648590177400996,0.8791038030291418
656,0.27754110093388934,0.827736993785272
657,0.018900864068573078,0.7624744017282709
658,0.39618779877918253,0.8031702240176839
659,0.15171632460829965,0.6403484353039262
660,0.26413968941984933,0.7983646023705576
661,0.3116469092602616,0.6473789434811236
662,0.3859104010773008,0.7298393891232541
663,0.18231701743708328,0.6481032188927252
664,0.4920161565754586,0.743657897565227
665,-0.016552552729515498,0.5378497956312301
666,0.4477429224131432,0.6159985542437878
667,0.5025511664563087,0.7648593937164663
668,0.32846351177941663,0.6346153457496039
669,0.09652243316092492,0.6644667024592931
670,0.37089702345182063,0.5576233114898972
671,-0.12272827741629991,0.4655789790820473
672,0.2925368573430602,0.5977987031691431
673,0.17908480388729403,0.7387863871046423
674,0.28600636592097045,0.6051718815801946
675,0.4149734761371131,0.632070374992813
676,0.36260108883505127,0.7607205769036408
677,0.5492827530755017,0.8609209501971362
678,0.07579659324737503,0.7701035829482133
679,0.1834529203613263,0.8799808856451827
680,0.2530654071611795,0.9179001842852542
681,0.5896838314728886,0.9630282373532195
682,0.3078485228191665,0.870521037965736
683,0.29314158094911535,0.856492520808897
684,0.1836095627134473,0.7709769164100232
685,0.44487565225492687,0.8496588236613803
686,0.31992531556905823,0.6903996565566107
687,0.05366379913651636,0.6722080745301586
688,0.40160062076145964,0.7603475116857682
689,0.42594405936746227,0.7985781058314767
690,0.08632232057676884,0.6358419032234762
691,0.2590437888336069,0.5870319121458781
692,0.4253272198429519,0.6692441291004773
693,0.22291994440450053,0.4587033561362176
694,0.08892049350206208,0.4709685124554787
695,0.4405446841815396,0.40871594771231395
696,0.09867990443991943,0.4779634461468652
697,0.08608177038756963,0.35992372569606285
698,0.503076216826729,0.5091309854174466
699,0.029019065886281902,0.36836176259932607
700,0.391898908938262,0.47302618914928274
701,0.09796292964859805,0.3627417656380186
702,0.2934691499132761,0.4831439470945327
703,0.41751337954292395,0.6133185889061838
704,0.38050831201102664,0.7793359601877712
705,-0.08504910028494608,0.7024292730864973
706,-0.034699981609592735,0.7255372019284209
707,0.5700284797218241,0.6552716896527906
708,0.28394529650079864,0.671382883248303
709,0.16188561851222846,0.6611868454681892
710,0.3902964087244283,0.7872155080427713
711,0.26197929825877003,0.7624519740051626
712,0.426914969116502,0.8524941388357049
713,0.4592978523507379,0.7818607647503976
714,0.18720577071033895,0.7551370124636101
715,0.3901552280755895,0.8977945322569583
716,0.45194549251247657,0.9435910816239509
717,0.41883091755093144,0.9756802996668772
718,0.3820116848174516,0.8413724014505768
719,0.43967160247802256,0.9873879389456741
720,0.3628480761637737,1.0899917555795435
721,0.4927563725599556,1.161336335657987
722,0.3908441860712432,1.1402431666201576
723,0.74507208294112,1.1009748813040015
724,0.5151541200673543,1.0701961076263298
725,0.426367633422208,0.9401592394968702
726,0.5871324213780995,0.877028257816268
727,0.01428595183662228,0.8404330345540406
728,-0.0365091067777587,0.8305154849482086
729,0.09825433050345789,0.7476220769196359
730,0.1710321557002761,0.9024236123238281
731,0.15337967380908094,0.8664352112895695
732,0.291124436311261,0.8892794515169792
733,0.26694521904324625,0.8486871105313861
734,-0.16584251741439576,0.8011001403855366
735,0.23485909915896044,0.7238155492836019
736,-0.08708272157700535,0.7301532119846802
737,0.3921454098495617,0.746593033577533
738,0.48506444456387304,0.8508740616195207
739,0.4164462252132449,0.9231335990035456
740,0.1974113050209213,0.8215604656593879
741,-0.00959623770645494,0.7398027533216577
742,0.2958215682093093,0.8129602787134971
743,0.6264775932824622,0.8723243076800052
744,0.4897057982122789,0.990616949000574
745,0.5462621896864743,0.9933103979412841
746,0.3678101420374345,1.035984106718365
747,0.751693215502959,1.0701976897559533
748,0.5401280204324791,1.041282779384114
749,0.4007440968800435,0.9956341077180497
750,0.29172424917822987,0.9833975792118862
751,0.34895304144199835,1.1041501559955351
752,0.3746968884924746,1.0906545675228045
753,0.4665744359221422,1.1485018411330898
754,0.43078890640387835,1.1462356552700228
755,0.3463583570910504,1.0278111023454966
756,0.49486342490442425,0.9279582253955634
757,0.3192421273805975,0.9582308032686256
758,0.45717292746178223,0.9480444396037265
759,0.5698613675054027,0.8887838682805803
760,0.43511430717990485,0.9002421590141111
761,0.25782315659434607,0.8659568241141132
762,0.5725353923879218,0.9706150605810744
763,0.342934090040475,0.7802925728307952
764,0.5835956106882145,0.807582482502949
765,0.5099530077990658,0.9654154610167192
766,0.28977466746386893,0.8280965413918513
767,0.48374070238450656,0.8245510855997563
768,0.41683040702679236,0.9298201036201865
769,0.23108142007381074,0.7747922178946238
770,0.23484350192486536,0.7527346640925227
771,0.4030108810990424,0.7243601535009637
772,0.4913687126354579,0.8034060228044728
773,0.14116677384240933,0.7288144193675041
774,-0.02821725168297332,0.7245968531616419
775,0.42288808365423813,0.911650759666873
776,0.21313529396923478,0.9061529187741251
