t,lambda,delta_s
1,-1.5226829959436257,1.1050516253497231
2,-0.09138802874914508,1.0063268691330507
3,0.19878932156573803,0.9528688402980138
4,0.5858719923208343,1.0973512884779346
5,0.5799227657619883,1.0493538633211883
6,0.17491902963237344,1.0255606369727928
7,0.23822309969013597,0.8590424288612118
8,0.7365798267109595,0.9437484373190574
9,-0.014268584164995261,0.876674800444577
10,0.1717240808804388,0.9156951034221732
11,0.31176040866122906,0.9510949097180551
12,0.4093609226601219,1.0796481423246942
13,0.5309372091408336,1.1505111001108947
14,0.2828753600337012,0.8781833986325648
15,0.38892270289189645,0.8262972346907647
16,0.5227053502003833,0.8349551379667974
17,-0.049595561062548,0.7019827906739571
18,0.028065502896134794,0.6917554396896828
19,-0.060657262640557215,0.629008895581215
20,0.1513519761432911,0.6277075321860348
21,-0.027308614719136842,0.5992413368135562
22,0.21528638566806924,0.5140011020569278
23,-0.33553934749357067,0.4789931953145813
24,0.3037595434479813,0.4894455199882003
25,0.2979633933828655,0.5736474425329927
26,0.4106643946403525,0.7724208703181245
27,0.27175694550925267,0.9566521360304739
28,0.4434544822731667,1.0060727274130736
29,0.1838964227934819,0.9849665374175398
30,0.33890052165124174,0.8514799260341509
31,0.23695469427077906,0.9906192537844047
32,0.6911162458343872,1.0878617591019848
33,0.2415097556184402,0.9352668906394224
34,0.7022409235908174,0.9251433270334259
35,0.22869477537064162,0.7948517609655479
36,0.41886754586356023,0.7991658509775353
37,0.41141564052202056,0.9110850037906333
38,0.8637547941395064,0.9568565917092725
39,0.052294364929518194,1.0164713423395262
40,0.2996537088126995,1.0698374899778502
41,0.25301445570269016,0.9311374425705918
42,0.3362011350878892,0.9884937635593494
43,0.19331463889786438,0.8108695919561113
44,0.02581576234660967,0.797938018615485
45,0.5034553036889975,0.9423229024976406
46,0.42075523185624114,0.9623624811237725
47,0.31203402662570734,0.9345392571883433
48,0.571464185339,0.946021754270253
49,0.3084387381598831,0.803716259818478
50,0.04532923907454928,0.7929950352975201
51,0.03029732415777506,0.6302207954301058
52,0.17806769186713545,0.5852011460128909
53,-0.2139483849374241,0.40579027710916105
54,0.042663626886885554,0.40509378414790137
55,0.44541278214338753,0.4896430548197302
56,0.26261475573698445,0.309276770621289
57,0.6352122320416492,0.3528210571569276
58,-0.030966108482648955,0.25378343657853386
59,-0.3832544338986269,0.2335381870577684
60,0.28523265038480883,0.2919114602190371
61,0.1615060741906531,0.3835051515941634
62,-0.0574073583122348,0.29189039280309803
63,0.20768377659854775,0.35464772432552416
64,0.3339777965200857,0.49454411546757876
65,0.33382778253204487,0.5474552468673477
66,0.4459816980924209,0.6964892759578318
67,0.7236667988508731,0.793038700301933
68,0.22585047756987736,0.7358448985033582
69,0.39271122240205764,0.7523830437134723
70,0.21867453050369665,0.6850427246681775
71,0.5850110384085437,0.727962438751829
72,0.27619930842622425,0.738083305761607
73,0.36417149555734646,0.7317471304812653
74,0.3962506045859437,0.7584968595561037
75,0.48857506164322034,0.6675133847391154
76,0.2888935495552271,0.8314384912239074
77,0.14306225140208378,0.6667975446315492
78,0.26707963325879686,0.6647843160476942
79,0.06550563997157219,0.7004010114606448
80,0.39032745392461055,0.7147632963059357
81,0.45333370096766895,0.7786246111641638
82,0.32568253943601294,0.8376317044449524
83,0.6273643548611428,0.8501526867985629
84,0.5477722510045007,0.8472277685673373
85,0.674744259677666,0.8430411104301468
86,0.06628062540585179,0.6130784883125787
87,-0.11145360486439357,0.6159816972182194
88,0.36957000923276945,0.7202666309886223
89,0.40467728260490415,0.6275004159579081
90,0.5457019353949497,0.6707943762256918
91,0.17440194869707373,0.6383157203767083
92,0.39716898544814694,0.7507714765546222
93,0.5132417092183348,0.9321531305160321
94,0.6532770332855182,1.0611113979431326
95,0.5057692894228061,1.0031080905193892
96,0.41179494629131286,1.1354807901613446
97,0.28968198719770377,1.086791663886955
98,-0.10030033061427703,1.0717150814391856
99,0.34690953540229036,1.2032699582511195
100,0.3220808864141936,0.8861370741123289
101,0.33020861479155306,1.0043947382644536
102,0.02730770183768819,0.8993216149206724
103,0.35450345334058325,0.8631058983125951
104,0.3556899995122049,0.968539889593661
105,0.6190517220114148,1.0783942663173545
106,0.4357889364216087,0.9909475023365598
107,0.5626142311331545,1.040089828743506
108,0.2357238378634781,0.9491941548356142
109,0.537995017644636,1.0353353423917206
110,0.5848298241570118,1.098833217662667
111,0.324966383226675,1.001383215948597
112,0.5129917835128527,1.106338761062963
113,0.3857252022042865,1.1878209147278644
114,0.3768710855990078,0.9690486214646575
115,0.30297140542138384,0.9347316893920581
116,0.2993384038060519,0.9057054569058887
117,0.18233984682174637,0.9427006445539595
118,0.34484729261301533,1.0057793568224098
119,0.5195921799398286,0.8506524268634017
120,0.40914411006559986,0.8948964907562187
121,0.2772524115683046,0.7196321968119413
122,0.4329347417189252,0.7623145734838366
123,0.4724331816733482,0.8543547137138053
124,0.37847017350596246,0.9480659494609898
125,0.07715571040113128,0.7922162908001205
126,0.7227529616766254,0.8186791552736494
127,0.5400397920854891,0.8813875102732565
128,0.3916969011046954,0.9351508043218962
129,0.34856985932739093,1.0039113998509028
130,0.652728427939874,0.844765988416018
131,0.15702004054686147,0.7889483520611523
132,0.6467155829645388,0.9404313443369992
133,0.7927248583243913,0.7904717034890859
134,0.23823715387364325,0.7662541568283947
135,0.5588424100832577,0.680627828131509
136,-0.016800229083388817,0.5284201134453105
137,0.06591281241907264,0.5646286462458328
138,0.40923131200709006,0.5432494148617807
139,0.43743568785409026,0.45344616582858416
140,0.48492035736229216,0.47396581944608046
141,0.5687036574862143,0.6008203704358447
142,0.350657177867581,0.37624640239548257
143,0.1384816258064969,0.4729257431238205
144,0.41072863981675395,0.3474230199712945
145,0.42286681003228993,0.4285873240183179
146,0.5607898106435905,0.5233235543496668
147,0.06190772788072312,0.46128013611097884
148,0.10319223748847386,0.3873790636252469
149,0.5451220350902559,0.41575504253806456
150,0.17988956353861313,0.34589445204843805
151,0.04975508941527289,0.3469889591150269
152,0.42280003088385,0.42951433139283357
153,-0.1431987412149604,0.2975306421364417
154,0.2807511307076262,0.36461192935785536
155,0.6092818056491932,0.4010840336326662
156,0.4198201792125504,0.4800608559818083
157,-0.01967879841163034,0.5966642954163193
158,-0.12302894847171415,0.43017841505891213
159,0.14025126710386557,0.43958347409828286
160,0.4067404401214664,0.5656419066177383
161,0.1864567990524302,0.6694073029786494
162,0.22362750086211083,0.523225787375599
163,0.18996315336874606,0.5830022186585495
164,0.09657331416021876,0.3836570016340131
165,0.24861397585471331,0.526306381542094
166,0.38889464011510505,0.6377034625438893
167,0.2691877979147182,0.651712499951814
168,0.11400953652966253,0.7146371994133939
169,0.578504691098603,0.7380892375439623
170,0.3559779309836906,0.8235832021805977
171,0.3099854739392953,0.9579569132023191
172,0.22965369758224322,1.0601927208309267
173,0.4625625224706833,1.1287935349287934
174,0.37594726913584325,1.028084564039695
175,0.22295178608884736,0.9248647724795545
176,0.33038241859846873,0.8819129680401552
177,0.3893164882639381,0.9037907460462684
178,0.6311899929264992,0.950478583073913
179,0.6472847690772761,1.015196909446617
180,0.26527215069343596,1.0526786275662385
181,0.4049416973501005,1.0640665064968566
182,0.29932634673921416,1.0171207635265207
183,0.14572185110236266,0.9291338057800481
184,0.321107513726084,0.9443962191506405
185,0.5658907574482167,0.9954474796710637
186,0.12205088684172956,0.7522073860183041
187,0.12597329448880917,0.6668887659014495
188,0.4833370127215432,0.7138617449432721
189,0.3042809470808057,0.7829913981529552
190,0.4914679632547565,0.8030396139675599
191,0.34796314503579284,0.8782827594468345
192,0.03579535360106895,0.7499365455376205
193,0.21829674769409552,0.6906090871862113
194,0.5103114597344417,0.6849779592863705
195,0.6388387688469813,0.8464361486849659
196,0.32364082440762726,0.5837181423902086
197,0.31714501643567844,0.6807955096809551
198,0.6422066142027792,0.861924661100354
199,0.5319016653919396,0.7109041238792077
200,0.26340731355058455,0.660360299740905
201,0.19072967070794766,0.6390097600399873
202,0.21821476604923526,0.6873711296622969
203,0.4185816006501746,0.7580102331216748
204,0.25896569906366923,0.8621645549214446
205,0.14353196583706962,0.8133409914893688
206,0.08087882181049104,0.7805259491686556
207,0.055523186345307916,0.6974284951509836
208,0.43910498906282674,0.672760793895693
209,0.3851749723291632,0.763155612420317
210,0.3259926903232445,0.7823559693766028
211,0.14246112093696384,0.6646638857368368
212,0.10767433457706038,0.6346862209135254
213,0.024478864313304607,0.624263931915387
214,0.5063351289485984,0.7521014390701074
215,-0.011878058741739075,0.5976750098016398
216,0.10736742932184459,0.6950169090795533
217,-0.18035660902455072,0.5274775524246222
218,0.20625235680024273,0.6582634240771167
219,0.03162641255040759,0.5069170458651082
220,0.04429372488836882,0.4583354314405034
221,0.4076891761296515,0.44463232477111075
222,0.056280567220721285,0.5426059753326199
223,0.18030662265108893,0.3972347594972982
224,0.35445558001015437,0.5725517588933408
225,0.2471699867720433,0.6354899249214732
226,0.3543106958707797,0.7431127617907205
227,0.42316740852686646,0.8036033075633955
228,0.4284357537977599,1.015053964022033
229,0.5363086648521515,1.098770689818643
230,0.2794353235677692,1.1157163160913264
231,0.024944776987505406,0.8809300594294325
232,0.316073063524951,0.9678640591058554
233,0.44604617208882513,0.8744810682357432
234,0.7607050683128381,0.7277182958077217
235,0.18755521849998494,0.7823708839855069
236,0.05877752727082579,0.8494370548671597
237,0.3872256723484053,0.985814306181246
238,0.5158671349084945,0.9831906056686018
239,0.30492554324777565,1.0043205947945553
240,0.0546735150266299,0.9743930690997864
241,0.46046287742330677,0.9639736245429086
242,0.09537845855133234,0.900033730115145
243,0.16432049826847436,0.7106705490323676
244,-0.0704684581193569,0.6235287617499738
245,0.12270255648913173,0.5751625132976622
246,0.011252328655018715,0.5014702327617827
247,0.4096449788260421,0.5864213455921631
248,0.3985642246594809,0.749358794649825
249,0.36667121420350585,0.8460416448430084
250,0.42297592094110187,0.9198059592345981
251,0.2958359426056868,0.9303742189124832
252,0.5797927045137569,1.1039332756559015
253,0.34106980365329204,0.9940535870848615
254,0.6601702878991347,1.1072723335292238
255,0.405245391394183,1.0410141325749633
256,0.5391151552583928,0.940285403388808
