t,lambda,delta_s
1,-0.16027218299449644,1.1403452097784499
2,-0.05169960094346822,1.083828568722533
3,0.6535863599168629,1.0904996559100495
4,0.2055468356424079,1.1397091607794931
5,0.31893725083103935,0.9639645622220081
6,0.5497529033693743,1.0219163839792074
7,0.02244872623249781,1.0250402303988524
8,0.08584243042318165,0.8837456724916957
9,0.42101873225285263,0.9047147379100436
10,0.5602753282223432,1.0183123768708888
11,0.7712563092355298,1.008707971178793
12,0.6267437666694033,1.1484859663815137
13,0.03508179533575345,0.9392585705517156
14,-0.10189781265124111,0.8627777017568223
15,0.3509794908420382,0.7985109249644555
16,0.18840948973817936,0.8975183352749515
17,0.47007005687250725,0.8038504345735767
18,0.2950082438946821,0.858182028481576
19,0.5855006434466361,0.6510517552411633
20,0.07708467016383903,0.6420301566346397
21,0.26827867591496934,0.7393408868286206
22,0.00042022963842963527,0.8549582365901239
23,0.36732297155115595,0.8801402561807854
24,0.44373305865663765,0.9597542425675736
25,0.3806552237548204,0.8109735243214132
26,0.737279437296244,0.8617643335144174
27,0.47095641713915787,0.6801085204182529
28,0.696992583149983,0.7652186161280149
29,0.41341136160718633,0.9243938560908709
30,0.43092544772614805,0.973619022281155
31,-0.3076585895766718,0.7726334071200099
32,0.1580463313859134,0.9599567202049728
33,0.4249040391027528,0.7417123871507016
34,0.44160280919067385,0.820708461292931
35,0.22801824169494855,0.8414134353567837
36,0.3086984399821366,0.9999035881772146
37,0.322610483929557,0.9400688130811626
38,0.3497729350443221,1.0003437179563943
39,0.2265060032722525,1.0352415459223772
40,0.21459589135183363,0.8961665104163935
41,0.5136616920877156,0.9951100180854325
42,0.6757764570774228,0.8626955558309136
43,0.46666589628868005,0.9572697295988158
44,0.13763333872872358,0.8716782098464316
45,0.21324045039242623,0.8800022269434282
46,0.7567282614835148,0.7783704630088578
47,0.017879858105054436,0.7662265905257559
48,0.27153587591565814,0.9435563586608676
49,0.04530141265680558,0.7010190785245992
50,0.48590256299683005,0.7850184970234355
51,0.3519563624832446,0.8988256019812881
52,0.6099098578881877,0.9959360344103729
53,0.520935137082924,0.8908606175662789
54,0.5134598396305365,0.9182490140664612
55,0.17517924161940002,0.9636427803744892
56,0.25626408925087396,0.9004029632245775
57,0.1821815880181338,0.8342336034249105
58,0.4027486169816132,0.6889760817227077
59,0.44204128128136316,0.7781890039239984
60,0.5668822998805219,0.7715044684769853
61,0.4641745194772069,0.889375337113742
62,0.4296552475090589,0.8437786291165799
63,0.18356437015600297,0.8947376658536993
64,0.4779670047354146,0.7491714664136281
65,0.12167112688210402,0.7944147004928511
66,0.3185951749863746,0.8304367088912764
67,0.344902665991779,0.9892886380903855
68,0.5198608357764479,1.0475072968174308
69,0.015829699048556144,0.7937564183220456
70,0.29290355064216095,0.8545003635571552
71,-0.047681163362330636,0.6180374631838761
72,0.4910599248191713,0.722452046310988
73,0.40087634773992303,0.8840734888441134
74,0.6047125675336775,0.9048309987843742
75,0.34974904452499483,0.9483074905824773
76,0.24012516020000643,0.8724587396443265
77,0.27428057903943237,0.8112806595486232
78,0.33288129592130217,0.7247079731547914
79,0.35578460921045973,0.8192926520617911
80,-0.03442793931195976,0.6754844616689212
81,0.010231152174500572,0.577996314450911
82,0.34496689952758547,0.7234309676561615
83,0.3881255504662997,0.7854599739539746
84,0.37994088154628103,0.7494888463122102
85,0.5778433122316413,0.7981995934910637
86,0.5250381976904984,0.7977911312147408
87,0.19558375029939143,0.8321959078013939
88,-0.023624590101391924,0.7666783940902253
89,0.19891969158423786,0.8257614578774484
90,0.1434459481312243,0.8056655697760335
91,0.10961840785620917,0.6757799465273736
92,0.39136305418798584,0.7971957545254525
93,0.36620986207069833,0.8427326896173366
94,0.4025214479086141,1.0022820780065793
95,0.518590432790422,1.1292948892674637
96,0.17318120821047253,1.153027048016854
97,0.5628830448564663,0.9975021791137303
98,0.3227432255949984,0.8992791920851481
99,0.37911621278711544,0.7622217660920119
100,0.10635834639749059,0.7728920409575212
101,0.25371248615632325,0.713981317403038
102,0.1597749001055595,0.7033716953325306
103,0.6192927170336731,0.8222679317430274
104,0.730347581381672,0.7099875080515586
105,0.9623479867645474,0.6740985908974186
106,0.2082510832234935,0.7939061392987997
107,0.3137995529245067,0.8882353343874287
108,0.30573154878619235,0.8251374454049293
109,0.4122761680077224,0.9241172645110456
110,0.4864182787995797,0.8335270077795747
111,0.31087817251843186,0.8131285610304667
112,0.22973676848428104,0.8519075089300447
113,0.49559921816967994,0.8285760992481853
114,0.2895011534942694,0.8678850633183339
115,0.38857018182362946,0.9668647403434852
116,0.5090620579562591,1.0803612866004186
117,0.4003238810775195,0.8340836471363994
118,0.37138682909430426,0.7992820226837213
119,0.19651083100636343,0.7789279366685975
120,0.3435796894859505,0.8514105448405561
121,0.4720855294253317,0.8786449632983351
122,0.117649440525624,0.8861782063832122
123,0.4104519563156637,0.8779111040672286
124,0.6726132902046055,0.880667880627949
125,0.35232937860132785,0.9806424050672246
126,0.2536369046402863,0.8109927752739372
127,0.5310704613893684,0.7982399124891908
128,0.3101418927873919,0.81686060091467
129,0.07081216744504552,0.7939028743295199
130,0.2654693690467726,0.9464582407768014
131,0.3152193502158619,0.9839931723230376
132,0.2114750870728207,0.992298160289689
133,0.16297354086700963,1.002543710575189
134,0.7367054528868003,0.9289135503244048
135,0.3104524053775478,0.8620443192203022
136,0.24236061887194835,0.9064572943942837
137,0.35198052001694563,0.8035037371055156
138,0.06047074456141711,0.6636313861001104
139,0.23326007152139003,0.621952916637832
140,0.01881806523008214,0.5947988863876686
141,0.07769664895572535,0.6978124329938376
142,0.2724280992848344,0.5269888437608896
143,0.05727642430037829,0.5631051404043457
144,0.40190167171878666,0.4940940820360225
145,0.6857424734202379,0.6103638330327276
146,-0.3602611040243604,0.40604713410665705
147,0.3866233010500847,0.46874277762432864
148,0.15834892236035203,0.45836160587801
149,0.4149464927663955,0.5363060597778958
150,0.3070877498381557,0.5564086665395035
151,0.38275783386777235,0.6428746363337823
152,0.37408931663184947,0.7709499480850722
153,0.5915458887622541,0.9629790881080006
154,0.6589930712152152,1.0222767576687164
155,0.6969095264390317,1.094555605254456
156,0.3035341880303244,0.9147648259949708
157,0.3873657254088429,0.8568553771686709
158,0.25710199965465175,0.8470981870855608
159,0.5188896416053547,0.9853205842277853
160,-0.03176699888695931,0.8290067086273355
161,0.278087175223909,0.7857395252207553
162,0.5217286027179016,0.9416841683801519
163,0.3760768019393346,0.9443665821007461
164,0.6779083229483814,0.8996854342602019
165,0.5224964651296301,0.7460582868919455
166,0.23407046249305144,0.7887397553704081
167,0.4259178388474894,0.7988090302911788
168,-0.005856217733792905,0.8129685280895582
169,0.12172823650546964,0.7703500843653308
170,0.01039876422874822,0.8596981918301332
171,0.5914433251802634,0.9996430903905652
172,0.4975434318375497,1.1266052277952339
173,0.30111655012109406,1.069143835750014
174,0.22897297829653307,0.840731951415695
175,0.4102234407330212,0.9930735682554156
176,0.3766380598882932,1.148150335185987
177,0.4278778823047343,0.9810650198563549
178,0.43372536447374177,0.8545231930477715
179,0.4754987828491877,0.9076915929078316
180,0.320793184467638,0.7886611307752521
181,0.14525557384047302,0.8358710658104568
182,0.3736724009461752,0.9440586473693757
183,-0.04569938349693374,0.7672210925941858
184,0.3286829765270156,0.9193585523412244
185,0.498745423193229,0.8950282843950903
186,0.5248726807796168,0.7855774887207139
187,0.04767475603017519,0.7431216561170256
188,0.5444355279760921,0.8881882703111583
189,0.5705362869528604,1.0632866962432983
190,0.47491311746364717,1.0245962640056998
191,0.2028674280996578,0.9887729771746918
192,0.22536844017513183,0.9147445130042992
193,0.01449877377319737,0.8176765694311356
194,0.3137129204087712,0.9554673622740008
195,0.4991311072662558,0.816120568582548
196,0.23297359637806617,0.7528634633135294
197,-0.15780671969802235,0.6691394595833383
198,0.30645062213181057,0.71707042415881
199,0.44851424691149316,0.7024893043762541
200,0.36742742733623807,0.7881653835437084
201,0.10979351302328377,0.6419264219228811
202,0.6075682877260188,0.8064445945270586
203,0.5959163700808516,0.7681872184933588
204,0.3658965271777659,0.7959907958102382
205,0.20298324303458917,0.8028114889049976
206,0.7120979553019561,0.9694990782314168
207,0.5923434476880111,1.1246238600225997
208,0.46372106891115383,1.3194860153715988
209,0.5705342297564137,1.1169672426594621
210,0.36253660470211996,1.0436459153334114
211,0.2470563256665041,0.9466485703431683
212,0.6135948228335505,0.9193904474602766
213,0.42817805383275603,0.9493615005403702
214,0.3976665690572309,0.8980301397538494
215,0.2901473756080455,1.0582810750895135
216,0.3947523208012993,1.0929681059116292
217,0.612190984303762,0.8520673604980568
218,0.2825583779660831,0.7945595068301042
219,0.016109013982842587,0.6515943306320527
220,0.4796788638659464,0.6343873826879359
221,-0.14529879670149135,0.4848802237494118
222,0.26245586249005515,0.4458447552920983
223,-0.4129907983183302,0.30536776730816756
224,0.024917656973903617,0.2812635444673233
225,-0.3360190498615046,0.18192017923487558
226,-0.21264075035560076,0.15744242603105466
227,-0.3314666405758429,0.10455917841957581
228,0.11435254767092255,0.13508050176356287
229,0.17215671952670072,0.1558389751702907
230,-0.3087724261185632,0.09242865556318315
231,-0.09977722113347538,0.08635292832171587
232,-0.06086040399976628,0.09176068195973205
233,-0.2681829517126772,0.0509763177896859
234,0.04431698555578674,0.04398708568636882
235,-0.5283008036513248,0.029989016437887428
236,0.012909345593633992,0.025491346298166805
237,0.02115382189298997,0.028415093333666052
238,-0.03344218192043285,0.02941985896297405
239,-0.0750223978407994,0.02897567210614559
240,-0.09860367457763136,0.027581279903839274
241,-0.41289345689541557,0.017018061267519004
242,-0.14304870295042085,0.0159821285169437
243,-0.3881350924654458,0.010059584767900543
244,-0.2580004582670509,0.007369238162951269
245,-0.29821738786984,0.005746020690799068
246,-0.1505130862908482,0.005256856732587953
247,-0.07033326985027022,0.0051003748569679284
248,-0.058843748279099564,0.0048361678628393145
249,-0.5049842396440458,0.0029014395530203513
250,-0.49191960610093,0.0017537385723013594
251,-0.06442083368829042,0.0016583486873347872
252,-0.04006214749022831,0.0015910312996791766
253,-0.5252735135402645,0.0009447762889464921
254,-0.029337855857438762,0.0009078856475460726
255,-0.5312225568272163,0.0005382115723791751
256,-0.024656187628605428,0.0005180645279819525
