t,lambda,delta_s
1,-0.18673576530800598,1.1218045864300066
2,0.1680190236464872,1.1522576349024234
3,-0.060060134537531513,1.0514619526604119
4,0.09292783249289473,0.949649397147779
5,0.11906292747215383,0.8174030743480185
6,0.18730647589388602,0.8421827179575386
7,0.33798381281942996,0.6847469064750475
8,0.3548951758337886,0.8556004868128608
9,-0.11136304770347077,0.6053430193363192
10,0.007025568686522321,0.6794204352924733
11,-0.09071516305777294,0.6242035065056073
12,0.34004709324693216,0.688357418068337
13,0.00518445777114385,0.6487779941934351
14,0.11853081338402272,0.591328179079493
15,0.26994376760345734,0.5630504531664113
16,0.46569411828776297,0.6522331084697909
17,0.0473490439640087,0.4869713852023478
18,0.3379819898607588,0.6164162624515512
19,0.011251808354982948,0.45354607640268374
20,0.21156548788355226,0.5650595242249495
21,-0.07849031163773576,0.4295923680421042
22,0.21433527206143618,0.4850039492368254
23,0.40060133720173446,0.5363573369420578
24,0.4655803340420553,0.701298782701198
25,0.6574065190719591,0.6641860195600788
26,0.5591313458498296,0.5435838797480649
27,0.28842677826045676,0.6174677104985102
28,0.556615196276053,0.7187177957881602
29,0.2300151549923436,0.7471441699698154
30,0.1100425396659405,0.5284987006964007
31,-0.03506971650948035,0.5248462630549735
32,0.2013644073814062,0.6161510911643236
33,0.4741309403016472,0.8057621906226626
34,0.37891604894659886,0.9713419039889748
35,0.2643502809316481,0.7595785141303601
36,0.4894771804265161,0.9185014753778433
37,0.04323936587435735,0.6700186871038507
38,0.30906465189724724,0.7338953373643282
39,0.36967487255302683,0.5812162971234285
40,0.3702620930873464,0.7292337641591446
41,-0.3057925129220609,0.4476426554652565
42,0.14788723737995418,0.48955609376810333
43,0.42694063249081005,0.6019883402460111
44,-0.08011794125498564,0.4917107184858473
45,0.31538392086541517,0.46883109869977624
46,0.38457145716266594,0.5782852032303212
47,0.22043559616772643,0.4746628145587378
48,0.5461553681703175,0.5434978831882522
49,-0.3489994275602633,0.45115983191536807
50,0.5208025010106774,0.5803372477369104
51,-0.01354598286891065,0.4069441468519927
52,0.3519975329929036,0.5151596310767614
53,0.12542946487446,0.38712404190813643
54,0.2709156090967248,0.4726962913512197
55,0.6928551519841193,0.5732697182916585
56,0.3709063278095664,0.4443566692723634
57,0.1494286514177848,0.4941071577577316
58,0.8425715530675719,0.6322186101798538
59,0.10016437982358195,0.467705292133235
60,0.33660154653817287,0.49857475411222796
61,0.2749689232652564,0.594094503126106
62,0.23751217728546725,0.7159208374941727
63,0.2126222222603341,0.5643943844260161
64,0.3874396948729435,0.6440607832932669
65,0.4522588776803086,0.7802056431634561
66,0.07701317875384732,0.6796179653997292
67,0.5744288364268434,0.8174994124884858
68,0.06144067325249303,0.6696362470411439
69,0.0702479897183057,0.7406501729368717
70,0.24863228547854307,0.5935484808506991
71,0.13458371845041414,0.7589967326000151
72,0.25245639239454576,0.8070566611623737
73,0.26382117264513716,0.7366546344160594
74,0.46615111610252036,0.7920299369422599
75,0.40282593207171735,0.9197447002115147
76,0.3999710157439974,1.093283754178132
77,0.7073230750851287,0.9811221158454879
78,0.26745849542510897,0.8365050016074628
79,0.16867990558208265,0.9679613295053612
80,0.5489861466178388,0.8666235018410859
81,0.31996296201143765,0.8662853366548652
82,0.3939796382807113,0.9945053139688929
83,0.3606699315761897,0.9052750537292088
84,-0.1584714647055799,0.8960931183670573
85,0.5125851747197475,0.9199945675706871
86,0.7183935239934484,0.9226922831616795
87,0.15851829502124595,0.7449229629241421
88,0.5640051312808232,0.8692072690363308
89,0.5032055952281997,0.7316344573203886
90,0.7122841144543218,0.8046754920776784
91,0.21848210977245,0.7421233314770503
92,0.16883147568054113,0.7107186597966157
93,0.4614319488491082,0.8681499297061253
94,0.5941961552950212,1.017211957159598
95,0.5761193718502036,1.1578514322739761
96,0.23777600138423616,0.8460828950667691
97,0.43548948807409343,0.7764169753264494
98,0.592559491358284,0.870120228177146
99,-0.07656134129763885,0.6993609150954178
100,-0.23172565161275052,0.6653075357552372
101,0.35520605329347943,0.7353738346169109
102,0.3293542096413526,0.6960105825424847
103,0.46623552671763774,0.8397162301455083
104,-0.019026230633910922,0.7030729969134252
105,0.5309813339776172,0.9504600706732702
106,0.3670395481445137,1.142345951417193
107,0.44997971734151526,1.2078890010940744
108,0.4999641253945098,1.0552833334157223
109,0.23290737024024716,0.943556611351145
110,0.21194845790618155,0.8302606783798614
111,0.2146545115291614,0.8744380993402571
112,0.5019823602368819,0.890130083069362
113,0.2619725324027077,0.8859900545199865
114,0.4424414701335004,0.7871960419984997
115,0.13305000317531793,0.8482800277568362
116,0.24301615280141786,0.8580427931428647
117,0.6840535279776626,0.8650617572967636
118,0.43975796868446576,0.7811112334813175
119,0.45498871397913665,0.8583843971457412
120,0.47058577290249093,1.0516737152307758
121,0.3572639209628693,1.204806500668157
122,0.26975316059100224,1.1113783955531273
123,0.5038621875885484,1.069199415653928
124,0.44990316257069124,1.0557071477610867
125,0.4708460796674253,1.1386439814929115
126,0.266607838483112,0.8787503467127479
127,0.35572473352890366,0.8456274836474691
128,0.2023293368922959,0.9139986979540196
129,0.4153729041372797,0.8090332438313613
130,0.4333617486795978,0.8668195667128062
131,0.13485054318911682,0.8777305243055152
132,0.01201453693958826,0.8232886080208205
133,0.2175360372304664,0.9337474003062101
134,0.37181224479577557,1.0654582536538444
135,0.34736952516647995,0.8860689633062308
136,0.2825819971586389,0.9273128661160036
137,0.39836717230234187,0.7550860293633391
138,0.35260925938221876,0.8961418569234603
139,0.11927924889104886,0.8179461198997955
140,0.29592153010229727,0.882688769713475
141,0.6302776985471656,0.9089316560856023
142,0.2813289393933619,0.892668282509986
143,0.272125113286531,0.8783775837212828
144,0.8274540181567973,0.8660926018997963
145,-0.07738352401099102,1.0196242104864741
146,0.6676500034710431,1.1445234331836425
147,0.22417995052308037,0.9153656190295615
148,-0.16795703470676107,0.8220407982530327
149,0.22388453545748283,0.7345286746928225
150,0.5522493939181035,0.8162040162161819
151,0.11347020546298786,0.5721650203953669
152,-0.049376750598232766,0.5344019860372472
153,0.5236831919017086,0.6326927196261395
154,-0.10512322085407075,0.4609942473127287
155,0.3230032750099316,0.4986742660589478
156,0.5354011100144044,0.5752816497687541
157,0.2632323198472803,0.6038248099300048
158,-0.043175982985959906,0.5041032417228056
159,0.11927174642283707,0.48176683017659644
160,0.33820512012410425,0.6532346762116275
161,-0.05836242426769116,0.47289843860414515
162,0.38346971929649715,0.5967283765688044
163,0.3045999370942445,0.565852569590958
164,0.2729654880726898,0.5935052290694107
165,0.23333940691327135,0.6520028208989213
166,0.3019550257177807,0.8579903994245489
167,-0.13402078727367134,0.540855107866895
168,0.2943970392052106,0.5682021447033501
169,0.3212023546998906,0.6616409963442237
170,0.0905785658486529,0.6340448857369544
171,-0.05623563473266822,0.5395171346714823
172,-0.044139921198319956,0.5004639264498911
173,0.45669082798478433,0.6451292525870049
174,-0.2976254373661818,0.4081068985481127
175,0.37068782023969926,0.44261708530560795
176,0.06625463978516966,0.33934215915725063
177,0.3444661592572547,0.34946726710383447
178,0.2636394438137928,0.3515899932055336
179,0.47096727370339153,0.4248684259491704
180,0.43055377329461,0.569089705458168
181,0.21392814218127873,0.4558944128485126
182,0.6691296129237293,0.5205589914984723
183,0.7868612654404337,0.5647003975950387
184,0.41706492751474517,0.6759910106247434
185,0.4309750929029631,0.7214873166155849
186,0.07011656999612007,0.6376121055484005
187,0.1939167092694566,0.7785067582669567
188,0.21651767649753723,0.8483030184495154
189,0.4925163702860664,0.945223959380377
190,0.5512216577094967,0.9956454368871432
191,0.07576597728179396,0.9030090020593142
192,0.18924358820828915,0.9940170937179132
193,0.7445844489745559,1.021061751858783
194,0.21639305205679252,0.8253980859995346
195,0.2123921422212921,0.8280461087639397
196,0.15312288661924922,0.8223816385960959
197,0.4622030066160269,0.8690929344096799
198,0.26508094501664975,0.8044685744183087
199,0.050571076206382556,0.7271937976268886
200,0.2927229975723865,0.7039684310195945
201,0.00465247876469606,0.7046780997590532
202,0.18814018453211576,0.7333833408676851
203,0.3717307776399924,0.7709152744726775
204,0.23593323995295293,0.7700684190021534
205,0.4831485149934678,0.8859968773490008
206,0.5364367754370621,0.8665573805141896
207,0.5088187064188981,1.0205015455312356
208,0.5882880854056348,1.1506915228592165
209,0.5476218944995922,1.071936071624237
210,0.13012817135586963,0.8497811232343546
211,0.295073446292996,0.9035420810938949
212,0.48721621828848405,0.9095105151136647
213,0.36552262214519643,0.9800709057842657
214,0.5653157475828136,1.0357282369430814
215,0.10060600864124054,0.9832094522316733
216,0.4171592902666391,0.9609986439981131
217,0.677758221065878,1.157920218819527
218,0.5385943689166025,0.9396826312826642
219,0.42371323144376355,0.9538654956795234
220,0.5212764272844965,0.9364755343618993
221,0.32058035654419714,0.9051644220854211
222,0.3401025722938879,0.85389731136704
223,0.3143232232264881,0.8097116616166025
224,0.1437787914404217,0.804949292527767
225,0.4198573262494761,0.7025596313647677
226,0.33431256109981017,0.7933034633229016
227,0.5497257336345059,0.9213335905393454
228,0.2558564831516579,0.796147951665938
229,0.4568472111923438,0.8389096095416917
230,0.202709014060712,0.7377732547210337
231,0.25325717624320826,0.7020200925838698
232,0.1647424065021961,0.6996605242659188
233,0.3804944065046321,0.8420430317638518
234,0.24451917670720005,0.736733512627034
235,0.43233356874811885,0.7616897044517325
236,0.482821797595926,0.6555965788392665
237,0.019105294385560617,0.7038785921853391
238,0.41826640417244204,0.6852354256221965
239,0.6824300285421173,0.7488722032439883
240,0.4688895303556774,0.5966264116842325
241,0.4428728582674029,0.6227966527651204
242,0.20388490854630864,0.4916075243369894
243,-0.0667414897682248,0.5632157589366643
244,0.2713840188481042,0.4639530617551621
245,0.49028061757190566,0.5576418792449637
246,0.5385166559047697,0.6358753503215396
247,0.5830613338203918,0.6121706484122551
248,0.36510074029519324,0.7162738841106293
249,0.6246755363406078,0.8064808253579209
250,0.44270239493748204,0.9113509663955501
251,0.3787067947261697,0.8566515704013837
252,0.45445324542383275,0.8730291283068039
253,0.2808947949585001,0.737313428526156
254,0.7254010805930855,0.7219937765128702
255,0.6480990697833812,0.7619665171440071
256,-0.05534862175762898,0.8750860755680508
