t,lambda,delta_s
1,-0.8305533267455651,1.1724321055006535
2,0.4475415783582896,1.1353170848639675
3,0.5702013352054737,0.9637229147334098
4,0.6785427719747482,0.9857252361504889
5,0.06947610962719299,0.9550259095704169
6,0.46744622739018615,0.9092464919077503
7,0.32824959777834145,0.9579223905856259
8,0.6750908857813042,0.9206550912859404
9,0.7466365563510505,0.899058136380609
10,0.07088701896723539,0.8495747273739507
11,0.29535992393826715,0.7095709497837948
12,0.08906202749599154,0.6437132657603808
13,0.1755366863927175,0.5671851873826362
14,0.1722873427371177,0.6475924176274563
15,0.30617932825757577,0.8062997993089072
16,0.1781319902926012,0.9889813585667881
17,0.07284636100662877,0.8945372906910236
18,0.33016606402872894,0.8877656540185795
19,0.49057158831573955,0.9266981417007194
20,0.7212849169328349,1.1129299451294636
21,0.5451878160810253,1.1924366797729382
22,0.3005556364903517,1.2235535131488868
23,0.8882034718228097,1.0249012832229822
24,0.06794197609839847,1.0178035243350305
25,0.6424896385269743,0.9228338729773391
26,0.679777533223772,0.7912329963506639
27,0.5462626473532604,0.786440246879985
28,0.5786702867598533,0.8146338851773429
29,0.6076812872203552,0.85134028750871
30,0.8873378749760121,0.8723174544962687
31,0.8986252453896212,0.8731567174783501
32,0.8541270537292007,0.8316065733159967
33,0.11754310869272304,0.8520012176574978
34,-0.007887390617797392,0.9614955324077453
35,0.4227205272183761,0.9365997010024222
36,0.6902121961593587,0.9106510351488627
37,0.12111586629015408,0.8129995459994568
38,0.312318290263822,0.796245799452794
39,0.5658318881621682,0.9171710857053023
40,-0.09357017444255467,0.7436884450099818
41,0.43458406150694023,0.7135117420464073
42,0.6275775802717081,0.7438484376846007
43,0.7666289268777073,0.9160265857668994
44,0.847176320362639,0.9990955831881873
45,-0.0638954584316834,0.8961790905306011
46,0.3867481601978083,0.8086821541293334
47,0.2549527760295787,0.8829167996940168
48,0.5688721485877025,0.9537443829840173
49,0.469049351349195,0.9229430234274426
50,0.5625332726579092,0.9373904317849124
51,0.4448794625604093,0.9713339952843516
52,0.3686271815574656,0.8637026110193506
53,-0.2529606873147812,0.8357344005298389
54,0.14662586441796496,0.8702548914335873
55,-0.10568995328586846,0.7122050047125048
56,0.1521591637273219,0.7580235789641778
57,0.29082299393280764,0.7288614564634757
58,-0.05193840342990206,0.6072381351352011
59,0.22999537097171988,0.7154352330191623
60,0.31464337258229663,0.5562478280701347
61,0.4891842177168466,0.6519451885941608
62,0.5051043431009575,0.8151472875553148
63,0.32739201337882845,0.943536617427491
64,0.2714718491419893,0.8253989473818348
65,0.23486173773238142,0.9097632490428694
66,0.629184250154827,0.9714092256771307
67,0.17022814579975915,0.9320518801477663
68,0.261266352583394,0.8486278548529023
69,0.36386033987265565,0.854737581415792
70,0.22505462289582734,0.7200055214397081
71,0.1706602439157019,0.616775001745653
72,0.17043871293862134,0.5425818549340875
73,0.35023596011960934,0.6142963504492505
74,0.1516083609209483,0.5152958455111284
75,0.5825748276719844,0.5276015986886696
76,0.0007029527825142979,0.48204235958041813
77,0.25143814886765653,0.5088859978844222
78,0.26341444380787427,0.5472458491549
79,-0.12697692207108996,0.3625866681137693
80,0.29725283506745437,0.36586085176392086
81,0.2699876894544801,0.38300008718825795
82,0.3454721467702151,0.44999365072543895
83,0.5425572804936921,0.5980505338078406
84,0.4509527476317084,0.7608531440782749
85,0.14210738842363405,0.5845356106383837
86,0.06905911535651042,0.5977366080444085
87,0.26807405619910823,0.49739694050544425
88,0.20109797226106949,0.6008162143901111
89,0.37011733995126217,0.7058771348705077
90,0.30514279489682633,0.7788193421633511
91,0.29438418944625605,0.7227006965986618
92,0.7573498316382608,0.7822881060448645
93,0.4935053291820861,0.856578357639584
94,0.5096226251039594,1.048941989386683
95,0.5264998973367464,1.2350296163671006
96,0.5306636598031301,1.2110796302604334
97,0.29561310279433656,1.1734761499161372
98,0.4865118035136394,1.2470179600195943
99,0.4993035919871791,1.1133590464364584
100,0.46493319740259303,1.0703086078814754
101,0.4154798073668591,1.04988607309309
102,0.17276624090090306,0.9601802522415834
103,0.21116611763148538,0.8780922259073658
104,0.380055265389744,0.8993042477725779
105,0.18383390119320142,0.8548334943608411
106,0.14501917309963486,0.8374864549185785
107,0.23028720277131365,0.7563908436759512
108,0.2849768977048095,0.685382494380054
109,0.30670001569337807,0.6219466765700805
110,0.3924369280741836,0.6868063437014462
111,0.46112905174353525,0.8538514054997862
112,0.4230497379465245,0.7447568201828518
113,0.3988333318938521,0.8485351676345507
114,0.46984109609036506,0.6663308931163566
115,0.14431109936508568,0.717891414110845
116,0.5613886535982661,0.88265737984855
117,0.559751423349842,0.8739694875890738
118,0.16593921250095667,0.7391611816101571
119,0.27608428668798146,0.7311177269640174
120,0.2358480530974708,0.6304684573739076
121,0.6135596141039086,0.5711534950495042
122,0.03811015145780288,0.5600072393028218
123,-0.08799866826037851,0.4387337948755014
124,0.34041930597106185,0.5113941485899715
125,0.2919250950164125,0.4360408409111282
126,0.25434188018496107,0.4942481544907654
127,0.41680318008964323,0.6221404600241948
128,0.349994430150696,0.5246167479752851
129,0.02800803753371948,0.43378016102332057
130,0.5564055422999518,0.5713382017290711
131,-0.02540532486059274,0.3837626768137707
132,0.4057391819067881,0.38377789147556296
133,-0.053015655412645614,0.26649819054181184
134,0.27753945331670893,0.34362715160104573
135,-0.5207349961933656,0.1711268518786417
136,-0.06302629079060292,0.16666129212928665
137,-0.23687014729740807,0.11203744008012717
138,-0.07009015065399504,0.09670508114577539
139,0.2855132795833164,0.13230824307423378
140,-0.21436821731885733,0.07567503215786356
141,-0.05824826108520518,0.08325983621259413
142,-0.36136169160132026,0.04918040406073053
143,0.004945808925555643,0.05486576563945118
144,-0.3788660875521745,0.027909423195726875
145,-0.014272572808836105,0.029566813280173236
146,-0.5476923680210853,0.016076281680574796
147,-0.22358008848878325,0.018506307084684034
148,0.022478680304749546,0.021645647140943233
149,-0.4842711322844971,0.010670684260638778
150,-0.03169662887794896,0.012388521714755681
151,0.027143562071512927,0.01324645057165447
152,-0.5376946087968643,0.007092569091661094
153,-0.2738068326516464,0.0035192874811997114
154,-0.2821519941103543,0.004050449599878372
155,-0.2643712856721789,0.002015271602173402
156,0.0018900216516810546,0.0013407998420076875
157,-0.5674794455175078,0.001148713504379724
158,0.011179727541072864,0.0007652744995201529
159,-0.5741299777356965,0.000654781680789871
160,-0.3383709525470917,0.0007504400975667468
161,-0.20353201155548456,0.00037372968644553133
162,-0.3612967196490849,0.0004278592954200023
163,-0.19489880159328635,0.00021315061729216284
164,-0.371379344486053,0.0002439130723863849
165,-0.025291601553626964,0.00025911778867365986
166,-0.5221053339927452,0.0001390652551560294
167,-0.04085594218928371,0.0001477066745821415
168,0.06356646758978651,0.0001448281093515503
169,0.020705103455150732,0.00013479122046360407
170,-0.573591836995829,8.256795885411556e-5
171,-0.5749266619782814,4.8019531023426866e-5
172,-0.3460295411170007,2.578910651755176e-5
173,-0.03718810297207867,1.2929033423211662e-5
174,0.016869427941576667,8.760870544981626e-6
175,-0.5784138331768056,7.369866407971542e-6
176,0.015168458122322724,4.993956591020055e-6
177,-0.5717323192834933,4.201006192116587e-6
178,-0.5542464174583419,4.776595041553738e-6
179,-0.32902049450260173,5.0698017874477805e-6
180,-0.03292881244790812,4.969072773096043e-6
181,0.03921504419809385,4.623836268341886e-6
182,0.004815372052985686,4.153758120407259e-6
183,-0.5726722010854473,2.6357112499544317e-6
184,-0.6025882997222649,1.6146100332577767e-6
185,0.04534554490880718,1.5024210566986236e-6
186,0.029237552106943475,1.3496726388337274e-6
187,-0.5940590279147009,8.564185112512036e-7
188,-0.5656722348604607,5.246351347139946e-7
189,-0.24804363897819431,3.051220763513714e-7
190,0.029141332284403028,1.6387389066483515e-7
191,0.028793706400697106,8.218367412264349e-8
192,-0.020973388188029456,5.571486047808422e-8
193,-0.5447333117992931,4.684674651863825e-8
194,-0.01880318244667631,3.17588647378252e-8
195,-0.5366807609428049,2.6703817458592866e-8
196,-0.027200897834163552,1.8103347386842705e-8
197,-0.07068620705503625,1.8726190516767528e-8
198,-0.4923131499827103,1.0319360484386399e-8
199,-0.5219820165513528,8.67683078189226e-9
200,-0.04310553837147916,5.8822934763183925e-9
201,-0.0706674424159962,6.084673010095466e-9
202,-0.48238977290931234,3.353054332431877e-9
203,-0.07922525174953696,3.468415728543887e-9
204,-0.0978217419355791,3.804485311469439e-9
205,-0.4677429003122465,1.9770836797719573e-9
206,-0.09473181437281016,2.1686517351294235e-9
207,-0.45496324092008344,1.1269871247588011e-9
208,-0.42875901905895003,6.210438977363035e-10
209,-0.13621339721108972,6.424108356322697e-10
210,-0.42588798405717043,3.54010547903209e-10
211,-0.1360009031791684,3.661902365402257e-10
212,-0.4186420892099986,2.0179486259562795e-10
213,-0.1432449952028222,2.08737589570501e-10
214,-0.41114224353278256,1.1502811655987883e-10
215,-0.26482508133083554,9.671912113389971e-11
216,-0.29834187218273567,6.556890214585002e-11
217,-0.2579871751085036,5.513231702385242e-11
218,-0.3048191554205142,3.7375913446924545e-11
219,-0.250775163663894,3.1426799011359415e-11
220,-0.10990906826890565,3.5720558471600204e-11
221,-0.45033805753501505,1.791406110711029e-11
222,-0.11461621375383951,2.036161134268443e-11
223,-0.45240214804450063,1.0211462682741515e-11
224,-0.3366898736424481,6.922668337990757e-12
225,-0.22242922065810783,5.82078901571205e-12
226,-0.3426447293694045,3.946094019375821e-12
227,-0.18764173211121185,4.081858889554817e-12
228,-0.37402464045468753,2.2493722433985807e-12
229,-0.2129669307116304,1.8913402473219568e-12
230,-0.35237576149258965,1.282198413044679e-12
231,-0.20467633631788607,1.078111224479092e-12
232,-0.35892219554707877,7.308851503962268e-13
233,-0.20345975432652266,7.560311623936714e-13
234,-0.3569277586968898,4.166228078547422e-13
235,-0.19714394756224102,3.5030906367670563e-13
236,-0.10270148233292019,3.981708536967363e-13
237,-0.08933490067534748,4.2259781060054293e-13
238,-0.46785390318715286,2.2696734087854257e-13
239,-0.09781598540958386,2.4089131698754756e-13
240,-0.45782071766899546,1.2937705848431083e-13
241,-0.10733262779367864,1.3731407296581813e-13
242,-0.44781264884503746,7.374815776252567e-14
243,-0.11418076164478902,7.827245444233658e-14
244,-0.11360114302657676,7.67161080364136e-14
245,-0.12204250841212258,7.138532989247395e-14
246,-0.13199709350545016,6.412761087128897e-14
247,-0.1405774558323459,5.617717913872775e-14
248,-0.4102597293545635,3.655434138690873e-14
249,-0.15288215500244862,3.2022396538552497e-14
250,-0.4140046930287756,2.0836888449072886e-14
251,-0.14898634529520752,1.8253566586888166e-14
252,-0.15628164401682254,1.5695663082452133e-14
253,-0.4006023147175387,1.0404989293691037e-14
254,-0.15916669338589506,8.946920348574694e-15
255,-0.3961327746749099,5.931104022136272e-15
256,-0.367248715043814,3.859353647698462e-15
