t,lambda,delta_s
1,-0.014209104460643867,1.155627706035224
2,0.3677857803206919,1.118548087147508
3,0.13886250036175268,1.059988689803768
4,-0.21352365477782498,1.0057912220497998
5,0.2464527648035884,0.8545028563718684
6,0.4340071603204217,0.9327969245629599
7,0.548661946864086,1.0955036475338473
8,0.4723251215611227,0.6967160158840833
9,0.6285219507505592,0.7955418458762137
10,0.3932588888687334,0.7630448571488836
11,0.21053797107994787,0.7668622807831291
12,0.03424568053879777,0.7294805455324715
13,0.07406992357091483,0.648451465120953
14,0.3932348264249592,0.6979717725043096
15,0.10760097106362645,0.5773430267006976
16,-0.002526532864568924,0.5288727875955094
17,-0.12979160594399633,0.4230370960724481
18,0.34583683641910656,0.48910019721887227
19,0.3991829217651666,0.6014269975177999
20,0.4820822428299047,0.5338977665747475
21,0.19524950079912168,0.5830403070958529
22,-0.06537688705220168,0.4363902942468882
23,0.3548813881836741,0.4902288433109371
24,-0.03969880115133027,0.38301944334594795
25,0.3834504710658214,0.49135496779465726
26,0.6194088116016739,0.6153426462983549
27,0.43099469170447097,0.6994427829277362
28,0.36280088784248504,0.7134924839054518
29,0.16265588611855664,0.7141366487479108
30,0.27379204578051597,0.845607548234692
31,0.20822719242888896,0.8663092513349437
32,0.3597595867989482,0.8245906171240622
33,0.276414424181906,0.7803544080808443
34,-0.06950228874047874,0.658705005403847
35,0.5379385122931671,0.8551251061665334
36,0.08729325948796643,0.6835502594542908
37,0.21844272983989094,0.6093789912751241
38,0.19024028812147548,0.5497712922643231
39,0.46122658816799417,0.6453521000959012
40,0.4869761436782094,0.8716760170525835
41,0.5132959004307743,1.0090821858267938
42,0.20803195687411655,0.809199028260391
43,0.4425878338318133,0.8721835588949405
44,0.18162055113769382,0.7564615090487278
45,0.5371882640854952,0.7154038508127356
46,0.12385227097560848,0.5788642847642927
47,0.24483706332651442,0.5585322024347408
48,0.345286413563829,0.5838474973619152
49,0.2785340442449683,0.7585186331497263
50,0.2837856367207774,0.826487117948649
51,0.25058621377198365,0.7228325232351568
52,0.46383996504176717,0.8266307548539626
53,-0.09891687713254758,0.6455060228888794
54,0.5018638140353826,0.6332457349379303
55,0.6266171747575969,0.6524045288591429
56,-0.027810795408748788,0.5416667786202786
57,-0.06909130353774641,0.4588759242738953
58,-0.04607773035413279,0.4084355180869373
59,-0.24236125469858694,0.2995599817798659
60,0.21559654411065474,0.3634135013129864
61,0.34001006165487413,0.43029446207693534
62,0.46607937359222834,0.5444692431234492
63,0.2006354430642889,0.6661102371804795
64,0.46085903117086824,0.8867143244870134
65,0.2437195697422299,0.6626212133075168
66,0.20515393473827812,0.7614859971367385
67,0.12854505366445623,0.5276990267731453
68,0.048449938979727054,0.48258939115691935
69,0.08375747512780046,0.3599446509765593
70,0.400178352491088,0.33075109538622893
71,0.41694009155358913,0.38671496352906054
72,0.371818490658873,0.4542426387375131
73,0.4199401459204431,0.491486429599133
74,-0.04325831309322584,0.4264691434772169
75,0.26281569716051434,0.46047444522636116
76,0.4535515091952043,0.551593643780804
77,0.30619066868211064,0.4115740086608931
78,0.469205911945737,0.47635601459378774
79,0.3906544208775505,0.5701405833620012
80,1.031024194224433,0.6890551378821457
81,0.764053346027801,0.8371606754127101
82,0.38716233899715957,0.5926883300908894
83,0.12179127536197078,0.47380433203380695
84,0.33556666982747213,0.5399758310424417
85,-0.4124581414843572,0.42078829743756824
86,0.33189586473351607,0.43714393334753227
87,0.4679734781865205,0.5793915461325274
88,0.24980827841395176,0.7501845016722809
89,0.4541314162155199,0.9334596365644211
90,0.39007072433271683,1.0424395453744082
91,0.0929534365105415,1.0032636953104792
92,0.5693117203347904,0.9793692833912138
93,-0.08039207892255347,0.8702265615437952
94,0.36392802799016416,0.8455773887967489
95,0.604364257331161,0.9726935002775627
96,0.15691965230436858,0.9439026525352813
97,0.5921020575185206,0.9920745511235034
98,0.5029853539218123,0.746797979440122
99,0.5756356136904243,0.7355438741345619
100,0.2310969648596287,0.7884294218357617
101,0.005676904934081838,0.7192170546517905
102,0.5072608610910245,0.8116774857963481
103,0.833566166751992,0.6358655590237081
104,0.6879153342418145,0.8020406334293964
105,0.3950262006182578,0.9712525691500615
106,0.3740435547077136,0.8585020067351272
107,0.46770316165031967,1.0045480355043974
108,0.27588350204785866,0.8789901860144579
109,0.49387163229449976,0.9752167603067838
110,0.18569199722983434,0.8737844175719292
111,0.20987901445069093,0.8880246829455225
112,0.151669982972342,0.749096012944238
113,0.640639751100577,0.7146989335223702
114,0.4548912410529153,0.6656114321352559
115,0.5261022230685652,0.8273940776154232
116,0.2671646077335656,0.6307813430614414
117,0.835436870827019,0.5056468046238575
118,0.15539013164271215,0.4619355831213822
119,0.6269807122351098,0.4920683805369839
120,0.5436711436006356,0.5566689857021415
121,0.18667962475348285,0.44596337659614915
122,-0.25699458009075277,0.37764341494007325
123,0.25907700380911564,0.5066098403576924
124,0.46779129523073154,0.4709133300560239
125,0.5588987414576925,0.6020605262882485
126,0.6568299663001385,0.7195158026155517
127,0.05634487071345989,0.7949227505840643
128,0.5708186925446692,0.8300933051470591
129,0.1418556069181333,0.8043548793943902
130,0.35468739602403265,0.8727891015543934
131,0.6018763514295211,0.8215144573741524
132,0.8030361418214542,0.8722787938311182
133,0.5647640335368809,1.0606549069410651
134,0.37558443297862926,0.8946734370035037
135,0.3636337929909318,0.866006459471759
136,0.33884385246618876,0.8830010941170162
137,-0.09067047632116125,0.8509847266190483
138,0.5685377218042049,0.7820767803958296
139,0.43524296092338927,0.8401794703998993
140,0.1737843637951771,0.806771744118658
141,0.4422644628668515,1.0176441411091564
142,0.13868452440587706,0.811093017259246
143,0.5395634921232366,0.889997256201039
144,0.16635885394565972,0.8110933119863722
145,0.4574380220260925,0.9028727421039577
146,-0.00329418942529378,0.7372263369556808
147,0.560376248203137,0.6018364143357382
148,0.28487297093346126,0.6112863312498037
149,-0.02159132148318499,0.5142599325410473
150,0.10880635989495947,0.4663779345493944
151,-0.20279928923659588,0.40666638572298336
152,0.11361485498546574,0.5819667618210165
153,0.38683531585754394,0.42982459573391657
154,0.48991652128074403,0.5794458938609288
155,0.2323957300926125,0.6827287523710142
156,0.24638731179456821,0.6127670154506369
157,0.11839623639950052,0.6739754238275784
158,0.35923044890775996,0.7570210782721349
159,0.20929509506729496,0.6825651348524641
160,0.45795502478396216,0.7597629777356054
161,0.5061253008227763,0.860426654493902
162,0.041640665320030676,0.7269048683996443
163,0.5529508543059516,0.8152466497510418
164,0.005316810621415685,0.7479383302340739
165,0.41233588893661954,0.8295390596431276
166,-0.04020034561750446,0.7153134553273374
167,0.24471496123505454,0.6004354995996436
168,0.17683456874984263,0.6423617182149615
169,0.3245104380754804,0.7373580153393697
170,0.14184330953601765,0.5142167074889717
171,0.46097059117208944,0.5642298262162984
172,0.16851057802006408,0.6951915566074386
173,0.2657253573262946,0.5543804722317809
174,0.08592612191877491,0.46703504519554606
175,0.45302433944054027,0.5752225050609653
176,-0.04273378995539519,0.41138627638953096
177,-0.13764309893818466,0.3396633089315399
178,-0.043706537939814986,0.30583451820431123
179,0.1406988746891622,0.3808037375950411
180,0.0706427273779166,0.44316783232294565
181,0.3889112620639391,0.5297130202900087
182,0.09951603454053042,0.3364286061406452
183,-0.006489080480102594,0.3830145664825567
184,-0.06476362348783168,0.26956120617496604
185,-0.17882608727992055,0.25200378889755226
186,-0.08902300979430042,0.20120011110686972
187,0.3061197221234207,0.226042603609821
188,-0.3221413969157357,0.1432780872367646
189,0.1974521817653612,0.13588714405557395
190,-0.4196917533730745,0.08645386961396863
191,-0.08280025722339776,0.08067629117758876
192,-0.24855157784231058,0.050316342457831426
193,-0.2556903557028609,0.04620649596098447
194,0.36827004752392184,0.050176499709355026
195,-0.8682305782734386,0.0273863652738213
196,0.3103946805224008,0.028797048250293795
197,-0.8252570596331389,0.016015533397111457
198,0.28184036666887646,0.016421306052218376
199,-0.8214114910228487,0.00927617734997894
200,0.1554138856574169,0.006922914511651969
201,0.269636815873026,0.007043961542552006
202,-0.8099275047553195,0.0039570759677954506
203,-0.6553319872211947,0.003066577477552422
204,0.21755187223290792,0.0031239716518520542
205,0.21294147629840374,0.0031680413476102612
206,0.07038890266406919,0.003038422876574567
207,-0.6307150113967241,0.001811228811835948
208,0.0693010136996987,0.0017324870845074685
209,-0.6191446994173836,0.0010318061986957212
210,0.05658353873086358,0.0009879925960656582
211,-0.021253610905011478,0.0009093723641309163
212,-0.5273161156131471,0.0005631942386456096
213,-0.5462830433121216,0.0003351483750920487
214,-0.012345813064371344,0.00032108006715962076
215,-0.024956124346305952,0.0002955826367271687
216,-0.05481909336913117,0.00026406731976924525
217,-0.08397049141566235,0.00023064234797877856
218,-0.4625009839929037,0.00015049259763182986
219,-0.09689705868426433,0.00013149050832136672
220,-0.09987787944049735,0.0001128920091652035
221,-0.10592596691210976,9.559283589630483e-5
222,-0.44310655794993237,6.43448192565034e-5
223,-0.1067971187388948,5.449238619408406e-5
224,-0.43724014867177,3.667913667558264e-5
225,-0.10744913718135937,3.1061855050683014e-5
226,-0.07541111179743004,2.6013035970724232e-5
227,-0.467682862018635,1.770591444287995e-5
228,-0.37912220333137603,1.1917966537179681e-5
229,-0.203091049742071,7.91158351051354e-6
230,-0.34321037208416866,6.793595394463389e-6
231,-0.19902733912557377,4.509769863291212e-6
232,-0.34792688350367235,3.8725375810040645e-6
233,-0.19365669099909136,2.5706785369016952e-6
234,-0.3507388048420046,2.207442379851162e-6
235,-0.18911892077035566,1.4653530134911636e-6
236,-0.35541792213749596,1.2582980185831029e-6
237,-0.0652177074338898,1.065621385350154e-6
238,0.0256307834003538,8.924484830840844e-7
239,-0.5697441418090395,6.074305789950491e-7
240,0.027004952279933145,5.087179089659927e-7
241,0.025161075258636156,4.22165824739973e-7
242,-0.014915500059336282,3.476631342161621e-7
243,-0.05731447887797309,2.844518195569319e-7
244,-0.08452761985891072,2.3145938706139357e-7
245,-0.09847157278715943,1.8750433424045415e-7
246,-0.1088970258083118,1.5131652865313558e-7
247,-0.4524129597750497,1.0688214286749921e-7
248,-0.10370361051754771,8.625422188054355e-8
249,-0.11248412571414969,6.934583391113884e-8
250,-0.4441848577881631,4.916706169195962e-8
251,-0.43119639331949605,3.472904810846948e-8
252,-0.11589132874752969,2.8026455497767754e-8
253,-0.43177956758267527,1.9796425119315444e-8
254,-0.11113430325911292,1.597578066716511e-8
255,-0.4329966569875955,1.128445706013558e-8
256,-0.30139719238752544,7.940316879975832e-9
