t,lambda,delta_s
1,-2.9286750730569353,1.1675730641095872
2,0.022748010204364233,1.1673374490691386
3,0.2091148560010455,0.9748649203538803
4,0.18975943738397377,1.1259267419674994
5,0.3166712927444709,1.086713797454768
6,0.15897954470099812,1.3073733581217633
7,0.8532121507216281,1.1191646455514288
8,0.9682092154551042,1.0157050004049148
9,0.38377919067242877,1.023274712346741
10,0.6248522969383947,1.1895560564712722
11,0.39190606263767164,1.1250937999293185
12,0.5821414911293098,0.9273341772849701
13,0.6203121605735699,0.9700813933906632
14,-0.079534279168148,0.8130464822461246
15,0.30546621809810437,0.8638059006450122
16,0.1985592556724715,0.8979576472278371
17,0.37712665997323036,0.7937593082025537
18,0.12341405071214391,0.6890289972674896
19,0.14175837212889297,0.8305571424935094
20,0.2790273319910604,0.7813820046078875
21,0.5287373863271067,0.7526974942807402
22,0.36633792090767714,0.7449166520495633
23,0.34034233486023824,0.8261878802494679
24,0.4636383738229475,0.9536948595438897
25,0.053141629624955125,0.8102244936624009
26,-0.05804477268179015,0.6995763828694275
27,0.13736420490273932,0.7427245399842268
28,0.298934561296492,0.6736899989193558
29,0.09267660766649387,0.5997580638373387
30,-0.044672133428693826,0.5618447200400886
31,0.6885434075788615,0.546959490825064
32,0.44127645348692934,0.6270880445949116
33,0.1667948203763393,0.42616508784109763
34,0.35093984458385985,0.48873585455192364
35,-0.025562428541016913,0.41597419064134017
36,0.18915337164529333,0.36574679896836243
37,-0.02952303761557236,0.32254146874007106
38,0.29767663247630866,0.3834494121609748
39,0.15400593551443378,0.448206847472596
40,0.2586543623341593,0.5462322007037453
41,0.33015498552728817,0.6518048557878084
42,0.32290989553474225,0.5368213793895776
43,0.12445103312780272,0.6513079645063574
44,0.5731591357590962,0.8479337259526979
45,0.18940531102651498,0.8007521884364508
46,-0.06073772385421324,0.6838968395210147
47,0.5850147620158054,0.8540600791572032
48,0.13857133997121848,0.7971265983325213
49,0.6615538240262674,0.945241533660274
50,0.6593842575546456,1.0377927791795487
51,0.15790885968692686,1.008409341510918
52,0.6826456656091614,0.9134947273695208
53,0.5282709331060236,1.0392319753303974
54,0.21165494458854864,0.9285931983982106
55,0.013432329664435692,0.7106920624387496
56,0.37692125091919293,0.680692048368258
57,0.0679642759850133,0.6038103327517071
58,0.3946307468949385,0.697046882334849
59,0.4301001027897545,0.6361290272703076
60,0.506881702910496,0.7914559431445283
61,0.4365728842055455,0.5968053300965297
62,0.06327358771633314,0.5831118808596193
63,-0.08103507099296224,0.47136116106236325
64,-0.1135804880245699,0.38505044580882913
65,-0.09112293858949332,0.3230739013017252
66,-0.1385533128829745,0.2137908603796066
67,0.22830106032710093,0.2788446779436766
68,0.2497787957912999,0.31517839599689085
69,0.11802973939366931,0.25609461703759406
70,-0.13320277283693602,0.2581473950790137
71,0.16346042160234728,0.315508199586285
72,-0.26784311524193155,0.19790308591270994
73,0.23045161536517958,0.19331811265374377
74,0.039105828631794945,0.20006500111888303
75,-0.11768300013454423,0.11875743761136175
76,0.3184328011800893,0.12232447395376345
77,0.07598729602761718,0.13605788395792967
78,0.29059138412026164,0.15106503586094758
79,-0.3821873117582934,0.09953530646362263
80,0.07964432240729707,0.11178849896792868
81,0.10687242143097941,0.13174906408333636
82,-0.2508952607363304,0.07646893058334411
83,-0.16892159419459704,0.08210703038568692
84,-0.30828656481940775,0.048861909519569105
85,-0.16189716181934805,0.04913248817247878
86,0.20137631050852384,0.06066871956963716
87,-0.6690511430659337,0.03087031103261532
88,-0.12497461086009007,0.027061530724904432
89,0.13481624727355482,0.03045763498910066
90,-0.6700765363154934,0.01528263651936246
91,0.0966316610391162,0.01739848394036348
92,-0.6270378528499485,0.008844654846198985
93,-0.1813082449931249,0.006952182215303397
94,0.11074213932617663,0.0076210671815232205
95,-0.6848599816798447,0.003907300772868829
96,0.11223837511108659,0.004285560501591184
97,-0.6829834515840982,0.0021953101487458076
98,0.11009717495221277,0.002410141381604798
99,0.0643130648286003,0.002542102012416064
100,-0.010828849899310874,0.0024872129904337683
101,-0.06543096345312535,0.0023134521644961686
102,-0.10702418672330524,0.0020796016707228717
103,-0.4579986756022085,0.0012973849243911302
104,-0.48170334413641935,0.0007792452402012156
105,-0.4992571306223816,0.0004427876442603455
106,-0.4798707550099592,0.0002352619060451132
107,-0.09246229616754842,0.0002490848203371238
108,-0.4623678894451043,0.00013235857853759723
109,-0.10621387274726529,0.00014011566375017668
110,-0.4533261578053285,7.445748304410512e-5
111,-0.1203469358487978,7.881751446357173e-5
112,-0.4487529977573957,4.188331814680772e-5
113,-0.24440390541490722,2.4304797185539572e-5
114,-0.33094303619573184,2.3559519932572357e-5
115,-0.10700136794950717,2.4938968166569566e-5
116,-0.4528656763052229,1.3252393515036936e-5
117,-0.19371315038132966,7.691853045254087e-6
118,-0.017612689209044956,6.171244133567007e-6
119,-0.5618600272096299,4.326678028021842e-6
120,-0.3891043337545995,4.19316793556452e-6
121,-0.0916780668645134,4.438654114750637e-6
122,-0.4640272781116415,2.358662836934364e-6
123,-0.1464625863021792,1.369041614870659e-6
124,-0.42554621115437,1.326748332980387e-6
125,-0.08896208040545348,1.4044198528000532e-6
126,-0.4818594130792811,7.462962512184338e-7
127,-0.1276305631640151,4.331770394500777e-7
128,-0.44541622024595323,4.1979169007038454e-7
129,-0.12007639749637876,2.4366228128844644e-7
130,0.05138667873236428,1.9550088166074585e-7
131,0.01655994093370588,2.0962259833616403e-7
132,-0.5822829991714279,1.0996923834044475e-7
133,-0.6152678722176339,7.709625462480681e-8
134,0.03888588881095389,6.185770157039421e-8
135,-0.6026070440477717,4.336664429271595e-8
136,0.026304892836173873,3.4794958130830004e-8
137,0.00828261544100383,3.7308327412605055e-8
138,-0.5740920024986399,1.9572164474232182e-8
139,-0.5232025528605453,1.372147868825104e-8
140,-0.053992239736375056,1.1009342601237139e-8
141,-0.0018936874228707486,1.1804588224505838e-8
142,-0.029971680240239225,1.2245590131547035e-8
143,-0.5265033942263528,6.640080848870652e-9
144,-0.4897194055127282,3.483424769562985e-9
145,-0.3101164242642155,2.4421282930716287e-9
146,-0.2629335887976123,1.9594264322736914e-9
147,-0.2985683826846846,1.3736971654435905e-9
148,-0.09682775379797501,1.3312492027003918e-9
149,-0.038835322360756784,1.4091850403746322e-9
150,-0.5249085465500128,7.488276771436716e-10
151,-0.050827266263984414,7.926665850418784e-10
152,-0.5217125802932203,4.212155685676996e-10
153,-0.4178198630517307,2.4448858353812236e-10
154,-0.15966220786268587,2.369337572962511e-10
155,-0.398981008499818,1.3752482824527107e-10
156,-0.1768265234797067,1.332752384720544e-10
157,-0.39590090970404507,7.735771589800666e-11
158,-0.1773047978129871,7.49673216384931e-11
159,-0.0627097248356518,7.935616244198074e-11
160,-0.04575647548519431,7.86007801989319e-11
161,-0.5352354493342024,4.4637841373267495e-11
162,-0.03401961041627147,4.421293886174427e-11
163,-0.5475459215108757,2.5108785771908227e-11
164,-0.5543208223545012,1.3342572628094228e-11
165,-0.018080274783660862,1.4123691996644766e-11
166,-0.019080426594657286,1.398925018674757e-11
167,-0.05245242517424361,1.3111139141766187e-11
168,-0.5196288488421205,7.868953229966952e-12
169,-0.04700882395515706,7.375015767254645e-12
170,-0.07606325560435802,6.658731449711646e-12
171,-0.5046236133905118,4.1484463690898015e-12
172,-0.06498884102413612,3.7455364404652436e-12
173,-0.09353085393917339,3.294469165351773e-12
174,-0.48080247570957824,2.106864247755408e-12
175,-0.08699226604067661,1.8531389055119403e-12
176,-0.10720547972098908,1.5968028525043384e-12
177,-0.46948128847497755,1.0423906343496452e-12
178,-0.10289896737663508,8.982016045335268e-13
179,-0.4768927891838712,5.863447318217496e-13
180,-0.507029464225365,3.7497657143818585e-13
181,-0.0665921812174603,3.2981891164978387e-13
182,-0.5073613966871516,2.1092432143396167e-13
183,-0.06429742121422702,1.8552313780303656e-13
184,-0.5044294230999719,1.1864493080658351e-13
185,-0.06496655923009495,1.0435676501421851e-13
186,-0.49868993460156474,6.673777357869689e-14
187,-0.4656336720941473,4.157820097887567e-14
188,-0.32244284547055113,2.4954118429073144e-14
189,-0.1295902873454307,1.4171589354995361e-14
190,-0.44974060014131967,1.403669161635365e-14
191,-0.12238187723821194,7.971519012184896e-15
192,-0.03752111231281565,4.2359902371456484e-15
193,-0.04121156106987299,2.4587202666271268e-15
194,-0.5416618311096777,2.382744508394426e-15
195,-0.030808722725506103,1.3830301499777617e-15
196,-0.545526876807909,1.3402937859718637e-15
197,-0.033672796391686785,7.779544593624914e-16
198,-0.05473178818745075,6.24186920286062e-16
199,-0.07063568639581884,6.692742581611484e-16
200,-0.0954475956173508,6.942773546200413e-16
201,-0.10936689577803281,6.743800230258743e-16
202,-0.4633251030765756,3.9053101197377325e-16
203,-0.4798172126394595,2.1176255824630097e-16
204,-0.44612738098288973,1.110918615450539e-16
205,-0.321289900075636,7.788328869441776e-17
206,-0.15445479253622765,7.547665383134231e-17
207,-0.42911552212574855,4.3809349890609974e-17
208,-0.11525434137626989,4.245561778013004e-17
209,-0.020309029385176137,4.494111335623181e-17
210,-0.0267639644944808,4.451332403691581e-17
211,-0.0767667234113737,4.1719204198564256e-17
212,-0.09730889146580621,3.766730618936138e-17
213,-0.1171777026466256,3.3131109723774215e-17
214,-0.4423203671217118,2.1187859731515772e-17
215,-0.4052395410979643,1.3200216953451975e-17
216,-0.293818060117506,7.922415337624911e-18
217,-0.17005246384944972,4.499185863193313e-18
218,-0.11060293847720819,2.3908250563611035e-18
219,-0.09969028972227374,1.387720389080982e-18
220,-0.11073276944265967,1.1134288202274053e-18
221,-0.46143073259626344,7.805927188580524e-19
222,-0.11761428040182789,6.263037113779155e-19
223,-0.4488420274221759,4.390834043576544e-19
224,-0.1296824936765003,3.522958376500775e-19
225,-0.4328756307383848,2.4698441495118063e-19
226,-0.1444660961561441,1.9816640867816858e-19
227,-0.42348454678936265,1.3892873341003916e-19
228,-0.3540141551072382,1.346357619791668e-19
229,-0.2458233641496938,1.4251779522426827e-19
230,-0.33185472746574957,7.573261611328131e-20
231,-0.23905786215304836,8.016625981365089e-20
232,-0.15797049483812056,7.940316635297152e-20
233,-0.4178505674133304,4.509352114517863e-20
234,-0.3434984155329115,2.396227306709292e-20
235,-0.2444192555793287,1.390856048436381e-20
236,-0.3227974448088884,1.3478778600239769e-20
237,-0.21702201515595515,1.4267871924841677e-20
238,-0.15263257091002766,1.413205768342682e-20
239,-0.4222018769864775,8.025677957723442e-21
240,-0.3639129315075145,4.264769791482114e-21
241,-0.20939053632327403,4.514443851219437e-21
242,-0.14729740787154877,4.4714713763967664e-21
243,-0.4264017034961646,2.539374666310933e-21
244,-0.361355714895801,1.3493998168361376e-21
245,-0.2601960149775515,7.8323992542381155e-22
246,-0.16534662082299542,6.284276810958811e-22
247,-0.11378703923649675,6.738213448635232e-22
248,-0.4551773791295019,3.534905706164331e-22
249,-0.11758917979047714,3.790245064857317e-22
250,-0.44943958938584744,1.9883844597174363e-22
251,-0.3648255678484403,1.3939987930516564e-22
252,-0.20457291201177558,1.1184662585910576e-22
253,-0.3626778963834273,7.841243210915573e-23
254,-0.20459612864586793,6.2913727045747e-23
255,-0.36186603973096587,4.410699306140008e-23
256,-0.21164396335008465,3.538897146323269e-23
