t,lambda,delta_s
1,-0.5145240146502745,0.966595683217465
2,0.47667387045627163,0.8172691827441959
3,0.46632801266684915,0.8405060960652492
4,0.11808396880113832,0.7838768297647164
5,0.28172010215002063,0.6808535461609676
6,0.6354437938054297,0.5712578512679423
7,-0.1486993008315422,0.5522456757141666
8,-0.27600561441699395,0.32359453808240785
9,0.23837905069711243,0.3372919579771378
10,0.46950735759960494,0.3611923535506229
11,0.5579310096320226,0.37461516716460747
12,-0.15734227442653123,0.2230646561327387
13,-0.3927258281788862,0.18142234429864618
14,-0.19187787011084734,0.10950171053265462
15,-0.4671935842105971,0.07744699400148869
16,0.045797781544230504,0.07356484798990783
17,0.06665256181459946,0.06753724756671552
18,0.021366114061926393,0.06088762276607084
19,-0.07571107462285531,0.05201532574395028
20,-0.7738547849352698,0.023158861791165476
21,-0.1701367130672908,0.019899592827990347
22,-0.05546876742627081,0.0166505625147467
23,-0.9065753831028518,0.007408491671279163
24,-0.06408655258742268,0.00625676719513624
25,-0.9191412621287685,0.002765137113603085
26,-0.5627230034286961,0.0014158079886011836
27,-0.08740791273953265,0.0010262506909329856
28,-0.9071730443502275,0.0005272446556434743
29,-0.08132518982355853,0.00038208006506250934
30,-0.9009251807941456,0.0001961683786257444
31,-0.41500221596424364,0.00014315081665614062
32,-0.5778617159612677,7.301476614591908e-5
33,-0.09050072860767071,5.295101197030995e-5
34,-0.8902318288670051,2.71684254476523e-5
35,-0.09808871630779857,1.970363483171434e-5
36,-0.8667336245476783,1.0109193384580277e-5
37,-0.12088200647489308,7.331777609770555e-6
38,-0.8750125257661701,3.7616525663829123e-6
39,-0.31190184659870607,2.7445986233921743e-6
40,-0.06068450267920725,2.3184286979653994e-6
41,-0.9374746704118824,1.0212666487042099e-6
42,-0.7596874550239396,5.208435890523728e-7
43,-0.23426324568012527,3.8001375562076105e-7
44,-0.05120167006128291,3.210068895140712e-7
45,-0.14314717482828077,2.588247305026605e-7
46,-0.22007855102414087,2.0088130148918653e-7
47,-0.2755132749892156,1.5003732632111196e-7
48,-0.3174036156337514,1.0860432175484263e-7
49,-0.6589183535349299,5.5828876885192605e-8
50,-0.33080802625435085,4.0411672271847614e-8
51,-0.6501939452061806,2.0773923852604816e-8
52,-0.6286742711520155,1.0349468233009757e-8
53,-0.35499845748261255,7.72997720951743e-9
54,-0.6109686037590023,3.851037067414771e-9
55,-0.37024133095992,2.8763245309872644e-9
56,-0.6184794262303629,1.4329708891187322e-9
57,-0.4791693911189733,6.870096253118183e-10
58,-0.5000408837385297,5.332084681192818e-10
59,-0.472642700161174,2.5563628139295114e-10
60,-0.49660095455977044,1.9840687106125358e-10
61,-0.4733922566645323,9.512226028062247e-11
62,-0.5044723090395973,7.382719672914543e-11
63,-0.26755568589433326,5.5141244874632834e-11
64,-0.7039553410826377,2.747109990115377e-11
65,-0.43526902701735726,1.3170476911773028e-11
66,-0.2204639020249346,6.078126075892201e-12
67,-0.19702006080126683,2.6774135047284265e-12
68,-0.7885799407039127,2.261670712839444e-12
69,-0.19960015203400414,9.962655651097625e-13
70,-0.22664258296517603,5.081077940804461e-13
71,-0.7613978437816071,3.707104167772129e-13
72,-0.22511744485378254,1.890669101774117e-13
73,-0.7584889079805965,1.3794134608279272e-13
74,-0.6926766693928615,1.1652212180676265e-13
75,-0.29641718692760427,5.1327974877408004e-14
76,-0.6806237773650192,4.3357881524296585e-14
77,-0.31620775970470244,1.9099139451884113e-14
78,-0.6619156365225228,1.6133467715190757e-14
79,-0.32992584796396984,7.106789790046118e-15
80,-0.23816875026670786,3.62455093268449e-15
81,-0.25001918018804586,2.6287903282672163e-15
82,-0.7298224624333894,1.3486954020518992e-15
83,-0.7118799952214011,9.839948145340267e-16
84,-0.575940719973005,8.312022964277438e-16
85,-0.3548962671086755,6.701903984165875e-16
86,-0.6389457616875059,3.0929037450076343e-16
87,-0.3401282196066898,2.493778472508123e-16
88,-0.6488872329931098,1.1508694835173405e-16
89,-0.40484758716485414,5.0695781214075877e-17
90,-0.24923499839951957,2.5855477157916102e-17
91,-0.7189729684707244,1.886390018975763e-17
92,-0.2706933075493173,9.62082305046058e-18
93,-0.7084999840271239,7.019257260608815e-18
94,-0.5026367679944047,5.9293226631464095e-18
95,-0.28481392610013206,4.780755701749957e-18
96,-0.709814508640443,2.2063009629567792e-18
97,-0.2699532255001581,1.77891919662116e-18
98,-0.7262385367088938,8.209645883162174e-19
99,-0.4907364235355909,3.6163476180273344e-19
100,-0.497062480490052,3.054809233124644e-19
101,-0.24321714130038236,2.4630632348264304e-19
102,-0.2005100580457129,1.9116561515879878e-19
103,-0.7937874424967144,9.16505829678915e-20
104,-0.7706785403991941,4.229640292717575e-20
105,-0.5231237555468179,1.8631558310027885e-20
106,-0.4602498232806614,1.5738491529202098e-20
107,-0.2051945711706133,1.2689793993307333e-20
108,-0.1866047122394151,9.848924057932166e-21
109,-0.22726055675950776,7.356122910615835e-21
110,-0.26844353329716525,5.3247222032676524e-21
111,-0.719334100925471,2.7372133350401515e-21
112,-0.7467203203625372,1.3636663652720357e-21
113,-0.7002918812849612,6.537829370991631e-22
114,-0.27658862070648593,5.074202545177245e-22
115,-0.2085154170478797,3.7899020620045656e-22
116,-0.22939908568805412,2.7433168128067814e-22
117,-0.7461669585239459,1.410222557271899e-22
118,-0.7078369548012023,7.025660164231944e-23
119,-0.2745547822647624,5.247438135608735e-23
120,-0.703772997584038,2.614248147110707e-23
121,-0.4844881106969515,1.2533497015475088e-23
122,-0.4989922906923914,9.72761735539894e-24
123,-0.2753263780511567,7.2655194082975e-24
124,-0.7039350722367995,3.6196464179439455e-24
125,-0.2720445820107327,2.703499771827499e-24
126,-0.7044916160376091,1.346870432116942e-24
127,-0.4058017771500654,6.457304582897528e-25
128,-0.5674773159444726,5.011704877907141e-25
129,-0.2344581835581743,3.7432227984259837e-25
130,-0.16528230587851414,2.7095280746047083e-25
131,-0.2111991338703795,1.9148125387624868e-25
132,-0.2582447888753546,1.328518700785232e-25
133,-0.7104305915667106,7.125017456735215e-26
134,-0.2780326038536592,4.943418085621847e-26
135,-0.2859025252906778,3.3806654597871204e-26
136,-0.6831855015038827,1.8394458696598905e-26
137,-0.320671116605969,1.257945617586787e-26
138,-0.3082035535287117,8.503732167620464e-27
139,-0.6783221417502222,4.6808156430404355e-27
140,-0.2988683336213652,3.1642387395715736e-27
141,-0.27354968687877906,2.11885868983642e-27
142,-0.28077504325829816,1.4076924122558702e-27
143,-0.7058878469696174,7.884273184881317e-28
144,-0.6657213810301076,4.381154647414843e-28
145,-0.5069021302761612,2.4115737424426813e-28
146,-0.3122491264739536,1.3121556725094488e-28
147,-0.23007782075403035,7.037260421744967e-29
148,-0.7734618825162465,4.882531257407658e-29
149,-0.20860552681868194,2.618564602931301e-29
150,-0.7868290726071899,1.8167898808813897e-29
151,-0.7098508235882532,1.2424518200980475e-29
152,-0.40491440941385637,8.398993852814492e-30
153,-0.5690267136285352,4.623163222584832e-30
154,-0.4163449310472086,3.125265612632272e-30
155,-0.16348710309628875,2.092761244137169e-30
156,-0.16554304581635995,1.3903542214334645e-30
157,-0.22298069059876063,9.175607161609803e-31
158,-0.27172000070834984,6.020949986805643e-31
159,-0.3091686455774864,3.9314257705428557e-31
160,-0.669431056001331,2.24039549009038e-31
161,-0.6727177877870316,1.2704399783811062e-31
162,-0.31738642465155825,8.336511618626305e-32
163,-0.6671741307287148,4.727307159556095e-32
164,-0.32360905459340816,3.1020159732908475e-32
165,-0.31113913804764887,2.0254852747085087e-32
166,-0.31357800045458806,1.3168635390829973e-32
167,-0.3238244074306224,8.529126257777554e-33
168,-0.6586006405482965,4.900049228927832e-33
169,-0.33031450236621657,3.173687880519028e-33
170,-0.3274387281544345,2.048684977445976e-33
171,-0.6548882875829457,1.1809292603411301e-33
172,-0.6121812635807865,6.784530251590735e-34
173,-0.3743328789076589,4.394237777729345e-34
174,-0.6053670532695008,2.5245237066169133e-34
175,-0.3808387538133771,1.6350958770930888e-34
176,-0.5972097538996058,9.39375271232153e-35
177,-0.3849898559462252,6.084191758663384e-35
178,-0.5932874857705709,3.495415384254841e-35
179,-0.38934408026582046,2.000537885708527e-35
180,-0.6065139853990114,1.3006440644812264e-35
181,-0.3787474018040321,8.424075170396357e-36
182,-0.25256780519113203,5.437924868542598e-36
183,-0.2506376606744236,3.500032214536023e-36
184,-0.28270861927214447,2.2468046885504195e-36
185,-0.6890152713159329,1.3023619870288541e-36
186,-0.6645864312553099,7.529264309978668e-37
187,-0.5730369401127177,4.340115064240251e-37
188,-0.41451034839065887,2.801639249743063e-37
189,-0.3295625932592338,1.8032296996845577e-37
190,-0.31488034916515795,1.157562186701676e-37
191,-0.31832051038413584,7.412702271635873e-38
192,-0.6482810474698768,4.307288896716936e-38
193,-0.3529036954983123,2.758266515275709e-38
194,-0.33149143361037153,1.7623667890758504e-38
195,-0.6352597812202174,1.0263509703340911e-38
196,-0.5438195639035609,5.96380372050081e-39
197,-0.4128782075586789,3.456923204434203e-39
198,-0.5883122442570278,2.2191313643983514e-39
199,-0.45791300549934777,1.4210692345441539e-39
200,-0.49571190155395584,8.25738780692627e-40
201,-0.31076932432490223,4.786400903780648e-40
202,-0.24045381815111763,2.767132168860426e-40
203,-0.2626467674213492,1.5950658014353803e-40
204,-0.716368995536554,1.0296498800329646e-40
205,-0.7127115839294494,6.627174587600316e-41
206,-0.27105370721201744,3.8313272036026603e-41
207,-0.7174726196716226,2.4659716640460763e-41
208,-0.6153516187073398,1.583001628842345e-41
209,-0.3862276384469464,1.0137096654442703e-41
210,-0.23411526358455004,6.476996469522079e-42
211,-0.22521233786114422,4.129952522548163e-42
212,-0.26497003972772865,2.6284647617070287e-42
213,-0.30218255038092934,1.6699778950335884e-42
214,-0.6691753725208814,9.780517378311856e-43
215,-0.6519069897947187,5.718266596475076e-43
216,-0.3339042054569613,3.639330516469841e-43
217,-0.3047813052205428,2.3122248408149748e-43
218,-0.3132768325795921,1.4667237479642774e-43
219,-0.3378958414708672,9.290263523439034e-44
220,-0.6393523548708536,5.457679066175076e-44
221,-0.350100887672924,3.4569070570716646e-44
222,-0.3448066580073331,2.1866286399407854e-44
223,-0.6345950508196458,1.2863151159363663e-44
224,-0.5529586571875216,7.55661565792886e-45
225,-0.43049240079089246,4.7863785463992186e-45
226,-0.5445135065465626,2.811816686315327e-45
227,-0.34074561923264224,1.6494092003661988e-45
228,-0.23197904120255744,9.660053223521624e-46
229,-0.23434996626582613,5.647836155449832e-46
230,-0.7391624595464936,3.5945058044723964e-46
231,-0.7054188089258779,2.2837457532207533e-46
232,-0.2738392108043657,1.337515609844179e-46
233,-0.22860666727994636,7.819904140240964e-47
234,-0.743651189052347,4.976895584230191e-47
235,-0.6829653749983189,3.162038058351979e-47
236,-0.4687281894554103,2.0057895020784545e-47
237,-0.4895690433877492,1.1765943615127717e-47
238,-0.24210070367419442,6.890930493285332e-48
239,-0.201364104603011,4.0288438877234844e-48
240,-0.7819694067847752,2.5641152365514723e-48
241,-0.7711417953346075,1.6290938451002352e-48
242,-0.2081878517353436,9.541072795208026e-49
243,-0.20642390126887994,5.578273188324121e-49
244,-0.25749104507548237,3.2552777568230168e-49
245,-0.7173472117799676,2.075675453375406e-49
246,-0.2766785192007295,1.2112888533138446e-49
247,-0.7034627904266726,7.723588362009883e-50
248,-0.7288957814693734,4.915596422146701e-50
249,-0.2622043129811714,2.873947229503877e-50
250,-0.7147514889268697,1.829093428680788e-50
251,-0.27557598552196455,1.0693957640983926e-50
252,-0.29786565703008866,6.240605518203568e-51
253,-0.3304704773176359,3.634346475877019e-51
254,-0.6394397963524694,2.3221293133235477e-51
255,-0.36081184418547363,1.3523403236738388e-51
256,-0.611067847660566,8.640643174876919e-52
