t,lambda,delta_s
1,-0.15367473408284862,0.9733973051228446
2,0.7198166423017057,0.863452793941377
3,0.5391913499934097,0.9046501031053362
4,0.2223714292454875,0.640612113862362
5,0.19475493240943154,0.5560762693511936
6,0.34974368058440974,0.51489924465116
7,0.8996650682678746,0.5359566085074959
8,-0.048784091875961305,0.31148843203004917
9,0.30246429972560546,0.26155208789457296
10,-0.012896708164603558,0.22624563503588388
11,9.394108417339461e-5,0.21532682589348962
12,-0.03739212480788202,0.20508650048827487
13,0.26246091083716466,0.19437372026839767
14,0.11466176195191823,0.16785397730507823
15,0.11132855382482221,0.1545464979320491
16,-0.5010298645750304,0.08368250424982311
17,-0.30217486900907775,0.06390723835386111
18,-0.592789521440271,0.037242206810569806
19,-0.11144093415930567,0.032935365894641855
20,-0.1328771706476908,0.028386124619975188
21,-0.8317898200839453,0.012094362059092372
22,-0.11216272378463504,0.010695952282382796
23,-0.8611498972365602,0.004577329813667728
24,-0.7312952678464494,0.00255047255824313
25,-0.25101068033637375,0.0017048252235868156
26,-0.11546024759685904,0.0014931723937096433
27,-0.18187524493806645,0.0012470626377637003
28,-0.8048075054672112,0.0005554485570616392
29,-0.18419636719228633,0.0004639780861657696
30,-0.8025635029120125,0.00020663462511463253
31,-0.1842466719625751,0.00017267899461721772
32,-0.23106032117115988,0.0001355602076978709
33,-0.26879599876714344,0.00010163513923107453
34,-0.29280037798927017,7.372087800532097e-5
35,-0.6996847570486413,3.781602787486593e-5
36,-0.6877608625167508,1.876491428296847e-5
37,-0.5645727546368192,8.891460365784609e-6
38,-0.4105688175612969,6.982539925261264e-6
39,-0.26717072044728024,5.236235267762022e-6
40,-0.23997157505747235,3.79856338970675e-6
41,-0.25883034283951456,2.6888860824040926e-6
42,-0.2839059874007439,1.8682459244656427e-6
43,-0.29955508245046897,1.279288437423162e-6
44,-0.6970477096370853,6.951736263503025e-7
45,-0.7085412773566345,3.72296494384189e-7
46,-0.6345716946007727,1.9569928218123535e-7
47,-0.4375361320581631,1.003774302151559e-7
48,-0.535604217046776,7.281971434867123e-8
49,-0.3152561322864578,5.1547607777494636e-8
50,-0.2247534207438937,3.5815658824366575e-8
51,-0.7531031098105542,1.918086430879071e-8
52,-0.2302845769332331,1.3327006977475751e-8
53,-0.22028651356479806,9.125742138259023e-9
54,-0.25016797417384246,6.1763371410716525e-9
55,-0.7342628604949545,3.395688625458035e-9
56,-0.2521926524930684,2.2982150628030606e-9
57,-0.7320441024539457,1.2635357345925671e-9
58,-0.7032076834724775,6.8661235779964e-10
59,-0.2831080983240716,4.701616471138389e-10
60,-0.24667808850399162,3.1820720432036353e-10
61,-0.7399001796316464,1.7494714883224821e-10
62,-0.2448151541922186,1.1840490074137508e-10
63,-0.2580155346205957,7.937432561661643e-11
64,-0.7218497790039642,4.4058463562595396e-11
65,-0.6951932922445321,2.4222904053792564e-11
66,-0.29511347510293084,1.6394154292117727e-11
67,-0.6995007418804995,9.0133425982284e-12
68,-0.28844744533086314,6.100264812151788e-12
69,-0.6924173506128016,3.3538647807819807e-12
70,-0.29826762666593143,2.2699085366108046e-12
71,-0.2551380832850936,1.5216638687241854e-12
72,-0.2756008120417456,1.011973951234731e-12
73,-0.7191305283918911,5.66211125551544e-13
74,-0.740016653466984,3.142879268229964e-13
75,-0.25047685443597517,2.1068715981777534e-13
76,-0.2781975131954925,1.4011630424953798e-13
77,-0.30667860433497723,9.255784938998736e-14
78,-0.3337932360075614,6.078991544212451e-14
79,-0.3628347467651957,3.9726418353492465e-14
80,-0.38498735120090694,2.584816632270703e-14
81,-0.5928358627670435,1.4782200269334146e-14
82,-0.5819734879190436,8.416875036150062e-15
83,-0.5730913625940279,4.768615050619847e-15
84,-0.4189857008433287,3.1319192009514565e-15
85,-0.4228287974287773,2.04671994559362e-15
86,-0.42831929924976647,1.3317072054913221e-15
87,-0.4353856284592718,8.631496990423264e-16
88,-0.44096204721570037,5.575419447996425e-16
89,-0.5435534134516056,3.211780030136493e-16
90,-0.44550653263735085,2.0746135765994697e-16
91,-0.42919851270068854,1.335980164321587e-16
92,-0.4092282805074497,8.579614595680122e-17
93,-0.406904088049406,5.4961041611981535e-17
94,-0.5561905510755076,3.1924745910525726e-17
95,-0.5056735390215309,1.849776893435056e-17
96,-0.4478626694769845,1.0688486812081772e-17
97,-0.40953232110737076,6.157217195157925e-18
98,-0.38557737047469237,3.534815654960576e-18
99,-0.3753757480490074,2.0215110145318367e-18
100,-0.6001426129361116,1.3153049052108308e-18
101,-0.5690867791956371,8.525185028662258e-19
102,-0.4161653328084745,4.8942495522895e-19
103,-0.5695670450888976,3.172221349165226e-19
104,-0.5114011530939714,2.04906108675107e-19
105,-0.4592935778168458,1.3195252350896843e-19
106,-0.510759168091158,7.624556303800729e-20
107,-0.4345777445696323,4.392207241734719e-20
108,-0.3862555545116749,2.5215356915011166e-20
109,-0.3735262783695193,1.442030553064728e-20
110,-0.3753716223058503,8.210814859973902e-21
111,-0.3886964063207327,4.651870813212568e-21
112,-0.5931820484457978,3.055244209396289e-21
113,-0.40473890307346544,1.7309611295963968e-21
114,-0.5750225215936603,1.1368563703163586e-21
115,-0.5678778966227074,7.429395393389464e-22
116,-0.5569236441751656,4.833968320444199e-22
117,-0.5413782193112597,3.1331499024458434e-22
118,-0.5265448620185694,2.023823320446766e-22
119,-0.4696210995969123,1.1658450787000982e-22
120,-0.5115122081511848,7.530646575382415e-23
121,-0.480133013953678,4.3381095378430655e-23
122,-0.5004908682835205,2.802153590699797e-23
123,-0.49562789851438177,1.6142105590314043e-23
124,-0.48893347252676006,9.267070778263368e-24
125,-0.47734844596252735,5.299706541815247e-24
126,-0.46884710133706153,3.0176135404729035e-24
127,-0.4580708248149144,1.7096413198781554e-24
128,-0.5263824380791687,1.1228539984099678e-24
129,-0.5040306167960531,7.3378894124633745e-25
130,-0.4755884787359206,4.774429557260121e-25
131,-0.4533482223543677,3.0945596888374936e-25
132,-0.5428214237482968,1.776565238256491e-25
133,-0.43805657121206626,1.1514856602164312e-25
134,-0.5579017018219543,6.610599251552402e-26
135,-0.5567629741724577,3.780508095497313e-26
136,-0.5498189599477376,2.1525932292342808e-26
137,-0.43178990939555756,1.4067270623345507e-26
138,-0.4051364164221211,9.152930615171357e-27
139,-0.5976649860091163,5.234431398946862e-27
140,-0.3782784091326242,3.40580548190526e-27
141,-0.3689146041819263,2.2074822187499205e-27
142,-0.6221961353307476,1.2673002198169479e-27
143,-0.6199929702684058,7.24751048752258e-28
144,-0.6027016281443685,4.126678639526442e-28
145,-0.37995089751256733,2.696798652407151e-28
146,-0.613724605752555,1.5355371217677882e-28
147,-0.568315143336086,8.699648501608904e-29
148,-0.41337200223075476,5.71373363009794e-29
149,-0.3568472959745206,3.73394453502437e-29
150,-0.6292908692369423,2.1260802837594436e-29
151,-0.5699563222330452,1.2045394990916516e-29
152,-0.47787939949880465,6.785098153004609e-30
153,-0.3914296544047627,3.796340861834638e-30
154,-0.5902780425931894,2.5247350227330148e-30
155,-0.48901143068050573,1.667786238264265e-30
156,-0.5024377714296163,9.394539019589548e-31
157,-0.4810429587246368,6.205832592581331e-31
158,-0.38931369262307197,4.075851384160197e-31
159,-0.5981789146555099,2.3091903076995122e-31
160,-0.5164712072666924,1.3007529353353274e-31
161,-0.4215192873509486,7.277863058441001e-32
162,-0.35798723384235354,4.039737810005845e-32
163,-0.6164434709645893,2.708092844045896e-32
164,-0.5260363742465136,1.8010018322936223e-32
165,-0.4140033123419475,1.1897034912347163e-32
166,-0.3422533177000806,7.813705170335996e-33
167,-0.6420532941872873,4.42688669088438e-33
168,-0.5661226522573051,2.4936385010646155e-33
169,-0.44285882488004225,1.395219571295897e-33
170,-0.3389137341388299,7.74447280769741e-34
171,-0.6359389582542441,5.191612024792034e-34
172,-0.49527108163442163,3.4526522197218995e-34
173,-0.48783818334867707,1.9317988344251156e-34
174,-0.3327771785876907,1.072287391242019e-34
175,-0.27092786706699923,5.895329181702418e-35
176,-0.27191714259863314,3.2035547155425036e-35
177,-0.3027905056610965,1.7156446045732904e-35
178,-0.6700068719828023,1.1920427096533656e-35
179,-0.3236791070335486,6.38391357361721e-36
180,-0.3245733410417406,3.355730164868528e-36
181,-0.6682821150768471,2.3754542407429645e-36
182,-0.3077999831049502,1.2486671943475792e-36
183,-0.2775638150524901,6.404619452711526e-37
184,-0.7013749098431437,4.6462906301673415e-37
185,-0.297789562899374,2.383158898353959e-37
186,-0.2819608285906867,1.1824557582350057e-37
187,-0.27561337103288713,5.60239648182519e-38
188,-0.2929408003530793,2.4947164102342933e-38
189,-0.6945871739383166,2.0846517308871537e-38
190,-0.28112056437994426,9.282839762481807e-39
191,-0.29644904649644593,4.001127813648071e-39
192,-0.6945385718052837,3.45414467561948e-39
193,-0.6929897811494893,2.8863756406238318e-39
194,-0.6209897714450441,2.2668541614939543e-39
195,-0.3602119366591213,1.0740203758761275e-39
196,-0.6234134851818988,8.434964334919003e-40
197,-0.4244798829047905,6.325735377433992e-40
198,-0.2634273876067684,4.589063445548866e-40
199,-0.23903814330697545,3.2485061930462635e-40
200,-0.27775874607377904,2.257086411930708e-40
201,-0.718795229821611,1.2087691544325147e-40
202,-0.7528830654789908,6.353944280598174e-41
203,-0.7684294971912673,3.25904254754021e-41
204,-0.22122389532261655,2.36430266681058e-41
205,-0.25159678049809076,1.673642551797704e-41
206,-0.70708409043468,8.79757022320217e-42
207,-0.6892436825104666,4.512418492547669e-42
208,-0.5799631259591268,2.2389338930628977e-42
209,-0.4066778771912876,1.6790709210769867e-42
210,-0.5685876821526903,8.331073016087042e-43
211,-0.41373952767820166,3.947206804999011e-43
212,-0.31465572667566044,1.7576695299886074e-43
213,-0.6726128709844549,1.4687556521401324e-43
214,-0.5559247042281257,1.1535071234013156e-43
215,-0.4339108822612288,5.465239781613433e-44
216,-0.5563030411956719,4.2922000061762966e-44
217,-0.4095885950182318,3.21890174611539e-44
218,-0.5725174247700674,1.5971276222981995e-44
219,-0.4116920196544975,1.197753339729536e-44
220,-0.3211694366512215,8.689212779505394e-45
221,-0.31411978705588156,6.150919868911073e-45
222,-0.31579013108730014,4.2737051530675877e-45
223,-0.33632652458289647,2.926443479130909e-45
224,-0.623663652933443,1.5902456874564498e-45
225,-0.557656971412137,8.51646585086835e-46
226,-0.43281620462418297,5.917304203025451e-46
227,-0.35899815306386207,4.051907110753337e-46
228,-0.6153067917347261,2.201828893945769e-46
229,-0.3774121031180713,1.507714635911317e-46
230,-0.5965137761702436,8.19300531437221e-47
231,-0.40994468587670246,4.387715088694098e-47
232,-0.2830262467004491,2.306420302873362e-47
233,-0.2583991463698799,1.183000915278285e-47
234,-0.7367167286768536,8.582189946991778e-48
235,-0.2500033941379981,4.401946405750497e-48
236,-0.27757287385342183,2.1841207812524437e-48
237,-0.3090876089239928,1.0348218523654979e-48
238,-0.332277147554943,4.6080049227865575e-49
239,-0.35322685916983476,1.9861612538552832e-49
240,-0.3732494996186506,1.1329245522585328e-49
241,-0.38865410709087955,8.831854338920217e-50
242,-0.5932466357775417,4.215612258954e-50
243,-0.39623071548303557,3.2863329995122127e-50
244,-0.5905008131895322,1.5686293215567836e-50
245,-0.3989529749775743,1.2228445091184944e-50
246,-0.587343724761865,5.836869705512792e-51
247,-0.40205926600684094,4.550204418429918e-51
248,-0.39918607529617967,3.8528394190375754e-51
249,-0.5907526299994903,1.6931310640977723e-51
250,-0.39764051637185005,1.4336415478238814e-51
251,-0.3929739866078233,1.1602208506835026e-51
252,-0.5979667163486982,5.334580199452663e-52
253,-0.583936344162855,2.344282350565857e-52
254,-0.5498721316899274,1.1189706075590878e-52
255,-0.44242239015175505,8.723074626455551e-53
256,-0.5408219596666679,4.163689630727365e-53
