t,lambda,delta_s
1,-0.6696169583430472,0.9634122584679861
2,0.07532006500268393,1.037373870951324
3,0.15049093558861368,0.6108160512017285
4,0.10640565358217556,0.49528436240529783
5,0.21082907078259763,0.514560639139505
6,0.3097600795895158,0.581061256572801
7,0.22103431377916136,0.5737837090735205
8,0.3403434568045951,0.5295477504626749
9,-0.056860120405385135,0.3243551291259835
10,-0.3283041184773733,0.2552996932769298
11,-0.4881621575453641,0.13708219087601292
12,-0.06787981067888883,0.11201215213260665
13,-0.019109042274325742,0.09890530584786443
14,-0.7344809610718532,0.0438819472043179
15,-0.272404531077604,0.026954281977902686
16,-0.6671172861095443,0.0165773127732501
17,-0.3086473573725246,0.010153998068981897
18,-0.05106418077390233,0.00895659170203338
19,-0.9448436350741128,0.003790173674601301
20,-0.6344079106325814,0.0023191092211126917
21,-0.34380149907061686,0.001412775935286637
22,-0.6332355313310739,0.0008633335306017664
23,-0.35042567823570686,0.0005259504524254797
24,-0.02884340175799645,0.0004628794803880985
25,-0.9616552916076707,0.00019574409301837995
26,-0.6006757023208216,0.00011958219403015325
27,-0.38462185829847645,7.28412341087164e-5
28,-0.5970178587584125,4.4496169446277534e-5
29,-0.03522022975621683,3.7912104475592e-5
30,-0.9417215254909117,1.655745625939365e-5
31,-0.054394112219856856,1.4107186461669813e-5
32,-0.9421342942948588,6.1611111172402835e-6
33,-0.4896661143400925,3.75351693904988e-6
34,-0.04308372539700449,3.3030561969415518e-6
35,-0.097000785157366,2.885812824672958e-6
36,-0.19475237377298374,2.3316580369101893e-6
37,-0.25834794076818846,1.7768389855615078e-6
38,-0.7254254161545447,8.676093537192376e-7
39,-0.775777216028583,3.9956396726041875e-7
40,-0.8110912486711612,1.7017344438108983e-7
41,-0.1686652972084615,1.4867776079734222e-7
42,-0.1928092683025823,1.201278473555922e-7
43,-0.7834085941464712,5.5322993231793835e-8
44,-0.1991468880235489,4.469957311732215e-8
45,-0.7712304456156254,2.0585685323213355e-8
46,-0.20438557254976344,1.663271139429861e-8
47,-0.7596072663147525,7.65993344147532e-9
48,-0.2212303896358186,6.189031930694769e-9
49,-0.2198982877050724,4.716355141658694e-9
50,-0.7482845795960198,2.302938779400093e-9
51,-0.23819767288027663,1.7549557483887396e-9
52,-0.7329342953847698,8.569235194506323e-10
53,-0.2508039382662063,6.530190343711291e-10
54,-0.7158855379934963,3.188612414930153e-10
55,-0.2687574750101509,2.429883827056501e-10
56,-0.696940526780491,1.1864826794645774e-10
57,-0.29014160892165186,9.041597720374604e-11
58,-0.6768581817591844,4.414902050191036e-11
59,-0.3067664582468602,3.364378511811241e-11
60,-0.23054040036499418,2.4649902390357593e-11
61,-0.2466303970239577,1.7565461888930244e-11
62,-0.7343430014040145,9.172228679358577e-12
63,-0.6603118565675425,4.658264993605175e-12
64,-0.3243755016557551,3.4129862916012724e-12
65,-0.23340025460125835,2.432085924084137e-12
66,-0.23503990024583243,1.6978429546898851e-12
67,-0.7518427267008729,9.049791723503654e-13
68,-0.6958744244849456,4.725566552839407e-13
69,-0.4602004186306306,2.3999555633949383e-13
70,-0.2394465950714434,1.1718690726816312e-13
71,-0.7446227406431484,8.93023465139299e-14
72,-0.2407847734814081,4.360524819448384e-14
73,-0.7529137322520685,3.322940313783318e-14
74,-0.2275344992238636,1.6225512853167304e-14
75,-0.7491301689985627,1.2364660907587868e-14
76,-0.22300223079073037,6.0375133326634965e-15
77,-0.7511968725266095,4.600890323713465e-15
78,-0.21997199407335646,2.2465587110840785e-15
79,-0.15080715775917264,1.0346172465128437e-15
80,-0.20348133440546395,4.4064118650619927e-16
81,-0.7791004688945457,3.8498107742742904e-16
82,-0.2118446684283884,1.6396258549895677e-16
83,-0.26706116512814715,6.933069620520304e-17
84,-0.7128466812533091,6.101047806416182e-17
85,-0.7515723407728737,5.33038678606887e-17
86,-0.23994759912532812,2.2701998887674604e-17
87,-0.7350111940389442,1.9834369230962265e-17
88,-0.730886638660086,1.6025667321863287e-17
89,-0.6190749461673188,1.2212368511604537e-17
90,-0.36728533175849387,5.9631508104653284e-18
91,-0.6193861115189633,4.544222323168049e-18
92,-0.3693090423762324,2.2188884165741483e-18
93,-0.6194317610525626,1.6909051264508308e-18
94,-0.36508102564911415,8.256483798072409e-19
95,-0.26425964292229054,3.8023936302637225e-19
96,-0.26131242454517567,1.6194309987101319e-19
97,-0.7162258567464389,1.4148706698211306e-19
98,-0.6829440885695027,1.1431796188718665e-19
99,-0.5552727683689914,8.711606512368084e-20
100,-0.4253533812241065,4.253771361822216e-20
101,-0.2925654843510571,1.9590074329906875e-20
102,-0.6779187686939164,1.5828283237340463e-20
103,-0.30916924920477323,7.289466658158345e-21
104,-0.6610124131222866,5.889704192614386e-21
105,-0.461915180236319,4.4882522880292914e-21
106,-0.288699329610585,3.2884225250105163e-21
107,-0.6894838585822012,1.6700786763756992e-21
108,-0.4906504816437261,8.154790778797216e-22
109,-0.29872284132883326,3.7555605112034554e-22
110,-0.25131017085306945,1.5994848773594033e-22
111,-0.2711404434742216,6.763335658532099e-23
112,-0.3022409602525801,4.1309426201014885e-23
113,-0.675846601105655,2.5166371985397948e-23
114,-0.3156654599999786,1.537123748939764e-23
115,-0.6608855046868515,9.364407015766578e-24
116,-0.3274407736073877,5.719637469804863e-24
117,-0.6542524406295916,3.484495850566743e-24
118,-0.33384980814521437,2.1282771025143895e-24
119,-0.6473829778764003,1.296580905995885e-24
120,-0.6125683090361486,1.1409811995763054e-24
121,-0.5325389826225729,9.96856819082541e-25
122,-0.43167370097523117,8.054350286677917e-25
123,-0.5568189158153662,3.709304223806135e-25
124,-0.4305573875320842,2.9970237416728534e-25
125,-0.5575419045624187,1.3802321016782622e-25
126,-0.4292447663807903,1.1151925342764687e-25
127,-0.5574441158511737,5.1358436503448136e-26
128,-0.42886862146708954,4.1496314200427403e-26
129,-0.5584625298420859,1.9110474222933055e-26
130,-0.4327178102440912,8.139108510583702e-27
131,-0.550482949940517,7.111007458353389e-27
132,-0.4380492739176813,3.028562276788195e-27
133,-0.34237241345306524,1.2806112474475239e-27
134,-0.3092197296365058,7.821778851370022e-28
135,-0.6631278607890138,4.765154451752238e-28
136,-0.5901692564956167,4.193299174300734e-28
137,-0.39836567530366773,1.7731139714970075e-28
138,-0.32716276599478716,1.0829910631323193e-28
139,-0.31016780290543544,9.227127602684186e-29
140,-0.31277345031977993,7.890349500616672e-29
141,-0.3199558591517954,6.371383774064696e-29
142,-0.32594190207383544,4.897200592816147e-29
143,-0.6684831788165361,2.3707919023294735e-29
144,-0.6311747531860976,1.0924852461996783e-29
145,-0.5040464096918762,4.753850683670059e-30
146,-0.4845519691814702,4.065137601109003e-30
147,-0.48161712225871883,1.7689078393936286e-30
148,-0.5124444882211131,1.5126377013726605e-30
149,-0.4572373696335357,6.582106070383694e-31
150,-0.3009437993103758,2.8746362175987243e-31
151,-0.6886924428089196,2.4492016687897716e-31
152,-0.5464225935749899,2.0943741103811334e-31
153,-0.3417353361950861,1.6911875985544907e-31
154,-0.23355045528973095,1.2998879370471074e-31
155,-0.7518974943160659,6.292909054221261e-32
156,-0.5704783526040798,2.8998370926853624e-32
157,-0.2742436010954788,1.26183786861635e-32
158,-0.19135525598681988,5.510887851205185e-33
159,-0.7970061585835847,4.695298709121438e-33
160,-0.19231576135989012,2.0506013694334494e-33
161,-0.24242022881218717,1.2492595904336413e-33
162,-0.7316845692421451,7.6302876956618655e-34
163,-0.2603771873406256,4.648494936003578e-34
164,-0.29162121403759916,4.090639699982271e-34
165,-0.6841085482411707,1.7297049656869314e-34
166,-0.31431767155707035,1.5221270323634025e-34
167,-0.6508542598847153,6.436232177321072e-35
168,-0.3522281366776879,5.66383468742422e-35
169,-0.3335843112778695,4.948400755780793e-35
170,-0.31433433757487284,3.998182314948897e-35
171,-0.29787096303770777,3.0468170108662255e-35
172,-0.2998167997168452,2.232321412688893e-35
173,-0.30114032310046934,1.5907469359660988e-35
174,-0.6905075512633717,8.306467976615373e-36
175,-0.29775434485158014,5.9191693487298515e-36
176,-0.30279190082814794,4.1321813003636134e-36
177,-0.6928946837583365,2.2025229146623776e-36
178,-0.6943952451308418,1.1501003487580811e-36
179,-0.6248242355157461,5.8409710234757155e-37
180,-0.3554262357658828,4.27952339772882e-37
181,-0.25527712992567386,3.049578207527185e-37
182,-0.24281585692969967,2.1289152752225708e-37
183,-0.7368788881698849,1.1347480510208654e-37
184,-0.2557816687118706,7.921693739103188e-38
185,-0.7409464317952805,4.22239749784864e-38
186,-0.2460406728432529,2.9476622403202954e-38
187,-0.7327173997113352,1.5711541089494785e-38
188,-0.6568818150557904,8.204159314875863e-39
189,-0.4480116016609604,4.166615276824692e-39
190,-0.527201945362735,3.052767681065308e-39
191,-0.30369141216766404,2.175394997901116e-39
192,-0.6796703830178804,1.1359348541244012e-39
193,-0.4244724762806673,5.769029263108566e-40
194,-0.5517017799162798,4.226813592196895e-40
195,-0.42557374643931234,2.1466557888026975e-40
196,-0.215738228428339,1.0481858776719013e-40
197,-0.7488424798442077,7.987706190134838e-41
198,-0.2337069847413981,3.9002996508171443e-41
199,-0.22143759403461438,1.796221601240144e-41
200,-0.25929290682178774,7.650067889997202e-42
201,-0.7303229973964865,6.683740578214577e-42
202,-0.2681516406390578,2.8465902618679584e-42
203,-0.7055698975568885,2.4870198691536433e-42
204,-0.7202776110465542,2.0094489813017687e-42
205,-0.7192256341695099,1.531301690722498e-42
206,-0.6640121874522458,1.1219438322994926e-42
207,-0.3349589831241817,5.697973591178415e-43
208,-0.6360733796773319,4.17475299998641e-43
209,-0.3689770805141576,2.120215973277488e-43
210,-0.6029631858527978,1.5534255912949438e-43
211,-0.4593289058058662,1.1069673863080671e-43
212,-0.5373208201347612,5.780296625208485e-44
213,-0.40926203783551207,2.935617325166034e-44
214,-0.32491554933122774,1.4334261871598167e-44
215,-0.643088625408472,1.0923432066942812e-44
216,-0.531338953800391,8.003306800547325e-45
217,-0.468539132572404,4.064609072109421e-45
218,-0.37505088178584844,1.9846991072651058e-45
219,-0.3190561794187115,9.140219284650925e-46
220,-0.30053028585033553,3.892799084966182e-46
221,-0.30362450841041866,1.6460491271613907e-46
222,-0.31714389296227263,1.0053817875494366e-46
223,-0.6752948822011192,6.124948802167534e-47
224,-0.30985130919909454,3.7410256314714534e-47
225,-0.6874721397792756,2.279093449286539e-47
226,-0.3014060612003026,1.392035637470528e-47
227,-0.6895236261460793,8.480506724795213e-48
228,-0.29984870468842423,5.179764607027834e-48
229,-0.6965363218504861,3.155596552296299e-48
230,-0.7101947614806388,2.7769006337883814e-48
231,-0.6507451551121431,2.4261331683068194e-48
232,-0.3313808143290681,1.0332847258326562e-48
233,-0.6602489362732262,9.027641519269673e-49
234,-0.4609259247272736,7.294105398774883e-49
235,-0.5125553682833961,3.3591854093202456e-49
236,-0.47179095036277147,2.7141366188841333e-49
237,-0.27661464619438414,2.0683092887765976e-49
238,-0.23995869241276224,1.5153949505115371e-49
239,-0.7424600789046073,7.696178863537716e-50
240,-0.25166974608337817,5.6387846108534295e-50
241,-0.7237627323763227,2.863748155122384e-50
242,-0.6660317823597922,1.3983333467180936e-50
243,-0.32984990886291055,1.0656006885210392e-50
244,-0.6482836520328316,5.203198383138025e-51
245,-0.4705955807897166,2.396251100699975e-51
246,-0.3142970387365939,1.0205580196329309e-51
247,-0.27854376444533196,4.315374620596266e-52
248,-0.6827537771130588,3.797496391054134e-52
249,-0.5962199156689146,3.3178111736366854e-52
250,-0.44769232909298584,2.6807072857382095e-52
251,-0.5474814164205494,1.2345575377102101e-52
252,-0.41215341138685474,5.257953122860936e-53
253,-0.557817411808727,4.593788597819691e-53
254,-0.3993930146655699,3.711664684587281e-53
255,-0.5945563588108237,1.7093487372487074e-53
256,-0.38383528366506225,1.3811104291349271e-53
