t,lambda,delta_s
1,0.4506397823942496,1.0958969847579176
2,-0.05839099940158659,0.9721072565795256
3,0.4850986859323734,0.9476730270194006
4,0.054322154025182486,0.8215457616314497
5,0.09365741448096514,0.9042827307324665
6,0.32411680325912784,0.6848973042064146
7,0.289822810136898,0.6454900625297371
8,0.3047487899266937,0.6341563929555117
9,0.6236067970662045,0.5052707848090194
10,0.3662997220885376,0.565663942546004
11,0.24494457512443962,0.5868382620195701
12,0.5434363389991141,0.5935797067720773
13,0.23346227675913603,0.6151747726024306
14,0.3068091904822577,0.4620322730579103
15,-0.06311852843187883,0.3890170719478963
16,-0.23090701888341342,0.40599158517067546
17,0.2817126664187744,0.2528860326691607
18,-0.13149392938531987,0.24733794014689237
19,0.2048485594942276,0.27116263021593073
20,0.4199806196112711,0.30946545674754716
21,0.4852591242306649,0.31137038263212136
22,0.04674823042217394,0.23932788755172596
23,0.362583771907421,0.2575271427348353
24,0.10435955573576168,0.27905736521733887
25,0.27089033744552027,0.3192744488149929
26,0.06187352876392826,0.26616735492215704
27,-0.23405122126726743,0.20479249996756668
28,0.05508142705086829,0.22466787300406932
29,0.385783584322844,0.26017957000258907
30,0.4036349439388247,0.31440153345756716
31,0.27404551442375497,0.24262957689876777
32,0.11705522671993754,0.265960500907288
33,0.006287705781779424,0.14983298023066108
34,0.20709256935946332,0.20808384841163985
35,0.26327507750745616,0.11996459073368182
36,-0.13669775897842987,0.1518441850135964
37,-0.09454054998031018,0.07579521200100457
38,-0.39701346820081296,0.0791379595635863
39,0.25517655047158655,0.09754552048316224
40,-0.06824532466885014,0.1181499609716027
41,0.055748636255007485,0.06333046122504572
42,0.4469483244962058,0.05345808781132351
43,-0.6676591173553754,0.03805573628122991
44,0.005574326357771443,0.026876410523335944
45,0.23756271294602074,0.026362227095996338
46,0.04185694894526541,0.025948684403844964
47,-0.03012592509331814,0.024700775574345468
48,-0.06362956917960749,0.022569538376376073
49,-0.6350878129835172,0.011791825364473017
50,-0.10104118958694829,0.010638015556262845
51,-0.6050818437396,0.005676097600331383
52,-0.12584107166332553,0.005033917191904529
53,-0.6341147865838827,0.00266132714161979
54,-0.2981052793608248,0.0020159283136496906
55,-0.45621883520936807,0.0012406345404963458
56,-0.3142411021737347,0.0009374590494010971
57,-0.07141148679193142,0.0008917941382956718
58,-0.6966443277935938,0.0004332608789806485
59,-0.483982872290541,0.00026545063391239255
60,-0.2892321788875688,0.00020071793040911338
61,-0.49568751910596104,0.00012280122956199107
62,-0.15137425601219726,0.00010898566942365415
63,-0.07081269050701065,0.0001007105843560888
64,-0.7022601166538883,5.039977027761243e-5
65,-0.07668638972434655,4.657410891278424e-5
66,-0.7036528147085209,2.330573397224055e-5
67,-0.7023761155251782,1.2158288221661903e-5
68,-0.07007438402040193,1.0776591284546853e-5
69,-0.720714747908365,5.622124243677948e-6
70,-0.45159421450154846,4.2629446201104564e-6
71,-0.33095297168991406,2.599667070229118e-6
72,-0.45537984469056675,1.9711895129056666e-6
73,-0.10173094040760834,1.8789303880453152e-6
74,-0.6749928577007679,9.114770579669671e-7
75,-0.3405733334450657,5.558444558661588e-7
76,-0.0663716064543489,4.926706383471908e-7
77,-0.7229095467923539,2.5702257632350066e-7
78,-0.458336005205537,1.948870051079013e-7
79,-0.08837115345715002,1.8576597685515956e-7
80,-0.037893159065731624,1.687882618408993e-7
81,-0.7370471754861785,8.589817240543274e-8
82,-0.6758873210586133,4.166949014739505e-8
83,-0.09257270487967731,3.971932168973745e-8
84,-0.018722138539903167,3.6089265065524214e-8
85,-0.7521780555232979,1.8366213647032906e-8
86,-0.012916750425343019,1.6687676385684686e-8
87,-0.74158920033557,8.492536908750285e-9
88,-0.019683843735135917,7.71638171823973e-9
89,-0.059577809234544275,6.659195549231369e-9
90,-0.7136104822083628,3.568054890857224e-9
91,-0.726086100094476,1.8158211970371048e-9
92,-0.42039576135600953,8.808605408222899e-10
93,-0.35753039820245935,8.396357216491853e-10
94,-0.4156987392051342,4.0730991394685287e-10
95,-0.36396006955621724,3.8824755772035224e-10
96,-0.39631390686901996,1.883401041546906e-10
97,-0.03695479929431125,1.148548654943604e-10
98,-0.03247261523764449,1.0180151856619688e-10
99,-0.09737988939821489,9.40747335316697e-11
100,-0.14489368799530433,8.218270553438191e-11
101,-0.18511506358993232,6.941669315756541e-11
102,-0.5816993283703046,3.800128303621647e-11
103,-0.1949763189899149,3.20982789187144e-11
104,-0.5717396588037831,1.7571793275624285e-11
105,-0.5567807727205071,9.300932080244306e-12
106,-0.21581441340934052,8.125197210685254e-12
107,-0.1857857865462832,6.863053705537002e-12
108,-0.5790882814151527,3.757091190192694e-12
109,-0.48496423142934175,1.9886672595279335e-12
110,-0.3175785282325814,9.950873583255644e-13
111,-0.20284493465027104,5.191276685406465e-13
112,-0.5350799486296031,4.601283944899063e-13
113,-0.23259156583063623,2.4004463393331383e-13
114,-0.17409829007563346,1.8201334770165064e-13
115,-0.5549011187763986,1.1099663873075552e-13
116,-0.41052311532683666,9.838178210871673e-14
117,-0.35769990070318136,5.1324845749105e-14
118,-0.3837776246355017,4.549173604707225e-14
119,-0.3829214131227584,2.3732608674387063e-14
120,-0.38154459761240905,2.1035378748166257e-14
121,-0.3714205687008193,1.0973958251036827e-14
122,-0.38792494667536387,9.726759133152111e-15
123,-0.19292407005294318,8.988493354422032e-15
124,-0.533158876159056,4.497653423169529e-15
125,-0.23898399040855955,4.15627932708476e-15
126,-0.5218887085679703,2.079714942873595e-15
127,-0.25576420977097813,1.9218635608439954e-15
128,-0.4735846567943324,9.616601895847494e-16
129,-0.2867593009600016,8.886697105342639e-16
130,-0.44200906381443555,4.446716716639883e-16
131,-0.16847156571851515,2.319810077432079e-16
132,-0.10896987038806845,1.7589911980422774e-16
133,-0.6163919194034453,1.0726801798045936e-16
134,-0.42382837587864725,9.507692208396288e-17
135,-0.32911838279880873,4.960073151416441e-17
136,-0.13694938548560776,3.760965218603243e-17
137,-0.1163246359147471,3.584949718851684e-17
138,-0.6457243496141084,1.7390703170821402e-17
139,-0.5552900974085153,1.0605318903793988e-17
140,-0.23050351951652923,8.041461146187818e-18
141,-0.5138659422251126,4.903899461114342e-18
142,-0.2727817340090576,4.346567371617609e-18
143,-0.5082205997961697,2.2675631108192706e-18
144,-0.29463179121685773,1.7193750435603268e-18
145,-0.1513246633889895,1.6389072274646962e-18
146,-0.12186403508125751,1.4891232411952843e-18
147,-0.6446152026729366,7.5783070197967535e-19
148,-0.552520023032681,3.676260429137973e-19
149,-0.21708244071323082,3.50420916595402e-19
150,-0.09986870642993799,3.183950393033508e-19
151,-0.10830693390379657,2.747731943142071e-19
152,-0.6571408465316746,1.4722586617386935e-19
153,-0.10900543792089847,1.2705512505088943e-19
154,-0.14588689255591167,1.05260142649799e-19
155,-0.6180815285333442,5.875028982353128e-20
156,-0.14886940171699903,4.8672289961267055e-20
157,-0.6089500943132581,2.716613401440087e-20
158,-0.6001786445802407,1.4555850765748386e-20
159,-0.4927685454579983,7.407627722514274e-21
160,-0.28949518953168707,3.593463368391616e-21
161,-0.1554785585677032,2.1913906882636313e-21
162,-0.6309639123499736,1.6616174615442835e-21
163,-0.4843287625818392,1.5838527360310148e-21
164,-0.2812669650755448,7.683319142180771e-22
165,-0.482547245247193,7.323735051407412e-22
166,-0.2806230283116027,3.5527667713443876e-22
167,-0.09562371987629098,2.166572807943e-22
168,-0.08712636131271409,1.9203400783218904e-22
169,-0.1283435408944327,1.7745853265138904e-22
170,-0.16897128266402522,1.550259223594594e-22
171,-0.20092106640912352,1.3094466550625988e-22
172,-0.5728145471084888,7.168398649901401e-23
173,-0.19295391334677087,6.054881333009459e-23
174,-0.21067294699107444,4.990573419026716e-23
175,-0.5620861409135183,2.799777128383574e-23
176,-0.5724528885895417,1.532702268514343e-23
177,-0.5406099367707088,8.112751769104345e-24
178,-0.4256329805933313,4.0594507140271315e-24
179,-0.34639910227383613,3.75133641803385e-24
180,-0.40394457681793816,1.877090010166146e-24
181,-0.2429276678949243,9.792601146674653e-25
182,-0.527612908478143,8.679664207008259e-25
183,-0.3761843309309925,8.020873445647492e-25
184,-0.2249423118540806,7.00695134498096e-25
185,-0.5308466387708365,3.7088518812674017e-25
186,-0.3380910335825621,1.8558316396378554e-25
187,-0.18164327944397535,9.68169823712619e-26
188,-0.1467939169356886,7.341127684063632e-26
189,-0.6145017379704606,4.476817264847152e-26
190,-0.5470805962655405,3.9680234079793496e-26
191,-0.3581080517507958,3.666848489261948e-26
192,-0.3992734479613438,1.8348140238496517e-26
193,-0.3674313319265274,1.695550741434725e-26
194,-0.18928928050523094,1.4812154347886526e-26
195,-0.5740288935520272,7.840226628394165e-27
196,-0.19069281139287214,6.849140170462728e-27
197,-0.5747693876134593,3.625320792969465e-27
198,-0.35158485380119076,1.8140344362122706e-27
199,-0.416068247644747,1.6763483346690802e-27
200,-0.1737558698614248,1.4644404126136776e-27
201,-0.09849810624065218,1.236958678039089e-27
202,-0.11918796555671135,1.0195299890358162e-27
203,-0.6633631547830733,5.719696927252748e-28
204,-0.7033591908571101,3.131175109168819e-28
205,-0.06194772642957724,2.644787859161671e-28
206,-0.708206660196308,1.447855370479662e-28
207,-0.05554010345136032,1.2229499060763563e-28
208,-0.08127424314135606,1.0079836347564549e-28
209,-0.12615672142067508,8.068745981728017e-29
210,-0.6513499366478053,4.6609163271138476e-29
211,-0.11040899645447932,3.730988141951035e-29
212,-0.14904887466232714,2.921403571787072e-29
213,-0.1773963322972743,2.2489551396096357e-29
214,-0.6029377307551047,1.350857011594342e-29
215,-0.646154985570404,7.977366031459646e-30
216,-0.646527249906863,4.608130639828465e-30
217,-0.12286442513056718,3.6887340529469406e-30
218,-0.6422891725836103,2.130799607856683e-30
219,-0.12127655503892142,1.7056706260826663e-30
220,-0.0856343578269779,1.335558321213123e-30
221,-0.11799236101152652,1.0281396174590527e-30
222,-0.1511129625654186,7.809329387038692e-31
223,-0.6250139193052814,4.754117591130659e-31
224,-0.1386747419779515,3.6110339085666923e-31
225,-0.1704854710152353,2.713216405351585e-31
226,-0.20118483311454397,2.0204962598011343e-31
227,-0.21967974195373927,1.4934230804119647e-31
228,-0.22926679138079542,1.0968531338243984e-31
229,-0.5455920669893163,6.905588323824927e-32
230,-0.5634408193174356,4.3200990237401754e-32
231,-0.5629217466777172,2.682488758112497e-32
232,-0.20314129287901167,1.9976137885774568e-32
233,-0.5625768887915338,1.2403828017512184e-32
234,-0.2010096187882808,9.23696615838216e-33
235,-0.56838936980429,5.735530075297636e-33
236,-0.19553566884310516,4.2711731516359125e-33
237,-0.5727146961177586,2.6521091068176278e-33
238,-0.44723805057633587,1.6321360013414128e-33
239,-0.2755708798751357,9.936021507779202e-34
240,-0.49229760083137,7.546996870202694e-34
241,-0.28974013904045753,4.594416345197105e-34
242,-0.4742653221556277,3.489731352781727e-34
243,-0.30755650419206815,2.1244581180191414e-34
244,-0.42850126552464174,1.6136517775262707e-34
245,-0.26305342393245584,1.2124467911869687e-34
246,-0.5162364115979095,7.461525819281474e-35
247,-0.2505526513005411,5.606353962448545e-35
248,-0.5239538847242301,3.450209538835755e-35
249,-0.36213443414955804,2.1003982606867325e-35
250,-0.2093694231164261,1.261624861971114e-35
251,-0.542996585577222,9.712241557415453e-36
252,-0.2337546236933374,5.8337533617544334e-36
253,-0.5166663108964368,4.490940496148906e-36
254,-0.2961388064287794,3.4111353163000317e-36
255,-0.4705539162129567,2.0766108854192545e-36
256,-0.24748519769706764,1.2473367411893556e-36
257,-0.5038198297409006,9.602248734178633e-37
258,-0.2391269322978955,7.293476678468991e-37
259,-0.5501284092356654,4.440079814684201e-37
260,-0.2827170153719127,2.6669775861984307e-37
261,-0.46228005398677624,2.0530929063099745e-37
262,-0.17237010617395096,1.559445672095767e-37
263,-0.09047301621124039,1.1717180419566307e-37
264,-0.684377428105906,7.210876787770826e-38
265,-0.08986062164176778,5.418024226007459e-38
266,-0.13230190941463824,4.034730758139235e-38
267,-0.17873132639117567,2.982217862678083e-38
268,-0.583057530380164,1.8656595025635822e-38
269,-0.6065023329329935,1.1584481315337456e-38
270,-0.6208875429539814,7.129212355187374e-39
271,-0.5818256958135868,4.3400799465515496e-39
272,-0.4246601827700496,2.606911682416576e-39
273,-0.23396973551025604,1.539488526456296e-39
274,-0.15262986150338106,8.892865415039242e-40
275,-0.6253862721259253,7.118594946333916e-40
276,-0.14615954989730406,4.1120609679141454e-40
277,-0.153999899381775,2.3069201235657078e-40
278,-0.6161977341072229,1.9014169915635006e-40
279,-0.6120494071533112,1.5220535513926531e-40
280,-0.15778145284662742,8.79215216898963e-41
281,-0.6062711446139243,7.037975621639628e-41
282,-0.4591380863000081,5.51081009559483e-41
283,-0.23963119907494002,4.2423322842448997e-41
284,-0.14943109015417547,3.2223026536817734e-41
285,-0.6150915411595091,1.9616544482348414e-41
286,-0.1546287731565507,1.4899927470624527e-41
287,-0.6086546034291204,9.07069016863791e-42
288,-0.16023464554528913,6.889726462416781e-42
289,-0.15513021364435586,5.176722052337079e-42
290,-0.6067786536602368,3.18580951622152e-42
291,-0.5795381182515918,1.939438370751507e-42
292,-0.18907981883764208,1.4731183203008312e-42
293,-0.5730787722176421,8.96796302635497e-43
294,-0.1940509362368056,6.811699113071045e-43
295,-0.1633385495768127,5.11809477558714e-43
296,-0.5979494902362444,3.1497296698840516e-43
297,-0.5470338939294848,1.9174738942059348e-43
298,-0.2303268393261108,1.4564349993543859e-43
299,-0.18875916633767464,1.0943190880046427e-43
300,-0.5726887895015784,6.734555437014679e-44
301,-0.512220483053334,4.0998230302201327e-44
302,-0.39131107050273756,2.46259900392239e-44
303,-0.38145419460329977,1.8957581691737897e-44
304,-0.3954214189196169,1.1387057794137135e-44
305,-0.2665832050222838,6.724525783673093e-45
306,-0.20074090743880293,3.8844266616145994e-45
307,-0.5689658284835778,3.109420722370439e-45
308,-0.1965490881664283,1.7961588883305913e-45
309,-0.5745964102208391,1.4377961420240915e-45
310,-0.19983570995734437,8.305438699640655e-46
311,-0.17535529086147458,4.659460017919284e-46
312,-0.5997410015750042,3.84043485471384e-46
313,-0.17198683487785332,2.1545343122858777e-46
314,-0.6001818613508493,1.775817076819679e-46
315,-0.16596066646268995,9.9625666600099e-47
316,-0.6076522365816485,8.211378163214203e-47
317,-0.5618735091282456,6.573075422488596e-47
318,-0.40119799524826283,5.14678827331851e-47
319,-0.22617608990540033,3.962100974868634e-47
320,-0.1595715788612512,3.0094503754193264e-47
321,-0.15964838235562331,2.2612056093708103e-47
322,-0.6155141966074025,1.3915698535938962e-47
323,-0.6236835710763563,8.471517069363284e-48
324,-0.14646045683356695,6.434619003018179e-48
325,-0.625192217964274,3.9172294928735826e-48
326,-0.13841574351731303,2.9753678269956076e-48
327,-0.13904538616877662,2.2355970629375998e-48
328,-0.1656708281949728,1.6648194722611877e-48
329,-0.19268906882394085,1.2305292883040696e-48
330,-0.5799133977478559,7.698125239735733e-49
331,-0.6037570644856199,4.780014138716449e-49
332,-0.5832799092165731,2.94167126935497e-49
333,-0.44866483483009006,1.79081332542784e-49
334,-0.2541627610281353,1.0756696274211507e-49
335,-0.15863225883718904,6.352271390096754e-50
336,-0.6103466489417938,4.9738963571954e-50
337,-0.1576482409551384,2.937290290780739e-50
338,-0.15204188002609764,1.6967276333615544e-50
339,-0.1760313686212825,9.518864511382197e-51
340,-0.6008195105291746,7.845668576663833e-51
341,-0.6279044349010011,6.280330812833234e-51
342,-0.14440633881110826,3.627837149849357e-51
343,-0.6187898095980235,2.904024967854088e-51
344,-0.5770980996284173,2.273882572355576e-51
345,-0.19381521543106406,1.3428211451357304e-51
346,-0.5692860337593717,1.0514433014572184e-51
347,-0.3876887989769469,8.094221694176403e-52
348,-0.20866823139298385,6.1480408174287076e-52
349,-0.557304434644243,3.742768111387169e-52
350,-0.3916957307540323,2.248130457113815e-52
351,-0.3779580221293211,1.7306559747054278e-52
352,-0.21984450490503238,1.3145357238079058e-52
353,-0.16864409928545518,9.877004707142195e-53
354,-0.6044848561713653,6.078413186887757e-53
355,-0.16588516749669954,4.567126976582551e-53
356,-0.6045934809266374,2.810658257616898e-53
357,-0.5204006317210156,1.7110559950731065e-53
358,-0.3380539401667472,1.0277626029375772e-53
359,-0.19340658621397724,6.069360714500888e-54
360,-0.15492139670856409,3.5059701363039057e-54
361,-0.17204176410789243,1.9668952194944102e-54
362,-0.19483458686207553,1.0767516936569836e-54
363,-0.5778364937453624,9.09492349494215e-55
364,-0.5914192081734372,7.496246572908511e-55
365,-0.17599344343490753,4.205492624061254e-55
366,-0.17781334446821104,2.3022432820716793e-55
367,-0.5893047412161342,1.9446197893659238e-55
368,-0.18022589702637287,1.0645572936299446e-55
369,-0.18938664816486792,5.634811955736626e-56
370,-0.20288070987114282,2.8195416386626374e-56
371,-0.5674021381435663,2.6055370483326167e-56
372,-0.5553081926723279,2.276169976864426e-56
373,-0.21876610302688157,1.204800331149002e-56
374,-0.20000091854926363,6.028567992390199e-57
375,-0.5663717427250252,5.570996731232985e-57
376,-0.1996422605361809,2.7876098396812285e-57
377,-0.1862781297895368,1.454269702821964e-57
378,-0.19474064499924468,1.1026969973658477e-57
379,-0.5743251893034952,6.724543105848763e-58
380,-0.5625414760169416,5.960293412352407e-58
381,-0.4845208295249027,5.507904225235382e-58
382,-0.27920285453293525,2.756039673871753e-58
383,-0.48655055845151923,2.546854913748841e-58
384,-0.3028640880309361,2.224905876435156e-58
385,-0.4681420697304625,1.177665712117464e-58
386,-0.29750446884461945,1.0287964772636163e-58
387,-0.1555817450475989,8.689863510499703e-59
388,-0.13658191860843535,7.162386752989445e-59
389,-0.6295271231814225,4.018192887255064e-59
390,-0.14160910639136418,3.3118876345823196e-59
391,-0.17020788960126607,2.651112490524457e-59
392,-0.20574894670051935,2.0758494008446287e-59
393,-0.23324511928599984,1.5980305576984406e-59
394,-0.5264177283137309,9.598727629505565e-60
395,-0.25206540351134427,7.389293298797591e-60
396,-0.5068667137249164,4.4384516558833745e-60
397,-0.2720470107320205,3.416809221364006e-60
398,-0.4865024721602206,2.0523400456804723e-60
399,-0.29086221507771304,1.5799325839587165e-60
400,-0.2732366154647328,1.2000523808178389e-60
401,-0.48646988058530505,7.305608268225106e-61
402,-0.42434641874934764,4.388185419655138e-61
403,-0.33678667623866254,2.5914039018228526e-61
404,-0.25962976571352814,1.4969261374077805e-61
405,-0.22561962754185808,8.39795191954361e-62
406,-0.2228397404454681,4.597351634696063e-62
407,-0.23183910276963848,2.433425810984647e-62
408,-0.5368919319371631,2.12581539588346e-62
409,-0.549696995706618,1.7955976762168367e-62
410,-0.557749553541717,1.4799731887957526e-62
411,-0.5429833484354306,1.1846946030077356e-62
412,-0.21896184988884848,6.843396024991559e-63
413,-0.19693565198615376,3.839234905991847e-63
414,-0.5762152679552067,3.1643863219560983e-63
415,-0.5593707732033256,2.533040075207913e-63
416,-0.4754865695482199,1.9833974383318496e-63
417,-0.2895484182872902,1.171277730776139e-63
418,-0.48650716261470794,9.171229754846476e-64
419,-0.31836323247632253,7.060196849518367e-64
420,-0.44687559247282516,4.2407766386410125e-64
421,-0.2511253719425636,2.5043529562151404e-64
422,-0.518563710234684,1.9609351177076036e-64
423,-0.24654859454026343,1.1580128069538812e-64
424,-0.5284754945529214,9.067363984279958e-65
425,-0.237085492537899,5.354651219354749e-65
426,-0.5410616081897855,4.192749106331055e-65
427,-0.224307725738125,2.475990723829637e-65
428,-0.12577263386377882,1.4302576406065609e-65
429,-0.13397920945752784,8.023932910393014e-66
430,-0.1695237364913655,4.392599699986327e-66
431,-0.20378192724754624,2.325048492397258e-66
432,-0.23361535755785579,1.1634054672489706e-66
433,-0.2585707845153458,6.069376348991086e-67
434,-0.5005580291763106,5.37958688055924e-67
435,-0.49288804596228647,4.971273603417894e-67
436,-0.28401110893638143,2.487520973570594e-67
437,-0.28315703608604953,1.2977161780328571e-67
438,-0.4754593165470671,1.1502296981790429e-67
439,-0.44439845072392103,1.0629267011355289e-67
440,-0.40537543779525587,9.285616745616826e-68
441,-0.3649773295294539,7.84321718760558e-68
442,-0.4031887530083772,4.29366918317322e-68
443,-0.36874642230194343,3.6267036275488216e-68
444,-0.3991926174171041,1.9853926302992977e-68
445,-0.37005116793909315,1.6769877573785754e-68
446,-0.3229187877844574,1.3822121468146147e-68
447,-0.4404311141121519,7.754391390118532e-69
448,-0.33982506675983937,6.391348966870779e-69
449,-0.3063872048229636,5.116171484938869e-69
450,-0.4603520127976157,2.9553597622810493e-69
451,-0.3173862120725205,2.3657176946357314e-69
452,-0.30190228849553463,1.8523822269064215e-69
453,-0.2951568717934977,1.4260010393477993e-69
454,-0.2934112968676586,1.083132254941047e-69
455,-0.47384654527107267,6.593828805944228e-70
456,-0.2965833639401716,5.008403546847402e-70
457,-0.28096837953862347,3.763155653479089e-70
458,-0.48723923272467506,2.3158858000622397e-70
459,-0.28432471823663197,1.740083174168731e-70
460,-0.4833717013419934,1.07086559394878e-70
461,-0.4237560195598709,6.519152548973217e-71
462,-0.3246866000189314,3.915793061111119e-71
463,-0.236631213444751,2.312436792630262e-71
464,-0.5302870099689567,1.8106627114577818e-71
465,-0.4190620815891975,1.393884518509548e-71
466,-0.3441030201263086,8.372504377780784e-72
467,-0.41836262211411956,6.445322013588152e-72
468,-0.34506185006903994,3.8714460242858347e-72
469,-0.4281662140977289,2.9803168990831603e-72
470,-0.3266844141894114,1.790156641629771e-72
471,-0.430347783353068,1.3780985341360543e-72
472,-0.32603185935367085,8.277684310896059e-73
473,-0.12083652632337023,4.888312906112264e-73
474,-0.09291557943918889,2.8237371070715662e-73
475,-0.6455284184940443,2.2603558877863106e-73
476,-0.12302165976371131,1.3056960383098923e-73
477,-0.12793917100892466,7.32512598801527e-74
478,-0.6459436782208194,6.037538481144944e-74
479,-0.6698738250118423,4.832951913057293e-74
480,-0.10601663223976253,2.7917577936814225e-74
481,-0.6521755107319693,2.234756964597694e-74
482,-0.5631991929992501,1.749838576286051e-74
483,-0.3226236783050692,1.347060877733653e-74
484,-0.1523323198732471,1.023172526374757e-74
485,-0.12935525349354382,7.687794006805426e-75
486,-0.6521959475570562,4.731149761956878e-75
487,-0.6805889966193749,2.8802015121713254e-75
488,-0.5730472858653165,1.7300213503576612e-75
489,-0.20148192851675054,1.3318051792280217e-75
490,-0.08403973354236208,1.0115849197271055e-75
491,-0.6832327622459305,6.158267148750373e-76
492,-0.0731805454525629,4.677568668818135e-76
493,-0.6852642300736662,2.847582729582173e-76
494,-0.08042377411333029,2.162907752461506e-76
495,-0.07186968796597369,1.6251403187653843e-76
496,-0.11651472364531444,1.2102204340357387e-76
497,-0.1570044154064802,8.945184232872805e-77
498,-0.1914203898081826,6.569841786398926e-77
499,-0.5643106692193113,4.136253189280382e-77
500,-0.20493155674752722,3.0378948420308637e-77
501,-0.5668515839562951,1.9126034747232493e-77
502,-0.5153752714462901,1.1965144773323814e-77
503,-0.25369674474200865,8.843878467120305e-78
504,-0.5018611704854341,5.532682943184932e-78
505,-0.2750677774726556,4.089409403196431e-78
506,-0.1899696690200731,3.003490155080257e-78
507,-0.5309088604003664,1.8909429080380296e-78
508,-0.3573381793275584,1.1829637429702375e-78
509,-0.20244223925580668,7.34540325194915e-79
510,-0.1647504664638199,4.5204388692221715e-79
511,-0.17879318422283827,2.751926174796579e-79
512,-0.5653712713199804,2.0902509331283314e-79
513,-0.21719514776336485,1.2724906632259387e-79
514,-0.22835415918243485,7.643340253134008e-80
515,-0.2502349294329072,4.513706660209391e-80
516,-0.25398636977337097,2.6073455672063363e-80
517,-0.5211956710187633,2.0871379596808225e-80
518,-0.5136986654225331,1.6342513184819343e-80
519,-0.2610600053077128,9.650925925564126e-81
520,-0.24126522573330753,5.574863593437197e-81
521,-0.5340910906723491,4.462588147980853e-81
522,-0.489615316098072,3.4942541918957996e-81
523,-0.3997162963436424,2.6899470514302966e-81
524,-0.3858458947089611,1.6157431383326181e-81
525,-0.32129878604784406,9.541627512512229e-82
526,-0.4456361163821584,7.471196271650028e-82
527,-0.33441671871116757,4.4120485617856553e-82
528,-0.264656722457733,2.5486227010014115e-82
529,-0.47736993326614136,2.0401312549696876e-82
530,-0.30107915404331026,1.1784831369430526e-82
531,-0.23170798612727497,6.611444930194752e-83
532,-0.5296870292630241,5.449306025224677e-83
533,-0.4048768537947429,4.362081345185877e-83
534,-0.2529996915778613,3.4155562916337536e-83
535,-0.5164854597742383,2.01702641401395e-83
536,-0.24589557879580864,1.5793532292514469e-83
537,-0.16350175968063743,1.2158178337583682e-83
538,-0.16440247742490313,9.234856606265436e-84
539,-0.6011470743237689,5.621941663298694e-84
540,-0.5926833256196813,3.3768745231439398e-84
541,-0.5296747104024021,1.9941832393967326e-84
542,-0.2467655474567246,1.561466779501758e-84
543,-0.5406001130257859,9.221103298970495e-85
544,-0.23700848916237094,7.220222388416131e-85
545,-0.5391216920703008,4.263838165443957e-85
546,-0.2229348000154166,3.33863083240362e-85
547,-0.1389180048592197,2.5701450639359216e-85
548,-0.6310435849921872,1.543782896903434e-85
549,-0.14022271978272496,1.1884350775639706e-85
550,-0.6218125493253904,7.138452115281478e-86
551,-0.5563177966830902,4.215549457335785e-86
552,-0.3419363902930712,2.435114866417492e-86
553,-0.17092487413816917,1.3661313711946456e-86
554,-0.5841242585162432,1.1259971142314489e-86
555,-0.35918278916471885,9.013424799389244e-87
556,-0.15092355664512394,7.057607904698479e-87
557,-0.5999310483139936,4.167807627237586e-87
558,-0.16712251295548095,3.2634378951325767e-87
559,-0.10662066651954541,2.512260030737784e-87
560,-0.644089711564446,1.509013682709304e-87
561,-0.11448654743854929,1.1616690382131511e-87
562,-0.14852567924057886,8.823564430433243e-88
563,-0.19075165979638978,6.629746596821811e-88
564,-0.5658778451325909,4.0800161926323314e-88
565,-0.5768751845846444,2.4838082493593757e-88
566,-0.5702507930998322,1.4919238405464042e-88
567,-0.5116975247290275,8.810423653242816e-89
568,-0.36924850930317926,5.0893469130372854e-89
569,-0.3968475809135448,4.073939897259481e-89
570,-0.22698873169599884,3.189938459808673e-89
571,-0.5412387275576044,1.883789808492783e-89
572,-0.34586122125823376,1.0881723994208959e-89
573,-0.17580618820464375,6.104789850443818e-90
574,-0.1255760851369988,3.341989316835605e-90
575,-0.14245962168642368,1.7689495409154973e-90
576,-0.6310841790482924,1.5453358601047845e-90
577,-0.1378099137626529,8.179622677193261e-91
578,-0.6263973389433596,7.145633017124525e-91
579,-0.14283287932025948,3.7822575259341636e-91
580,-0.6283296434832396,3.30414070711838e-91
581,-0.6362950405199734,2.790885505431945e-91
582,-0.13711115840611734,1.527834662971539e-91
583,-0.13206834744247256,8.086987029082815e-92
584,-0.6343132034660559,7.064707481580398e-92
585,-0.1436976674258977,3.7394228022478925e-92
586,-0.6246718413861108,3.266720739482777e-92
587,-0.5988552146568877,2.7592782421386642e-92
588,-0.4326156589393388,2.274261029005449e-92
589,-0.22235075901281062,1.8205091736059874e-92
590,-0.5428671648781311,1.0516182998121197e-92
591,-0.2297183225999679,8.41803441875409e-93
592,-0.5415204469065628,4.862683018331241e-93
593,-0.23076227266704277,3.892499115231893e-93
594,-0.5352585513883534,2.248504627676367e-93
595,-0.23543980777547857,1.7998915908832272e-93
596,-0.13512080904832707,1.409334343176474e-93
597,-0.6343395285247472,8.322698716244042e-94
598,-0.5137773378236313,4.807612288208841e-94
599,-0.25879488337532885,3.848415886391245e-94
600,-0.134196220399173,3.0133507501169236e-94
601,-0.13629395757354218,2.3197379240474007e-94
602,-0.6204411780802296,1.3933733868540658e-94
603,-0.5825770536836874,8.228442707130454e-95
604,-0.41889638712772587,4.753165243674168e-95
605,-0.22760460242465366,2.666588028928752e-95
606,-0.15300544370877756,1.459789595285368e-95
607,-0.6187232125050014,1.2330303045766552e-95
608,-0.512788575688114,1.01629213265129e-95
609,-0.25195245603273386,5.701532128362455e-96
610,-0.5153631287930487,4.699334821379567e-96
611,-0.2700131026185169,3.7617415252939556e-96
612,-0.4859612832041298,2.172972421405912e-96
613,-0.24357324913017142,1.219066022125979e-96
614,-0.5246789266002625,1.004782447658094e-96
615,-0.2750537504453355,8.043120996712361e-97
616,-0.4970681021785536,4.646114037971027e-97
617,-0.2722145942625587,3.7191391488797956e-97
618,-0.12548501970189813,2.9121256836342846e-97
619,-0.6296623527468094,1.719729942442018e-97
620,-0.14452460734684486,1.3465669161124936e-97
621,-0.6005285001609721,7.952031253851892e-98
622,-0.16958076411670556,6.226525420104172e-98
623,-0.11297472942017812,4.7933043146405634e-98
624,-0.12705916484264299,3.640798546198686e-98
625,-0.6333390529840173,2.216423915089796e-98
626,-0.15127982838457843,1.6835052477622727e-98
627,-0.6042716769875067,1.0248744183375218e-98
628,-0.4913019031723009,6.1560089378004385e-99
629,-0.2843370953325822,4.739019310392703e-99
630,-0.46788594235831266,2.846538532838923e-99
631,-0.30347496935731033,2.1913225291255858e-99
632,-0.4536953174707053,1.3162394175847182e-99
633,-0.3237822621076087,1.0132675374676711e-99
634,-0.17272708709947404,7.696367130404606e-100
635,-0.5797332237770507,4.685349093250513e-100
636,-0.3668777982277692,2.8143009893399885e-100
637,-0.4032107490366364,2.1665054207190377e-100
638,-0.35410006439592173,1.3013327774708112e-100
639,-0.15943574315483994,7.684905068056249e-101
640,-0.5755131321807498,6.017362763025032e-101
641,-0.34621180236250726,4.6322867006431935e-101
642,-0.15198903568558,3.5184961308975287e-101
643,-0.10398731801007176,2.6436864527551526e-101
644,-0.1277232069774174,1.9687182265826455e-101
645,-0.15770013969036775,1.455152032152544e-101
646,-0.5955488818927764,9.103353079718155e-102
647,-0.5511587142341422,5.652565407246416e-102
648,-0.23263068524407568,4.209390464061676e-102
649,-0.5304361760928815,2.6137462443107432e-102
650,-0.30810026806158847,1.6085270899089831e-102
651,-0.14903189209330944,9.792296566000404e-103
652,-0.6270705266569275,7.437829263739141e-103
653,-0.4829537347011474,5.5885491218195895e-103
654,-0.21748478112258687,4.161718385632491e-103
655,-0.5324495674714005,2.5841451139293775e-103
656,-0.249466913155743,1.9243785815164646e-103
657,-0.5038249612305795,1.1949087006809447e-103
658,-0.17071490424378558,7.35359455493009e-104
659,-0.05952942020231489,4.4766780217593776e-104
660,-0.6838198405421639,3.4003021221996734e-104
661,-0.5309918411720149,2.554879221493074e-104
662,-0.2206313329566533,1.5722997013051286e-104
663,-0.5499962379285017,1.1813761520183976e-104
664,-0.18324413144372156,8.797551466456357e-105
665,-0.5876549978637572,5.4626833269330715e-105
666,-0.18836182669675222,4.0679877980894206e-105
667,-0.02549125680841488,3.0067993637854777e-105
668,-0.07928554620742188,2.2083610118303127e-105
669,-0.6794200105342392,1.3903440258144056e-105
670,-0.09985309878008183,1.021146131870337e-105
671,-0.1548381846368601,7.459020703618839e-106
672,-0.19509835132357625,5.422702017522e-106
673,-0.22236933270557996,3.9259437191359495e-106
674,-0.2469749072308586,2.831894327314689e-106
675,-0.5074530938885282,1.8153563757284627e-106
676,-0.26991101004383966,1.3094679369503124e-106
677,-0.254167061253764,9.414737137517324e-107
678,-0.24224856162958283,6.749167473400066e-107
679,-0.5222347055119463,4.353374452388011e-107
680,-0.24469546793909322,3.120815039700193e-107
681,-0.5195275255618376,2.0130003467842162e-107
682,-0.4111017137587777,1.2946379850312018e-107
683,-0.35842031289260695,9.30811360353022e-108
684,-0.38884350320015393,5.986406042784279e-108
685,-0.37328162943487425,4.304071730272374e-108
686,-0.3787007036567167,2.7681141541834525e-108
687,-0.1463040926032601,1.7744707597568217e-108
688,-0.636330204505791,1.279975984894428e-108
689,-0.11624733262035539,8.205152793115547e-109
690,-0.6653018378683906,5.918608954151838e-109
691,-0.08863989846988032,3.79406265153663e-109
692,-0.6910789476992185,2.7367647803998106e-109
693,-0.06887639375699735,1.754374570070538e-109
694,-0.01396957444194634,1.120499893895219e-109
695,-0.7662340344089085,8.112228012006168e-110
696,0.007130465895794156,5.1811915093714926e-110
697,-0.06412145238537159,3.2954410176003503e-110
698,-0.7115648575169232,2.395782953933379e-110
699,-0.798404306512792,1.7345059732243645e-110
700,-0.6519828133086236,1.2511482531768379e-110
701,-0.08698138179628558,8.995433634791518e-111
702,-0.6791460171043755,5.7853095226896985e-111
703,-0.14281715687797808,3.708612438775607e-111
704,-0.6186617715803527,2.675127123291717e-111
705,-0.08010133587384859,1.923347488285241e-111
706,-0.6667867853963244,1.2369787818100901e-111
707,-0.10770925045247703,8.893558785830959e-112
708,-0.6644547203869855,5.719789887089857e-112
709,-0.1993508288601989,3.666611758497978e-112
710,-0.001957671630871678,2.3418249195134883e-112
711,-0.7522493518619359,1.6954412771294658e-112
712,-0.45082269556099647,1.2229697821686585e-112
713,-0.33137077266467024,7.839720465446649e-113
714,-0.021134073460482867,5.0071439130287646e-113
715,-0.7404473830174917,3.62508674322253e-113
716,-0.3682263948427779,2.6148776749186185e-113
717,-0.0345262858767242,1.8800296869777734e-113
718,-0.07300635800228761,1.347741846324443e-113
719,-0.6725180465908386,8.693257272585226e-114
720,-0.11516208492280515,6.2319582974042276e-114
721,-0.6246276086436756,4.01976216284341e-114
722,-0.6018289125781728,2.585263730889022e-114
723,-0.4766205336156907,1.657256399556119e-114
724,-0.29167664055783665,1.0584715781562784e-114
725,-0.186048123078635,6.7322943927303395e-115
726,-0.16767005816627598,4.2617405627106735e-115
727,-0.18179539182026927,2.6831145357093457e-115
728,-0.59237715638624,1.9706288361974158e-115
729,-0.17673355026946239,1.240672161312001e-115
730,-0.19335135410125345,7.761578509355512e-116
731,-0.2120501270573716,4.819414319472767e-116
732,-0.22976209500846548,2.9659185574120235e-116
733,-0.5403240485389385,2.2284971813242066e-116
734,-0.22692354862631928,1.37144074094732e-116
735,-0.2384837342935798,8.348976241868197e-117
736,-0.5282081678437385,6.3415419861404075e-117
737,-0.23885069027894673,3.860566614239856e-117
738,-0.23729093539814122,2.31888728579893e-117
739,-0.5366331623089757,1.7851260024245087e-117
740,-0.22399366285382113,1.0722534809534252e-117
741,-0.5470712277294512,8.254422635210933e-118
742,-0.21332030595044266,4.958100095928637e-118
743,-0.5544555900225783,3.8168450265215363e-118
744,-0.46180097602808595,2.899119878781855e-118
745,-0.3113744767576703,2.17830677178936e-118
746,-0.20468848612132934,1.6221561525349683e-118
747,-0.16687205290367757,1.1989952599399671e-118
748,-0.1653185792851135,8.806089349730502e-119
749,-0.1863097588891468,6.432458658708185e-119
750,-0.21048086018630557,4.6763922413140143e-119
751,-0.5664071460860848,2.974368883786665e-119
752,-0.2059491397755929,2.1623637723836e-119
753,-0.5499991030148875,1.375348171862954e-119
754,-0.5346200938238875,8.706358857698723e-120
755,-0.23635979766674772,6.359609946694299e-120
756,-0.21890124054016658,4.623431286611218e-120
757,-0.5506206279693374,2.9406836393514456e-120
758,-0.5085990933189238,1.8615393232738696e-120
759,-0.2572088374976792,1.3597721148361087e-120
760,-0.5025083216134352,8.607757830818376e-121
761,-0.25111736831384934,6.287586259002166e-121
762,-0.18224118494342173,4.571070123922929e-121
763,-0.16368000296535426,3.309376761761629e-121
764,-0.17410980128156137,2.3871471292111207e-121
765,-0.5674733124417559,1.5302558146385776e-121
766,-0.47571465571320964,9.773576904196278e-122
767,-0.2915294022409151,7.075902886888781e-122
768,-0.18746270607683602,5.104049033698355e-122
769,-0.5699664491360219,3.2718974948973734e-122
770,-0.3795172801487792,2.0897252265353664e-122
771,-0.3812114514214461,1.512925401640545e-122
772,-0.3532009622299775,9.662889447499535e-123
773,-0.12375207880984672,6.145976688225204e-123
774,-0.6259855730376017,4.468120080523786e-123
775,-0.13721907822865145,2.8418996206353347e-123
776,-0.10357746503984427,1.7990061310289476e-123
