t,lambda,delta_s
1,-0.195383446527109,1.0926471154262922
2,0.3382342866956094,0.9801616517319859
3,-0.10301943890932869,0.9254056419274693
4,0.32154491122953943,0.8174224843467024
5,0.11356865762756913,0.9411083328568485
6,0.34765024680582146,0.9037813118199336
7,0.001146145759435347,0.8931266618134108
8,0.02382992547430497,0.709541503156473
9,0.012751118365867462,0.5702690053659826
10,-0.07828483326628646,0.4950995590947212
11,-0.25314766252903564,0.4118176169618808
12,0.09057722596270713,0.4427018817558346
13,-0.264219660026177,0.3233555065222399
14,0.1615075970595006,0.3087683578144309
15,-0.5885313061990886,0.16569597342502893
16,-0.10185160760462195,0.14149315280668356
17,0.06528564109633843,0.14581412665112373
18,-0.40539759077249865,0.07887262329697264
19,-0.10631625393039947,0.07023817464888919
20,0.005149456826482683,0.06837957802124853
21,-0.5806596336170662,0.03320513458983984
22,-0.15482137619440098,0.024694227208278813
23,-0.6962803360439599,0.01392973254044713
24,-0.21853665308342163,0.012255245439827384
25,-0.5965311977936205,0.005997112990518747
26,-0.09698766851303679,0.004697815527704249
27,-0.05113149595530216,0.004290718246935245
28,-0.8030520751473957,0.001989334050491143
29,-0.7400566908060175,0.0010758406190012396
30,-0.28066730401040435,0.0009305377362238984
31,-0.5938976474054249,0.00045495564181878464
32,-0.26858035086660437,0.0003931605961340477
33,-0.5999132771029143,0.00019222408821969845
34,-0.2606977634074504,0.00016610377680845322
35,-0.043149711639658535,0.0001503107102128736
36,-0.0991730752870426,0.0001290018865252816
37,-0.7567748067089245,6.349877961048017e-5
38,-0.09955059015967152,5.450392815035975e-5
39,-0.14759673099379797,4.436178746375422e-5
40,-0.7236007118582614,2.3027564310641782e-5
41,-0.1195429750092968,1.874289313952621e-5
42,-0.7545619481155285,9.72927403058312e-6
43,-0.6930858721789006,4.7889775371330955e-6
44,-0.29517373786371087,2.2362170646870474e-6
45,-0.08463658150156825,1.095051397941268e-6
46,-0.7845320904026504,9.448022308350063e-7
47,-0.08735396834062834,4.6266026122216704e-7
48,-0.13966986946684967,3.6274208986366755e-7
49,-0.20098254962893447,3.309186879416558e-7
50,-0.24665050194850183,2.8810103654472174e-7
51,-0.6055448126905167,1.398131657864038e-7
52,-0.6252079916626696,6.475171379005795e-8
53,-0.2411118010839489,5.907106284129308e-8
54,-0.26947249156542713,5.142783101213645e-8
55,-0.5825179655456865,2.495752451156314e-8
56,-0.5899150965732469,1.1558585779728405e-8
57,-0.5916501644746227,6.228658807363149e-9
58,-0.575405206336861,5.374025515944708e-9
59,-0.28739339476235437,2.6316083499476267e-9
60,-0.2781699678813002,2.0632798144419476e-9
61,-0.5769724317713403,1.1118545271843514e-9
62,-0.5517874681917153,9.592971390077816e-10
63,-0.3120207292049905,4.697585381365045e-10
64,-0.5454846058533416,4.0530304113652386e-10
65,-0.48905188831106283,3.667204247351968e-10
66,-0.3756205380103098,1.712405349167489e-10
67,-0.3235330641245459,8.385483517225356e-11
68,-0.5340329703479232,7.234912599932275e-11
69,-0.4744492742268137,6.546188781144731e-11
70,-0.39409798338103086,5.6189338158799595e-11
71,-0.47335614291924144,2.765764760083176e-11
72,-0.3830515223415177,2.373999537215465e-11
73,-0.3231574641099197,1.9322537064392846e-11
74,-0.2966427673329488,1.514325023820851e-11
75,-0.29330292830003846,1.1547617196618388e-11
76,-0.2990354051136499,8.626119480839642e-12
77,-0.30307405916631713,6.341780397607293e-12
78,-0.3087373380511931,4.60416485592671e-12
79,-0.315135442750426,3.3082263678259052e-12
80,-0.31814269079553575,2.3561753328747193e-12
81,-0.3240761035860891,1.6655856164753277e-12
82,-0.5298547412512092,9.954840781406655e-13
83,-0.5144409781744193,5.905390830745665e-13
84,-0.4770459064862754,3.47241005691722e-13
85,-0.36904023684883763,2.4950276259895464e-13
86,-0.4853023219094221,1.4670932490475157e-13
87,-0.3657979800042126,1.0541491719806449e-13
88,-0.4868888277001977,6.198468977225734e-14
89,-0.35565203813276736,3.6072104378366806e-14
90,-0.49977615453533575,2.6188531428779084e-14
91,-0.3293663345877501,1.881722156308836e-14
92,-0.2149503618057783,1.3401946647666432e-14
93,-0.6357462543590993,7.950276110404827e-15
94,-0.4843054644824649,4.674816538358512e-15
95,-0.3630660433015693,3.3589916566460473e-15
96,-0.19051389576343233,2.3923312387750305e-15
97,-0.16260116488055618,1.691144307278244e-15
98,-0.6866481742499592,1.0107599483824495e-15
99,-0.17820409765107859,7.145084698250576e-16
100,-0.1953886771171384,5.018678627573992e-16
101,-0.6459159797490268,3.0187982850108704e-16
102,-0.2219088153035545,2.1203917201500118e-16
103,-0.2167276429619182,1.4811708195630593e-16
104,-0.2261375772839892,1.0297068497428198e-16
105,-0.23549853819191446,7.128493530610196e-17
106,-0.6303617609810575,4.350511440163413e-17
107,-0.222677142682334,3.0117885166828084e-17
108,-0.6429848648823234,1.838091083469043e-17
109,-0.6387721118792616,1.1170826003756804e-17
110,-0.5480589128752251,6.756518229220309e-18
111,-0.3630535843826345,4.0641306520307246e-18
112,-0.24269550623996522,2.4290419631174904e-18
113,-0.6073566512455926,1.7170952004829811e-18
114,-0.5009960606321248,1.2060807321547584e-18
115,-0.35182799828500316,8.424913045682404e-19
116,-0.4991307099416733,5.095691093353855e-19
117,-0.34707641187403665,3.065122251312152e-19
118,-0.2528278730203377,1.8319565013989333e-19
119,-0.2414261802031928,1.0867495887926597e-19
120,-0.25521578241988785,6.390161649975144e-20
121,-0.2691725460010632,3.7187663418090255e-20
122,-0.5741344329844459,2.6998432971144988e-20
123,-0.3001381132316361,1.5711787794143138e-20
124,-0.5390644569858282,1.1406837930308758e-20
125,-0.3233779374257934,6.638230343025475e-21
126,-0.282935573733509,3.814901257603796e-21
127,-0.2756321328471463,2.157679443664393e-21
128,-0.5725876401797824,1.6117957813376039e-21
129,-0.2902178101485116,9.116195649482063e-22
130,-0.28238274339601016,5.050880238148479e-22
131,-0.28979667972895096,2.722944781317143e-22
132,-0.5556609237474441,2.1339969006177323e-22
133,-0.30971475603889126,1.150444170106493e-22
134,-0.5343576742553199,9.016136905109919e-23
135,-0.3234603680787167,4.8606266186999317e-23
136,-0.278989742138134,2.5231057606276743e-23
137,-0.24421810592633922,1.2419290257701918e-23
138,-0.22319672399702836,5.799202240730988e-24
139,-0.6347635474844534,5.247150133879061e-24
140,-0.2174636384246249,2.450162946708843e-24
141,-0.6438362568670191,2.2169209315639034e-24
142,-0.5250001421117847,1.9028983739608603e-24
143,-0.34203652193540446,9.36649093585749e-25
144,-0.20104003441956153,4.373693995059455e-25
145,-0.659791951855561,3.957342420399791e-25
146,-0.17699757458149357,1.84788571291262e-25
147,-0.6513390202349313,1.6719771726189118e-25
148,-0.20833443686048914,7.807317137055819e-26
149,-0.6696413487227457,7.064103554314903e-26
150,-0.38500377028719135,6.063486963206331e-26
151,-0.1638439631983677,4.935213749879175e-26
152,-0.6675172358414896,2.5618232419546752e-26
153,-0.2017278661130667,2.0851278093239515e-26
154,-0.671264221766098,1.0823703197258504e-26
155,-0.1984347273354223,8.809664994393697e-27
156,-0.647847125454903,4.573014600841717e-27
157,-0.2326810847189573,3.722083460131337e-27
158,-0.23977883695480473,2.917031084236182e-27
159,-0.5930220459459759,1.5725802619054905e-27
160,-0.5113479996314069,8.16311687591502e-28
161,-0.35883386481958673,6.644151606550694e-28
162,-0.491112050234409,3.4489168800740967e-28
163,-0.3866519496963677,2.807154053767669e-28
164,-0.3024388055596548,2.199992482917338e-28
165,-0.5329664648315194,1.1860225877168402e-28
166,-0.3566060299122961,6.156532188237265e-29
167,-0.5142440144921939,5.0109454331036505e-29
168,-0.3277770743757129,3.92712408153763e-29
169,-0.19897427054809172,2.994662629417251e-29
170,-0.16495283106208727,2.237025804179123e-29
171,-0.17744376216601496,1.6446243789206803e-29
172,-0.6931353847714282,9.451434022656798e-30
173,-0.7154856986400479,5.34565995992413e-30
174,-0.13412313213973637,3.993230874572495e-30
175,-0.12862007342226986,2.9357573053970972e-30
176,-0.16964367392510166,2.1313747502284757e-30
177,-0.6947394387288319,1.2403574615302737e-30
178,-0.7439554334191744,7.128166688041566e-31
179,-0.6843204007489744,4.031637438359601e-31
180,-0.16699106230677205,3.0116504256975618e-31
181,-0.08053408722031188,2.2141155911728846e-31
182,-0.1293606906278256,1.607459191683682e-31
183,-0.1887719563181956,1.1550061845122994e-31
184,-0.2317823862091476,8.226151353249082e-32
185,-0.6261998772170961,4.879901129564466e-32
186,-0.2382200682531677,3.4755489467477376e-32
187,-0.6132912634186759,2.0617582272409865e-32
188,-0.620021950564543,1.2123278896174252e-32
189,-0.24226389250250852,8.710928510093171e-33
190,-0.6136067565315833,5.1220853336336236e-33
191,-0.24862036021519068,3.6803672955143654e-33
192,-0.6070719928265995,2.1640810534602054e-33
193,-0.25504198047154236,1.5549551823548196e-33
194,-0.24923405434969384,1.1074656438286421e-33
195,-0.2617329848596927,7.828699423855846e-34
196,-0.2746588666973943,5.498846849194937e-34
197,-0.2849052375591997,3.841144736076218e-34
198,-0.29320572185021865,2.670355770820574e-34
199,-0.3000387828694607,1.8486439943054107e-34
200,-0.30976025323127687,1.2750452394839866e-34
201,-0.31847702653809495,8.765241591348642e-35
202,-0.5427132661693808,5.387066136819846e-35
203,-0.5514251528117973,3.299945070084802e-35
204,-0.3067421744101016,2.276035442806385e-35
205,-0.555152710315727,1.3942267921108293e-35
206,-0.3067746608248903,9.616249745856977e-36
207,-0.31011091719181305,6.610647968796246e-36
208,-0.3156331398305845,4.531046747694521e-36
209,-0.32164738980428426,3.097399709663254e-36
210,-0.5356177375361859,1.9143672509009357e-36
211,-0.5292000264551897,1.1800419789799347e-36
212,-0.3287736899743099,8.088201635056453e-37
213,-0.5269580755076966,4.985677361190225e-37
214,-0.3351776588763764,3.4172651908113506e-37
215,-0.3196182063188541,2.3360244992499975e-37
216,-0.31588066142091453,1.5930528350596718e-37
217,-0.309121746231723,1.0840069072118414e-37
218,-0.3063201827342007,7.361489339167238e-38
219,-0.5554257498800456,4.579929182970031e-38
220,-0.31468883708628165,3.110229245798157e-38
221,-0.514204591904742,1.9350200798048376e-38
222,-0.3526623206694119,1.3140718563497216e-38
223,-0.31646482096259365,8.907522219796911e-39
224,-0.5289530078769303,5.5519535930775754e-39
225,-0.4425308320089671,3.454131781206624e-39
226,-0.42596557714214683,2.3457003930752755e-39
227,-0.4168655406503374,1.4593706775597991e-39
228,-0.45096381169894145,9.910584160743039e-40
229,-0.31065590465088744,6.717954440346205e-40
230,-0.5339547498140605,4.187221807913934e-40
231,-0.3301689757445349,2.6050678701115886e-40
232,-0.2004875888083682,1.617498498161406e-40
233,-0.19127407692225618,1.002115576602559e-40
234,-0.22334374867657078,6.193637958577241e-41
235,-0.633217852049269,4.2339383111458106e-41
236,-0.65814851374403,2.887335912874245e-41
237,-0.20274485375662085,1.7888389364591057e-41
238,-0.6463454943897083,1.219899423189369e-41
239,-0.6240354195977853,8.300913640390862e-42
240,-0.5047797235474705,5.6371492526978365e-42
241,-0.31331994461830615,3.82117857422205e-42
242,-0.19481595082683642,2.5858482273591674e-42
243,-0.18416534819510508,1.7471613828021865e-42
244,-0.20755015877061933,1.1787927263902578e-42
245,-0.23568796718963558,7.94257053994943e-43
246,-0.26315013829164563,5.3449551470627995e-43
247,-0.2887814627733707,3.5927130400087505e-43
248,-0.561747595095951,2.2582435496340324e-43
249,-0.30406350944988153,1.5179212594036976e-43
250,-0.5338123029138846,9.541078997203792e-44
251,-0.48437407475592387,5.990198588337932e-44
252,-0.41245586011945323,3.756161877374533e-44
253,-0.43881052591322633,2.530858903572777e-44
254,-0.3451511409844662,1.7031422327446092e-44
255,-0.49271717102971724,1.0692878867594981e-44
256,-0.3596225161276613,6.70498371123088e-45
257,-0.2608720560786768,4.1987499820868225e-45
258,-0.5998570920313651,2.8328556179950476e-45
259,-0.45375269510389776,1.9087457083586276e-45
260,-0.40818722020212506,1.1968814986029078e-45
261,-0.2591502405992823,7.495031139898859e-46
262,-0.5821430063307166,5.056824331597287e-46
263,-0.2793386918690403,3.1666506566072676e-46
264,-0.19569222365366132,1.9801444695288716e-46
265,-0.653448504910342,1.337909902416571e-46
266,-0.5038369878423785,9.02674748342188e-47
267,-0.2629179232193847,6.082119190957186e-47
268,-0.5957873541683754,3.813800811745744e-47
269,-0.2583184461116039,2.569695358179411e-47
270,-0.1662917705652304,1.7292772361291334e-47
271,-0.7051915842626016,1.085696288830801e-47
272,-0.1671162228766103,7.306196322645588e-48
273,-0.20136624058133373,4.91099851710774e-48
274,-0.631267291024111,3.086867946317761e-48
275,-0.6015294688212435,1.938035731581032e-48
276,-0.511217631044469,1.215247846060837e-48
277,-0.38771486448716075,7.61004365056434e-49
278,-0.46758020533182854,5.134422149607036e-49
279,-0.4140852251240932,3.2152434423634332e-49
280,-0.3087721810919982,2.010530118723646e-49
281,-0.5320398933325643,1.3584403543985505e-49
282,-0.33859439628598814,8.494489751607406e-50
283,-0.5039090269263344,5.739410497333874e-50
284,-0.3661351527669434,3.588921920054129e-50
285,-0.24249865876041007,2.24070676950635e-50
286,-0.20317274294889145,1.396606114812213e-50
287,-0.21195496218086674,8.688944325858975e-51
288,-0.2364755514728678,5.395005081799629e-51
289,-0.25637872076650325,3.342456660372043e-51
290,-0.2846122014518823,2.0658262310186656e-51
291,-0.5656383073877069,1.4121879390071886e-51
292,-0.5562904866655713,9.630421258829954e-52
293,-0.31495217260623437,5.966494042305374e-52
294,-0.5485017667405794,4.068852981855656e-52
295,-0.3232754272669297,2.52084373287402e-52
296,-0.31123260366858124,1.558023225674528e-52
297,-0.5191022387397817,1.0650564771392736e-52
298,-0.44413337676851866,7.263156875923713e-53
299,-0.364471373818473,4.942279407430683e-53
300,-0.3113822249850579,3.3563012308257085e-53
301,-0.546913273237757,2.088113049639464e-53
302,-0.3140930462845805,1.4180372700238619e-53
303,-0.30063924580754153,9.612258591645909e-54
304,-0.30886681726889365,6.504757984304851e-54
305,-0.5443412080003204,4.061179254970396e-54
306,-0.5351207098210274,2.5312851543219707e-54
307,-0.3307797767302294,1.715848235224993e-54
308,-0.3346743565676294,1.1611399549358175e-54
309,-0.5162823742603446,7.249458793825597e-55
310,-0.4916761381932061,4.5185022057868636e-55
311,-0.4548776301101006,2.8111730061866466e-55
312,-0.39086982081623806,1.9090671819449496e-55
313,-0.47168542924434254,1.1877205951138582e-55
314,-0.42152628910611906,7.37461123709512e-56
315,-0.4100314892037286,5.018119514356051e-56
316,-0.4619370274115237,3.1157732476726883e-56
317,-0.4037654071750126,1.9303664938196248e-56
318,-0.3479063448465138,1.193075077290078e-56
319,-0.3018959117901403,7.354276848470167e-57
320,-0.5390730879797537,5.0407422015505804e-57
321,-0.4075885869079262,3.445824839373894e-57
322,-0.25306113766648625,2.3498816177852754e-57
323,-0.6208455064455343,1.4558609946354704e-57
324,-0.22960456232353452,9.928249835142789e-58
325,-0.6618685213364369,6.151012702334865e-58
326,-0.18004564756048758,4.194685555347828e-58
327,-0.1525840677462436,2.8543109277404883e-58
328,-0.7093905787274819,1.7722546471344575e-58
329,-0.6960343714826606,1.0979942111961624e-58
330,-0.15171304878130618,7.487775884143086e-59
331,-0.7362192163395009,4.639025542303788e-59
332,-0.10848654186368868,3.1635853110504533e-59
333,-0.1148196195367424,2.1526896366900214e-59
334,-0.17317633209110742,1.461891220950725e-59
335,-0.224512775242938,9.909525472767634e-60
336,-0.26590006222640694,6.705922892636226e-60
337,-0.297495064315128,4.5309424544334584e-60
338,-0.32378446816504214,3.0569826356926136e-60
339,-0.5243398698527095,1.9143231869981358e-60
340,-0.5167055830624093,1.1970491483536454e-60
341,-0.35518379815103196,8.088015465067126e-61
342,-0.36742345875214855,5.4569050661260464e-61
343,-0.4793283978706229,3.4171865339908606e-61
344,-0.39276259336970737,2.305542390438255e-61
345,-0.45301123281588873,1.4437613106111384e-61
346,-0.4199922384320154,9.740916599601625e-62
347,-0.42788765333167994,6.099891537332061e-62
348,-0.4448488923805157,4.115537263331689e-62
349,-0.4033671359441789,2.577204174522796e-62
350,-0.37267510155241207,1.6115565455191747e-62
351,-0.4988243289300778,1.0888687637358812e-62
352,-0.4913232912030775,7.346491236126022e-63
353,-0.47899998382053666,4.949981753173248e-63
354,-0.36322818207299395,3.1038925472632437e-63
355,-0.3160307632480606,1.9436987975662826e-63
356,-0.5478711965814925,1.3113946012187211e-63
357,-0.49649843937751825,8.836026803273823e-64
358,-0.40162633719485563,5.946206798440847e-64
359,-0.44299745449773764,3.73322132438319e-64
360,-0.42703629054481523,2.5122723723412584e-64
361,-0.3136903183151548,1.6886715536095984e-64
362,-0.5506453438062823,1.0614350773141814e-64
363,-0.31546302680593885,7.134637314000554e-65
364,-0.24037045988792308,4.790473900448757e-65
365,-0.6139361001017363,3.0143842651652343e-65
366,-0.25327242911790737,2.0239752229396e-65
367,-0.23660543229243527,1.3575925688952792e-65
368,-0.26030167310008334,9.097420632130432e-66
369,-0.5994086130136245,5.735828603582554e-66
370,-0.5819363943001727,3.61292227139862e-66
371,-0.5301934660961107,2.2734151719621784e-66
372,-0.3418685642607974,1.5264596596659174e-66
373,-0.3027035632292707,1.0238812546682582e-66
374,-0.5401680502281998,6.449292062088501e-67
375,-0.3381617142171167,4.325898300973393e-67
376,-0.5145594532066053,2.7248258962323915e-67
377,-0.3602039748615307,1.8276920321612582e-67
378,-0.3256701573134106,1.224762390685037e-67
379,-0.30780624973749776,8.199922231734349e-68
380,-0.2949975458822071,5.485283722786304e-68
381,-0.28571294174339623,3.666405218164544e-68
382,-0.288557802447303,2.4487965103987395e-68
383,-0.5674917277636561,1.5490562046745202e-68
384,-0.5317431716932665,9.79157427540623e-69
385,-0.44938996431496375,6.184290379286788e-69
386,-0.41709305917283956,4.136940131359132e-69
387,-0.4246345013974106,2.612862685248669e-69
388,-0.437056206105183,1.7478572054992333e-69
389,-0.4139917690506936,1.1039344845175626e-69
390,-0.27375047896693433,6.966459578367511e-70
391,-0.22062430714196216,4.392279936378471e-70
392,-0.6209160423444207,2.943329171860275e-70
393,-0.2388903507473757,1.8557382731199043e-70
394,-0.2353448537798942,1.1689048959123452e-70
395,-0.6244535510849046,7.840494203931596e-71
396,-0.6220519071572382,5.2540265298438324e-71
397,-0.2340721523039052,3.3126088011611e-71
398,-0.24904125717199582,2.0865682957595317e-71
399,-0.2689992081121815,1.3129637630091185e-71
400,-0.29322311856149086,8.252793684605958e-72
401,-0.5516679373697857,5.547271898713524e-72
402,-0.5416491192648496,3.7246548184492494e-72
403,-0.32969708903752293,2.343722377206465e-72
404,-0.3296400805866355,1.4731752526626917e-72
405,-0.5170311084025292,9.902227043697318e-73
406,-0.34978869467096396,6.224165442499875e-73
407,-0.5028313539168591,4.183690925962115e-73
408,-0.36063403277590567,2.6297098994561972e-73
409,-0.49178260106479044,1.7676094162189947e-73
410,-0.3758290373966534,1.1110524325202434e-73
411,-0.4773075907059857,7.46814978352525e-74
412,-0.38944500098701806,4.694196527398029e-74
413,-0.46446285567030343,3.1552932835394188e-74
414,-0.40249254538692975,1.983298032825667e-74
415,-0.37563080519180614,1.2451787769462447e-74
416,-0.35488193125808437,7.807909843902285e-75
417,-0.4987732908692008,5.260880332597881e-75
418,-0.3631417864555893,3.2988419090487154e-75
419,-0.4896606007264421,2.2227219405226044e-75
420,-0.4018056284249018,1.4957813741445674e-75
421,-0.4616694765207219,9.391000198708006e-76
422,-0.36377057029238874,5.888638985271273e-76
423,-0.49391671638713985,3.967697583954133e-76
424,-0.38994553085690303,2.670063239183937e-76
425,-0.301139983002662,1.7947336793528805e-76
426,-0.5437473355370795,1.1281017185552133e-76
427,-0.3165390607328964,7.58274979526592e-77
428,-0.5452472359837126,4.7662297608957774e-77
429,-0.4395855268252418,2.992393501173136e-77
430,-0.3175029177455768,1.8763842676422053e-77
431,-0.2476638152142162,1.175016785940021e-77
432,-0.23212211716114656,7.34752027486208e-78
433,-0.24189483227271977,4.587349289203905e-78
434,-0.25832143608941677,2.859240733892681e-78
435,-0.6047166336073191,1.9381550746886496e-78
436,-0.6265521365663179,1.3115782910645997e-78
437,-0.23540349385451403,8.188705190559547e-79
438,-0.249340477214459,5.1039234125443044e-79
439,-0.6138046320977629,3.4597279430114097e-79
440,-0.6148203799495862,2.3412492231935027e-79
441,-0.5747100749225142,1.5818949414741275e-79
442,-0.291380206215755,9.89177796799255e-80
443,-0.5638121310447374,6.6835061277281885e-80
444,-0.30242240357316846,4.179276191476852e-80
445,-0.5489718144430601,2.8237813389651594e-80
446,-0.31756466364170804,1.7657441908989705e-80
447,-0.25386572338015895,1.1024243630533375e-80
448,-0.24044374875628297,6.871281095372652e-81
449,-0.24889621837941112,4.274947549764095e-81
450,-0.2664667440287207,2.6543343921269937e-81
451,-0.28296561717193697,1.6444836535464373e-81
452,-0.5795658274525002,1.121456280673655e-81
453,-0.2809374634176278,6.947943436233696e-82
454,-0.5806144624990143,4.7381527858461925e-82
455,-0.2797874311460821,2.935506101808737e-82
456,-0.5805633192586444,2.0018695520200164e-82
457,-0.280665351281892,1.2402513280141912e-82
458,-0.578483771359831,8.457898857284569e-83
459,-0.5706425223723588,5.7552521674224235e-83
460,-0.28922837407713037,3.57346226720273e-83
461,-0.2766414698541083,2.2139261362133325e-83
462,-0.5838237840863626,1.509787807893154e-83
463,-0.2768710706542739,9.353837925501333e-84
464,-0.5829294302075902,6.378853488348575e-84
465,-0.277262428259166,3.951996523524314e-84
466,-0.58227552451189,2.6950655988272735e-84
467,-0.5454488941256739,1.8338812500266824e-84
468,-0.46543919910155435,1.2453884916742382e-84
469,-0.3921325566739479,7.748148281362737e-85
470,-0.47020434690670626,5.261766377323656e-85
471,-0.35773392177297886,3.566722831397216e-85
472,-0.2851589309301762,2.413654251405318e-85
473,-0.5663792821568384,1.5069403962653244e-85
474,-0.47643534011507627,9.392581843921307e-86
475,-0.38731450714900495,6.3668231742209924e-86
476,-0.30381387873286264,4.3085236921492054e-86
477,-0.5463790901924341,2.68998279110837e-86
478,-0.3226632580239126,1.820351259933039e-86
479,-0.5344640350603103,1.1365177292432864e-86
480,-0.32415225219852967,7.690984073217091e-87
481,-0.5406236683089661,4.801787406052886e-87
482,-0.3224126231182623,3.2494407709342227e-87
483,-0.5288074764793205,2.0287551790573445e-87
484,-0.33862146114178665,1.3728887257197086e-87
485,-0.5124638586950825,8.571490631517282e-88
486,-0.34997376901514543,5.80045486616577e-88
487,-0.27605853687868026,3.919151417174119e-88
488,-0.2539388709258667,2.6442131961372343e-88
489,-0.6067221414037087,1.6558414737560658e-88
490,-0.2555984301639264,1.1171800753679818e-88
491,-0.6043263755635837,6.995930226619375e-89
492,-0.5799516198197802,4.3746387112660526e-89
493,-0.5097631228494733,2.7312610284735703e-89
494,-0.39272204845668285,1.7023628015167972e-89
495,-0.2979468427349095,1.0591200659880865e-89
496,-0.2550329715905496,6.576124698182841e-90
497,-0.6093446393716778,4.474782278799666e-90
498,-0.24943677824673954,2.7784126849822513e-90
499,-0.6149572437367121,1.8905955127928592e-90
500,-0.5806920080347935,1.2839031393166399e-90
501,-0.2784991591333557,7.987766041549827e-91
502,-0.5841609710932076,5.424490763612802e-91
503,-0.4761310172143669,3.677026623352687e-91
504,-0.3897202790024167,2.2918473476264088e-91
505,-0.47065435377855375,1.5535437483665098e-91
506,-0.3891888903165741,9.683055043721579e-92
507,-0.4703597154988196,6.563722336848507e-92
508,-0.3067542921998586,4.4417682764467385e-92
509,-0.5672059837240447,2.7731726873184934e-92
510,-0.2913831803575376,1.8766470967987472e-92
511,-0.22283982034797503,1.2679805806016437e-92
512,-0.6397446824638666,7.928833983974707e-93
513,-0.2235815906798465,5.357217953041945e-93
514,-0.22682035818530713,3.614462647179593e-93
515,-0.622445074517513,2.2634245851602225e-93
516,-0.2419895778038341,1.527110468433378e-93
517,-0.621283715464676,9.562968872301942e-94
518,-0.2435542264500681,6.452041729131023e-94
519,-0.6126630834453703,4.04035434854757e-94
520,-0.6091421163627494,2.52648182126445e-94
521,-0.2527225934342482,1.7070497122613485e-94
522,-0.6062953461104297,1.0674385694842304e-94
523,-0.25878968759341936,7.2122850343042e-95
524,-0.5946060911359538,4.509927956070873e-95
525,-0.5492268048127258,2.815727487602051e-95
526,-0.3094777105368719,1.9054445614399448e-95
527,-0.26603919017674066,1.287437955404764e-95
528,-0.5933419661835757,8.050503272083767e-96
529,-0.5559977189201856,5.026249548337636e-96
530,-0.4748269629020902,3.1328020914253656e-96
531,-0.37488106106851127,1.9490637100632797e-96
532,-0.29970254825351983,1.2101825292226305e-96
533,-0.5561394259152929,8.234794175017359e-97
534,-0.31107249932273084,5.113021185965616e-97
535,-0.5439874318786346,3.479200538944835e-97
536,-0.44842958350680423,2.362724582829809e-97
537,-0.4157659484170505,1.4699622277041924e-97
538,-0.43658988937352633,9.982511362455945e-98
539,-0.32202607196504085,6.76671076553266e-98
540,-0.5435573143762339,4.217611050637637e-98
541,-0.43680631462182906,2.6239744490912154e-98
542,-0.4174791319126128,1.7819406688944013e-98
543,-0.45606530435229686,1.1086292047410389e-98
544,-0.3379820716893864,6.88352919423052e-99
545,-0.26537851438443255,4.264666604252091e-99
546,-0.5943145223553661,2.9082910845623945e-99
547,-0.5081351903859048,1.9789724197880505e-99
548,-0.3660706469301534,1.3439198840758628e-99
549,-0.49285710645028785,8.361158473604514e-100
550,-0.3582404473530263,5.678061510220519e-100
551,-0.5064055390142101,3.5325894550979073e-100
552,-0.350897524498284,2.3989809880681704e-100
553,-0.2401724009721351,1.6261649888345615e-100
554,-0.22331608577202117,1.1004499716759473e-100
555,-0.6329907181703794,6.870547077826022e-101
556,-0.620932832932892,4.282331000013438e-101
557,-0.5465952585551537,2.664239777370575e-101
558,-0.40434348811673265,1.654238604714045e-101
559,-0.44938580054222194,1.1256413059390678e-101
560,-0.4157680573025738,6.989158104916841e-102
561,-0.44192622247634383,4.755834517592564e-102
562,-0.4219126171286048,2.9529192993273656e-102
563,-0.28354660065603715,1.829470895750395e-102
564,-0.22766097684832234,1.1307159222539342e-102
565,-0.6367860398463594,7.729514534545418e-103
566,-0.22476494488682688,4.777274771522873e-103
567,-0.22342119414877032,2.94477706556342e-103
568,-0.6389045363537337,2.0183985909684138e-103
569,-0.22353878546862282,1.2441683102005447e-103
570,-0.24183337642815017,7.646585553330396e-104
571,-0.6183893594937524,5.2566111105973035e-104
572,-0.6240425842783096,3.602967634790554e-104
573,-0.5865299111744638,2.4629697125955918e-104
574,-0.27670936028862747,1.5222538256990095e-104
575,-0.2448201084869093,9.3833793706106e-105
576,-0.250731497267771,5.766969995013304e-105
577,-0.6089335282376621,3.964477784082979e-105
578,-0.5889582560024768,2.7173182197368386e-105
579,-0.2759741953734033,1.6749918637750588e-105
580,-0.5744105651236209,1.1480669478388147e-105
581,-0.29040386570650173,7.076840624449623e-106
582,-0.2649972492593736,4.349384792915652e-106
583,-0.2666118887289021,2.6642945419186336e-106
584,-0.27510411455870193,1.6260159085239105e-106
585,-0.5776718449523994,1.125664443960623e-106
586,-0.28756535236562164,6.86991721351352e-107
587,-0.29123127382179725,4.1751276932118274e-107
588,-0.29195518662178366,2.5252677249669207e-107
589,-0.5718361383415363,1.7639914503819977e-107
590,-0.5675395878681232,1.2263231595947479e-107
591,-0.2935690397240454,7.452863877863939e-108
592,-0.5592718365527939,5.1812153492878115e-108
593,-0.3045814506340275,3.148834988397515e-108
594,-0.2820566246392873,1.904528903481228e-108
595,-0.27321496633228326,1.1455980775485505e-108
596,-0.2753671847229151,6.846989040181862e-109
597,-0.5831594145118396,4.840151877642626e-109
598,-0.5710551289489443,3.3997031257704605e-109
599,-0.28814316646767435,2.04496416830401e-109
600,-0.5689468569493588,1.4363745706380196e-109
601,-0.28965343179898534,8.639973611084441e-110
602,-0.566332321435498,6.068682560945633e-110
603,-0.4823877199763006,4.2391957283383286e-110
604,-0.37397058611231676,2.56401838199953e-110
605,-0.27937685360126874,1.5422892894136425e-110
606,-0.575341799786726,1.0832977663948015e-110
607,-0.2827225219273626,6.516172247772639e-111
608,-0.5712611549746037,4.576933063018036e-111
609,-0.4305357778114776,3.1971543897351575e-111
610,-0.2792541885301986,2.222655031623418e-111
611,-0.5778590423643474,1.3507977296631042e-111
612,-0.4130633392055077,8.170111575803633e-112
613,-0.26267447076493217,4.914424820484252e-112
614,-0.21172247874074412,2.9372441822404633e-112
615,-0.21877191109869834,1.7424261464701347e-112
616,-0.6348744130837116,1.2409856669965955e-112
617,-0.6114740875269729,8.772555456115672e-113
618,-0.25088801046386633,5.243164443060617e-113
619,-0.5974620844946067,3.70640468020887e-113
620,-0.46642150132085325,2.6033636743674795e-113
621,-0.3957123596445832,1.5659559773882483e-113
622,-0.26609545422174247,9.359376228640894e-114
623,-0.5852355114954925,6.61616400446535e-114
624,-0.43512978730126767,4.6471668689755994e-114
625,-0.2860670850744428,3.2462152603953372e-114
626,-0.22852517040136205,2.2567620460919023e-114
627,-0.6197013304883304,1.37152594751703e-114
628,-0.5162082478279387,8.295483309050756e-115
629,-0.34710969009661324,5.794697128259453e-115
630,-0.5041246261624065,3.504841698073944e-115
631,-0.32354697335981547,2.1082063412565497e-115
632,-0.22157510719211237,1.260028800320132e-115
633,-0.2107405526008484,7.474717765237047e-116
634,-0.6408176788477574,5.323621681352557e-116
635,-0.5925993729828039,3.763280082039272e-116
636,-0.2732541500770743,2.2492301603714556e-116
637,-0.2304782527006487,1.3342838380808458e-116
638,-0.23481695317196044,7.845679906590325e-117
639,-0.6132727798171087,5.637349215891574e-117
640,-0.2487761702306615,3.314799760534413e-117
641,-0.2438983731834338,1.929053825948197e-117
642,-0.25218254889298786,1.1086011612006134e-117
643,-0.26081360662197145,6.270164744047657e-118
644,-0.6003206696176209,4.683839906072591e-118
645,-0.5825522394178244,3.4434816451816533e-118
646,-0.27233861616908694,1.9789223603156703e-118
647,-0.24295009534818804,1.119263595342157e-118
648,-0.24104282521703316,6.201343841620938e-119
649,-0.6245884056729348,4.728888690320615e-119
650,-0.6137968366921992,3.532500095810991e-119
651,-0.5179348593906213,2.5970356556715016e-119
652,-0.3443524299804457,1.885461108030039e-119
653,-0.2292715167348881,1.354758647497064e-119
654,-0.20929849531829967,9.648822517898124e-120
655,-0.6487793994910743,5.723855285675096e-120
656,-0.21074832034535484,4.076627513811958e-120
657,-0.6432691584147143,2.418328858197728e-120
658,-0.6044678714884304,1.4219938508420887e-120
659,-0.24430548567165766,1.0217439425885402e-120
660,-0.20356452116908327,7.27703490137396e-121
661,-0.6500962612604991,4.316868157436582e-121
662,-0.2104928912255957,3.0745472458304986e-121
663,-0.2210845979702421,2.1734043296222648e-121
664,-0.6193847746670668,1.2989962113633856e-121
665,-0.5835413396460493,7.705879465284143e-122
666,-0.28029882604884293,5.488258993010306e-122
667,-0.55439058370166,3.2557340740825496e-122
668,-0.30780417093220364,2.3187894245468536e-122
669,-0.266045379175799,1.63915743419683e-122
670,-0.2719587456851246,1.1513375599657803e-122
671,-0.5644969789041895,6.925440159481609e-123
672,-0.5116209669683323,4.139184047155169e-123
673,-0.4375796109672417,2.4554385203731753e-123
674,-0.4337141912829869,1.748805259923059e-123
675,-0.38413275544134784,1.2362343524684645e-123
676,-0.3553419331444367,8.683260150751357e-124
677,-0.33682949839667836,6.0655733710645416e-124
678,-0.5097622072349598,3.6686774136924496e-124
679,-0.3649672254996669,2.5627047492747682e-124
680,-0.47398415929159704,1.5500162072850601e-124
681,-0.3681329931633057,9.323542341568682e-125
682,-0.5059453501567586,6.548818475779379e-125
683,-0.412045790511789,4.5745881465022936e-125
684,-0.4266396712948662,2.7668758060167873e-125
685,-0.28142430419673964,1.6643105801096448e-125
686,-0.5946599977199524,1.1690050280420932e-125
687,-0.452750876205597,8.165925753265751e-126
688,-0.38187029516370297,4.939046243477843e-126
689,-0.48006025390658286,3.4501036307547806e-126
690,-0.23806084467581243,2.398504813886877e-126
691,-0.6151512125407309,1.4576687839938944e-126
692,-0.24127814400234343,1.0133682838672057e-126
693,-0.12706081619238746,7.0153842887197965e-127
694,-0.7408538631082675,4.281480999338944e-127
695,-0.6263939527490683,2.6020298837281017e-127
696,-0.2721191086254595,1.573801466111142e-127
697,-0.5904503544939721,1.099357625875123e-127
698,-0.2580873773015794,6.649311194319574e-128
699,-0.0832803803278073,3.999644272822999e-128
700,-0.7825462734357989,2.8093339796000203e-128
701,-0.06954532145774656,1.6898497052677178e-128
702,-0.11530523807916353,1.00998619308806e-128
703,-0.17966114681812162,5.991419988337895e-129
704,-0.6717783477991243,4.267191665797053e-129
705,-0.19557139838628562,2.5313749450727613e-129
706,-0.240921085299415,1.4884657203949573e-129
707,-0.6083307211541589,1.0695059142932418e-129
708,-0.26272229002350134,6.288767668668695e-130
709,-0.5876201877078824,4.518662487888947e-130
710,-0.2814110944775398,2.657004340012524e-130
711,-0.30428710267227976,1.5462485694266455e-130
712,-0.540132978322003,1.1225843336552916e-130
713,-0.3306293299673335,6.532900205827578e-131
714,-0.3417891056499382,3.7543694513699226e-131
715,-0.504903387476978,2.7601503369621524e-131
716,-0.4848158715010624,2.003883197095549e-131
717,-0.3854216016309882,1.1661635173665092e-131
718,-0.3826566356582266,6.701784118786021e-132
719,-0.38439005203004123,3.790478665773866e-132
720,-0.38751678793257566,2.1001363421997603e-132
721,-0.4551591510320097,1.6014772362894585e-132
722,-0.41504017806053034,1.196310351354047e-132
723,-0.45808899638105804,6.766241323322966e-133
724,-0.38822969116835687,5.05441123447085e-133
725,-0.34461259844032094,3.715919557911245e-133
726,-0.524249133618923,2.1354887465639336e-133
727,-0.32875903896870473,1.5699760132175012e-133
728,-0.3046264046989442,1.139810578648474e-133
729,-0.29910818115987936,8.189870538067078e-134
730,-0.5605881314995373,4.815699694789802e-134
731,-0.5557240155445827,2.8025053070940663e-134
732,-0.30120138173899047,2.0346331210486918e-134
733,-0.5607782751924724,1.184058492247243e-134
734,-0.5307407856094454,6.804624120789003e-135
735,-0.3197759223582559,5.002647129744602e-135
736,-0.2723403053971545,3.631947285641982e-135
737,-0.26375609560135405,2.6096597652008264e-135
738,-0.6004246146985361,1.534497728183737e-135
739,-0.2626726094443052,1.1025812507973495e-135
740,-0.2784161487787752,7.852772019695709e-136
741,-0.5799681685744537,4.6584057846188046e-136
742,-0.28594780454869667,3.3177961783214374e-136
743,-0.3039913362635596,2.3453575444472313e-136
744,-0.5496812273301152,1.4017688853408079e-136
745,-0.5488839501653375,8.315545475906102e-137
746,-0.31616655257863086,5.922473540564911e-137
747,-0.3246041100383167,4.186609801684837e-137
748,-0.5277362816898296,2.5022450708886755e-137
749,-0.5160882819800393,1.484376839608464e-137
750,-0.3484438368514329,1.0571985424504653e-137
751,-0.3460117094873217,7.473360159120042e-138
752,-0.3501992267478584,5.2492579851323347e-138
753,-0.356852645111048,3.6667978270478895e-138
754,-0.4925733706215619,2.217811498718412e-138
755,-0.47511720947843017,1.3340414969039216e-138
756,-0.45309972698115153,7.973274124198109e-139
757,-0.41316160444171035,5.63632532441907e-139
758,-0.4419590814626223,3.3687083174737016e-139
759,-0.42109512696621915,2.3813474495670566e-139
760,-0.43447314088423333,1.4232792641326389e-139
761,-0.40449689316434334,8.44314891675716e-140
762,-0.38140214398963734,4.9646291076889915e-140
763,-0.4778714821249748,3.5672304173299e-140
764,-0.45374837019080944,2.540642441430769e-140
765,-0.4062434786242582,1.5071548513218829e-140
766,-0.4554199127641022,1.0734214315045e-140
767,-0.433248256281677,7.588040124948626e-141
768,-0.4159628360576614,5.329808729849992e-141
769,-0.4362450705895239,3.2059469527907927e-141
770,-0.4071289298995279,1.9161243440750018e-141
771,-0.3842699051501393,1.1366794688678331e-141
772,-0.47639046205130975,8.095625353716883e-142
773,-0.45578009784633594,5.7228156824161165e-142
774,-0.43370318103775524,4.0196826164872695e-142
775,-0.4221797003458235,2.417889625820809e-142
776,-0.3901590246534265,1.4451197232969245e-142
