t,lambda,delta_s
1,-1.6604050385717506,1.0096665278144294
2,-0.15032447625675643,1.001964671340548
3,0.1258190452651673,0.8684432306242694
4,0.8042694090013325,0.8408756214388116
5,0.3390181310481774,0.7389108656330848
6,0.39453702029287663,0.7140607064457523
7,-0.11521508669303479,0.5408399812145306
8,0.4088624052168,0.5773586927870908
9,0.45778673676179815,0.5811794683242734
10,-0.2887232258733172,0.46152572737192166
11,0.08530139072678927,0.45323756623472394
12,-0.6445313216065757,0.32208399831400225
13,0.13339861867815242,0.3271172373892864
14,-0.6233003230250374,0.23544647533052687
15,-0.05789736368373012,0.2018425191645797
16,-0.6629493770820831,0.12280320267001173
17,0.09232805149038367,0.13547310634474963
18,0.024455362546285282,0.1366769810893295
19,-0.7801091137455678,0.08327914939869363
20,-0.597539990393424,0.07503402978156891
21,-0.2527232318374744,0.04238779318582986
22,-0.059797891135472764,0.039077083721408445
23,-0.7724217297594805,0.019097025878374786
24,-0.07933707553803933,0.01674929413958634
25,-0.10186204869831075,0.015933505744094276
26,-0.1634179589122336,0.014265404648297671
27,-0.6987824878563188,0.006651787624391422
28,-0.16245713220123595,0.006082608577220586
29,-0.21112802282407925,0.005203300360473081
30,-0.6529391718086228,0.0025656060659446154
31,-0.20671100273624896,0.002211510993049953
32,-0.6560778296182098,0.0010844967223607512
33,-0.680375891215051,0.0005022180440134657
34,-0.18017504827972064,0.0004589830535048691
35,-0.1948704043386178,0.00039674622971488786
36,-0.6654173064302716,0.00019394063005138764
37,-0.6332741115686148,8.976283850018664e-5
38,-0.22805776443634426,8.196002766096241e-5
39,-0.622033361574585,3.793095897673016e-5
40,-0.425979115943002,1.794380617815405e-5
41,-0.2328696619952966,1.1874431882321759e-5
42,-0.17965108176638525,1.0714938996820087e-5
43,-0.6813368386957768,5.016860729216465e-6
44,-0.1808012920642479,4.527056886192352e-6
45,-0.6775989803929674,2.119613912182294e-6
46,-0.598710536438403,1.3533145760880827e-6
47,-0.3810616618948461,1.2087020343785246e-6
48,-0.4699299860039061,5.717773948182719e-7
49,-0.3907685466618944,5.10677430179297e-7
50,-0.45637364965370003,2.415762524447025e-7
51,-0.40112817939723333,2.1576133601636954e-7
52,-0.4466671497800914,1.0206602076933208e-7
53,-0.1967785160678956,6.754145155221846e-8
54,-0.6546348372641588,4.312289717865002e-8
55,-0.39148652026924363,3.8514759087878176e-8
56,-0.4621107086141231,1.8219426529436868e-8
57,-0.39937860718164137,1.627248663909911e-8
58,-0.17558402658169034,1.4856809374578643e-8
59,-0.14780586276454008,1.2846423568284619e-8
60,-0.6976818212355609,6.277001993663721e-9
61,-0.16778788246718096,5.427614036050488e-9
62,-0.17282877889577752,4.437774613890788e-9
63,-0.6641289810443316,2.2931669299483534e-9
64,-0.5665387808354523,1.120484086936343e-9
65,-0.29933718171456325,9.68863028714856e-10
66,-0.18255369661241913,7.921705084611051e-10
67,-0.1660449898284835,6.219752165287006e-10
68,-0.17947547730843302,4.743710307578218e-10
69,-0.692203823375457,2.627845290045896e-10
70,-0.6876633666101654,1.414073868873552e-10
71,-0.48829141143020943,7.307057491060799e-11
72,-0.20110115781407928,3.570364441782933e-11
73,-0.13833535831949875,1.652219264306141e-11
74,-0.7359275612595578,1.5084789766430723e-11
75,-0.12496798169978111,6.980626391760016e-12
76,-0.16311193702098029,3.3021903186436593e-12
77,-0.2047833915248244,2.1852029081051947e-12
78,-0.6565165822819787,1.3951754096293144e-12
79,-0.2051281131606602,9.232482286745842e-13
80,-0.24274184425741177,8.331123486897251e-13
81,-0.6141905133120483,3.9007237661493805e-13
82,-0.6398904443889178,2.4904753046453074e-13
83,-0.22271798744274882,1.6480557911981573e-13
84,-0.2512360126038632,1.4871576119329296e-13
85,-0.27846335920189275,1.3673333264036075e-13
86,-0.300176824446142,1.1694683009547522e-13
87,-0.3162666800081987,9.484233761648799e-14
88,-0.5413685080672366,4.94100357153377e-14
89,-0.32215069829533693,4.007088764296673e-14
90,-0.3294275576380027,3.132906086084198e-14
91,-0.5278186147506685,1.6929950029153222e-14
92,-0.5234723737532471,8.82000018790994e-15
93,-0.33893953131302457,7.152903887317216e-15
94,-0.5181295313057629,3.7264500793919385e-15
95,-0.34469843102381525,3.0221018923915198e-15
96,-0.5119821502754258,1.5744251585430927e-15
97,-0.48167706742245486,7.777404352866911e-16
98,-0.38564175838275117,6.651946294844562e-16
99,-0.3595799925892772,5.394640759287125e-16
100,-0.49767007960773463,2.8104473095718283e-16
101,-0.36963799136670367,2.279235720798809e-16
102,-0.48810697932507285,1.1874139882940972e-16
103,-0.3753871548374766,9.62977092037497e-17
104,-0.4817526866343874,5.016824100542562e-17
105,-0.3860865564246044,4.068578213858425e-17
106,-0.4711369319542716,2.1196081824792323e-17
107,-0.42722026430012566,1.0470519869004683e-17
108,-0.43583876057202847,8.955344570974758e-18
109,-0.4248301273765106,4.423794644654481e-18
110,-0.4367187143718686,3.783633081236836e-18
111,-0.4235317395530524,1.8690532373665174e-18
112,-0.3894267476657437,8.588770227410757e-19
113,-0.3646667289787379,4.02135680747936e-19
114,-0.49602496526266066,3.628755421081046e-19
115,-0.3724113610102023,1.6990232511600299e-19
116,-0.3722190505634269,1.0847667516804637e-19
117,-0.3747612686223609,9.688473904903786e-20
118,-0.47529720088971417,4.5831395258499594e-20
119,-0.3992064444168832,4.093380224821848e-20
120,-0.4444692901587453,1.9363764496716088e-20
121,-0.42643003293250215,1.729453144987231e-20
122,-0.4053423944113998,1.5789936400291606e-20
123,-0.3876344837995781,1.3653282294157512e-20
124,-0.36596792228604536,1.1163319524010297e-20
125,-0.3386748057629534,8.764916140548629e-21
126,-0.32330661565143115,6.684868131689827e-21
127,-0.3126528538577085,4.9898622058177596e-21
128,-0.2971218576156484,3.663648334148335e-21
129,-0.5574297374903288,2.1082167819580043e-21
130,-0.5244637097122311,1.1932907419324575e-21
131,-0.44368510608365186,6.610402517413343e-22
132,-0.35614868979713293,3.5571338609665223e-22
133,-0.292417166103655,1.8381063533800878e-22
134,-0.5799811960601855,1.502889056258356e-22
135,-0.2854358304261559,7.76599934303087e-23
136,-0.5855302951245926,6.349706262691553e-23
137,-0.5331360086442123,4.985492244480217e-23
138,-0.3223416442497777,2.682750895987182e-23
139,-0.263899527292182,1.3862794202269046e-23
140,-0.5978404222171735,1.1334622535545846e-23
141,-0.26272869620250544,5.857030550458672e-24
142,-0.259309731884946,2.861854260398997e-24
143,-0.2627081407652994,1.3243496057203509e-24
144,-0.2834620025867929,6.264845303395618e-25
145,-0.583520688419278,5.595377084168482e-25
146,-0.28059792768460495,2.646897140684648e-25
147,-0.29752335537460867,1.7515669211008897e-25
148,-0.5543962886729213,1.118314041939264e-25
149,-0.5564175580752314,9.9880978063085e-26
150,-0.5517494416480416,9.119150153250765e-26
151,-0.527460673365705,7.885169906247572e-26
152,-0.478054512007402,6.447143570906705e-26
153,-0.40951874312895,5.061995459642132e-26
154,-0.45385184032914805,2.723918158708082e-26
155,-0.4039404509662175,2.1386930816988007e-26
156,-0.45976784977335217,1.150855422054165e-26
157,-0.38445575718584646,5.946907667188272e-27
158,-0.48060836592453815,4.862364158178847e-27
159,-0.4091057803398363,3.817700819149968e-27
160,-0.45942307499225976,2.054348856830563e-27
161,-0.38497043875204884,1.6129785960908613e-27
162,-0.47070503538069264,8.67962392010913e-28
163,-0.39495957788777597,4.485091789086462e-28
164,-0.32289268035580604,2.1914994183993923e-28
165,-0.5086918201955616,1.8949512808890311e-28
166,-0.4027751027580918,1.5493671173889805e-28
167,-0.4692583118884511,8.006169161756155e-29
168,-0.37548821320891274,3.911963430556566e-29
169,-0.47173520533355234,3.3826064708419754e-29
170,-0.3853563511443895,1.6528045494101495e-29
171,-0.2937231113467125,7.648506367472951e-30
172,-0.2489688416819125,3.6181314199275324e-30
173,-0.6042987340071581,3.231493940257323e-30
174,-0.2633852026197792,1.5286605249193833e-30
175,-0.25813545359369755,1.0115811332014715e-30
176,-0.27649597651312,9.128213925560715e-31
177,-0.5637507037290791,4.273930287776219e-31
178,-0.3025137999577091,3.8566703835494014e-31
179,-0.5514453879768347,1.8057355465854521e-31
180,-0.5270472311448704,1.152898809316501e-31
181,-0.48641728079147034,1.0296987819504834e-31
182,-0.4292407114214425,9.401167256587289e-32
183,-0.42647529357746894,4.350477353740795e-32
184,-0.4338394775599698,3.971993165908129e-32
185,-0.3699035398487335,3.434513134809497e-32
186,-0.3244173859184994,2.808157533642683e-32
187,-0.5284474064335798,1.4510817994570123e-32
188,-0.46490138270120435,7.090256050718884e-33
189,-0.38217412989299643,3.281081757083163e-33
190,-0.4818815430125506,2.9956331814287275e-33
191,-0.37425070590578097,1.3862570423676368e-33
192,-0.49541558485027265,1.2656550191536373e-33
193,-0.4326314591403755,1.0943897952117663e-33
194,-0.3696752483794938,8.948048318749717e-34
195,-0.49376762135947655,4.623796884769712e-34
196,-0.3711319092534556,3.780550414671755e-34
197,-0.32322252297305903,2.9683112875560225e-34
198,-0.5214877945165982,1.5972825501988166e-34
199,-0.4506335256203016,8.253766426619233e-35
200,-0.41686514286225695,6.748518774589999e-35
201,-0.3506384538108698,5.298621167742973e-35
202,-0.5182830045444602,2.851249182264276e-35
203,-0.35265842230593764,2.2386674433714062e-35
204,-0.31463050457633257,1.7073975848339752e-35
205,-0.5265049284953354,9.458369948244193e-36
206,-0.33294743317499115,7.213754795923547e-36
207,-0.31117619230375726,5.3846450983194476e-36
208,-0.5394264410711079,3.047811401277699e-36
209,-0.48611383639374206,1.688378150573765e-36
210,-0.3817058221134188,1.2877003170398275e-36
211,-0.3378614453208278,9.61192804081886e-37
212,-0.5113032463807993,5.4405338394932705e-37
213,-0.4498272001605071,3.013860522408583e-37
214,-0.39761521558503227,1.6217931189891962e-37
215,-0.35103348766402126,8.380421857591168e-38
216,-0.5173235272794136,6.852075927729356e-38
217,-0.33745656477634217,3.5407282348322677e-38
218,-0.5311148793671765,2.895002079465651e-38
219,-0.32356921963103724,1.495957679216633e-38
220,-0.3057239204795321,7.309527960900682e-39
221,-0.3013526791232827,3.3825518674983335e-39
222,-0.5686467373746585,3.088275563480539e-39
223,-0.2860128447697693,1.4291281640180462e-39
224,-0.5816915240488866,1.3047964255705275e-39
225,-0.27184538452712037,6.038066492976245e-40
226,-0.59510150026114,5.512764898035478e-40
227,-0.5966011650019543,4.766791547862779e-40
228,-0.563005489034466,3.897466997801307e-40
229,-0.47393084971706817,3.0601087179140724e-40
230,-0.3616431313358814,2.3338983419651463e-40
231,-0.508594772479915,1.2928959333186955e-40
232,-0.3488261617129219,9.860720494802747e-41
233,-0.2865358540072763,7.360449832345599e-41
234,-0.26741587358123986,5.404177240689162e-41
235,-0.5968382584259833,3.1097900541660153e-41
236,-0.27077196275871435,2.2832648841911714e-41
237,-0.5899877853393386,1.3138862978851413e-41
238,-0.5905768917692976,7.436846004812241e-42
239,-0.5489578842954473,4.11974582759386e-42
240,-0.3106027932200442,3.142067437033173e-42
241,-0.5508368745766046,1.7405926121584057e-42
242,-0.31004729482442406,1.3275234921465158e-42
243,-0.5492149531865931,7.354003786369263e-43
244,-0.31054345730178295,5.6087867543190305e-43
245,-0.25007792043525773,4.186630535491668e-43
246,-0.2325059125141745,3.073900912366959e-43
247,-0.23439183190392854,2.2276994480370584e-43
248,-0.6296322873393002,1.29872313547504e-43
249,-0.6079925337125565,7.473397170261101e-44
250,-0.2496888573742331,5.487105247382045e-44
251,-0.21327713435269202,3.9765827459616526e-44
252,-0.22020582229765953,2.851704822661832e-44
253,-0.640808479278689,1.680106210168798e-44
254,-0.625080290898066,9.794825810654919e-45
255,-0.2236108890215353,7.098448737963172e-45
256,-0.18458677352372668,5.0904713400027894e-45
257,-0.19929302657141373,3.61896303297105e-45
258,-0.22744329146304476,2.55417935169965e-45
259,-0.2588825815028605,1.7915617751770708e-45
260,-0.5921795922318084,1.0791407760931023e-45
261,-0.5940160700094927,6.460075199042887e-46
262,-0.5697551902308491,3.839177012213675e-46
263,-0.29134433380376407,2.72938177159562e-46
264,-0.2626140680075635,1.926333731624693e-46
265,-0.26540417170605285,1.3511760157001033e-46
266,-0.28108797121707524,9.427104984088519e-47
267,-0.5514488080571334,5.708718666332935e-47
268,-0.314748029894631,3.9829518557774013e-47
269,-0.29700974605282104,2.7660333513335337e-47
270,-0.5486023395623224,1.6827971590659517e-47
271,-0.3189997575253633,1.168649090938418e-47
272,-0.3018394658499475,8.082907278859899e-48
273,-0.5453782864651794,4.937542409214815e-48
274,-0.31604127091311596,3.4150283253183074e-48
275,-0.29095331892470744,2.353488539424116e-48
276,-0.5531454665241607,1.4428494674469853e-48
277,-0.4812669666873824,8.813821796849025e-49
278,-0.3683898144965451,5.362145858834457e-49
279,-0.26698057215262483,3.2471243512822514e-49
280,-0.23266074017147703,1.9558936460157568e-49
281,-0.23649433322654964,1.1708592905122378e-49
282,-0.2573945722814325,6.958333973167044e-50
283,-0.5962604985448265,4.946880502414204e-50
284,-0.2720836139408715,2.939896103663077e-50
285,-0.5789582032711066,2.0900570122700017e-50
286,-0.5792820386158861,1.4751132896299482e-50
287,-0.2847179550084118,8.83049087684076e-51
288,-0.2891926081442419,5.247898288545071e-51
289,-0.3056772829912793,3.0918440207597684e-51
290,-0.5415968625772136,2.2172370269102923e-51
291,-0.5276596259776715,1.5762978120840563e-51
292,-0.508246452328669,1.11251407850085e-51
293,-0.4785779455518276,7.803436732280192e-52
294,-0.447822343426796,5.444428886919032e-52
295,-0.4099895184705141,3.2969520193883812e-52
296,-0.3594500784279681,1.9859071622539246e-52
297,-0.5111064894029569,1.3929622281915915e-52
298,-0.48502473850873995,9.718645839955906e-53
299,-0.43883894025070314,6.749290349599277e-53
300,-0.3870507195104701,4.66811539211556e-53
301,-0.3360778835636825,3.217061479286345e-53
302,-0.3031639733919105,2.209946629654902e-53
303,-0.538863394028377,1.3592084749984807e-53
304,-0.3297356941011331,9.337024510291965e-54
305,-0.5109493664592798,5.742655806868581e-54
306,-0.3535307732553887,3.944892855598356e-54
307,-0.5058807778654869,2.4262720784019763e-54
308,-0.3676192399401183,1.4874707556725095e-54
309,-0.48779246250614483,1.0250999531248345e-54
310,-0.36600573097541755,6.284563942716352e-55
311,-0.23829411910583181,3.8390024678052604e-55
312,-0.21285889476861727,2.335569252393617e-55
313,-0.6622719119148063,1.6219785426477232e-55
314,-0.6388328906595179,1.1218339422995112e-55
315,-0.2172555585498399,6.85285934268663e-56
316,-0.644559981928567,4.739748406215434e-56
317,-0.21321067445513728,2.895333072285102e-56
318,-0.6386253900252863,2.0025437016260218e-56
319,-0.45948012518984466,1.3800657571510778e-56
320,-0.40057377617099377,8.460747139369941e-57
321,-0.21740694134767946,5.168350492345927e-57
322,-0.6421186739374265,3.574665666383801e-57
323,-0.4528191542915246,2.4635036306244964e-57
324,-0.2431127679963729,1.6922932871177004e-57
325,-0.18919572053712425,1.1591694108367671e-57
326,-0.6512886193295735,7.149939138072288e-58
327,-0.5673053970095275,4.3975079496416406e-58
328,-0.3862778336709727,2.6959731891394258e-58
329,-0.25158610247199154,1.6468680755867376e-58
330,-0.22128789055404713,1.0019202832885866e-58
331,-0.237204721051339,6.067272013031644e-59
332,-0.6181598362065256,4.233113196894279e-59
333,-0.6145495541088566,2.9397624441770506e-59
334,-0.5585921317666445,2.0332730707963886e-59
335,-0.4302795908453302,1.4012430977985967e-59
336,-0.4314793698363282,8.59057872411474e-60
337,-0.4226594390331719,5.920252088199073e-60
338,-0.445093590478721,3.629519510938479e-60
339,-0.30761710120992103,2.217136222408717e-60
340,-0.2404106068473344,1.3488595625692136e-60
341,-0.23393219576478083,8.168212591349501e-61
342,-0.6295331506118413,5.698931651854927e-61
343,-0.6202272311996206,3.957726728013462e-61
344,-0.2405715589987041,2.4077986229087073e-61
345,-0.6149619505270537,1.6721395425856877e-61
346,-0.542075811466251,1.1565275654458651e-61
347,-0.40348556974990235,7.970283439892748e-62
348,-0.45007886986249024,4.88632896400878e-62
349,-0.40548284598402656,3.367444753354686e-62
350,-0.45730005397772316,2.0644739872937096e-62
351,-0.3122941235830632,1.2611090927200757e-62
352,-0.5450614166002076,8.722402596315924e-63
353,-0.3806101939365308,6.011099350035201e-63
354,-0.46291714716191695,3.6852150969434775e-63
355,-0.3817039862826167,2.539689475389872e-63
356,-0.24203097085171335,1.744628827470509e-63
357,-0.20199048428868102,1.1950176635825505e-63
358,-0.20644843918254857,8.164274397504021e-64
359,-0.2343494287692177,5.564662013527033e-64
360,-0.25543354814863983,3.7846847095031296e-64
361,-0.2697750063030146,2.5690370012020817e-64
362,-0.5874929023020072,1.5990292897650728e-64
363,-0.2702727383367367,1.0854181330078799e-64
364,-0.5825708636906307,6.755898749257431e-65
365,-0.5185188555874555,4.196806357632876e-65
366,-0.34176571159164926,2.8543672215612646e-65
367,-0.5169687470287007,1.7731506860998901e-65
368,-0.377587236945863,1.0991353080872145e-65
369,-0.4818726619547756,7.491561648772034e-66
370,-0.3491774159994741,5.095223888438206e-66
371,-0.5043527587130446,3.165184796606187e-66
372,-0.3514367876366035,1.962025220892434e-66
373,-0.2573027230029243,1.2133554101793015e-66
374,-0.5860001948974936,8.289556558270533e-67
375,-0.2687626205623932,5.126426608007548e-67
376,-0.5764849969351884,3.5023376458693015e-67
377,-0.4692222049391051,2.387147259831548e-67
378,-0.32254056434957806,1.6235666625672354e-67
379,-0.5285610193708445,1.0085697172788293e-67
380,-0.3796519135449672,6.251891593979568e-68
381,-0.4796335008478731,4.261207055503055e-68
382,-0.3937224398795767,2.6414241984563682e-68
383,-0.2694695982991434,1.6335092473060871e-68
384,-0.2354695226230067,1.0075741811790694e-68
385,-0.6190672720764572,6.901576569868218e-69
386,-0.23980573945840694,4.2570009154815684e-69
387,-0.23663090521254884,2.618231429101246e-69
388,-0.6285805630390207,1.7985828867909625e-69
389,-0.6168530960228579,1.2319745525750391e-69
390,-0.5289956902576248,8.41676119481899e-70
391,-0.3384282375965336,5.20509248462954e-70
392,-0.5101304422337849,3.556081604811023e-70
393,-0.35694071260122584,2.199151574755981e-70
394,-0.25776267850404544,1.356471260188844e-70
395,-0.23009754440628744,8.342858638303206e-71
396,-0.6209161726480399,5.7310910742978666e-71
397,-0.24136819732816547,3.5248577746831036e-71
398,-0.5994969115254832,2.4213859788908483e-71
399,-0.4757552739041659,1.6585757208431784e-71
400,-0.3069682539225597,1.1331269575888019e-71
401,-0.2221767218660263,7.723244259557922e-72
402,-0.2244133175504033,5.252797813389551e-72
403,-0.2541462822536059,3.5655894686674655e-72
404,-0.5962057706632604,2.2193070761570853e-72
405,-0.5939958409397165,1.3786473706077115e-72
406,-0.5585992471268998,8.545917807862894e-73
407,-0.30821637853304296,5.824785140817581e-73
408,-0.5345191242332131,3.6106502738220716e-73
409,-0.42308413131564443,2.2328979247344606e-73
410,-0.3187504218985685,1.3772865393208252e-73
411,-0.26649709044017017,8.470881204214971e-74
412,-0.5897164839558774,5.8190356286304885e-74
413,-0.5115492617760028,3.9858623517713105e-74
414,-0.3563015067014191,2.458542553096381e-74
415,-0.28591024306144375,1.5121052379598996e-74
416,-0.26631868938032555,9.27023947967937e-75
417,-0.26809958928902744,5.662838752859056e-75
418,-0.2696102441777645,3.445153313486104e-75
419,-0.2785917896932415,2.0862620138708968e-75
420,-0.2859223150935747,1.2566524023765147e-75
421,-0.2944498272720199,7.52271547721574e-76
422,-0.30078017971988547,4.4706966157034316e-76
423,-0.3012433765624608,2.6339490287121772e-76
424,-0.5625617107722516,1.8888693201346997e-76
425,-0.5463214422391083,1.3428517296547424e-76
426,-0.30967838920191954,7.98047287756911e-77
427,-0.5462656629931748,5.673548557791287e-77
428,-0.44329265403985146,4.0042576962381904e-77
429,-0.41323036393154583,2.3970742656668197e-77
430,-0.4369103353072525,1.6917988766606353e-77
431,-0.42712398538154395,1.0127638772442313e-77
432,-0.26321677208831495,6.0187841108916385e-78
433,-0.19451727236091837,3.546017975638664e-78
434,-0.6598541344769355,2.542936286851717e-78
435,-0.19994825348430206,1.4981925947073356e-78
436,-0.6536992963673215,1.0743905811948502e-78
437,-0.19909259974389984,6.329863712638495e-79
438,-0.6524935119640112,4.5393002055482434e-79
439,-0.4527423661211942,3.227119561668719e-79
440,-0.39477769379843974,1.9178543368441328e-79
441,-0.17540613061041668,1.1299202343541756e-79
442,-0.1437216784959108,6.587304902778499e-80
443,-0.6945513077588331,4.773912990146391e-80
444,-0.16843207505986954,2.783136321423916e-80
445,-0.18392789599978532,1.6015332707053428e-80
446,-0.6487505573637681,1.1758750958016046e-80
447,-0.21498625384460227,6.766478068730074e-81
448,-0.22793308425342063,3.829955108983405e-81
449,-0.2488728375931572,2.121657698693269e-81
450,-0.6007648049785311,1.6181560335454896e-81
451,-0.26886935272236695,8.964003776979063e-82
452,-0.577183607546255,6.836709241729691e-82
453,-0.5240981898038446,5.1032026938201484e-82
454,-0.34789191350262655,2.888509654630795e-82
455,-0.29742058386344866,1.600130699214369e-82
456,-0.5468977000821056,1.2203953290815111e-82
457,-0.4503615669929871,9.109535758637326e-83
458,-0.3373352695295976,6.688388201999826e-83
459,-0.5137165374482731,3.848778858024271e-83
460,-0.34502885199090705,2.8258440153449276e-83
461,-0.5239060193052327,1.6261090675152548e-83
462,-0.3357167556742902,1.1939190964832318e-83
463,-0.522901322918048,6.870310810251951e-84
464,-0.41850523157064473,3.8887264128777094e-84
465,-0.3235109694987164,2.154214892138465e-84
466,-0.5224304856308449,1.6429869094408327e-84
467,-0.398311521164935,1.2263934190725379e-84
468,-0.4704719956037786,6.941619692387516e-85
469,-0.3516351739989439,3.84540822089792e-85
470,-0.49671316575238816,2.932834320033726e-85
471,-0.369643985260154,1.624684973329371e-85
472,-0.2792357244600169,8.742617286632063e-86
473,-0.24027251453851617,4.517642857376916e-86
474,-0.6141595376136612,3.693755803602047e-86
475,-0.2544350827317372,1.9087041072417476e-86
476,-0.6013417265541944,1.560611827021865e-86
477,-0.2626657179329649,8.064274853096385e-87
478,-0.24173315035763412,3.9403549540227465e-87
479,-0.6132666270562608,3.4071561254332233e-87
480,-0.24505582784491192,1.6647999680746102e-87
481,-0.23650595654352904,7.704016280044523e-88
482,-0.6225520206940075,7.03377986511523e-88
483,-0.5816583976758583,6.081986631156144e-88
484,-0.2754391164988534,2.971771993011185e-88
485,-0.5801565057046333,2.5696393516634706e-88
486,-0.44332257799720926,2.1010116487787775e-88
487,-0.41938125832929946,1.0856726260778164e-88
488,-0.4250632134259977,8.876774216090337e-89
489,-0.4396476109805359,4.586966845178774e-89
490,-0.4265989336608506,3.750437106298169e-89
491,-0.4375826642850754,1.937993492088032e-89
492,-0.28902804683625105,9.469397306666493e-90
493,-0.5666379524251587,8.188022504071937e-90
494,-0.4047798129855906,6.694764637061372e-90
495,-0.2633605005145691,5.256415934198184e-90
496,-0.21877632394942675,4.008988426354595e-90
497,-0.6423993116766145,2.220835732198733e-90
498,-0.2149803237263475,1.693797610134817e-90
499,-0.6451736059727409,9.383030968539648e-91
500,-0.5939394981281341,5.049117219226496e-91
501,-0.2662933997780973,3.9643305842080007e-91
502,-0.5939826818421113,2.133252025123195e-91
503,-0.27135778239188857,1.67492967182788e-91
504,-0.21388596763211676,1.2774433669964415e-91
505,-0.22190874570371824,9.535365921177592e-92
506,-0.633542891959194,5.3971982255599645e-92
507,-0.6176898353008532,2.989854147317257e-92
508,-0.23963378897206492,2.280316250299086e-92
509,-0.616543801003471,1.263213377241541e-92
510,-0.4816982291210225,6.797496923939276e-93
511,-0.28451430286212726,3.5125251877868486e-93
512,-0.18459030042710103,1.716285255271441e-93
513,-0.19104045599823496,7.942269222351993e-94
514,-0.6745802225181097,7.251305203521839e-94
515,-0.1797388628149406,3.3556087464437167e-94
516,-0.2173767665389748,1.5873731229569523e-94
517,-0.2519571738946539,1.0504338120584497e-94
518,-0.6039254864995068,6.706651444493127e-95
519,-0.26033614915396913,4.43808285594695e-95
520,-0.5950906525138404,2.8335602352983465e-95
521,-0.6092637446547574,2.530762890283321e-95
522,-0.6148132202244382,2.3105907897890322e-95
523,-0.5881260848079045,1.9979275102518707e-95
524,-0.26832575044640555,9.762246086858664e-96
525,-0.5927636221468083,8.441243730814152e-96
526,-0.4882450176723678,6.901805654999958e-96
527,-0.3672850636416564,3.56642547626898e-96
528,-0.2534027325752441,1.7426219405423144e-96
529,-0.22207499757578708,8.064144676448666e-97
530,-0.23658268749270242,3.814749419936795e-97
531,-0.614651920751047,3.4071011257995606e-97
532,-0.25192616481564506,1.6117316299232957e-97
533,-0.2679748533661325,1.0665528951893543e-97
534,-0.285042578131662,9.624263117089517e-98
535,-0.5654789895863828,4.506185982175023e-98
536,-0.5452787635198773,2.8770416926399542e-98
537,-0.3218746067981368,1.9038635774689468e-98
538,-0.5254956048372252,1.2155501151403804e-98
539,-0.46144077891830243,1.085655100729839e-98
540,-0.38498708181155816,9.912049391371557e-99
541,-0.3289948707712604,8.570776032481581e-99
542,-0.5276820531720222,4.1878408678544825e-99
543,-0.4661633338001064,1.9379622082465582e-99
544,-0.3957180890228713,9.167544118297853e-100
545,-0.3387672986112511,6.066562534118689e-100
546,-0.5122151446130977,3.8732873899808436e-100
547,-0.35295295672020477,2.5631226706651453e-100
548,-0.4959071972462921,1.6364639222669067e-100
549,-0.40372500037577713,1.461589598191308e-100
550,-0.4558886893904658,6.91406007157768e-101
551,-0.36430467966820423,4.575334162304203e-101
552,-0.3015570024778916,4.128648473529877e-101
553,-0.5404895911815815,1.9330786835735256e-101
554,-0.32505525787553025,1.744353980066373e-101
555,-0.274977435804856,1.6038066919421722e-101
556,-0.25817675096998616,1.3717219136457853e-101
557,-0.2617436982707815,1.1124483899540867e-101
558,-0.26487706143302386,8.6975770599217e-102
559,-0.5922240397158838,4.700094447556016e-102
560,-0.5740697565864066,2.4486093484773295e-102
561,-0.2878413291249341,1.985789904092417e-102
562,-0.5487867292327633,1.0345374497316719e-102
563,-0.42946158095239706,5.110446832666456e-103
564,-0.4313288154997747,4.3709207251163134e-103
565,-0.41857466755485717,2.159163786801578e-103
566,-0.2740482465446234,9.921901247882055e-104
567,-0.5824139675595313,9.122466999236666e-104
568,-0.42764220711312456,7.802366676877941e-104
569,-0.41865850056470405,3.8542423071774917e-104
570,-0.2575227869053975,1.771121384629746e-104
571,-0.5962510998039524,1.6284173747824898e-104
572,-0.26676399089725744,7.482987850060678e-105
573,-0.5964486558400276,6.880063408456022e-105
574,-0.2669783047697216,3.161562366650638e-105
575,-0.5915647620992704,2.906826790072669e-105
576,-0.2728214081667117,1.3357600999098941e-105
577,-0.2170585769450496,6.254175893294715e-106
578,-0.2217954233562986,3.993071939171854e-106
579,-0.6366784552211981,2.6423893149170177e-106
580,-0.6406839539835816,2.3844152633454055e-106
581,-0.5866989499501255,2.192296517463105e-106
582,-0.44095131957869177,1.8750521427066805e-106
583,-0.2940539492682418,1.5206425708327943e-106
584,-0.5624264896284573,7.922095302935725e-107
585,-0.3015811303506245,6.424714861768558e-107
586,-0.2473739049247454,5.0231051707992026e-107
587,-0.25208894541789145,3.821636163042509e-107
588,-0.5888252180056184,2.1222619346626643e-107
589,-0.539369337383956,1.1468517572935737e-107
590,-0.3304857538641964,8.966556673949756e-108
591,-0.28560615799225064,6.821859403291072e-108
592,-0.5567871316570201,3.7883701947437706e-108
593,-0.44552253078447224,2.0472020650038598e-108
594,-0.3099710664015468,1.066531358151139e-108
595,-0.5570331602921081,8.649428724641311e-109
596,-0.29118608711312177,4.506094988188563e-109
597,-0.5809957437118034,3.654383636160954e-109
598,-0.27132179966902165,1.9038251325096676e-109
599,-0.594135666571894,1.5439770862780034e-109
600,-0.44268317796142587,1.20714451186455e-109
601,-0.4060211663791594,6.523303189524563e-110
602,-0.45149630810754005,5.1001855626277254e-110
603,-0.25559419248367754,3.880279811315257e-110
604,-0.5924700478515463,2.154828400210214e-110
605,-0.270601936986698,1.6394182202806962e-110
606,-0.18011376876476318,1.2216918879706271e-110
607,-0.19047722322678198,8.958966637496843e-111
608,-0.21727998686895797,6.486633496915561e-111
609,-0.6433263826018536,3.785163404342414e-111
610,-0.6562662581389858,2.1807963757705673e-111
611,-0.208054582473487,1.5992315383346707e-111
612,-0.6462287233971729,9.21386468763065e-112
613,-0.5796340204459502,5.223921120508239e-112
614,-0.4001406188549167,2.9009901703747424e-112
615,-0.4712597449081606,2.207106673414731e-112
616,-0.29723113264076173,1.6447324333963688e-112
617,-0.5474352234166896,9.325025695177246e-113
618,-0.34148999631272675,5.1784487660045634e-113
619,-0.5340345112074277,3.9398233562123837e-113
620,-0.30571980903577106,2.1878946036369282e-113
621,-0.5628672240013716,1.6645753679997332e-113
622,-0.29111263267437565,9.243854700366022e-114
623,-0.18166534156717515,4.99529809875534e-114
624,-0.6815478258197053,3.9055286109046446e-114
625,-0.17003212842429888,2.1105134467241317e-114
626,-0.1608646015813432,1.0995147040977048e-114
627,-0.7145383764975578,8.916919312409453e-115
628,-0.7131978192244514,6.971612666002974e-115
629,-0.4886023950628295,5.304083066786181e-115
630,-0.3570102776703407,2.945506351386257e-115
631,-0.5032397061970296,2.2409750957171625e-115
632,-0.1760471370498793,1.669971128607502e-115
633,-0.1134617665142679,1.2246308397471542e-115
634,-0.15909512975036325,8.866794294346457e-116
635,-0.6786538226142861,5.174065297931729e-116
636,-0.18513953920723958,3.7462205893613775e-116
637,-0.6627861993346795,2.1860425883761556e-116
638,-0.560324722182788,1.2594736989535702e-116
639,-0.30661228041180527,9.236029935889258e-117
640,-0.20702903688350013,6.687237890796895e-117
641,-0.6418923078512451,3.902222647913209e-117
642,-0.4830287342157692,2.2482392697383077e-117
643,-0.3832512147095169,1.648689068743332e-117
644,-0.4546633575847088,9.49881091464435e-118
645,-0.20763142173195517,5.385475111582619e-118
646,-0.14830372100373554,2.990705640666143e-118
647,-0.6943311960392534,2.275363234643656e-118
648,-0.16604011772834815,1.2635731331814457e-118
649,-0.18227216484011352,6.828238515659139e-119
650,-0.21794494256723698,3.5573090816866303e-119
651,-0.2531289429828367,1.7572528605935214e-119
652,-0.5845510239321452,1.5029630870126022e-119
653,-0.5232097284175021,1.2188832515358794e-119
654,-0.3539599777345124,6.350019042628244e-120
655,-0.4768615779299739,5.149781737739089e-120
656,-0.33519676109222385,4.0263102459622266e-120
657,-0.534161873437592,2.1757827841947654e-120
658,-0.30711467127914416,1.7011160789190404e-120
659,-0.5582504438781071,9.192682263222886e-121
660,-0.3769872439878417,4.789113916426467e-121
661,-0.21605514291896485,2.3657444253785546e-121
662,-0.6236037009098524,2.023400629690183e-121
663,-0.23572132394139264,9.995270197224388e-122
664,-0.6187423735411804,8.548867660441024e-122
665,-0.29281265397749284,6.933018981603844e-122
666,-0.10780628167888863,5.420518146723914e-122
667,-0.7539533032523507,2.929200519727624e-122
668,-0.10508794780191905,2.2901689169908538e-122
669,-0.7603847636425843,1.2375872195849214e-122
670,-0.5829604530745848,6.447461150504012e-123
671,-0.25747931630404214,5.2288060027462916e-123
672,-0.07399423728345914,4.088094652385988e-123
673,-0.7891009155493439,2.209170536160309e-123
674,-0.6229066755935849,1.150912111997157e-123
675,-0.2218288451568124,9.333745515277306e-124
676,-0.0629880717194985,7.297504460424764e-124
677,-0.7984084130810111,3.943507480204661e-124
678,-0.667015896084601,2.0544500519219252e-124
679,-0.21421246612309133,1.0148649295817184e-124
680,-0.04792354073904116,4.6635598803574873e-125
681,-0.8030836743798684,4.2878043274827605e-125
682,-0.590175294105449,3.667321745808882e-125
683,-0.2737024977330765,1.8115973283614664e-125
684,-0.04183386156116686,8.324745858930636e-126
685,-0.09573173902766093,3.897737690491061e-126
686,-0.7539882796547899,3.5172051253981944e-126
687,-0.11027511497194056,1.646794174232474e-126
688,-0.16374409238688845,1.0514203180261436e-126
689,-0.6858380589124391,6.957705386132201e-127
690,-0.1768873809539974,4.442250843660457e-127
691,-0.20934452799767495,3.9675470612615994e-127
692,-0.23435944496025338,3.6223771626346632e-127
693,-0.6277446030779921,1.6762886333830259e-127
694,-0.23275225389681478,1.530454351213145e-127
695,-0.24300272580156898,1.3233571539305781e-127
696,-0.6107947932259544,6.466169633875541e-128
697,-0.24678081387380968,5.591183975356689e-128
698,-0.6159033224919374,2.731956670312416e-128
699,-0.24170873048051358,2.362275229588203e-128
700,-0.6180909967113865,1.1542516932069955e-128
701,-0.239862620650277,9.980612845010156e-129
702,-0.20215611982673806,8.160438481665833e-129
703,-0.6526154897851678,4.2168089270167916e-129
704,-0.21237145351451928,3.447785258503815e-129
705,-0.21010197743472864,2.7070396575506844e-129
706,-0.6412530647853467,1.456689271717862e-129
707,-0.5816035915664206,7.527267485282914e-130
708,-0.2760000801647482,6.15451217300797e-130
709,-0.20538179228830192,4.832234978706569e-130
710,-0.6475855077609685,2.6002813930958657e-130
711,-0.2082273531143087,2.0416192785035262e-130
712,-0.6434842920167122,1.0986188885830034e-130
713,-0.48454071769697776,5.676981631776709e-131
714,-0.26034233568817516,2.7738790038981e-131
715,-0.5937234523862908,2.398524739425659e-131
716,-0.36190506864543537,1.9611033798011986e-131
717,-0.18985934335711122,1.5397666106334885e-131
718,-0.16475218916260295,1.1743565575083273e-131
719,-0.6760613152880754,6.505513929926488e-132
720,-0.5749276404548517,3.500692101906377e-132
721,-0.33398539574679476,1.8089407498410048e-132
722,-0.1790288152541031,8.838821561783436e-133
723,-0.1719873845534696,4.090246667120096e-133
724,-0.6832213804853178,3.734402109853501e-133
725,-0.18612769339205817,1.7281292168582406e-133
726,-0.6634559815084123,1.5777848914131045e-133
727,-0.2073422178582931,7.301345941226064e-134
728,-0.6562845066730065,6.666141166220366e-134
729,-0.21675648660128247,3.084818660168013e-134
730,-0.24061263723941967,1.4592756785296763e-134
731,-0.25951625211969437,9.656661635965454e-135
732,-0.6030489654785726,6.165439741787882e-135
733,-0.26738590214502705,4.079939541195403e-135
734,-0.5749649519551064,2.6048982909053807e-135
735,-0.5436695124487195,2.326536011291704e-135
736,-0.3302529654072241,1.1005695279075234e-135
737,-0.31969998676333233,7.282947077255121e-136
738,-0.31168798313732765,6.5719196165040815e-136
739,-0.29807376573429084,6.0424023909724006e-136
740,-0.5390049514643319,2.776636037972975e-136
741,-0.321201659567162,2.5529150101858394e-136
742,-0.528556472241082,1.1731287260435819e-136
743,-0.40983168855445373,5.492717890471674e-137
744,-0.4551641585563024,4.956468867534134e-137
745,-0.3712783593396763,2.320673308724283e-137
746,-0.23576990885708496,1.4816685087138392e-137
747,-0.6377021432538521,9.804844729360096e-138
748,-0.4993055059170727,8.847606707852653e-138
749,-0.36436088193837995,4.1425468981546404e-138
750,-0.20994549809248,2.6448708923359984e-138
751,-0.17983451483564303,2.36223709682661e-138
752,-0.6826612519307373,1.1174579520119593e-138
753,-0.17553080587610595,9.980451734092426e-139
754,-0.6952554448935199,4.721259847250528e-139
755,-0.16332661999434986,4.216740857654051e-139
756,-0.6995027855865295,1.994732285463348e-139
757,-0.6848489218766838,1.3200010812531247e-139
758,-0.1755425614075289,8.427743906082648e-140
759,-0.1540733635382268,7.527145977216086e-140
760,-0.7100145553583266,3.5607218003199188e-140
761,-0.7012360948213451,2.356284430104407e-140
762,-0.1597998380542719,1.5044049606351655e-140
763,-0.1582765548229801,1.3436426015954294e-140
764,-0.20261014944464117,1.2267479628117235e-140
765,-0.24447504445836557,1.060747542956649e-140
766,-0.6142730945301059,5.1830101428795314e-141
767,-0.6455196986517028,2.3984860215104412e-141
768,-0.6840132875652185,1.1346055318185104e-141
769,-0.175004341636083,1.0133603440881613e-141
770,-0.2202735219428404,9.251997043173896e-142
771,-0.638546516474499,4.281447453772483e-142
772,-0.2215188123468365,3.908968750740971e-142
773,-0.6346782150663424,1.8089115492188736e-142
774,-0.22968600086547034,1.6515392971880602e-142
775,-0.2538922868664248,1.4280571924271102e-142
776,-0.2726170828130954,1.1676209715847366e-142
