t,lambda,delta_s
1,-1.0115398063754648,1.126529415574743
2,0.49059934987995907,1.1715864662194464
3,0.2042878092281118,1.1215281389406586
4,0.1260011852545533,1.3264105518627949
5,0.09126623137703317,1.243613386756694
6,0.08979561420622996,1.1388956386108215
7,0.3487780446102957,1.0595228731758923
8,0.28777891227619656,1.0396817525947104
9,0.7866676818659687,1.1579840976596454
10,0.2482358283390679,1.002413867961879
11,0.47273860032582177,1.0189798817000002
12,0.43793479573430605,0.9837706972811285
13,0.49427492766845477,1.1678086357668305
14,0.27219108568086836,1.0505260667094036
15,0.393369574503676,1.0143886996940965
16,0.3827539732240634,1.0271985145752052
17,0.4609208167070312,0.9349388289689307
18,0.7443114648706655,0.9889998377606329
19,0.5375280151796369,1.0147538476324847
20,0.16633854814858706,0.9346169408794898
21,0.4761613998870843,1.0456429362148425
22,0.060459289112748255,1.2156167720832562
23,0.46773359153883215,1.0477499459977215
24,0.14162832243327578,0.8972058257835054
25,0.22971658133366246,0.9645209626031971
26,0.593228566096444,0.9602207668647024
27,0.3846287298484588,0.9379642025475546
28,0.46927069125824,0.9205214807200143
29,0.27530106360672163,0.8338763326595656
30,0.08855330227354459,0.8205784349214371
31,0.29487601647045936,0.7734174248788751
32,0.3273183672482842,0.7129703688397546
33,0.4269488370074135,0.6736752774344033
34,0.4321507534200983,0.6192706313514743
35,0.2456079222879343,0.7078942754475904
36,0.30217731969467954,0.7799433932665147
37,0.23802502923169375,0.8539752048521001
38,0.2931862047391799,0.7969221038962057
39,-0.07168389162350235,0.7459643499609377
40,0.19990223962830986,0.7077735164027324
41,0.5182692466158324,0.8246121083644622
42,-0.0581270900065203,0.6856719516468548
43,0.22677451087555145,0.6932155902580066
44,0.3361581888745967,0.8004657689316121
45,0.015785491646099603,0.6208697692401317
46,0.4134254990719748,0.6475304634894746
47,0.2588994582398076,0.6845401600414429
48,0.439042701873711,0.5676017014226242
49,0.6031194575698473,0.5775454986506104
50,0.5663594197845642,0.6444285534593325
51,0.6757445932990102,0.7756157865432176
52,0.4214358286072309,0.9655799614625196
53,0.4037131007387942,0.7792125366871686
54,0.4359789765802012,0.8288132978532682
55,0.5642281945881766,0.868169296602015
56,0.1251325785937602,0.6724898206502267
57,0.22980108185214815,0.6049296864690835
58,0.32077302783736444,0.4902238627202002
59,0.0329808415883725,0.48750679952952364
60,0.15667711056634312,0.43441410449121326
61,0.5785224710863288,0.5618507487620096
62,-0.13186203772638327,0.31596952066641376
63,0.37290496416674196,0.36507234288071133
64,0.44574842519780145,0.4495533215478096
65,0.6987712810425771,0.5948555548244097
66,0.4015605735711092,0.510558116324941
67,0.3070419068321009,0.6582094726158718
68,0.6126708831469757,0.778250599491142
69,0.14463843293679665,0.8172847252592615
70,0.3497266111394167,0.6795107649464193
71,0.615410029891068,0.6208314909784521
72,0.3970409558269356,0.5206383998261874
73,0.24410731473308622,0.48688840868568006
74,0.425777938694081,0.5446671000706138
75,0.7006951001537579,0.534879059156719
76,0.17576081685453737,0.6928673214885644
77,0.5945524826159749,0.5570192165547608
78,0.5454143544336264,0.5517817357217459
79,0.6225015431161952,0.48184710658802965
80,0.39804215604088944,0.5793274860549491
81,-0.013628468574706686,0.5228814420725616
82,0.03789044627300623,0.4932516273829518
83,-0.19401373612450196,0.5029142095867779
84,0.3272675179631621,0.5914092604576726
85,-0.10700985392195787,0.5098874114180127
86,-0.16218739611681107,0.4701726499910958
87,0.1409828628889184,0.48117453089082524
88,0.36410214855199674,0.5005415249246906
89,-0.007479801491690816,0.455543733436776
90,0.2965517949334957,0.4477745790961179
91,0.4099895593610102,0.5191802362623844
92,0.5321265382748026,0.7008063874479198
93,0.23305836797583812,0.7257446699681519
94,0.4208606865015868,0.8144124120239441
95,0.27785916051284243,0.8261038736757603
96,0.4908729968159347,0.9622520098430156
97,0.07849795002284939,0.8677412110277368
98,0.24263333434706952,0.8677082088690546
99,0.2618860353813444,0.7881562730019129
100,0.47699393515843774,0.9217506986277534
101,0.503453192259799,1.0182972192029056
102,0.2883742737533586,0.8101808624356364
103,0.35240223526926423,0.7634439243089786
104,0.7849760792789858,0.8446402767232806
105,0.801197838918529,0.8911337077136912
106,0.672210491347445,0.9253618119358118
107,0.5560668843393564,0.9117360582253109
108,0.04194238944335844,0.9453857232180926
109,0.2439616195867122,0.9149134710917962
110,0.30983805955423793,0.9935559128123983
111,0.10847070287809646,0.9450294900674159
112,0.4314479840915816,1.0366520335524356
113,0.4155700047104534,1.0460196711304803
114,0.1504953904652768,1.0560896713284085
115,0.5292269225194562,1.1334864255046782
116,0.23205200628692782,1.1142814327254789
117,0.5093796022280836,1.1948105966440654
118,0.33797979391644817,1.0128436582902292
119,0.5495714562807095,1.1392920377535185
120,0.2920224328562644,1.1910432028807463
121,0.46298135583564914,1.1238609899682708
122,0.3329709503479655,0.9596158085636417
123,0.36813356458513186,0.9981743726072567
124,0.4831090590226217,1.086262015363576
125,0.5971249515353463,1.1492891697257746
126,0.18186264126588347,1.0405065501872233
127,0.0927659202551625,1.0052618271027232
128,0.4969871483967662,0.8998247817726202
129,0.4464220602878567,0.7858998625749116
130,0.5484573891061337,0.8293443580244647
131,0.27060433390978567,0.8770466535669499
132,0.028572403015342043,0.9068706777739469
133,0.4745339162728158,1.0206178546309947
134,0.37112998894213783,0.8076637481176937
135,0.10054616856827028,0.9060081334885404
136,0.2910596968006145,0.7788564064842213
137,0.2913437832045789,0.9985977000069767
138,-0.0756894399633043,0.692924149229529
139,0.32261070667490466,0.7665683680767267
140,0.4893836539053491,0.7073215383699019
141,0.5020173973542279,0.7271179691098524
142,0.7925011336260638,0.8443653841457168
143,0.5932389358382805,0.8342253498883904
144,0.4052549310575388,0.8626449709602096
145,0.4625692197482756,0.8827022555761893
146,0.3907445971380731,0.9780944801070881
147,0.4869009180242377,1.144789845337283
148,-0.02110586754938921,0.9457270582167195
149,0.42197867438396813,0.9113146570246057
150,0.8421980048822097,0.9503879223337919
151,0.21175054233558407,1.0272512102007583
152,0.39466414728712285,0.9891771923126612
153,0.0057089182845358405,1.0154803832166228
154,0.27535146004438,1.0835208139273793
155,0.4613293465193429,1.028235609645548
156,0.49605912720133444,0.9571638087445732
157,0.4541489454136317,1.036352136131422
158,0.49058496360626247,1.2250591721331927
159,0.41278461803438654,1.0333408322161166
160,0.5034635086491304,0.9829124476072976
161,-0.15004903207532938,0.9835702103553676
162,1.0617175774785776,1.0585066374422303
163,0.5375186099826746,1.0184519208439464
164,0.44314309689059855,0.9004838322281988
165,0.8316775959063806,0.9152735410359173
166,0.6382766624013017,1.0703901676319616
167,0.5557778918593904,0.8916721722411026
168,0.5259528184738866,0.9099162059020565
169,0.5644757127117458,1.1141042725707768
170,0.4252325609593383,0.8628055615592543
171,0.5679519309837701,1.0433788957903773
172,0.2968092984321982,1.0540682622105153
173,0.30044123462555333,0.9584337601159499
174,0.40838240304091894,0.8709731374535092
175,0.045486745896217325,0.9048730882143372
176,0.25411030478284513,0.9076073763548811
177,0.12786538973349387,0.7792578477096959
178,-0.09142407227517874,0.7047455344517393
179,0.0660952147454283,0.6029768027642219
180,-0.13001879840201433,0.48463344486071747
181,0.2681553448410402,0.5910076343691422
182,0.13193059006897334,0.42329202092380086
183,0.44404994128953995,0.47290010170813224
184,0.09931075244528556,0.3811530508105999
185,0.15094831500358408,0.488166944863982
186,0.21870718280254586,0.612856220751622
187,0.43076149156276,0.7236088672862204
188,0.4872484859032002,0.7833004244238174
189,0.45540020589728697,0.8482888519535816
190,0.35946987103169,0.911005503754958
191,0.43851746933139635,0.8790007419247934
192,0.12138194520627815,0.7342637497582195
193,0.4835235605632085,0.8300107311660446
194,0.6190607824862032,0.9216139396901035
195,0.27544099642290204,0.8816645412687609
196,0.3719987239796609,1.0819061239856271
197,0.7461845658875846,1.0378817066450148
198,0.9169729146642547,1.2262608252282485
199,0.3918860950598384,0.9400481836135085
200,0.09401792286840337,0.8706740022557673
201,0.6387677090694904,0.8235224842738045
202,-0.05076571331830674,0.7400904132841609
203,0.12494830890769369,0.710155249210846
204,0.3182757983437422,0.7981795016277649
205,0.3103585520091337,0.6764944153233383
206,0.21087969830254163,0.5945088739218541
207,0.31369879598355443,0.630659325197899
208,0.45549746214528936,0.7076537534724394
209,0.4315021453981267,0.733525324694785
210,0.20848010513049697,0.7067972645271925
211,0.41173830730504657,0.6964184003101797
212,0.6566527126556503,0.7827004476447372
213,0.5637771993518955,0.8766358612468603
214,0.3005214469661776,0.7453002514149415
215,0.6059723171361957,0.890753686423634
216,0.24472643885951428,0.9047851009450781
217,0.3247311283563533,0.7989805316703392
218,0.1866876149655029,0.8786841454982844
219,0.38529392277283275,1.0779269515067489
220,0.4415447097341117,1.107750884330072
221,0.4615645685553747,1.0549616320049797
222,0.2814065422945637,0.8531818620541475
223,0.5589250751576272,0.909298822190816
224,0.6265809649667944,0.9997914642948204
225,0.14806518767432295,0.8608847803183952
226,0.30369635683688706,0.8969695879693651
227,0.5229533412547336,0.9518447013169138
228,0.36753965242016773,1.0178863067936548
229,0.2772018879057669,0.9835344926778575
230,0.7908277149143478,0.9520069700772714
231,0.6768167076503221,1.1405356022743556
232,0.6346175761490309,0.9943257949904586
233,0.10562035588725262,1.042667250566477
234,0.4258412950877229,0.7535168865975048
235,0.15981874320200776,0.7727867409394982
236,0.5018019784091925,0.6918675055891109
237,0.17912292913062533,0.6084709130289317
238,0.2475078206571967,0.749997694226472
239,0.8275826565481491,0.7624613765003898
240,0.030582644261170328,0.7322743308458705
241,0.7273713412842121,0.6847580771498547
242,0.5674870669037422,0.6696108868478517
243,0.4356961608022883,0.7940546232364617
244,0.022190801277051718,0.6604756303593844
245,0.3341044795374613,0.6155514867915045
246,0.41223789195124694,0.6349326866649218
247,0.5430330827272557,0.7277860083683063
248,0.38397824540155573,0.8511288355486191
249,0.29496492687315073,0.7958470351736191
250,-0.20043065699606857,0.6839855260723294
251,0.45641517264350256,0.7447507012676426
252,0.3748489906377468,0.613996847265225
253,0.28631048626359396,0.6891038684502397
254,-0.02456417138132449,0.5859922693846391
255,0.5135655292001784,0.6580431078729688
256,0.3920880759686972,0.8008873329338273
