t,lambda,delta_s
1,-0.07266040232092574,1.1813058699218557
2,0.3165065848724021,1.0468236092253138
3,0.2891735425388649,1.0574228996229271
4,0.21884743915628466,0.974499576718129
5,0.4480348291987714,0.9520490137031042
6,0.1652534356014942,0.8339012792951217
7,0.2007898784092122,0.8480884893824082
8,0.8245861481291452,1.0744680996475893
9,0.5388897788613175,1.1858961713648564
10,0.46804779887024667,1.017674910596212
11,0.9947436063769217,0.9226376638983851
12,0.09653345272148833,0.9630413542437137
13,0.70951186326727,1.0076937726798803
14,0.2527978858993038,0.9722747305632489
15,0.45273516138257935,1.0002720766280184
16,0.6092169139689746,1.062084198022831
17,0.46678025318457805,1.0908689198574912
18,0.5260242753165076,0.8712946878501561
19,0.46634362902051085,0.9209060610447425
20,0.25477546628158915,0.9021902150439677
21,0.39322801855039974,0.9831638778877452
22,0.3720380393524084,0.733637148418251
23,0.4900743344162258,0.7574893566703795
24,0.02532228192865872,0.6815730571958112
25,0.32010618528616197,0.8753041741012381
26,0.47125579286620534,0.9643369234467302
27,0.5196472536680607,0.9547254413526484
28,0.31621422409641087,0.9536683432811869
29,0.19762074960072318,0.8468535480745704
30,0.2533204985791309,0.8274392153405723
31,0.13328997455475242,0.6560726401380572
32,0.43642253715446844,0.7154190151947382
33,0.41401334593931877,0.7500445398674878
34,0.22229690874362232,0.6357891086715152
35,0.42237071044308067,0.5744870429362525
36,0.25726251708005804,0.45652294326466475
37,0.610438666052018,0.5835955110396724
38,0.7309378139459743,0.7526765259069609
39,0.4112740406622034,0.5815581206158495
40,0.6228461971333942,0.55913527663957
41,0.40773033311598944,0.5216074310754489
42,0.016684411293064156,0.4965878413433318
43,0.635879059321335,0.5506085094131561
44,0.3890206644423092,0.7545689231040279
45,0.20343496378391365,0.5491955514978908
46,0.35470383838048897,0.5349837310056861
47,0.23819200356374584,0.7837426870296681
48,0.31393353051419476,0.5912213590779125
49,0.45521165459253043,0.7204284229393783
50,0.12155121560144576,0.7890853566990695
51,0.2361290266783815,0.7715504692194678
52,0.4229318645227372,0.790901210115269
53,0.16996347579000715,0.7750893431820163
54,0.33366685612432045,0.8542291706756664
55,0.3491092441469516,0.797550556220363
56,0.6061942667436401,0.8824850624571485
57,0.5159027770665888,1.0295917058204715
58,0.34688082159271155,1.1332254348790316
59,0.3568673597372765,1.1182129736858304
60,0.5336507078377793,1.1696892679353004
61,0.5059199507452049,1.203684297022448
62,0.4943390077973092,1.1084454930293401
63,0.5284846946921661,1.2043307342746077
64,0.5847290652440702,1.1748902585417347
65,0.36932510756627707,1.0436030544148203
66,0.60878975638009,1.0042048684898905
67,0.004893492834052215,0.8294044165609616
68,0.30873394182356595,1.1018575622521942
69,0.3787542859723499,1.059212386151967
70,0.6713067868843053,1.0145933440620047
71,0.12467555053303227,1.0470399716965644
72,0.5411698836650515,1.0437302855912884
73,0.23200246233909622,0.9833379897874667
74,0.19624600367445266,0.9197052489215154
75,0.4287903858076694,0.9707568234019894
76,0.8197114342969414,0.9835558100958971
77,0.4698464017689813,0.9346479736971541
78,0.20993458066938583,0.8651696134183562
79,-0.0535247912421061,0.7651006805160419
80,0.2794359683375994,0.8388051369039462
81,0.17360490341170912,0.7636079561040506
82,0.4545808404592357,0.8787569574601978
83,-0.1723988776578483,0.8023735556718806
84,0.432017190367728,0.91754607585264
85,0.47964798551931914,0.9430861829480484
86,0.2622795254516497,0.8497701942875038
87,0.26926936167832816,0.8514491888617187
88,0.3975501585293956,0.8925324626589692
89,0.6156791693583223,0.8105806425596865
90,0.28444214109758353,0.6549264320698847
91,0.23320708063462534,0.7358877772924582
92,0.39362804608229063,0.6451521837854177
93,-0.05168985112682294,0.49656488582033226
94,0.5224656009662456,0.5850394889447165
95,0.254355077358296,0.7336021384046557
96,0.42233117590733,0.9053375851253044
97,0.042278074227240434,0.8377326543322776
98,0.3155605751941688,1.0673984721451266
99,0.8304406677628519,0.9518852351135008
100,0.900496239056782,0.9964948412173592
101,0.3701104721867946,1.0448961598188489
102,0.7281562048664589,0.9469413307827419
103,0.825817627656696,0.9432327172815554
104,0.1445885467797052,1.1035860448744328
105,0.256898462116541,0.8817185197099968
106,0.2116531037014688,1.0441191427827095
107,0.6629203305620894,1.1678264492127395
108,0.28250264134029485,1.0581195799264824
109,0.26891270977086784,1.1242055492791623
110,0.20623687737619392,0.9256018337841527
111,0.49952890542751216,0.791407268776857
112,0.11268596683419438,0.792083632049636
113,-0.13896090388596244,0.6922517952435088
114,0.15918416524876491,0.8720515980812495
115,0.46215943861683006,0.9422609961185708
116,0.30670887137359265,0.959050892294451
117,0.34286926068401397,1.0493156622095425
118,0.44320608918777454,1.0984346603815736
119,0.34774489580167756,1.0408511480190277
120,0.17025851165730435,1.0740266103373757
121,0.08492988787607551,0.7973540594568546
122,0.4274644696016314,0.8326221698600098
123,0.37956963114921155,0.7594303120207524
124,0.08836240896599051,0.6940228864486768
125,0.13822191629356498,0.7380169514644985
126,0.40818983282777493,0.816717951995684
127,0.32629292685387423,0.909936453472697
128,0.047932341327137515,0.7117554689128778
129,0.38150315765885845,0.6945776804656677
130,0.2817755321136716,0.705983744883592
131,0.32036642121411424,0.601737287990959
132,0.5533172216203598,0.572162629951996
133,0.5568380392172866,0.6428073801782913
134,0.6873313022567177,0.5493675213038879
135,0.6752585401869126,0.5374963259098332
136,0.2971470883395028,0.44925545130954714
137,0.7084686338053288,0.5673629986458587
138,0.6898246742295499,0.4993661878726976
139,-0.16082783570889514,0.4993139836627408
140,0.5072099783883032,0.6671624963044579
141,0.10576212091022225,0.7338188047236186
142,0.5555590470377411,0.6000400564362475
143,0.5944409511307042,0.8267380118567981
144,0.7045334539542528,0.9007949473065106
145,0.48930229610274456,0.7974328020263521
146,0.12388401509627268,0.6280840260947139
147,0.24756306210228132,0.514239500689892
148,0.1131637437409959,0.4560349895601276
149,-0.3369749012847627,0.34929811702680463
150,0.1915502471862272,0.30978166350300673
151,-0.15046028032745132,0.30407952818194284
152,-0.19203297304741052,0.2609498200058074
153,-0.06554814895982228,0.23901793501820112
154,0.162046054685722,0.31003713163101354
155,0.3292308708352296,0.3832630707804622
156,0.47288499074650403,0.46917117227225213
157,-0.06982641104479999,0.4101282952866036
158,0.255623120739371,0.5418811270972886
159,0.46658822183991416,0.6629324539968694
160,0.16430015598755593,0.5413604402805542
161,0.13930218156586796,0.6105887886215257
162,0.445469396002795,0.7774424224012086
163,0.3040817712591743,0.8218613388887828
164,0.5704406884503088,0.935383032317093
165,0.09415744156481543,0.8224991343636848
166,0.26547035369492167,0.9227164297631083
167,0.38543200810362643,1.0987397391484475
168,0.43897105911038353,1.2161981957872765
169,0.5200016581454221,1.198327791014389
170,0.6352731943417458,1.237758066105931
171,0.6405010946873754,1.2595774085018423
172,0.2963679303938472,1.0603063112038007
173,0.41633772902138805,1.0702312839055756
174,0.3669610977443132,1.2042994858511844
175,0.18155569590064857,1.0428452572347682
176,0.3821653490725676,1.0840534832620827
177,0.18874378574781273,1.0075780408012396
178,0.2574563186853766,1.063105313370795
179,0.2899593941050643,0.9209215114810639
180,0.2642688606003844,0.9558534166613792
181,0.12454829735412172,0.908886731450378
182,0.1615121127175146,0.7352123370641762
183,0.6869853691824085,0.8333551617586178
184,0.3023933835204369,1.0249097710385213
185,0.17435617118424937,0.8775408886027022
186,0.4341813878251262,0.9470359857554252
187,0.5226565273774667,1.0131411505052779
188,0.6275653818548499,0.9676753156530589
189,0.3221603732604411,1.0081354880071502
190,0.2807462829853452,0.8934206442051636
191,0.21520569223513336,0.9264619167885485
192,0.3144178820015962,1.1530301848298143
193,0.30163274231106885,1.1675696989337256
194,0.33635580918556424,1.0486837136662803
195,0.3187630767522363,1.0766603794322573
196,0.5438528178205131,1.137459338565021
197,0.48303436192579713,0.9255086190419802
198,0.42007430712247773,0.8878258983032511
199,0.1987538177279036,0.7653876414262534
200,0.7295621293438402,0.8889641314375188
201,0.5879051259377053,0.9483671135513155
202,0.7985762912074238,1.0318582557315337
203,0.2117981844903798,0.9208095597766254
204,0.1692979304177065,0.8536764172297859
205,0.16699337268729764,0.7077214912768491
206,0.4701561470428651,0.8130855904766907
207,0.12192469401390524,0.7100619476042588
208,0.10565202537395077,0.8289192005572886
209,0.44584070272590093,0.7576665412115217
210,0.2708506850597744,0.7280456231353305
211,0.5046117960583819,0.9420229909121505
212,0.022771923271958955,0.7711576014264623
213,0.2476243355846064,0.8267101770372483
214,0.25565163321732176,0.8590849871676374
215,0.3858653244559038,0.9103975301275824
216,0.06632532088861966,0.8121951521611924
217,0.3658552749381815,0.9444874924610804
218,0.4962920888223473,1.1421351063089753
219,0.621082615733845,1.0045613828602542
220,0.32189647010037037,0.8995470282004766
221,0.633490004597356,0.932330865532762
222,0.6264334857653628,1.0518830945335702
223,0.7753963159417656,1.0455865844438619
224,0.034699760419561215,0.9128670366460471
225,0.11750666210124479,0.7653928581740344
226,0.15282028764767863,0.7709016327240374
227,0.163591745533728,0.7026254935293317
228,0.47438221881501447,0.787347541047923
229,0.26805602714701404,0.7053725982953966
230,0.009441002700484962,0.6255638018661048
231,0.6022052591437415,0.8290550191140341
232,0.2145805461887873,0.7266873731594528
233,0.6280330684379198,0.8324772274643499
234,0.6275414414531523,1.0436027201790177
235,0.5595886967050275,1.0881869185393194
236,0.37837721509509975,1.1181356377678169
237,0.13854540915304586,1.082176377629735
238,0.32066316204687856,0.9654065067731797
239,0.1655244835795933,0.8493729556920357
240,-0.06681383388022095,0.8534507631962513
241,0.24827055033350579,0.7972267684569423
242,0.38201423802291384,0.731965076657702
243,0.5929901347509744,0.7959100734769204
244,0.3939189269511079,0.8076804403102431
245,0.49449665789293956,0.9832142401661935
246,0.5156148523992042,1.0450705437552523
247,0.28416562396518036,1.0920527473750532
248,0.3504544840052652,1.087245088026539
249,0.6341939845517243,1.183990796221593
250,0.32317199079065373,1.0614588518229418
251,0.2792864693840735,1.0496842261823651
252,0.4922561228718673,1.152094128386646
253,0.7459239742341492,1.077648656619498
254,0.6684572887621851,1.042511327829533
255,0.4538756145554706,0.9996057483253455
256,0.2185731530276499,1.16921988412387
