t,lambda,delta_s
1,-0.03888496738948827,1.1275999179369698
2,0.21660813567218423,1.188857925485976
3,-0.13027251653348135,1.1131540287462303
4,0.4889707677235672,1.1221428026844198
5,0.32005303612334823,1.1123394983219452
6,0.41076604327061894,1.0670947572398075
7,0.6390711144358917,0.9244917685427188
8,0.13475095574013443,0.8752746527806691
9,0.769420253750242,0.9409181088762184
10,0.4536856220402778,0.908055468280629
11,0.4606178364283727,0.9677400212547133
12,0.648604396980144,1.1691430483230862
13,0.38976889501971257,0.9339828859819332
14,0.4356510839696916,1.0174009188812387
15,0.32073276043014665,1.0377742655979432
16,0.3811719230612966,1.0740467409774077
17,0.42567443724127974,0.9828082362655846
18,0.21591308522140337,0.8937467145668786
19,0.29676358143894943,0.9908414758954281
20,0.3142828013227662,0.8290369515760353
21,0.6392921100991176,0.9496974075004373
22,0.2849424397529419,0.9042609378134483
23,0.3868274741886738,1.0095146286122043
24,0.07720096870513718,0.768946856388018
25,0.2567039842256355,0.8579525277834887
26,0.3539126926890818,1.0423110304100107
27,0.43168088929911297,1.025958129266966
28,0.7260093736665657,1.1151878091185936
29,0.24518158766102374,0.8912001023493039
30,0.5631469879985602,0.9882399938083439
31,0.6172828607008276,0.9994210457310925
32,-0.05898017225381329,0.8307863698054858
33,0.3112638595892635,0.9137345052979535
34,0.15830810185614824,0.7268488281642198
35,0.13212634019591843,0.7471077887116971
36,-0.2358889119567877,0.5034829542230247
37,0.1967952318533839,0.6246109601784239
38,0.38205743991352753,0.7313692945327193
39,0.45464243058063714,0.9228488331461923
40,0.4172878274341052,0.7825192821599986
41,0.48293426519354865,0.7508856518631316
42,0.23163986604131023,0.8581609888795457
43,0.5471576251330945,0.7720910561832134
44,0.2935874977181682,0.7107570607361348
45,0.22743013960731356,0.7173170229272295
46,0.13942143456021933,0.6563864681556401
47,0.5330934177960558,0.7451692725053863
48,0.3388659308212041,0.6345413449247634
49,0.42967678074135196,0.7745399445531186
50,0.6314021228639304,0.6651620920092801
51,0.32443163000659647,0.6982190252201024
52,0.25796773856054706,0.6613721576628665
53,0.4076776197177541,0.6471533246455109
54,0.4406182532146605,0.652296635882573
55,0.0783399882331612,0.705359541465409
56,0.25256964324066494,0.8426336951274903
57,0.35619386972621636,0.8895927982643187
58,0.18609120347592037,0.8527081239664965
59,0.0766517156696274,0.8747814028249176
60,0.23944414274180076,0.8578003889268322
61,0.3154118146387006,0.8160453710798266
62,0.22315002195870648,0.7208467465994798
63,0.4396673237299198,0.8759900638788517
64,0.5673981130573603,1.0965284550325451
65,0.18053844978002825,0.8940987952664392
66,0.5152612844380055,0.9618124039642165
67,0.05623950632222396,0.9072122308952849
68,0.27070417657137213,0.7187428667688934
69,0.2410460725270965,0.7255372499986337
70,0.6079028857272052,0.871844100146453
71,0.7226129245252156,1.0967523740704583
72,-0.06484783189077589,0.9684376510648082
73,0.579272660056191,1.0427556400763742
74,0.3358795248494543,0.9589477199764747
75,0.28884879409021136,0.9533925446026659
76,0.4140319895242054,1.0767134762572013
77,0.5184772228030582,1.1115800599298744
78,0.19732805715534807,1.000113315784377
79,0.5366296243277529,1.1134922510882328
80,0.47530179145342394,1.1450478714558152
81,0.5743333824463221,1.0796213487360724
82,0.3595417921560622,1.0208413755945647
83,0.19714101658055475,1.0339591356190374
84,0.3859009578206687,1.0128738405472506
85,0.7116489237276895,1.0966083731813354
86,0.4029699617057932,1.1197645856128224
87,0.636484703865331,1.0043529987663111
88,0.43367924936867813,0.9639929026686773
89,0.43355607714392813,1.0271883707932734
90,0.308671422371226,0.8379391969708564
91,0.4872473689038848,0.8260251342161461
92,0.16725393232296606,0.6857118562339054
93,0.28491038672952823,0.8228186209921088
94,-0.2386862406286835,0.621448785496805
95,0.15644853308035303,0.5744294173859994
96,0.47210363840165104,0.6682741985659261
97,-0.15717412867960043,0.48153186077392496
98,0.20378007580503754,0.4598773305958041
99,0.2949527159988326,0.5746608410297556
100,0.6265711928441641,0.7169628620103995
101,0.47362265870669706,0.7548791366144149
102,0.6468758180282961,0.9160615146736423
103,-0.024408400680635343,0.9343745317520318
104,0.5658334987028438,0.903356497893181
105,0.23307865020402074,0.838348585528685
106,0.183908933766159,0.7195452832655009
107,0.35084864856621856,0.8312322232248758
108,0.43243490379228805,0.879811196604603
109,0.288516817732172,0.7381828459790866
110,0.06614271848386738,0.7425552465507301
111,0.32010693686404396,0.8509377271645968
112,0.1257783273414999,0.8523120078738909
113,0.2689866324653889,0.7410415635417724
114,-0.08793762711137086,0.6738565224881778
115,0.442816029697099,0.6702102672894921
116,0.448151649206949,0.6987000955697495
117,0.4035696746634335,0.6457019314881622
118,0.49435936999872804,0.7502472821769087
119,0.4702492151375463,0.8750133953864137
120,0.5514417370635626,0.9951286276699832
121,0.07338843161538455,0.9858326958929673
122,0.0610215568730315,0.8471497693612945
123,0.05548499533105295,0.8244715032360892
124,0.2075474062323244,0.7468135175901984
125,-0.1277101481586806,0.6253435646982642
126,0.07877197281060959,0.6679759334766093
127,0.39106690958414003,0.8839474813378136
128,0.34393644622717284,0.8095293848126245
129,0.2943159917577226,0.8596451100161433
130,0.13773998041768407,0.8044683560988476
131,0.09409723251981382,0.7116072102584532
132,-0.2318582191811108,0.6216313524478178
133,0.25519566810659317,0.7611880247310753
134,0.3272019052877667,0.7464654297827213
135,0.7263840135596582,0.7742898267370778
136,0.5973441674538733,0.8513805976616061
137,0.5037797826834943,0.9171980502824794
138,0.12259808981406374,0.9975398521648505
139,0.5094606358525652,0.9403917946510516
140,0.4701592856463219,0.9275038420854523
141,0.5077867881942384,0.8038116343083174
142,0.18292771764647442,0.8944114896500472
143,-0.1827149903191452,0.8870716187215737
144,0.5132896102315756,0.9824435638963601
145,0.3775405919926158,0.9181131678124947
146,0.378657281230844,0.8918785048302416
147,0.5232713495619672,0.9883371144547451
148,0.2046874106764111,0.8780440329712376
149,0.5303886790909648,0.9557210670410551
150,0.14880955013226688,0.9714818012272356
151,0.5383394021591748,1.038195299800638
152,0.725680543743369,1.0757613627201343
153,0.4500738509097097,1.064501795169547
154,0.3394789281576228,0.9400494941136279
155,0.43866298120215735,1.017621977981269
156,0.5360405586613906,1.0794989096379985
157,0.3664998170708617,0.8580322633510674
158,0.32006003267475575,0.9164319702210276
159,0.22062363828548295,0.9297263080823762
160,0.6504675989630294,1.0008969045319698
161,0.4082056406931836,1.1035462330686052
162,0.29797082786566126,0.9728940289060236
163,0.6759374684635079,0.912814166431067
164,0.6374839646809524,0.997773865052061
165,0.5156185720557825,0.8909275875709578
166,0.22173064717453178,0.8870088952548848
167,0.6526849941935342,0.8809031755965665
168,0.16307708423374523,0.8049732536116445
169,0.17996540917497783,0.7862625034828381
170,0.228036425495557,0.878065134414167
171,0.6057610588811776,0.7940948881935426
172,0.36730293193578123,0.8888683080115455
173,0.6050200611643742,0.7172375389083333
174,0.15810358407675137,0.828400120851096
175,0.3680420253530012,0.9095445835376901
176,0.6396056758843812,0.9520850423966375
177,0.6828611509189149,0.9265638184479399
178,0.48154405812204004,0.6988025205797834
179,0.5834147020327984,0.7733582691418355
180,-0.061019209661363025,1.0343291666975574
181,0.0325037426044444,0.6701194924762488
182,0.28080178525158184,0.8168073161770814
183,0.4106857510227859,0.6551908723681978
184,0.005482733776841229,0.7634826760923337
185,-0.020381268811395313,0.7457238392314086
186,0.5282392585642716,0.7991256731609152
187,0.5250187604334635,0.9571077233700097
188,0.30156848916272017,1.1421569018361795
189,0.7601945421920167,1.0098029158130473
190,0.45751333204121253,1.0776783565849126
191,0.7091132947007714,1.0767734734125447
192,0.30112422164652486,1.1064914312525065
193,0.2968755537203971,0.9395599588410499
194,0.2395705884318313,0.8568956164713315
195,0.16296023611938057,0.8517390931486923
196,0.4345620237668626,0.9837591260029307
197,0.30408116029245824,0.7544042064516202
198,0.28674762697797057,0.6924853021017061
199,0.47250630398630805,0.7726259445270334
200,0.19801966868767035,0.7259909348923753
201,0.5169403258545323,0.7653245439990276
202,0.41809260934801307,0.5810775246690181
203,0.7765628649749471,0.8126467611137198
204,0.48072315161665685,0.7513885845224688
205,0.1437357215120022,0.6630806629543415
206,0.1490043669332138,0.8359288199035612
207,0.43935797934012416,0.7351547966836044
208,0.32873618160418683,0.8773731498394595
209,0.40253526614735463,0.6349015590467354
210,0.16388606900571295,0.6419506986155498
211,0.37364110493440894,0.5925464995617508
212,0.3216315935690471,0.7212612238724745
213,0.38739737419584025,0.6104805790966477
214,0.27517463820559085,0.6913388650840793
215,0.22975561111889506,0.6641122404803551
216,0.46849501480304445,0.711303230394561
217,-0.1294953267790009,0.4246690246533604
218,0.361222334689778,0.4971080411900024
219,0.12261809726564932,0.3807285663735517
220,-0.008496331810845338,0.3619329150756634
221,-0.2718534805181913,0.2851440936557212
222,0.009968776039615773,0.28415384886036615
223,-0.1338970435599096,0.22178156747058408
224,-0.13312272048098567,0.18642170887658951
225,0.31762465637788234,0.25652391290823523
226,0.2768556755163435,0.3125571388644516
227,-0.42793487790177265,0.17958178294681648
228,0.13502678569403256,0.18842448744990814
229,-0.49560313266678885,0.1336544004946185
230,0.07653268560117846,0.16717048008918395
231,0.25751492568915557,0.20810059620779708
232,-0.16472212867069055,0.15212802203713613
233,0.22932836054132985,0.16108447875962545
234,-0.4116146396692968,0.12391893463549987
235,0.0958886406072081,0.11004067984342687
236,0.4166687492940106,0.14073620778490326
237,-0.03421087019553611,0.09945016547286421
238,-0.0008850253722992741,0.09618602350218103
239,-0.1732114776976985,0.07747465320638572
240,-0.020875092217241313,0.06614487474245745
241,-0.35763926892595754,0.052440824414765795
242,0.356706482165201,0.0743235379452167
243,-0.7260380186654166,0.03420690887543785
244,0.28494816429689107,0.04749720304386275
245,-0.6098757201759583,0.023644617993179327
246,0.260039358439957,0.03026209992377341
247,0.23385111035423045,0.037160636949043625
248,-0.6802691792906043,0.01760324642086956
249,0.19519595196508674,0.022393523267224894
250,-0.6078187778147669,0.010597614672067095
251,-0.05452064260881842,0.009292342672403257
252,-0.45924650244775844,0.006288611926502019
253,0.12705669673249362,0.008143976891259607
254,0.16340886727626963,0.009625285882191088
255,-0.6782888339933172,0.00483538822359204
256,-0.5588200041242635,0.0025848617818637746
