t,lambda,delta_s
1,-0.8854791922675891,0.981866797015381
2,0.06394778445458496,0.7928033118678087
3,0.7029886338901546,0.864903995144695
4,0.41808884805776614,0.7987254658420938
5,0.01685390348101892,0.5514691852089808
6,0.2123007416065395,0.5663179400037195
7,0.0777550049017982,0.5489216717621773
8,-0.48040453216727974,0.3281656804281112
9,0.049725914986986204,0.2781928322563891
10,0.17949298679423484,0.27101916550468913
11,0.09449808921800087,0.27649031601399976
12,-0.7525999257956032,0.15957083953812032
13,-0.12036548487040225,0.14837597923997692
14,0.0035684881643045408,0.1453782069186717
15,-0.14426536276906082,0.13126166843895096
16,-0.17606897321387704,0.11741199817972223
17,-0.661891133698928,0.07491444771355951
18,-0.266495969434399,0.052498739845878044
19,-0.6400693897597826,0.033714280511416075
20,-0.11119099448644865,0.03231329848565565
21,-0.8426464912592717,0.013458798677246189
22,-0.30003259952058725,0.010819721069950907
23,-0.6666844350167598,0.005270852680707564
24,-0.2891032128525851,0.004212225669714278
25,-0.6892304945238936,0.002046172615468562
26,-0.18561221897125169,0.001978325573635087
27,-0.7643893263251094,0.0007888905983133832
28,-0.20841280518105784,0.0007617626403507985
29,-0.7407598178050331,0.00030363151776946647
30,-0.28243446365156794,0.00024476875960887236
31,-0.12226949408950694,0.00023872533345775594
32,-0.8399123008270539,9.401816569168122e-5
33,-0.7924347630659494,4.4915019990508624e-5
34,-0.40071209268864477,4.338435531306046e-5
35,-0.5507342667013757,1.726645862270651e-5
36,-0.16431349739156348,1.3897714553334353e-5
37,-0.13823972230774756,1.3566649719844325e-5
38,-0.2050312303787255,1.1727100373430966e-5
39,-0.2594283089274545,9.380725961189524e-6
40,-0.6846404504054866,4.5076892660266196e-6
41,-0.705544435905607,2.0042936098701735e-6
42,-0.7013782767256178,7.890144418623644e-7
43,-0.5970077577282741,3.7697620795268436e-7
44,-0.37839045810396565,3.6426355523483796e-7
45,-0.5850917804248239,1.4490970057827018e-7
46,-0.3529335906699363,1.1658782813423984e-7
47,-0.620261244116269,5.5703300170839454e-8
48,-0.3345526290884206,4.481636621658207e-8
49,-0.6402922437461526,2.141235025112165e-8
50,-0.4178231800322417,2.0690270503166008e-8
51,-0.24092420606048906,1.8897328474482442e-8
52,-0.21414432117881427,1.5801620679168004e-8
53,-0.7143742191691976,7.264132821245597e-9
54,-0.2430771711731912,6.074142996643038e-9
55,-0.25612322665843545,4.774698768243258e-9
56,-0.6937887848926271,2.334900511771618e-9
57,-0.7081197149329688,1.0733725898506386e-9
58,-0.6783493204247427,4.5175149038250397e-10
59,-0.2757064906449814,4.126044234094983e-10
60,-0.6655910475328475,1.7365327297075936e-10
61,-0.28998141643681075,1.5860514036300084e-10
62,-0.2495500265822383,1.3262289911484604e-10
63,-0.6719299808474667,6.096781596293241e-11
64,-0.28131429951631004,5.098024241877024e-11
65,-0.22967576777560048,4.007401673624806e-11
66,-0.21857462658852864,3.0213483238252753e-11
67,-0.7424585073201893,1.5404452032967578e-11
68,-0.6595469182226484,7.533011912943705e-12
69,-0.3018945440134864,5.9214713615261756e-12
70,-0.6263921118271504,2.895689779326905e-12
71,-0.345015785847,2.276213591383245e-12
72,-0.5806516069778852,1.1131031511707188e-12
73,-0.3810747329728115,8.749765045284617e-13
74,-0.5449138779009716,4.2787685130964834e-13
75,-0.4067602953963127,3.3634096834074796e-13
76,-0.5225061082765389,1.64475861643446e-13
77,-0.4275193374007694,1.2928946823018463e-13
78,-0.5029380750203081,6.322452121574318e-14
79,-0.44585360099264426,4.969887158768313e-14
80,-0.48671638976587817,2.4303505955332046e-14
81,-0.4734513877957352,1.9104246238305752e-14
82,-0.014820271236448114,1.4403493099980518e-14
83,-0.07871354695162083,1.0535116103675668e-14
84,-0.17674870569398574,7.533521089296413e-15
85,-0.7747753048297371,4.049698630252838e-15
86,-0.8399420347115208,2.1283085361897465e-15
87,-0.11284281735347507,1.5567041534691966e-15
88,-0.8462241811956446,8.181218013113366e-16
89,-0.7633005581824256,4.1712231407906424e-16
90,-0.18994364275483994,3.144860204240783e-16
91,-0.7587402263626306,1.6034181753199218e-16
92,-0.24442311187442217,7.8409593473398e-17
93,-0.7071644531968587,6.16353946592978e-17
94,-0.22661197585523354,3.014064773117419e-17
95,-0.7111582801190557,2.3692645707034084e-17
96,-0.04859864624107362,1.7862880047962285e-17
97,-0.03644865636289722,1.3065408088513138e-17
98,-0.15327475972819743,9.342899158058664e-18
99,-0.236347610745571,6.566310618212747e-18
100,-0.29264331950961153,4.552592720581057e-18
101,-0.6440207636019061,2.524089801640981e-18
102,-0.32110896794100946,1.7500166417913586e-18
103,-0.6036374026222088,9.702601197507928e-19
104,-0.556809147216539,5.306788732152871e-19
105,-0.4919132022721346,2.852702581555712e-19
106,-0.45019089936355594,2.039929588639564e-19
107,-0.5063063397143637,1.096578872350016e-19
108,-0.41821661156989315,5.76304161794413e-20
109,-0.5311279217674614,4.215249185313461e-20
110,-0.4355035638806921,2.2153131979377226e-20
111,-0.36428617081222564,1.1294853236431764e-20
112,-0.5797257345133028,8.515663932872603e-21
113,-0.4724622698491539,6.228593828591798e-21
114,-0.36126558814047455,4.4539844176931595e-21
115,-0.30734041738888596,3.1303179752321882e-21
116,-0.6472111422857354,1.71211161016125e-21
117,-0.5998504294773532,9.20357952187988e-22
118,-0.49830520519183474,4.836917175413361e-22
119,-0.3827333481412919,2.4661194482084157e-22
120,-0.5535457129040638,1.8593109622288955e-22
121,-0.38444572783653774,1.3599518341801638e-22
122,-0.5780796088242094,7.147191338807875e-23
123,-0.35847893400803515,5.227654850588552e-23
124,-0.24319417560862588,3.7382262973573353e-23
125,-0.7259601241418562,2.0095105245662394e-23
126,-0.6525026270616021,1.0560930067851497e-23
127,-0.41925317595835415,5.3845278070679094e-24
128,-0.22554677316429167,2.6331161944959404e-24
129,-0.20916751408431464,1.2104647436981708e-24
130,-0.71245224953498,1.0121698651642393e-24
131,-0.6230135938566524,7.956359207857858e-25
132,-0.40557674490749474,5.998633158401142e-25
133,-0.2201317421056754,4.387567401077526e-25
134,-0.1908848433363922,3.1374909608443655e-25
135,-0.7776410346845921,1.6865809089742003e-25
136,-0.7332345801079428,8.863781908927649e-26
137,-0.42312891062598973,4.51923077397254e-26
138,-0.1606705492598417,2.2099727522981006e-26
139,-0.16812374729561172,1.0159422917918575e-26
140,-0.23174388626445486,4.275807394277221e-27
141,-0.6949597964975072,3.9052821696479005e-27
142,-0.2767170731488501,1.6436203623601634e-27
143,-0.6653273508106972,1.5011904660126532e-27
144,-0.30544741331849434,6.318076672912468e-28
145,-0.31309161263110413,2.5134297276157214e-28
146,-0.6170834975475545,2.428668673067553e-28
147,-0.5367469976067021,2.2182094725799547e-28
148,-0.42817437824279175,9.335802379271672e-29
149,-0.3498596685510576,3.713928216763839e-29
150,-0.3025477174276507,2.9880634099651176e-29
151,-0.29054221492580123,2.9177621041895387e-29
152,-0.6697023725983168,1.1486115747905914e-29
153,-0.6182403147645665,5.48782512107833e-30
154,-0.3393557281091247,4.415262893495032e-30
155,-0.5983538150689628,2.1095199765425103e-30
156,-0.35400466045668216,1.69722705625949e-30
157,-0.5902775325264465,8.108994789829408e-31
158,-0.38303465350260324,7.835533016794855e-31
159,-0.24557813538963846,7.15653549342088e-31
160,-0.2340943527807104,5.98417228021728e-31
161,-0.7326808650123096,2.750972243670986e-31
162,-0.22453751618806625,2.3003158245155227e-31
163,-0.26057620696427913,1.8082082485626484e-31
164,-0.2991294479627913,1.3632840943644003e-31
165,-0.653615489578347,6.95075250747482e-32
166,-0.30848034415490466,5.240464058736757e-32
167,-0.6383228599955549,2.6718692638733204e-32
168,-0.6500462117804039,1.3065848075008483e-32
169,-0.65311020674295,6.006475701442413e-33
170,-0.6351463495168452,2.5279519737756577e-33
171,-0.5721677093180492,1.0056588373030343e-33
172,-0.37655232293023405,9.717447387193628e-34
173,-0.30648567687664,8.875370314034875e-34
174,-0.6460981238146717,3.7353867756372304e-34
175,-0.5698175604751865,1.4859952881358968e-34
176,-0.384761233761801,1.4358826765549513e-34
177,-0.5802545727048706,5.712165887594386e-35
178,-0.37090028969055927,5.519533008677234e-35
179,-0.5881292143841026,2.1957565671912823e-35
180,-0.3653009675197578,2.1217084885355287e-35
181,-0.5989240100315869,8.44048824428329e-36
182,-0.4735447704601852,6.790845868033473e-36
183,-0.4793192840845168,3.244523681102497e-36
184,-0.3444946531495672,3.135107752065312e-36
185,-0.2832137390233821,2.863431224814374e-36
186,-0.6695870336026247,1.2051354198939052e-36
187,-0.6052698848929126,4.7942172071927305e-37
188,-0.34780395292677707,4.6325405540721735e-37
189,-0.27574494751554246,4.231102189074872e-37
190,-0.2744830735279772,3.537975107914335e-37
191,-0.6789802901256505,1.626435681480381e-37
192,-0.27579173561151066,1.35999763148227e-37
193,-0.29514694663545976,1.0690527400905213e-37
194,-0.3179508598352619,8.060037320151578e-38
195,-0.33767973436413984,5.895335831269789e-38
196,-0.6125988399621306,3.0982783458662663e-38
197,-0.3453616166844027,2.266167093540107e-38
198,-0.35186604276750977,1.620505879863839e-38
199,-0.6017609134969393,8.711146307568172e-39
200,-0.5873921029542628,4.578120186004416e-39
201,-0.5459454869194478,2.3341708814718677e-39
202,-0.41694168631267997,1.759829399500097e-39
203,-0.37908407368062313,1.2871882478578664e-39
204,-0.3606669256564309,9.204511574152332e-40
205,-0.35690899143117466,6.469050030652069e-40
206,-0.5988516673379148,3.5382142491041554e-40
207,-0.35802887880112577,2.4867028317826547e-40
208,-0.3558702792786408,1.7240952901042336e-40
209,-0.5996001639489346,9.558885685372526e-41
210,-0.3556236853537005,6.627422295160675e-41
211,-0.3550177973000399,4.544866280226972e-41
212,-0.6008865396190606,2.547581130259765e-41
213,-0.35194886510781204,1.747046598119248e-41
214,-0.34118884558216733,1.1872656327186538e-41
215,-0.33553882980129973,8.007485877155347e-42
216,-0.33384481834124374,5.3659645777285024e-42
217,-0.626269587167938,3.0780775711785157e-42
218,-0.6245644653817207,1.7543435910303428e-42
219,-0.325368256833608,1.1832130183610212e-42
220,-0.6259728366322003,6.743696763920636e-43
221,-0.5596321976801103,3.814503386950901e-43
222,-0.4329111009932057,2.1381832271251695e-43
223,-0.32117818042103224,1.1854709632223835e-43
224,-0.6495146999518058,8.219176325069149e-44
225,-0.30156678701171896,4.556950382626842e-44
226,-0.6587184037343284,3.159451379356581e-44
227,-0.5198443900102651,2.1666469101477697e-44
228,-0.33138092013199805,1.4724194634669527e-44
229,-0.24346861921932048,9.930699359975698e-45
230,-0.6926225319624835,5.659980417566968e-45
231,-0.5513695618356431,3.2015102737705256e-45
232,-0.33373356734813264,1.794575826636475e-45
233,-0.6197338299366192,1.2306605492373898e-45
234,-0.37911628003979553,8.36337724033898e-46
235,-0.5716661993049219,4.730659151268525e-46
236,-0.3130800031290205,2.6517255391858305e-46
237,-0.19611612348633978,1.4701937557365365e-46
238,-0.20515497283935313,8.041150510265305e-47
239,-0.7523311420765041,5.651424797051247e-47
240,-0.1972894322643025,3.0910182561459827e-47
241,-0.760740854937524,2.1724076919864991e-47
242,-0.19438172169411935,1.1881874176625157e-47
243,-0.7657603669882582,8.350735167996103e-48
244,-0.7551571383694446,5.789780342079996e-48
245,-0.52295358950957,3.9704392257989334e-48
246,-0.431287251901395,2.2255915634955498e-48
247,-0.19296703063622808,1.2339326868932683e-48
248,-0.17488392767923588,6.748932524117552e-49
249,-0.21771917251467965,3.6279373847402004e-49
250,-0.7360102246300061,2.5942896622707874e-49
251,-0.22198495528694673,1.3945791306941326e-49
252,-0.26461065853205923,7.329174191075698e-50
253,-0.3016081838432636,3.7368055636334745e-50
254,-0.6480008419173916,2.817334559049498e-50
255,-0.3109742091102951,1.4364280586607075e-50
256,-0.6383586467771466,1.082983404498627e-50
257,-0.3210504493195633,5.521629457491761e-51
258,-0.3383840095389016,2.700160991915186e-51
259,-0.35160313605358834,1.241285777610013e-51
260,-0.36380611932231455,5.224212978627944e-52
261,-0.5920460282689832,4.77150252913289e-52
262,-0.37124168897532034,2.0081874689845816e-52
263,-0.5791188319587197,1.8341655721986826e-52
264,-0.3815149069253848,7.719472630776731e-53
265,-0.5632003475317383,7.05053245953174e-53
266,-0.4867381643323505,5.895534360709791e-53
267,-0.3968341901922588,4.634300102232781e-53
268,-0.33343795800154197,3.4939933621624393e-53
269,-0.31457541154076185,2.555604080228708e-53
270,-0.3219191805028417,1.8274784107579522e-53
271,-0.3373954458040346,1.284375512365897e-53
272,-0.35333771512132,8.904907105477565e-54
273,-0.5980492413491867,4.9371394695345056e-54
274,-0.3589660579249024,3.4230462913455764e-54
275,-0.5937005946347349,1.897836412089064e-54
276,-0.3644259008215068,1.3158189943932395e-54
277,-0.588058294625838,7.295283168070363e-55
278,-0.5915050200725578,3.9901182915900916e-55
279,-0.5940030135395107,2.144916883946497e-55
280,-0.5910558998724275,1.127255465238357e-55
281,-0.5719125687056981,5.747352135890079e-56
282,-0.5239462403658605,2.8105428232013833e-56
283,-0.45190149956507963,1.2920291953885663e-56
284,-0.49426098360006676,1.0803726612386124e-56
285,-0.46595566726025345,4.96656022707365e-57
286,-0.4764610556760849,4.152952509801224e-57
287,-0.3584035608897834,3.2645095530276196e-57
288,-0.6058229019937603,1.5963949447675904e-57
289,-0.34057813144740157,1.2548774721838172e-57
290,-0.6237874868285012,6.136542167686616e-58
291,-0.3221046203780543,4.823749003074592e-58
292,-0.6393877081380188,2.3588868092587353e-58
293,-0.49178923640133915,1.0843992843730054e-58
294,-0.3211218230529082,4.563923084935385e-59
295,-0.6315516014361044,4.168430849129833e-59
296,-0.4321801973724378,3.4855704079574983e-59
297,-0.26502494430511186,2.7399007977272195e-59
298,-0.6994162047613253,1.3398532648188623e-59
299,-0.542635966526984,6.159413481950772e-60
300,-0.40715029737268166,5.150395949963707e-60
301,-0.23259178221707139,4.048569479388544e-60
302,-0.21282723194331185,3.052386460777909e-60
303,-0.7365492783862946,1.5562701078769557e-60
304,-0.21776830989114673,1.1733373555230277e-60
305,-0.24568552590171175,8.582116284856309e-61
306,-0.7007703401032802,4.510308794630519e-61
307,-0.2543293645922409,3.298965499898765e-61
308,-0.691234049809488,1.733762700655972e-61
309,-0.680094991413555,8.83965087597482e-62
310,-0.5930886723428426,4.322724054775407e-62
311,-0.3551526565145917,3.3979617967247204e-62
312,-0.26468879351363084,2.561866020916005e-62
313,-0.2634537335984514,1.8738201757773813e-62
314,-0.6938875625902902,9.847812984401128e-63
315,-0.724881842915558,5.020942522356816e-63
316,-0.744692587851381,2.455317446758668e-63
317,-0.20891921575315558,1.93005030559396e-63
318,-0.23068986851731774,1.4551459352267374e-63
319,-0.7178943085198405,7.419113374703183e-64
320,-0.23844602705672538,5.593580975011579e-64
321,-0.7204651002566936,2.8519071812359038e-64
322,-0.7549026811772717,1.3946260940939771e-64
323,-0.7406256599334734,6.411208594102354e-65
324,-0.5493415083403476,2.698292347350452e-65
325,-0.27678050718165115,1.0734229023691667e-65
326,-0.200322808103049,8.636288885472111e-66
327,-0.7461354085856637,4.126237636707076e-66
328,-0.21246212025451996,3.3197894475754806e-66
329,-0.7302729321787444,1.5861257475501992e-66
330,-0.6461286893221199,1.5326364100401004e-66
331,-0.3078239033580087,6.097067373582967e-67
332,-0.6456358606751239,5.891454360194145e-67
333,-0.4357374909900994,5.38092330747976e-67
334,-0.5084589490308107,2.264675056058629e-67
335,-0.4490931793357912,2.0684269193952197e-67
336,-0.49983109838075,8.70541091548937e-68
337,-0.4605356987174176,7.951033078155221e-68
338,-0.25726612391632436,6.648517538846637e-68
339,-0.6909841272437173,3.056377115242868e-68
340,-0.26330316811439847,2.5556901419326464e-68
341,-0.6848492269178481,1.1748713630993584e-68
342,-0.269057046318053,9.824072905589092e-69
343,-0.17894142052195772,7.722404668545182e-69
344,-0.7778863150048768,3.7763736249084477e-69
345,-0.1736151859381932,2.968492354588767e-69
346,-0.19025163034876122,2.2380709824048692e-69
347,-0.767962992451751,1.1410884611039222e-69
348,-0.1855140090412319,8.603144856364319e-70
349,-0.2318910491426401,6.292579813064082e-70
350,-0.2734194592501496,4.499739942235807e-70
351,-0.30946244468124445,3.16247555090153e-70
352,-0.33395399953863725,2.1926259674825817e-70
353,-0.3538456996196469,1.503630126608679e-70
354,-0.5948332044890595,8.428454219003042e-71
355,-0.5970304126043943,4.67298013319061e-71
356,-0.5988175922426762,2.5558628878572835e-71
357,-0.6019477631113871,1.3739225407857969e-71
358,-0.3576749940671189,9.8247369409234e-72
359,-0.5988258634655549,5.281358246780604e-72
360,-0.5996800313230127,2.775604030218266e-72
361,-0.5957629137331849,1.415151599915902e-72
362,-0.5803974624037296,6.920307088978519e-73
363,-0.3764153199501269,5.4398427500767273e-73
364,-0.5739246351983148,2.6601660450033433e-73
365,-0.38166748688386437,2.0910755531294936e-73
366,-0.361985476225729,1.5765496280429728e-73
367,-0.5902195530799556,8.038094426229775e-74
368,-0.36789866469309734,6.06025677019719e-74
369,-0.3634359880292991,4.432640627446491e-74
370,-0.5883400485716506,2.3295627024637994e-74
371,-0.37029914810508613,1.7039070571904307e-74
372,-0.5847873295362467,8.954839028270846e-75
373,-0.37530560155772663,6.549818727840016e-75
374,-0.3747061274826817,4.683688061115689e-75
375,-0.5784380488709866,2.517750318981702e-75
376,-0.5613543707305466,1.3231971030764348e-75
377,-0.40144194095104296,9.678232226165661e-76
378,-0.5471189074100866,5.086369664225816e-76
379,-0.4128087278265727,3.72031246773808e-76
380,-0.39868564003417534,2.6603458527333936e-76
381,-0.3914011916164714,1.8697255450792317e-76
382,-0.3842861630276696,1.2963290043578583e-76
383,-0.5671093579386841,7.187224995284568e-77
384,-0.39295320993585675,4.9830886927516055e-77
385,-0.38588290712899365,3.4172368626040617e-77
386,-0.5711388633620844,1.915499293493717e-77
387,-0.558188815920253,1.0620085143792318e-77
388,-0.40228133771712005,7.363179284189849e-78
389,-0.3946351098129107,5.049424007342347e-78
390,-0.5507566374289855,2.8304061168425776e-78
391,-0.5306632007470802,1.5692594643328357e-78
392,-0.4272766062652767,1.0880081113142868e-78
393,-0.5176228488597793,6.032233380895419e-79
394,-0.4829664964593826,3.2992995882046917e-79
395,-0.47125823208827977,2.3187905116162e-79
396,-0.4758340865978248,1.2682507617058829e-79
397,-0.4743287041837201,8.913430726652673e-80
398,-0.49342318878657637,4.875155927997412e-80
399,-0.44330299153933117,2.6206752526292645e-80
400,-0.5055815069248563,1.8740099387222057e-80
401,-0.4641522975462374,1.0073875671106889e-80
402,-0.42208126056081074,5.294299043183916e-81
403,-0.3887275426090561,2.6993172224230324e-81
404,-0.3675848906542129,1.3200072777253002e-81
405,-0.591601826476005,1.0376175402994139e-81
406,-0.5655237031649326,7.823034154656403e-82
407,-0.5042348936632286,5.721985113627976e-82
408,-0.44336980724957475,3.007174329049921e-82
409,-0.3749327190578671,1.5332185414957688e-82
410,-0.5931702156880858,1.1559578120867898e-82
411,-0.5265436568640149,8.454997462596514e-83
412,-0.4304285496132706,4.44350182966162e-83
413,-0.36344707727970216,2.2655352330571418e-83
414,-0.3354675807308671,1.1078812711364388e-83
415,-0.6278848110219454,8.708717435871654e-84
416,-0.6067917085774791,6.565867605169487e-84
417,-0.3403432353812454,3.3476309823490624e-84
418,-0.6180364851903424,2.5239195074271503e-84
419,-0.34588918672425023,1.2868293496149794e-84
420,-0.6230582900558181,9.701946586549968e-85
421,-0.5766069931482061,7.096274008775682e-85
422,-0.370223240800025,3.729428267869807e-85
423,-0.5747823292003649,2.7278077289733716e-85
424,-0.46724242732780896,1.9506189444459613e-85
425,-0.4757697814123504,1.0485692910173642e-85
426,-0.35019664775084325,5.510728517394224e-86
427,-0.6053861021675189,4.0307003546707476e-86
428,-0.35359606550264483,2.1183240420863407e-86
429,-0.5895925320557164,1.5494012163354354e-86
430,-0.36503021096009314,8.142837617779893e-87
431,-0.2844017321125752,4.151654759540916e-87
432,-0.2711279616314621,2.030222476881614e-87
433,-0.2828326563295518,9.333096409743554e-88
434,-0.30075155798223846,3.928030456326308e-88
435,-0.6626213624272961,3.587642259905424e-88
436,-0.28799134732837384,1.5099349074118324e-88
437,-0.6703462248274797,1.3790896847076437e-88
438,-0.2758689243566198,5.804189784091086e-89
439,-0.6833272786999527,5.301220748016186e-89
440,-0.6910103633833922,4.432789899631607e-89
441,-0.26921640821916054,2.0377892555374208e-89
442,-0.6857483107804286,1.7039644374183897e-89
443,-0.6137440154232818,1.33943457596579e-89
444,-0.348639998928626,6.550039297436288e-90
445,-0.6121771151366124,5.148786510012499e-90
446,-0.35538123402498933,2.51783510593451e-90
447,-0.282742590344698,1.1574690978506952e-90
448,-0.6637859896664925,9.678558147212256e-91
449,-0.5630100800682476,7.608019946421201e-91
450,-0.407454472141965,5.73600556838947e-91
451,-0.3143523261958585,4.1954742655029696e-91
452,-0.3024616430468988,3.0001277202574734e-91
453,-0.31767728816522295,2.108528645364768e-91
454,-0.6288310837631131,1.153249095666973e-91
455,-0.6167410054876534,6.199373742642508e-92
456,-0.34056798192090587,4.433089523743842e-92
457,-0.6003081377831223,2.3830392666717794e-92
458,-0.35527742158955705,1.704079612927133e-92
459,-0.5896953789748192,9.160402941086322e-93
460,-0.49672108599615616,4.814225836166549e-93
461,-0.4068197594512009,2.4545501880798955e-93
462,-0.3531621146334485,1.2003124660165252e-93
463,-0.33050114794977775,5.517933179597295e-94
464,-0.6104026037871487,4.6140011193675203e-94
465,-0.5335100191115859,3.6269258307931743e-94
466,-0.42665413586979606,1.7736220302848752e-94
467,-0.5140122535219792,1.394190289356896e-94
468,-0.4041217465269962,1.0511385773781384e-94
469,-0.34015606696902856,7.68832037955223e-95
470,-0.32072702015633087,5.497815415666686e-95
471,-0.6091402140824991,2.9553903538998762e-95
472,-0.5233552689914935,1.5531976801901372e-95
473,-0.43357963498255153,1.1360520520391121e-95
474,-0.350073500785475,8.123756784787064e-96
475,-0.2981634826992142,5.7094815574151166e-96
476,-0.2707286909149271,3.958531005902177e-96
477,-0.674116875408335,2.1947247106703713e-96
478,-0.2902664706317184,1.5216593186687977e-96
479,-0.6630844142984061,8.436521787816905e-97
480,-0.4869451695373722,4.6143129920302355e-97
481,-0.48266116267563025,3.24299897523682e-97
482,-0.4497258155166168,1.7737419141364227e-97
483,-0.2329567386043728,9.534877668698537e-98
484,-0.1950494027754253,5.011030051030963e-98
485,-0.23308235847475794,2.55489151793222e-98
486,-0.27451911083785896,1.2493809061988932e-98
487,-0.3070330463961944,5.743504755182055e-99
488,-0.644876733028445,4.8026202034285455e-99
489,-0.667333648136659,3.77519355125165e-99
490,-0.29069637075180604,1.846127206197933e-99
491,-0.3163150424125231,8.486795608016779e-100
492,-0.3362389666471203,3.571846915682107e-100
493,-0.6169422761378067,3.262324231721649e-100
494,-0.3420528888894265,1.3730179543882016e-100
495,-0.35748768363481026,5.4620801895375074e-101
496,-0.5915394567052195,5.2778810166682486e-101
497,-0.36619344606167104,2.099623624858218e-101
498,-0.5759406710693632,2.028817462807274e-101
499,-0.545281901462055,1.8530078491318152e-101
500,-0.4067945093806615,7.79877432703116e-102
501,-0.5439843018137246,7.122962172062698e-102
502,-0.41305885593631875,2.9978488513107787e-102
503,-0.37981946676288564,1.1925911652967887e-102
504,-0.3655001704198087,9.595064352579552e-103
505,-0.57997739504986,4.584320439400855e-103
506,-0.38013100466537064,3.6883427371315797e-103
507,-0.35885157569806914,3.601565692941864e-103
508,-0.583310812096631,1.4177989481533793e-103
509,-0.5080231080252123,6.773945914425467e-104
510,-0.4157305825130522,6.545506347227546e-104
511,-0.35544631514964004,5.978297634116396e-104
512,-0.3290583210271332,4.9989499832504967e-104
513,-0.31621974881780895,3.929522414935971e-104
514,-0.6297935617557535,1.921596373561491e-104
515,-0.5696465711227557,8.833733454970895e-105
516,-0.386364895650941,7.386616459970375e-105
517,-0.5536093378692055,3.3956871400908114e-105
518,-0.4066682941212797,2.8394153672126096e-105
519,-0.31462785954429034,2.231977989009717e-105
520,-0.2737491936279625,1.6827818885391859e-105
521,-0.271700009993044,1.2308335519630498e-105
522,-0.2890872197039749,8.80152665606834e-106
523,-0.6719265640893022,4.731324173745962e-106
524,-0.27744806329018784,3.38330684659267e-106
525,-0.6873169496711182,1.8187210123879477e-106
526,-0.2551741895369367,1.3005431518302214e-106
527,-0.7026868698894281,6.991163571619271e-107
528,-0.6969235595081589,3.6741877521999636e-107
529,-0.5795656353404973,1.8732977108079486e-107
530,-0.3734845656359422,1.4123577719456663e-107
531,-0.5837820341869578,7.200956400345753e-108
532,-0.35365451527030267,5.4291032753591406e-108
533,-0.19849836204341542,3.970997378742533e-108
534,-0.19268063010908323,2.8396072908832408e-108
535,-0.7614684514086352,1.5264513923886299e-108
536,-0.7279705963575562,8.0222254175407185e-109
537,-0.21427659378610836,5.867679152341894e-109
538,-0.1704772873255762,4.195899143814051e-109
539,-0.7806145341319664,2.255535866160224e-109
540,-0.7019610707193588,1.1853909823732197e-109
541,-0.23170659876172453,8.670279869519903e-110
542,-0.14052272610600514,6.200001557110871e-110
543,-0.806507325487967,3.3328555818434504e-110
544,-0.1391620077002577,2.383280598553419e-110
545,-0.18078539777628247,1.675000493499225e-110
546,-0.7761518198050861,9.161330620839345e-111
547,-0.7694395615222838,4.924739391679433e-111
548,-0.5512441798048331,2.588183922507524e-111
549,-0.4071187810978684,1.8930698221615738e-111
550,-0.5583109250487525,9.94897899811892e-112
551,-0.3874119150949422,7.276960396389088e-112
552,-0.5656409442221796,3.824387526876913e-112
553,-0.2696655327909998,1.9498776008524149e-112
554,-0.6856743459260427,1.4700945653314856e-112
555,-0.38030532106288206,1.0752681187573835e-112
556,-0.18180972136017368,7.689098980580672e-113
557,-0.18723629070694642,5.403998419176631e-113
558,-0.23419455402831219,3.746731657338413e-113
559,-0.682812383800939,2.0772969923314968e-113
560,-0.6500545492011278,1.1361671007431748e-113
561,-0.5431115128832223,6.107548246138388e-114
562,-0.4133020731773261,4.3674263352567614e-114
563,-0.31711168952406527,3.0694838330479616e-114
564,-0.6271160294980607,1.6788386832727e-114
565,-0.5160149201012051,9.024718502115153e-115
566,-0.37733323353492987,4.742917233710761e-115
567,-0.3123012764585845,2.4181932431574813e-115
568,-0.6221291661339852,1.8231773846384165e-115
569,-0.34661776081243545,9.29553482669736e-116
570,-0.323701930329682,4.5456582574519433e-116
571,-0.3059167935528062,2.0896757496109503e-116
572,-0.31671767423041597,8.7948410987687e-117
573,-0.32339324402528763,3.498725357682591e-117
574,-0.3239199840947885,2.814920648067357e-117
575,-0.31685236437363934,2.748692937988045e-117
576,-0.6463291318962897,1.0820554971170918e-117
577,-0.30170824856858003,1.0565975653626044e-117
578,-0.6579514491875607,4.1594213309181e-118
579,-0.606238369334675,1.9872842456008584e-118
580,-0.3411527031870957,1.5988815596049182e-118
581,-0.6086119856285911,7.639120640089699e-119
582,-0.4404455824799603,7.381504557109384e-119
583,-0.2870088427421551,6.741851415158724e-119
584,-0.24139978423126873,5.637420563766609e-119
585,-0.2548349118760095,4.4314047033808477e-119
586,-0.6869793035207572,2.1670244647118843e-119
587,-0.6724043547595364,9.961986177246078e-120
588,-0.2835609389503641,8.330042042352482e-120
589,-0.6535509076189815,3.829387486533394e-120
590,-0.2857785639814711,3.202068161080294e-120
591,-0.2532097455302605,2.517048311200778e-120
592,-0.2672549886168228,1.897708369671729e-120
593,-0.290333717966564,1.388036767653071e-120
594,-0.31812963553773943,9.925665895780035e-121
595,-0.3352947872143175,6.975886634511758e-121
596,-0.35365356686646165,4.836562349607683e-121
597,-0.599407381577596,2.6815308223063195e-121
598,-0.5991534162600605,1.466649742997867e-121
599,-0.5846807479662709,7.884081540194829e-122
600,-0.37989751916074194,5.637801612083803e-122
601,-0.3502645092242869,3.962320042475448e-122
602,-0.34276348592206946,2.747178808744211e-122
603,-0.33783767402260984,1.8839240624115015e-122
604,-0.6133526330057417,1.0560155340812742e-122
605,-0.33811842796901875,7.241804095909815e-123
606,-0.6148121452965791,4.0593237130084174e-123
607,-0.3424715193849393,2.783749494467731e-123
608,-0.6120578190024505,1.560404035280436e-123
609,-0.5467164495929682,8.65133376435239e-124
610,-0.4489029066756226,4.731803317913441e-124
611,-0.3587899485767663,2.5436150225165406e-124
612,-0.5883602054434541,1.8189051954059267e-124
613,-0.47730395430117,1.2783501455021567e-124
614,-0.4802237168197124,6.991871571140384e-125
615,-0.4844965993432778,4.913977959310292e-125
616,-0.3733218326125522,3.406987818182283e-125
617,-0.3163519749727801,2.3363991854430805e-125
618,-0.30652772124994804,1.587780463425903e-125
619,-0.6490716649628092,8.9811184688432e-126
620,-0.3050296481597372,6.10342810140917e-126
621,-0.3135660607215129,4.116443109058517e-126
622,-0.6414882914076453,2.3461577621816854e-126
623,-0.6459660823550809,1.3270802415143269e-126
624,-0.6252443547338865,7.438820799483741e-127
625,-0.3267648203219168,5.101296448381074e-127
626,-0.3004179616743737,3.4667615403004686e-127
627,-0.302879919452876,2.3381493836265724e-127
628,-0.6513624073173175,1.3326231360915003e-127
629,-0.6497767004951687,7.537847035688539e-128
630,-0.6105244388390584,4.2252677387783557e-128
631,-0.3399891785812913,2.8975484005186743e-128
632,-0.6154295536224911,1.6241929187864004e-128
633,-0.3398341014994189,1.1138176051593785e-128
634,-0.29021753806321227,7.569330807468614e-129
635,-0.6593146023026033,4.2815148742326516e-129
636,-0.2931672624993936,2.9096507623909334e-129
637,-0.28112869029848836,1.962407294983232e-129
638,-0.674651398988809,1.1184697530630751e-129
639,-0.649789681898952,6.326510237065939e-130
640,-0.5415871317760079,3.546264533780631e-130
641,-0.41369363658551833,2.431910535128148e-130
642,-0.2954906600703094,1.6526884877097022e-130
643,-0.2612447080471198,1.1146519666680775e-130
644,-0.2708382991790405,7.469489252176022e-131
645,-0.2942058597980733,4.977823061932068e-131
646,-0.3168512626192313,3.301418447614117e-131
647,-0.33462320076518676,2.1803783918976955e-131
648,-0.6199023018574382,1.2690652512628665e-131
649,-0.6268652137081352,7.355398611165708e-132
650,-0.32975921203734126,4.878286825854458e-132
651,-0.6174496775516574,2.827415226132098e-132
652,-0.5898528554322257,1.630889071985358e-132
653,-0.5277354395839499,9.355266887884156e-133
654,-0.4336969948227966,6.269137592711718e-133
655,-0.5220921633529657,3.596164591702669e-133
656,-0.447776404469841,2.049626157188855e-133
657,-0.37864528461878527,1.159350159456852e-133
658,-0.5716980951259731,7.878762948233963e-134
659,-0.4933170312125759,5.313813631830145e-134
660,-0.416688114891321,3.5608849217453615e-134
661,-0.5391043285504302,2.0426299600755083e-134
662,-0.41444781779592826,1.368804163918917e-134
663,-0.5414458435597727,7.851869566530253e-135
664,-0.4049322279943522,5.2616832061043173e-135
665,-0.5493305981228614,3.01825866137423e-135
666,-0.41345636870506697,2.0225910244264996e-135
667,-0.35286930000959155,1.347896744521587e-135
668,-0.3299985337755706,8.9395929153725e-136
669,-0.6203496628210023,5.181315085940979e-136
670,-0.3386289237571183,3.4363795166691885e-136
671,-0.612279876730436,1.991697519035713e-136
672,-0.5679694694646178,1.1488364667750907e-136
673,-0.38772065404440886,7.656085263173279e-137
674,-0.3458469996638905,5.077709836182154e-137
675,-0.6052838320189406,2.942999175163807e-137
676,-0.3563178635272627,1.9518716610284195e-137
677,-0.5960522234371516,1.1312888829329682e-137
678,-0.3579465286790218,7.502994664993243e-138
679,-0.5900852267952584,4.3486744659943274e-138
680,-0.5251594673643393,2.5083707545545217e-138
681,-0.4444909340863527,1.4388763936013167e-138
682,-0.3745548592810852,8.200844588958299e-139
683,-0.34079455244215634,4.638724212482625e-139
684,-0.33186072002354,2.6001922924803088e-139
685,-0.33533653371340044,1.4416222250861395e-139
686,-0.6208280212927119,9.995139172294307e-140
687,-0.33550664512500156,5.541595833231121e-140
688,-0.61968955169842,3.8421314978299304e-140
689,-0.6220714692792922,2.63480628078218e-140
690,-0.3333035196119467,1.476915347765825e-140
691,-0.6217723973312453,1.01281953433267e-140
692,-0.6069870900463322,6.882963663097508e-141
693,-0.566336256277579,4.6421990838748864e-141
694,-0.38862520125851574,2.645811232094683e-141
695,-0.5687321448975744,1.784461327841507e-141
696,-0.49605096341513294,1.1958005824077119e-141
697,-0.42095511443379646,7.96906390198878e-142
698,-0.5346379171457705,4.596657438775245e-142
699,-0.4224427513193966,3.0633081639244863e-142
700,-0.5337484227556506,1.7669551194652037e-142
701,-0.4261898170002346,1.1775356582125729e-142
702,-0.35834674688019974,7.8097150026813655e-143
703,-0.32948131936488334,5.157823556426683e-143
704,-0.6320602917448928,3.002054447030717e-143
705,-0.31423642897947895,1.9826673750904165e-143
706,-0.30850931856384434,1.30456151894656e-143
707,-0.6532254617070047,7.62137338984756e-144
708,-0.29599126449215074,5.014734478830575e-144
709,-0.6665936958177032,2.9296559310574033e-144
710,-0.6488810250176602,1.705173998273396e-144
711,-0.5634253666754034,9.883049312251705e-145
712,-0.41906688195488856,5.700668572579399e-145
713,-0.5391993221380331,3.799044155629555e-145
714,-0.414582522854054,2.1913369992995204e-145
715,-0.31795977165592365,1.2570163613142588e-145
716,-0.6387893869093664,8.423499425307354e-146
717,-0.3197165746193428,4.83197089289201e-146
718,-0.6319560041807865,3.237993179088147e-146
719,-0.32461745906905953,1.8574096112276887e-146
720,-0.6271984372818026,1.2446845780414833e-146
721,-0.5033134615153668,8.294837020618392e-147
722,-0.3578318697808007,5.501346194734589e-147
723,-0.2807572256831637,3.633291737985083e-147
724,-0.6692265680944864,2.1147174772559758e-147
725,-0.5615565344657889,1.2256729888189631e-147
726,-0.38477232729745453,7.069837726052794e-148
727,-0.5648452892690778,4.711486969020093e-148
728,-0.37560911470615244,3.124777598900666e-148
729,-0.26506160115986466,2.0637182666295353e-148
730,-0.6747691128177714,1.201164509017416e-148
731,-0.28280297895904105,7.932933016923931e-149
732,-0.24548039433205096,5.219735431308866e-149
733,-0.701687511728005,3.0494194517055587e-149
734,-0.6110317828601363,1.7748810376516363e-149
735,-0.4029760916147707,1.028706562277709e-149
736,-0.5595613782181973,6.822642708732891e-150
737,-0.35560949076135306,4.5059246423337116e-150
738,-0.5849680274467047,2.6226238572369224e-150
739,-0.3657047550901653,1.5200513809620353e-150
740,-0.24426981564642447,8.767849741895014e-151
741,-0.704349523403745,5.8430775084180604e-151
742,-0.5679434273426396,3.875277131614879e-151
743,-0.38022332821113825,2.2460789942359024e-151
744,-0.5674296674707164,1.48965652939276e-151
745,-0.37776516173999786,8.633927653842807e-152
746,-0.23402264738683842,4.980159309047504e-152
747,-0.7178990632139591,3.3188817901371753e-152
748,-0.5772269103719038,2.20116654029013e-152
749,-0.33761617794671,1.4537314907430899e-152
750,-0.6065579861516037,8.461284180875259e-153
751,-0.3485843498291875,5.58814385041644e-153
752,-0.5954236486035953,3.25251763912845e-153
753,-0.35949539769519395,2.1480824961000787e-153
754,-0.5849645661181978,1.250267780480976e-153
755,-0.31547515673053317,7.2464500048234e-154
756,-0.21111451219115066,4.179844550006884e-154
757,-0.7366219585828897,2.7855353818541146e-154
758,-0.6336314809470288,1.8474376814361155e-154
759,-0.38678597083445326,1.2201159183235124e-154
760,-0.2325748998799844,8.028155885837427e-155
761,-0.22007949005961056,5.264926607740104e-155
762,-0.2421463454897714,3.4425586428554924e-155
763,-0.7230757051033082,2.0238377880152784e-155
764,-0.23873199795448563,1.3233195423136794e-155
765,-0.6876088719033998,7.779632457130624e-156
766,-0.6571803529947785,4.560011456206727e-156
767,-0.30207819369104205,2.990490716519151e-156
768,-0.2696967274465706,1.9553814192572909e-156
769,-0.6737614544079793,1.1495446314362195e-156
770,-0.582510015478988,6.73802614407449e-157
771,-0.4154194084863914,3.936419433308702e-157
772,-0.5313446578535902,2.590097249690475e-157
773,-0.4273282257408094,1.5131596303093443e-157
774,-0.30070644784447975,8.807179130769366e-158
775,-0.6291044440503729,5.816585617811722e-158
776,-0.32949857370281865,3.3854796671036923e-158
