t,lambda,delta_s
1,-0.26027785672754206,1.1613664329288542
2,-0.1601929377509921,1.0878642511614869
3,0.37050835377980207,1.0068221811456954
4,0.04533142277289292,1.0160386341128285
5,0.20826717076559206,0.9104239601312506
6,0.19349377891455613,0.8778688340951116
7,-0.0385496693710331,0.7174548575296325
8,0.2730493530722325,0.7164182331401127
9,0.4917556464344212,0.7805862082153708
10,0.26917186261363635,0.8585009011458008
11,-0.3292973720724709,0.649745711300257
12,0.09564399097385765,0.6077035249194798
13,-0.03617957750793611,0.6234794914793325
14,0.2573117037945198,0.7125415199540458
15,0.27812886960446026,0.6812791523268744
16,0.3981397722040675,0.7560778197087311
17,0.2667744968025302,0.6005241551940789
18,0.23318900890067062,0.62118698199436
19,0.32563500223800246,0.7373591945107512
20,-0.1922191261457829,0.5192340651313309
21,0.20229109471571197,0.5612598789693138
22,0.26775923802494217,0.5855535306775971
23,0.5091771304414107,0.626821326400891
24,0.5800738158645349,0.5433592262445675
25,1.0231893602626903,0.49446736708886596
26,0.6729909514260042,0.56220485451337
27,-0.10545891368533446,0.5829012337889903
28,0.4855993229617975,0.6324525560217763
29,0.4379235296838097,0.7190859452795507
30,-0.10393596445859916,0.5585579945452609
31,-0.153745989115088,0.493572353063507
32,-0.07727116289798967,0.39797519406322
33,-0.08150491574144997,0.39216393312734554
34,0.2232363768314657,0.41067385746799684
35,0.3061809045842343,0.424804175253023
36,-0.6315949783792083,0.353395691621235
37,0.07382427097668122,0.3544651026109824
38,0.20709753991424973,0.4187449215876058
39,-0.3676079507772569,0.27374274231290596
40,0.10410289051017962,0.2333181245704689
41,-0.004967131768500852,0.2587503472599575
42,-0.08412142081567696,0.13461273153927167
43,-0.360052405187233,0.13610825345216954
44,-0.3803955733001694,0.08049554706599141
45,0.08723978291901165,0.09811426673697472
46,-0.4940769319298288,0.043674732374638967
47,-0.07782287852852159,0.05144384303912914
48,-0.41382208238052226,0.02447064228485553
49,0.07494021549663034,0.025164810332921193
50,-0.7129090831015967,0.012250114211145819
51,-0.1995723433049032,0.013499795815420051
52,-0.4318759603655694,0.006353545963469316
53,-0.24015009413725777,0.006854504593431044
54,0.0940231291501292,0.0075596973489281995
55,0.04210867011037036,0.007533200461313356
56,-0.7014234495336209,0.003810818005165578
57,-0.6552434131396287,0.0017737280897441008
58,-0.21159364801238095,0.001016813545516315
59,0.024666252490823975,0.001037985259765751
60,-0.01469774137688402,0.0010841578944216096
61,-0.6595324162147893,0.0005224847716258643
62,-0.028505618388314682,0.0005464703932994361
63,-0.0903001171330092,0.0005304996684016349
64,-0.5889063178456462,0.00027522978891250026
65,-0.09493386589381206,0.0002674121836138044
66,-0.5805936220927168,0.00013869923621697704
67,-0.1032044142191617,0.00013480356089900063
68,-0.5649434364494877,6.990282487734904e-5
69,-0.4546276391359168,3.346390511263112e-5
70,-0.24992802035788916,1.624487877079032e-5
71,-0.4234396443694736,1.6869298746727295e-5
72,-0.21196822543077898,1.7763629440189013e-5
73,-0.10957983776297485,1.7268773188160264e-5
74,-0.09310649385789567,1.5645427418521048e-5
75,-0.10590926208611876,1.3540642552332262e-5
76,-0.5794020245048102,7.886734264524828e-6
77,-0.0928255157555413,6.825842880004745e-6
78,-0.10368169190997562,5.726212061745172e-6
79,-0.12312784779043782,4.697039335835581e-6
80,-0.13938489324021966,3.786403024905876e-6
81,-0.1548226458605465,3.0101951983316733e-6
82,-0.16932172601529424,2.3663336404328124e-6
83,-0.5143178988583427,1.5174366528050697e-6
84,-0.16325427996049674,1.1928686969554974e-6
85,-0.5252493457705868,7.649390105044421e-7
86,-0.5291370772080471,4.850354003203016e-7
87,-0.4648570406129774,3.033073617311614e-7
88,-0.3041599713059397,1.863939207341158e-7
89,-0.1638506251412394,1.1199923138445624e-7
90,-0.5324418972921732,9.396117467520003e-8
91,-0.3956462275092888,7.707550337110777e-8
92,-0.28130117648414144,4.736582383904723e-8
93,-0.13241160717863382,2.846087725934922e-8
94,-0.5689765412925819,2.387711174983068e-8
95,-0.11860430817151354,1.4347127812147383e-8
96,-0.10458312623399825,8.355831182735268e-9
97,-0.1305100928431957,4.6485256864609494e-9
98,-0.5473094078528015,4.2121744962621025e-9
99,-0.14215773712405816,2.3433217858885546e-9
100,-0.16585906104699058,1.2147219106644239e-9
101,-0.18385143552376157,5.805657500096131e-10
102,-0.19307770499504268,2.811873082200955e-10
103,-0.4873579377188664,2.926631945821117e-10
104,-0.4616820571746442,3.0868125699616696e-10
105,-0.37645508772022485,3.001801860542581e-10
106,-0.2458341121132747,2.7200265549237903e-10
107,-0.4378829318173597,1.5132083179945178e-10
108,-0.29797034366917363,7.844109634589701e-11
109,-0.1620953000347654,3.7490238329753244e-11
110,-0.11159341316329216,1.8157769739985352e-11
111,-0.11890306307038104,1.6342715853745068e-11
112,-0.1382752081164173,1.791823382845342e-11
113,-0.5398824672912682,8.238363061895556e-12
114,-0.526339833240043,4.61419452322821e-12
115,-0.15415035537976676,4.1529588194985924e-12
116,-0.5189348649994562,2.3260154591629188e-12
117,-0.16043876056142908,2.0935065409084895e-12
118,-0.5109546706279697,1.1725443929649362e-12
119,-0.34392965013385945,1.2203985655460358e-12
120,-0.16800440552198906,1.2871935049143118e-12
121,-0.4843053816318632,6.152029168920415e-13
122,-0.2601972342979123,2.9796324072413104e-13
123,-0.10427782234073578,2.6817878228134037e-13
124,-0.08658446713894058,2.940325323975615e-13
125,-0.11554484819493054,2.9419749051601513e-13
126,-0.13321840292504764,2.718440249331851e-13
127,-0.14575941185529645,2.382767638001349e-13
128,-0.16809967781854213,2.0156474849310221e-13
129,-0.5138974655492473,1.201153166316441e-13
130,-0.49498927223183514,6.908013643357264e-14
131,-0.18481721079756694,6.055013111401239e-14
132,-0.1468915329144739,5.122099089552177e-14
133,-0.1416551226575508,4.224439803513985e-14
134,-0.1528068656686953,3.418626018433961e-14
135,-0.5192570741176068,2.1295401049513886e-14
136,-0.1581180458517261,1.7233293758925663e-14
137,-0.1569110856100724,1.3741884840734199e-14
138,-0.5132294762836455,8.687303383874404e-15
139,-0.16876599900813363,6.927284148214121e-15
140,-0.5078171247336692,4.3792696358110815e-15
141,-0.4145067337339344,2.7279469206542547e-15
142,-0.27548205918489516,2.2075898234123666e-15
143,-0.41527931449904837,1.3751580427018088e-15
144,-0.27518597884751816,1.1128460299821746e-15
145,-0.17467706198903835,8.873870661876741e-16
146,-0.4981617110421316,5.60985683714014e-16
147,-0.3687354429234626,3.494507750572272e-16
148,-0.2124810772928354,2.135903145709682e-16
149,-0.4238245642015973,1.761581357063482e-16
150,-0.2606024908057226,1.076708775752251e-16
151,-0.1327710482530542,6.416261597645777e-17
152,-0.5529778926403379,5.427688938567096e-17
153,-0.36902983597284894,4.476474350124429e-17
154,-0.30609001473350333,2.736097993931673e-17
155,-0.35846401786100396,2.2565907198977254e-17
156,-0.34490810523355864,1.379266998740956e-17
157,-0.31941121071205686,1.1375473819004435e-17
158,-0.09485970803190304,9.205597091788437e-18
159,-0.6092302308130659,5.7343763521601324e-18
160,-0.07190731695913784,4.64054149397055e-18
161,-0.058439113510459856,3.700382973844691e-18
162,-0.6061159809431513,2.339296967110555e-18
163,-0.07608495789566334,1.865363057115108e-18
164,-0.10128641723287454,1.4699798741442717e-18
165,-0.1523674156286715,1.147248087546582e-18
166,-0.19119680833928338,8.88180891226426e-19
167,-0.47588595869333744,5.783277609322321e-19
168,-0.45225942990158063,3.7354659638174374e-19
169,-0.2429188748509444,2.9153502428593813e-19
170,-0.42235533015580506,1.8830483923603697e-19
171,-0.3363690973262702,1.2045647811874686e-19
172,-0.25580086981812517,7.614981366083603e-20
173,-0.20868839623063398,4.74354554434734e-20
174,-0.45559255526048664,3.8387121066427455e-20
175,-0.22508318109552544,2.3912213089054936e-20
176,-0.4389726775882584,1.9350947729586067e-20
177,-0.24644450155495867,1.2054146618192593e-20
178,-0.45049232836923186,9.754812750484336e-21
179,-0.2441458508504006,6.076495310230886e-21
180,-0.43723116886190505,4.917401107519152e-21
181,-0.3528421099760872,3.921151735734133e-21
182,-0.25981732063951674,3.090022670390737e-21
183,-0.39936828576996486,1.976652589983576e-21
184,-0.2848794974468094,1.5576804281439706e-21
185,-0.19219383016014355,1.2156941218240932e-21
186,-0.47870509460205474,7.8522670382737545e-22
187,-0.36614580160782323,5.0230065064486435e-22
188,-0.23070939086714964,3.175429129732308e-22
189,-0.17182956668685448,1.9780472171370864e-22
190,-0.16164711851993935,1.2090164266350534e-22
191,-0.5158537919983076,9.971336021588054e-23
192,-0.17290929602502447,6.094651806667304e-23
193,-0.5047446104746212,5.026550488482537e-23
194,-0.48069066238638886,4.0677337308972254e-23
195,-0.4209083630571751,3.2436241890096436e-23
196,-0.2680089961628783,2.0505445737452905e-23
197,-0.2055061185108134,1.2773309754371238e-23
198,-0.18756855286161295,7.807266268337167e-24
199,-0.18987489221723136,4.6524616375610796e-24
200,-0.20393828025539615,2.675701098638992e-24
201,-0.4714077252004063,2.3453059114945405e-24
202,-0.219067138931892,1.3488209238239157e-24
203,-0.21659180456678134,7.358514737200229e-25
204,-0.46182583046234094,6.79940627699636e-25
205,-0.22774413425932677,3.709427279022635e-25
206,-0.21527572088657249,1.8688738158485457e-25
207,-0.20173018787401575,8.592621995713248e-26
208,-0.18868317013221253,4.8126101090186857e-26
209,-0.494000434698228,4.3315407480390484e-26
210,-0.4404122790989244,4.749122523759599e-26
211,-0.31344444970546886,4.7517868762710184e-26
212,-0.20269317042638238,4.39074061374499e-26
213,-0.15280315486252324,3.848572593737479e-26
214,-0.4966947277889557,2.2133723433888497e-26
215,-0.19726433912166633,1.9400654445030634e-26
216,-0.49506427244469936,1.1157609983023189e-26
217,-0.220114948759661,9.779869905739941e-27
218,-0.22506844238101748,8.273056031176554e-27
219,-0.43993237839335614,4.9300324194835044e-27
220,-0.3889716657074806,2.8353362561100063e-27
221,-0.30964247528221783,2.4852293426616346e-27
222,-0.3544100043256225,1.429293006705054e-27
223,-0.2753461106220831,7.7975315090748e-28
224,-0.40223377261559673,7.205066046800176e-28
225,-0.30977530640363304,6.315385526755711e-28
226,-0.2288321756267186,5.342355146326298e-28
227,-0.17749224522959592,4.406095495240086e-28
228,-0.4817941336042815,2.693081229263087e-28
229,-0.2010913836647069,2.2211127391505268e-28
230,-0.12397656023090231,1.7974344890934673e-28
231,-0.11596785426337633,1.4332801438548891e-28
232,-0.1363518831218251,1.1294814472930144e-28
233,-0.5420899852621148,7.225165205172499e-29
234,-0.5508308108635892,4.5675831855241165e-29
235,-0.5102947136808746,2.845251725057324e-29
236,-0.1638122272096979,2.302518683822707e-29
237,-0.10324553586383525,1.83603593366143e-29
238,-0.5563093253262288,1.1606996685150266e-29
239,-0.4311623232591079,7.230262920185641e-30
240,-0.20581248548878336,4.4192608566982185e-30
241,-0.47749828379195364,3.64477553806558e-30
242,-0.19761153246673985,2.2277493978615716e-30
243,-0.04138002679727332,1.3275477299505814e-30
244,-0.05375963547037914,7.634927907512138e-31
245,-0.6292274107336765,6.692168106680882e-31
246,-0.6417396259044011,5.661085704640032e-31
247,-0.47489279932406353,4.668967812545164e-31
248,-0.137479736149047,3.7783601105928443e-31
249,-0.031661495700816535,3.0128767171800285e-31
250,-0.649298995723511,1.9046713317498526e-31
251,-0.03854242062369836,1.5187911531304525e-31
252,-0.6386491014077785,9.601448183351005e-32
253,-0.5797426153761647,5.980961024050456e-32
254,-0.29951673125855144,3.655666084456197e-32
255,-0.3699797938690608,3.015002452223834e-32
256,-0.09210094632930264,2.4398893837334521e-32
257,-0.603683491883104,1.5198627361660348e-32
258,-0.3579055620556002,9.289662038071993e-33
259,-0.08430896897362258,5.535842479629249e-33
260,-0.5769743637813614,4.6829186333920894e-33
261,-0.10922768705675905,2.7906181939811035e-33
262,-0.05036981878407871,1.604926756888099e-33
263,-0.620824263136853,1.4067506315858739e-33
264,-0.5453338129468994,1.1900083446071575e-33
265,-0.14677950079844443,7.09142993382439e-34
266,-0.5324923744144275,5.998832065164679e-34
267,-0.15389349230138288,3.574789829640874e-34
268,-0.5241739301566127,3.0240112440495146e-34
269,-0.31217380521777643,2.4940465309806883e-34
270,-0.13515019225301247,2.0183060378569998e-34
271,-0.5536204508120753,1.2572488562673648e-34
272,-0.4050121351170157,7.684520907419941e-35
273,-0.28659548124654044,6.337791484443787e-35
274,-0.14610594132436774,5.128854919439601e-35
275,-0.11814816884757262,4.0897656973594363e-35
276,-0.13459248884780126,3.222897141740168e-35
277,-0.15918741643676715,2.515315105503183e-35
278,-0.17872483237923778,1.9473162225083238e-35
279,-0.191471572429623,1.497339633053842e-35
280,-0.48661428651504657,9.816421077664463e-36
281,-0.19453480172610677,7.548089090224418e-36
282,-0.18980051361139058,5.77015632081172e-36
283,-0.19034049738218486,4.388810904299699e-36
284,-0.19353944801356168,3.3234774607332076e-36
285,-0.4900717784077838,2.2123995768574777e-36
286,-0.19254443326132406,1.6753649879556098e-36
287,-0.4795579533372897,1.1152706266938545e-36
288,-0.20283134669487854,8.445514904284226e-37
289,-0.18735771114357816,6.3707003686222455e-37
290,-0.17930057140434746,4.78909698970951e-37
291,-0.1853973791226883,3.589098792921159e-37
292,-0.18586130304453202,2.682367052450788e-37
293,-0.4927666109320758,1.8092647015115562e-37
294,-0.1975326684993443,1.3521812311404422e-37
295,-0.4784376825883023,9.120503360319753e-38
296,-0.20327900984709374,6.816345586178967e-38
297,-0.47327363422574326,4.597645743937187e-38
298,-0.21467187791514897,3.4361198099928187e-38
299,-0.4611971862615848,2.3176732195187352e-38
300,-0.22469521567778444,1.7321479962173794e-38
301,-0.44865653005663375,1.1683390699593943e-38
302,-0.2221174967136687,7.858756221529098e-39
303,-0.08703460671597044,5.26992047471148e-39
304,-0.5919150957651362,3.961599011272817e-39
305,-0.4308499613364817,2.968945974564481e-39
306,-0.1629461352447654,2.218886501086374e-39
307,-0.057400464497173655,1.6541884321855652e-39
308,-0.0687695158460144,1.2304161929464051e-39
309,-0.10994416742413099,9.133203229024207e-40
310,-0.563643524754242,6.202528028642827e-40
311,-0.5600621238846422,4.203570875258969e-40
312,-0.12381900227029763,3.1266943792388477e-40
313,-0.5540280607395606,2.119020078218047e-40
314,-0.44638450039013844,1.4328537935100763e-40
315,-0.22893726719624227,1.068198021429717e-40
316,-0.4538205120644762,7.223015973084295e-41
317,-0.22746071553520703,4.871946151670573e-41
318,-0.44472551879082206,3.6411223520317924e-41
319,-0.1683854270211058,2.7144707365403127e-41
320,-0.5123428698313173,1.835489777659227e-41
321,-0.20210535096633664,1.2380434145543022e-41
322,-0.47482294062273456,9.252703969180161e-42
323,-0.22171247901022412,6.240976852768236e-42
324,-0.042505216201234375,4.197952198227529e-42
325,-0.6391655075284517,3.146076431480468e-42
326,-0.44436656214299886,2.3512676165223994e-42
327,-0.23907904397662444,1.5859371291093036e-42
328,-0.03386687340173371,1.066770221146067e-42
329,-0.041351229452357904,7.153541949588944e-43
330,-0.6276910904211426,5.377588684797323e-43
331,-0.60490471518422,4.0301328410981426e-43
332,-0.3831164873802396,3.0119804925077226e-43
333,-0.1150407672343409,2.24544305724311e-43
334,-0.044847958968244395,1.670202405127854e-43
335,-0.0873866317099884,1.2397673313376298e-43
336,-0.13583855017398402,9.185253829672206e-44
337,-0.17530914974574466,6.793423269929707e-44
338,-0.4912374906053766,4.630286455537759e-44
339,-0.4961870753353121,3.1504571938173147e-44
340,-0.487447971765119,2.1395340230241513e-44
341,-0.4611134194474058,1.450002783426015e-44
342,-0.4040266798996498,9.804730074003324e-45
343,-0.2797270705600372,7.309464031250541e-45
344,-0.22450201572267908,5.4369156081736364e-45
345,-0.4407400672506442,3.6847008181533994e-45
346,-0.35665760353674864,2.491546729316789e-45
347,-0.32684102866384335,1.8574576824311274e-45
348,-0.3529337040406712,1.2559887062485932e-45
349,-0.25379784749808554,8.471681866344565e-46
350,-0.424362573168843,6.331439068199157e-46
351,-0.32390412261235535,4.720112209693912e-46
352,-0.22932141822743082,3.510907453063319e-46
353,-0.4329548595113836,2.3794085649067015e-46
354,-0.2526839659876254,1.7698484470892186e-46
355,-0.43636902819970175,1.1994598575694681e-46
356,-0.3114426696301922,8.110591422648235e-47
357,-0.20669719377607054,5.470618480782679e-47
358,-0.45624130928158896,4.088549136156974e-47
359,-0.3158439949299886,3.048029127286075e-47
360,-0.18796369821727063,2.2671808856926977e-47
361,-0.4704996424144434,1.53651148306491e-47
362,-0.20709827820020196,1.1428858844776888e-47
363,-0.12546380778723934,8.483478281866602e-48
364,-0.11765934122802735,6.285284295512316e-48
365,-0.14343156523135223,4.648602791283003e-48
366,-0.5357131165415626,3.1684118133677584e-48
367,-0.5421133990127456,2.155794438692221e-48
368,-0.14449243962339636,1.5971963951186866e-48
369,-0.1511316914781305,1.1812881122779325e-48
370,-0.17864826496931588,8.722856829057152e-49
371,-0.48059631385904544,5.954873373993056e-49
372,-0.209348234665727,4.397192127527709e-49
373,-0.46594389762101124,3.0018516678298993e-49
374,-0.4505615049313151,2.0460131169230143e-49
375,-0.4007850111658602,1.3921118714254746e-49
376,-0.27538465771960974,1.0313952122408914e-49
377,-0.40484468572746407,7.017635943855816e-50
378,-0.3345548373243655,4.765806973204462e-50
379,-0.34837366417780885,3.5375902792977174e-50
380,-0.2780601427747765,2.6209486118392826e-50
381,-0.23523660276308103,1.9384563147771341e-50
382,-0.4596905595425182,1.3212201952281825e-50
383,-0.40502260077899715,8.989611568621447e-51
384,-0.28155826426141506,6.660271004145266e-51
385,-0.39711571752699365,4.5316631917420696e-51
386,-0.29848726363889033,3.3574426131896275e-51
387,-0.24228533438837707,2.4831680429140615e-51
388,-0.4355919817579377,1.692486821308892e-51
389,-0.36267818153405923,1.1515717942799133e-51
390,-0.3154658688658215,8.531826066218123e-52
391,-0.2364215207183705,6.310147417592645e-52
392,-0.18376795674284202,4.659533260498518e-52
393,-0.48325443042074007,3.180945313208451e-52
394,-0.3749627832216161,2.1680804234221974e-52
395,-0.23674507543130863,1.4751667380267228e-52
396,-0.4540881565120512,1.0929293414471294e-52
397,-0.3312618297866057,8.083316757769823e-53
398,-0.1967960243241898,5.968875336092026e-53
399,-0.48234643477153744,4.0747999775917675e-53
400,-0.3181826570186947,2.7773171780394527e-53
401,-0.16612535679635373,1.8896927797203847e-53
402,-0.11611203405646359,1.2833254815235204e-53
403,-0.5706235795386104,9.525941302570461e-54
404,-0.1147359523955717,6.469243752360067e-54
405,-0.5721575880888515,4.802027010625767e-54
406,-0.5591547550593993,3.557751190455243e-54
407,-0.45139747376383105,2.631316474650031e-54
408,-0.24841763478340187,1.94301429445955e-54
409,-0.10159049050227,1.432638252615301e-54
410,-0.585189889675454,9.794735058370589e-55
411,-0.37125696180606166,6.686617486385116e-55
412,-0.11137631302402579,4.557489376175923e-55
413,-0.05132729236141383,3.1009258992491127e-55
414,-0.6344641803546578,2.297430394530282e-55
415,-0.05091816330251709,1.5631767458114776e-55
416,-0.633594887048274,1.1581346618827147e-55
417,-0.05160065307594461,7.879973975635659e-56
418,-0.10034798191318466,5.351436754799787e-56
419,-0.5782151151477057,3.9722948811179356e-56
420,-0.10850330106668406,2.697659268094573e-56
421,-0.1466055773263437,1.8282548467928544e-56
422,-0.5206904294054149,1.3598900370464742e-56
423,-0.4975092355324489,1.0094269035690186e-56
424,-0.41008751541299054,7.478695475688786e-57
425,-0.2537325902267483,5.0885210208914233e-57
426,-0.15562789022939247,3.4557091816503175e-57
427,-0.5188006995822467,2.565123446631367e-57
428,-0.3880067804423318,1.9004622372434652e-57
429,-0.21337916446538516,1.4055838440093687e-57
430,-0.1290923454493195,1.0379099311248155e-57
431,-0.5542798781371876,7.085548157651226e-58
432,-0.1345759998592806,5.2321039628001915e-58
433,-0.12329744844910939,3.8577751590101375e-58
434,-0.14471994890244347,2.840544954890973e-58
435,-0.16012518455967412,2.088874372347451e-58
436,-0.5077790871265336,1.4319187117605396e-58
437,-0.507697026922419,9.803255171048988e-59
438,-0.45087845745581856,6.702340031388937e-59
439,-0.31883222134102746,4.575517743615173e-59
440,-0.18836227014429577,3.1185982373733705e-59
441,-0.13557906685837118,2.1219011708894065e-59
442,-0.5301547876301315,1.5720853714599158e-59
443,-0.41624249542499075,1.1627159731058852e-59
444,-0.2564886631643357,8.585716609560066e-60
445,-0.42163035813985517,5.861251220426766e-60
446,-0.24234535477458968,3.9949331964305887e-60
447,-0.43092691490592944,2.954656740217133e-60
448,-0.2651221294725262,2.0138458243206592e-60
449,-0.4333177721024485,1.489442462743457e-60
450,-0.2559748132006457,1.0998327353498899e-60
451,-0.14334963487266214,8.10937136506782e-61
452,-0.5171691353819609,5.544256818898791e-61
453,-0.40198429498483124,3.784923673109109e-61
454,-0.23839037231754337,2.5797422186859663e-61
455,-0.41582592056249634,1.9079800236143013e-61
456,-0.25025592697459825,1.408888856639309e-61
457,-0.14738456602196748,1.0388127742860149e-61
458,-0.12241133866991466,7.648953771146103e-62
459,-0.5539913404857076,5.2366551951758e-62
460,-0.1379799286586404,3.8558375960347506e-62
461,-0.5539159652319262,2.639797883888121e-62
462,-0.4697052188329347,1.8047906254862848e-62
463,-0.31474259660884985,1.2320848377953058e-62
464,-0.1945676859018174,8.397689220645409e-63
465,-0.14880642875473962,5.713806407157114e-63
466,-0.5042165893451802,4.233275136127351e-63
467,-0.17772855983190794,2.8803298098479014e-63
468,-0.16753794262168534,1.9560854969856845e-63
469,-0.15796429245482635,1.3256762382490455e-63
470,-0.16909390932365215,8.964050159159727e-64
471,-0.5136472539182394,6.682733917013439e-64
472,-0.46381515398409234,4.970742065812668e-64
473,-0.3210868980896809,3.68971066427636e-64
474,-0.1807424833165483,2.733652367889115e-64
475,-0.5033113333834051,1.859983145861713e-64
476,-0.3501066794469436,1.2631491170971248e-64
477,-0.31248515116003955,9.376175038288895e-65
478,-0.3984461065318802,6.367534699286605e-65
479,-0.26210016727895247,4.72652983680143e-65
480,-0.4294447356088785,3.2098742419103772e-65
481,-0.13445134613692786,2.175392648647299e-65
482,-0.030835048456776315,1.4709721918300176e-65
483,-0.05528262568139007,9.921751988235633e-66
484,-0.0984706439199303,6.673801482023996e-66
485,-0.578728858673709,5.001555177269583e-66
486,-0.10856892764811975,3.364263327088298e-66
487,-0.5660373368313376,2.521283964861597e-66
488,-0.12069830277139053,1.6959251431852112e-66
489,-0.14323115273492207,1.137252560547141e-66
490,-0.16607763996078612,7.599982179369675e-67
491,-0.1847667317805136,5.0592181100732913e-67
492,-0.2015922370571484,3.35305602459326e-67
493,-0.2151209447403497,2.2110926756017974e-67
494,-0.22180672922491,1.4495720454002382e-67
495,-0.227142479169511,9.438705151252333e-68
496,-0.2292824308693771,6.0965362925302996e-68
497,-0.23194662720474013,3.899885385318244e-68
498,-0.44334716923247314,3.073263945064524e-68
499,-0.24097913825399647,1.9659322227389267e-68
500,-0.4313796290372458,1.5492323547070266e-68
501,-0.2523419571238944,9.91026433482693e-69
502,-0.4313564827545109,7.809680300078119e-69
503,-0.2546996172052526,4.995764251186257e-69
504,-0.4285831143613745,3.936859839269379e-69
505,-0.25716877440731206,2.5183647590229905e-69
506,-0.420356792902017,1.9845710449756937e-69
507,-0.26282696040515785,1.26950767502349e-69
508,-0.19022079732644429,8.025535397003656e-70
509,-0.48376205951516293,6.39958818979341e-70
510,-0.20339832854732484,4.04567239362954e-70
511,-0.46219763981774675,3.226032406474857e-70
512,-0.22054976087579042,2.039423453628651e-70
513,-0.15316950129818685,1.2704033761113534e-70
514,-0.5163056977435768,1.0280733629742031e-70
515,-0.17942194740178452,6.40410341897733e-71
516,-0.15699714791888453,3.9142979825423966e-71
517,-0.5132894310204158,3.228308533506473e-71
518,-0.45150105002556556,2.612507234449766e-71
519,-0.33511285625943255,2.0832218183943984e-71
520,-0.22329166980419568,1.6416611955176248e-71
521,-0.45901847474703594,1.050152118652616e-71
522,-0.34833242433415895,6.638820045202964e-72
523,-0.32643414970019397,5.293816830127838e-72
524,-0.20633643605651755,4.17173706105725e-72
525,-0.4793891103625416,2.6686130640674424e-72
526,-0.20177353855380126,2.1029726524789592e-72
527,-0.15097174332547297,1.6412682895565004e-72
528,-0.5366682902101334,1.0601085141146438e-72
529,-0.1456420266953063,8.273633447654321e-73
530,-0.13854042407673467,6.405313034718841e-73
531,-0.14864852766664,4.9252037024818134e-73
532,-0.5383456817543759,3.2289183008017676e-73
533,-0.5424926852083797,2.1024693388272178e-73
534,-0.48514394304050895,1.358002016451552e-73
535,-0.19857128800927024,1.0598547937028002e-73
536,-0.1313552573468615,8.205224183503652e-74
537,-0.5542357969398746,5.342728015055815e-74
538,-0.12797966753946463,4.136253510904191e-74
539,-0.11926453560394226,3.180467682982326e-74
540,-0.13652199605692128,2.4313167855776124e-74
541,-0.546813346755233,1.6032737589913904e-74
542,-0.5531640437199236,1.0510915475422732e-74
543,-0.1276413908186698,8.0821030190756e-75
544,-0.5602828255587396,5.298552491160596e-75
545,-0.48137423130796825,3.4500854822079477e-75
546,-0.29018919236815655,2.228438225112044e-75
547,-0.3971463089445688,1.7391880915810258e-75
548,-0.2801589673364647,1.1233557092789812e-75
549,-0.3948745401804262,8.767247169659947e-76
550,-0.2874097843383937,5.662836130475344e-76
551,-0.4001769779142388,4.419569298225582e-76
552,-0.27559857091251466,2.85463569337262e-76
553,-0.11938294967173248,1.8260782002777468e-76
554,-0.10121293584589955,1.1544046186057614e-76
555,-0.5766622522575423,9.205260207600121e-77
556,-0.10898355736189556,5.819353682391644e-77
557,-0.5640231062894919,4.640371670651221e-77
558,-0.1260075811229738,2.933536191293627e-77
559,-0.5512374751040579,2.3392113591752792e-77
560,-0.5198644635062963,1.84339107941556e-77
561,-0.4133467419662197,1.438677445629008e-77
562,-0.2665402863393335,9.29253443133384e-78
563,-0.15813611348102422,5.944329285093862e-78
564,-0.13769509293018076,3.7578681899724247e-78
565,-0.15574794767230088,2.340861789653471e-78
566,-0.18248769890510294,1.4307749236995261e-78
567,-0.2134856979185797,8.52619241576628e-79
568,-0.4475947227994005,7.212536390369311e-79
569,-0.24521804255343993,4.2980535967877815e-79
570,-0.4381438006564077,3.6358395943851684e-79
571,-0.25493044832999145,2.1666488181407202e-79
572,-0.40537901460417786,1.8328267395295636e-79
573,-0.2847753590209941,1.0922076692247371e-79
574,-0.3878644801173526,9.23927959396853e-80
575,-0.30542253232507965,5.505818860561898e-80
576,-0.2633083143477159,3.166479752390941e-80
577,-0.39937822479703206,2.7754832876092527e-80
578,-0.3136581645992677,2.347856257117377e-80
579,-0.3673259334110067,1.3991211252838246e-80
580,-0.29324066658629694,1.18355433921287e-80
581,-0.2022380087219218,9.761338023294285e-81
582,-0.1655522752194381,7.899358422246906e-81
583,-0.5145812904859203,4.92069049754265e-81
584,-0.16986510130205934,3.982066580654664e-81
585,-0.1680486912448693,3.1753129230534516e-81
586,-0.18548394897869916,2.502272184063502e-81
587,-0.47364666903448127,1.600675244511245e-81
588,-0.4280547327250335,1.0119100566835709e-81
589,-0.25894562544654615,8.069003907581182e-82
590,-0.2173557289815205,6.358694251659497e-82
591,-0.20411742205349032,4.9626528552008155e-82
592,-0.2063712943103661,3.8420054769545726e-82
593,-0.4641761996159551,2.5016733043067304e-82
594,-0.2301255897613616,1.9367549609328e-82
595,-0.22085292597718126,1.4892188176725004e-82
596,-0.2258256651807516,1.1384371953152519e-82
597,-0.4548275447517091,7.507152059887076e-83
598,-0.23737896066980058,5.7388619015841834e-83
599,-0.23385391960912594,4.3650082062940735e-83
600,-0.22981703250219435,3.305452594305531e-83
601,-0.433019102534573,2.2004006367928417e-83
602,-0.2573155957995411,1.6662786527894176e-83
603,-0.24707865807581972,1.2569230115463982e-83
604,-0.4450746686100901,8.399710688711454e-84
605,-0.2456983682151289,6.336148901205391e-84
606,-0.43024067127629034,4.234294158179444e-84
607,-0.39035758480309096,2.818719463131122e-84
608,-0.2953416441847047,2.134507685138257e-84
609,-0.3799535376789749,1.4209164813643982e-84
610,-0.32631327434940677,9.417290309734705e-85
611,-0.36978219174434124,7.162839982557932e-85
612,-0.31187161566204114,5.424142838678182e-85
613,-0.27364724055923834,4.091590527452328e-85
614,-0.381645776125607,2.7343104049776713e-85
615,-0.29701683405382784,1.8201980469080765e-85
616,-0.39116471661406804,1.3783658751492437e-85
617,-0.304392205212455,9.175618354463614e-86
618,-0.23764870513545944,6.081248472277668e-86
619,-0.4498228604393911,4.625429212485106e-86
620,-0.39485722003411455,3.502659392057841e-86
621,-0.2988967774560984,2.6421590315140454e-86
622,-0.22957423872362595,1.9862111121220767e-86
623,-0.44484993768576836,1.3319123677862302e-86
624,-0.24159882429831323,1.0012490216207386e-86
625,-0.18547672466185583,7.503672743805627e-87
626,-0.159753453542454,5.607982867469472e-87
627,-0.1722215772932356,4.180772825793907e-87
628,-0.17560930221832152,3.1097367650495476e-87
629,-0.1996003361784688,2.3083130754280432e-87
630,-0.2053668009698388,1.7101952100384666e-87
631,-0.21471809145112136,1.2648621531248694e-87
632,-0.4668052890799392,8.621094053803909e-88
633,-0.45328089714905306,5.865811552090638e-88
634,-0.222673638374574,4.34589351252255e-88
635,-0.2077710665631056,3.2142273544182337e-88
636,-0.21014347548800624,2.3734468109193e-88
637,-0.2150507511932235,1.7500080681684202e-88
638,-0.21933791171945669,1.288560474408209e-88
639,-0.22145121891061806,9.47579071958216e-89
640,-0.22595733371126117,6.960003973491059e-89
641,-0.22623342486636797,5.106468865158529e-89
642,-0.22236511263677358,3.74265380461518e-89
643,-0.4630985998870323,2.5741709549264147e-89
644,-0.21999835752973707,1.886671782906512e-89
645,-0.22637840316627686,1.3814363193909443e-89
646,-0.4590084070145035,9.510712457631726e-90
647,-0.45560488298160745,6.541401114605539e-90
648,-0.42068929940047733,4.494447143366376e-90
649,-0.3512820060491213,3.084600663063909e-90
650,-0.27375804858125247,2.1144868577168314e-90
651,-0.22623627864167473,1.4476278612590784e-90
652,-0.45367382993198324,1.0659128249750546e-90
653,-0.23276656413655933,7.297492048607011e-91
654,-0.216503346223022,4.989186982560984e-91
655,-0.21514830236445354,3.4059915578754845e-91
656,-0.46313164171967913,2.515049157908992e-91
657,-0.2265691891415026,1.716960344325031e-91
658,-0.45170164498753745,1.2678362805019225e-91
659,-0.4392029133556095,9.348108033377984e-92
660,-0.25112677842085873,6.391162690010191e-92
661,-0.23395848861587534,4.3630848559637836e-92
662,-0.22017976495124683,2.973807447322513e-92
663,-0.21708689392786662,2.023385195583244e-92
664,-0.2241794474017384,1.3741184854469597e-92
665,-0.4545115847097989,1.0199884770935137e-92
666,-0.229681547162286,6.926931285138124e-93
667,-0.2264496957493387,4.694512700412266e-93
668,-0.22681831296989882,3.174368379332926e-93
669,-0.4620740488687881,2.366503852277823e-93
670,-0.21784183190242393,1.6001991000217278e-93
671,-0.21825336292834605,1.0793391398148288e-93
672,-0.21898048166917203,7.26010402139034e-94
673,-0.2195848106551475,4.868476607792743e-94
674,-0.4685417569227469,3.6598184371828715e-94
675,-0.21695993719938717,2.4541990579883216e-94
676,-0.22359441633091773,1.6400815221170867e-94
677,-0.2304296156452258,1.0917828414407564e-94
678,-0.4580283794846041,8.267650952992235e-95
679,-0.22406545019258403,5.503677303702852e-95
680,-0.46408717582494863,4.167722845403385e-95
681,-0.4794400583158627,3.143835961269546e-95
682,-0.49551792234587017,2.36334067952918e-95
683,-0.5080096576371451,1.771161285391748e-95
684,-0.5081574500037502,1.3237040690775924e-95
685,-0.17612557869984963,8.9284240396598e-96
686,-0.5086360117405598,6.672792212220142e-96
687,-0.46851516754615813,4.974592293219242e-96
688,-0.21585413268773804,3.3637545541801736e-96
689,-0.17474956953602522,2.2688626352856615e-96
690,-0.5069650633262934,1.695668670762225e-96
691,-0.17303957420559243,1.1437336544475018e-96
692,-0.16310088625304425,7.693249505876669e-97
693,-0.5227810110747219,5.765561352069858e-97
694,-0.5089237981148237,4.3089791343103684e-97
695,-0.43479153854887936,3.2123605398542717e-97
696,-0.24387172963470263,2.1721563816058558e-97
697,-0.4405138094078537,1.619350948140538e-97
698,-0.2510673246555402,1.0949840319675119e-97
699,-0.18174920904951022,7.38570046164093e-98
700,-0.16821963450742974,4.967943035174562e-98
701,-0.1756698775551559,3.3314005397628527e-98
702,-0.18638774482472417,2.226293930906538e-98
703,-0.5000244984565395,1.679359012094454e-98
704,-0.5120229485269191,1.2624378363602774e-98
705,-0.5100672421199138,9.461103260916633e-99
706,-0.4701321090568156,7.070898053007415e-99
707,-0.38027599362293873,5.2713817307562195e-99
708,-0.27359407399853747,3.920951999497907e-99
709,-0.41090609062357697,2.657303530474211e-99
710,-0.27609665985612014,1.976551902946895e-99
711,-0.21295855857776028,1.4671661772509562e-99
712,-0.18849644256307327,1.0870018436297896e-99
713,-0.4896782181727324,7.395984699522069e-100
714,-0.1993106845964831,5.479576293737768e-100
715,-0.19307229256003042,4.0527003165640103e-100
716,-0.48914936201471104,2.7622544096732086e-100
717,-0.19918786112296882,2.0429662295799166e-100
718,-0.20302200022929556,1.5085652468693874e-100
719,-0.21166568673668065,1.1123069374187368e-100
720,-0.47332422446577854,7.60467740946858e-101
721,-0.47574484650678245,5.191520611985761e-101
722,-0.4640303418962172,3.5384557414117216e-101
723,-0.4269054118140017,2.4075731496486962e-101
724,-0.36242071509826834,1.6350276641440046e-101
725,-0.3266424870492193,1.2136576247379074e-101
726,-0.3578736191878683,8.242174454949929e-102
727,-0.2839788070352759,5.5858779400327844e-102
728,-0.3958544470441527,4.1548801427402566e-102
729,-0.31732336120358456,3.0841080403057403e-102
730,-0.35564178014548475,2.0944750799553637e-102
731,-0.26445660303011637,1.4194654831705018e-102
732,-0.41756844290787704,1.0558248878054987e-102
733,-0.31969105957928207,7.837236968978461e-103
734,-0.3586619452705562,5.322413259427519e-103
735,-0.33340639889211193,3.9507511560620407e-103
736,-0.3518858186104081,2.683028524077412e-103
737,-0.3396921474272167,1.991573657770875e-103
738,-0.3453771151810529,1.3525146789874233e-103
739,-0.3456473670700754,1.003952280882298e-103
740,-0.24821626840840796,7.438134801336315e-104
741,-0.19004696970391516,5.501252222452233e-104
742,-0.4898211813156724,3.749563753353636e-104
743,-0.4071442937277871,2.5512115101003347e-104
744,-0.2795247717178328,1.8901550880655678e-104
745,-0.40018251678703565,1.2860657222415785e-104
746,-0.29066397693090595,9.52827179893853e-105
747,-0.1904523004617218,7.047119716171631e-105
748,-0.14937985235650028,5.203727668337708e-105
749,-0.14374311026965583,3.836852531199137e-105
750,-0.5420541787882754,2.623199117609039e-105
751,-0.5155062734689997,1.79079158196164e-105
752,-0.16564069444530205,1.3223546751867164e-105
753,-0.13071695203017913,9.7500872566875e-106
754,-0.5544688318055698,6.665989917616234e-106
755,-0.12334339868464435,4.915018986096169e-106
756,-0.5608318886634914,3.3603255174703445e-106
757,-0.49782853284612316,2.2940091009262276e-106
758,-0.19089204381529126,1.6939400933568002e-106
759,-0.12255684471253599,1.2489889458361924e-106
760,-0.5581549987598737,8.539152010611631e-107
761,-0.4625118074354757,5.82946274838341e-107
762,-0.22808135036981253,4.304586528549323e-107
763,-0.4569950470533751,2.938632171460077e-107
764,-0.25289876096017266,2.0029237397215634e-107
765,-0.4300838943883715,1.481364477633024e-107
766,-0.21048942120553904,1.0938677970039277e-107
767,-0.10505286801438396,8.065390222606414e-108
768,-0.10422179244233368,5.938682935562817e-108
769,-0.5787695641771732,4.065763211215893e-108
770,-0.5683671195063816,2.7797019513636555e-108
771,-0.11969530677411719,2.049551234773932e-108
772,-0.10348158792995588,1.5091191631866588e-108
773,-0.5790256100547183,1.0331787774495391e-108
774,-0.5484729651996916,7.063689926313072e-109
775,-0.12962329988592114,5.208254217123127e-109
776,-0.5479591308473986,3.5608060918544204e-109
