t,lambda,delta_s
1,-0.19043300147526962,1.1215413341367722
2,0.28269656491732986,1.0728710385012945
3,0.9393931857926823,1.0490610565228407
4,0.2946309957213033,1.0686218211661198
5,0.06462672315171618,1.0267543098213157
6,0.14471411572280174,0.8842001512903856
7,0.441712675686871,0.8547028792980391
8,0.3951593671718561,0.8256322231186978
9,0.4629523226103713,0.8811503647819804
10,0.4310625895494754,0.8103813654803043
11,0.3999515431184189,0.7768359387256258
12,0.23484800002408387,0.6988712567288373
13,0.025324407133883512,0.653659604888098
14,0.2568620795080531,0.5339386985187505
15,0.06912444953165875,0.6299296830624482
16,-0.08683791806314478,0.43177246343167963
17,0.4365661031896433,0.5210270260093072
18,0.19905125632271384,0.5914768657384213
19,0.3579301344246588,0.6674698112694232
20,0.5037524539822938,0.7165897673427631
21,0.4003869064076504,0.6153310805479255
22,0.13371375484295672,0.49956178596491996
23,-0.2504053565411806,0.41867497516551994
24,0.017843481647056132,0.3712620536577028
25,0.4040815544154403,0.40183237874059063
26,0.47549330538975454,0.4420010520608031
27,0.48019262079863384,0.32684311844850944
28,-0.06746727704199972,0.26792825066030923
29,0.22668041885788637,0.33956687222616305
30,0.3446340233063599,0.3834596351095571
31,0.22320607184491975,0.2613347043065755
32,0.36180956721822893,0.2986144112341211
33,0.06919541229895941,0.203290090359647
34,0.20140298834896916,0.24005865259905546
35,0.5156498511892014,0.2983954169170948
36,0.3103221313044999,0.24101841195333434
37,0.43679181821725516,0.23722939320828224
38,-0.055107264956719554,0.16629614667614687
39,0.44818032437261573,0.19569059591853108
40,0.2736011070459436,0.21435693726328126
41,-0.027265141080044603,0.15220148479183998
42,0.4155938065901606,0.20680407621280159
43,0.2312505455246059,0.13916434462020957
44,0.3584276448623776,0.15489298908260918
45,0.3037995872090463,0.1753485375244766
46,0.3406910704847639,0.19411202664529595
47,-0.13574168802862846,0.12389012797347745
48,0.017214973565491655,0.10728661726059037
49,0.3374926324014738,0.11560134598110493
50,-0.48116963762572457,0.06678361971456623
51,0.06723928582651303,0.06599780456065883
52,-0.630541287201246,0.03793147578014287
53,0.09187637674455498,0.035117242657166446
54,0.14772073217267667,0.03913648645726134
55,-0.747212735304872,0.019493242971862026
56,-0.2250410665887201,0.015314572606406115
57,-0.4212151426974198,0.009969829923287656
58,0.13941526544291638,0.010459615731367639
59,-0.7951846269915717,0.005208688681269107
60,0.11862415338590636,0.005325314382306379
61,-0.7907803891823356,0.002678310164909525
62,-0.1605468787748262,0.002308006908641773
63,0.14734700475688434,0.0023744869414561525
64,-0.8230909465790672,0.0011679843824042133
65,-0.447832151476257,0.0006980562979546355
66,-0.24144612519186018,0.0005897165272591112
67,0.1394319317952647,0.0006054229703079002
68,-0.816794888744478,0.0002974393902382712
69,0.13796487173563912,0.00030523084261274415
70,0.055457612378608766,0.0003010213608185501
71,-0.7402179583160269,0.00015389387952214527
72,0.060876739416905204,0.00015175418884375206
73,-0.7458312657647108,7.758945161076085e-5
74,-0.7913212452978131,3.812729332074037e-5
75,0.10959478928522327,3.9113792959698774e-5
76,0.07182104018271188,3.8566046293965755e-5
77,-0.024673275735524865,3.555172223757177e-5
78,-0.6590730691155833,1.9441466557952678e-5
79,-0.7340310690087974,9.93969226433409e-6
80,0.05485829521871336,9.800482869269766e-6
81,-0.014807234922602426,9.034328028808172e-6
82,-0.07923631359346849,7.918909114247722e-6
83,-0.12388769299141458,6.701737363439708e-6
84,-0.1548240714212284,5.529360677140338e-6
85,-0.17876783512079,4.475648562914878e-6
86,-0.195255639027654,3.569234691157895e-6
87,-0.4925721833539293,2.2561907234289824e-6
88,-0.5077578791180684,1.405128499626295e-6
89,-0.5042070477279431,8.585231937242876e-7
90,-0.1747329011221564,7.083254650071657e-7
91,-0.5032825948106943,4.3278173472086144e-7
92,-0.1740914792745884,3.570669147906714e-7
93,-0.5023749042251952,2.181653214598384e-7
94,-0.17422523796228606,1.7999744392064491e-7
95,-0.5007977439620133,1.0997715100261206e-7
96,-0.3917856631781933,6.550993611833451e-8
97,-0.24023479524144892,3.767611931221253e-8
98,-0.4311343288570355,3.3023560049296706e-8
99,-0.2557681489495714,1.899253154485802e-8
100,-0.42148429154214095,1.664717678730455e-8
101,-0.2668677181320566,9.574135297493114e-9
102,-0.12264793383709113,5.2356651314345405e-9
103,-0.5582552926781584,4.826321614027825e-9
104,-0.37646123633155043,4.230327491802878e-9
105,-0.15291758543004366,3.5800245597180748e-9
106,-0.08124377207375655,2.9537014051029494e-9
107,-0.09172890487825272,2.3907949773981803e-9
108,-0.11965377933227606,1.9065876327519068e-9
109,-0.5621432197314536,1.2051997513302262e-9
110,-0.5710108754080689,7.505851857738821e-10
111,-0.5024692920916075,4.5860217113580645e-10
112,-0.18160444643561677,3.783699918967778e-10
113,-0.11374675957351715,3.062615153773697e-10
114,-0.561220903060077,1.9073631300633979e-10
115,-0.465647343165324,1.1653852102212203e-10
116,-0.27352396985715205,6.941833445428932e-11
117,-0.13484353228072238,3.992391869288092e-11
118,-0.5452064775480845,3.499378239654092e-11
119,-0.14796528033573908,2.01256474140757e-11
120,-0.5232325748209435,1.7640365705622005e-11
121,-0.16355130356503703,1.014533886155874e-11
122,-0.1252079893743289,5.548030793315914e-12
123,-0.541923892654019,5.114265320076787e-12
124,-0.4635124781687476,4.482713460268143e-12
125,-0.2952848986352783,3.793612689087529e-12
126,-0.15597914122674386,3.1299223820982568e-12
127,-0.532808308647851,1.9123601565737544e-12
128,-0.3936487622255018,1.1391328446796026e-12
129,-0.28545591560575245,9.64020754929025e-13
130,-0.4055091438959939,5.742368670028261e-13
131,-0.27324680236005217,4.85962862559771e-13
132,-0.4137193651137031,2.89472804656187e-13
133,-0.19878676143955487,1.6648179201691615e-13
134,-0.48019740648044706,1.459232408271732e-13
135,-0.24699564706295146,1.234913324121021e-13
136,-0.4389372325786898,7.355990570098199e-14
137,-0.23488116899359326,6.225198066893422e-14
138,-0.4502655953857248,3.708154846386674e-14
139,-0.1862539377270815,2.1326364825053178e-14
140,-0.4906284940248789,1.8692808580634944e-14
141,-0.19090787507315488,1.0750620508309386e-14
142,-0.06324216437354468,5.879032178474305e-15
143,-0.6144014379296069,5.4193877982387405e-15
144,-0.06899638399785213,2.9636201211688925e-15
145,-0.6109593504379042,2.7319133890921505e-15
146,-0.4785710444999138,2.3945540864601976e-15
147,-0.20684735032733678,2.0264535861012397e-15
148,-0.06885071019244968,1.6719267240033712e-15
149,-0.6168047787950206,1.0215352527536376e-15
150,-0.459154920616712,6.084964458237344e-16
151,-0.2204278115915556,5.149559209131089e-16
152,-0.46575232951265366,3.067430583397445e-16
153,-0.21004890565682094,2.59589279732298e-16
154,-0.053494551285732314,2.141742880399389e-16
155,-0.6314763571892865,1.3085895591305149e-16
156,-0.46939724978765485,7.794856747493978e-17
157,-0.15271752110694872,4.4829831989911635e-17
158,-0.5251202058939588,3.9293872864117146e-17
159,-0.2065787554330032,3.325346043655527e-17
160,-0.4782280375515696,1.9808041310801445e-17
161,-0.20202902548846016,1.6763069406067508e-17
162,-0.48095654744756233,9.985233624775009e-18
163,-0.1595661156117832,5.7427142060384056e-18
164,-0.04087428649756733,3.1404328320385282e-18
165,-0.6390942137318233,2.8949022312639607e-18
166,-0.04931321827350528,1.5830921906306212e-18
167,-0.6290396784526177,1.459320214780162e-18
168,-0.0581580193920866,7.980367732968964e-19
169,-0.6181843343319949,7.3564332027067955e-19
170,-0.0686231582291505,4.022903374189653e-19
171,-0.6078338132900798,3.708377977484496e-19
172,-0.0785220856398934,2.027945590929004e-19
173,-0.5954098100684915,1.8693933384499345e-19
174,-0.39114455744072163,1.6385451587373665e-19
175,-0.13004585090008436,1.3866613962437787e-19
176,-0.5645870259937575,8.259906145195064e-20
177,-0.10917387226158787,6.990160098464888e-20
178,-0.5860380833184985,4.163818687792831e-20
179,-0.0908328558185467,3.523739705636148e-20
180,-0.6019402617156568,2.0989810005163658e-20
181,-0.353681883203151,1.2071673495913467e-20
182,-0.32332194753753885,1.0580963223603001e-20
183,-0.0671054227569376,8.954414932665966e-21
184,-0.036722062955796345,7.387845310852865e-21
185,-0.6606135450691697,4.513920567556915e-21
186,-0.017016532189271003,3.724212821200928e-21
187,-0.06855061296608549,3.0144649036018773e-21
188,-0.624650888919959,1.877375683167388e-21
189,-0.6953715966526525,1.1470630952209523e-21
190,-0.6654717811834033,6.832694365623166e-22
191,-0.013479313895498815,5.782345063008821e-22
192,-0.6652431757293588,3.444361229710639e-22
193,-0.2312419907317152,1.9809233221654216e-22
194,0.03697063472600404,1.0832781182350763e-22
195,-0.72195504183467,9.985834467035893e-23
196,0.03469031659258826,5.460804994023019e-23
197,-0.012981726140924594,2.7917064207365996e-23
198,-0.6655605860821955,2.7527917974870045e-23
199,-0.019139131743454916,1.4072992066933193e-23
200,-0.08232506149345313,6.913756775533578e-24
201,-0.12881146960486028,4.1363310952292936e-24
202,-0.5520461551582174,3.4852247905464764e-24
203,-0.12948298769911054,2.085124505105087e-24
204,-0.15606276563812482,2.102095076520908e-24
205,-0.5193999142050133,1.0511112630234747e-24
206,-0.16017640278667644,1.0596661280741896e-24
207,-0.16311154137057682,1.0871716910234847e-24
208,-0.17656438460458274,1.026914727106931e-24
209,-0.19354015835086869,9.160371198605102e-25
210,-0.2054276914266866,7.850439133331883e-25
211,-0.2124701331209941,6.537745579933103e-25
212,-0.21129386966460237,5.330295831033013e-25
213,-0.47819279230448347,3.295677546844276e-25
214,-0.47164177296892673,1.9949285496614628e-25
215,-0.427421363191724,1.1734461513630644e-25
216,-0.33863116963979867,6.631338113175768e-26
217,-0.2442956605973518,3.539008636044703e-26
218,-0.42948190082734766,3.342857542851906e-26
219,-0.30227108659726565,2.9819239269115903e-26
220,-0.18850727041133122,2.5555091361374203e-26
221,-0.14077818656845434,2.1281954137220573e-26
222,-0.13500236053104395,1.7351411128945055e-26
223,-0.5495012908074743,1.072823308057289e-26
224,-0.5261615326510953,6.49397829601097e-27
225,-0.14835135644145078,5.408102295916794e-27
226,-0.5305912323059245,3.27361445901913e-27
227,-0.34968275020680417,1.9255879057093847e-27
228,-0.14621793795566895,1.0881815458313399e-27
229,-0.08343228187481162,5.807400893388155e-28
230,-0.6130355164567374,5.485523172535784e-28
231,-0.069324373083325,2.9275107903569683e-28
232,-0.08933287008931869,1.4384213454667402e-28
233,-0.6048714047594737,1.4757581894189475e-28
234,-0.5682420020076704,1.3939636497858725e-28
235,-0.36695410857517086,1.243455189835965e-28
236,-0.30965627920607064,7.026970758570584e-29
237,-0.38333426494184875,6.268257611963097e-29
238,-0.30365596108331505,3.542295959395432e-29
239,-0.09897137824579286,1.89045043063308e-29
240,-0.07342730028315722,9.288656632544261e-30
241,-0.10045319231819143,4.644609900796683e-30
242,-0.5505547880069417,4.6824118084655625e-30
243,-0.13013299146077045,2.3413478509916076e-30
244,-0.5349949788111374,2.3604037926474896e-30
245,-0.1501241297921615,1.1802734516848692e-30
246,-0.09713270044251301,9.94484773760098e-31
247,-0.5804899583573824,5.9497584699434255e-31
248,-0.4486916162078609,5.998182820994813e-31
249,-0.23825280656740336,2.9992732446984807e-31
250,-0.0815311440402347,2.5271529830148778e-31
251,-0.06750834307369838,2.593107828193681e-31
252,-0.09451263358957618,2.5569615438171507e-31
253,-0.5948522287476724,1.3071856561924348e-31
254,-0.5937161389419983,6.421920544257251e-32
255,-0.4516060474765516,3.8420775420253423e-32
256,-0.2258645508586237,3.237290146360081e-32
257,-0.07422689526935941,3.3217784902937823e-32
258,-0.5787401007194136,1.6319179627801164e-32
259,-0.10422678194935446,1.6745085369570953e-32
260,-0.06303184381169889,1.6511669461795374e-32
261,-0.6143702037978737,8.44119753480072e-33
262,-0.48774388085132564,4.146977868833818e-33
263,-0.19291008453776048,4.255207677293043e-33
264,-0.0698182079063035,4.195892771405856e-33
265,-0.5936876539862789,2.1450501901234214e-33
266,-0.09385162921147595,2.1151495460656924e-33
267,-0.5727592963829168,1.081319800841217e-33
268,-0.116992705783003,1.0662468861717151e-33
269,-0.5473501998820153,5.450933116040578e-34
270,-0.27033819534565057,2.6779256027974567e-34
271,-0.07243055946956926,1.6021372028533524e-34
272,-0.06263684146542667,1.6151768001303483e-34
273,-0.6208733885386389,8.076373639583749e-35
274,-0.6100342938231988,6.805059116002168e-35
275,-0.43657131293647217,6.982660797991786e-35
276,-0.1738540052822944,6.885326919251819e-35
277,-0.4926535505214387,3.519959308267659e-35
278,-0.19136487869496674,1.7292799144198903e-35
279,-0.49655870936579405,1.774411487297727e-35
280,-0.1805402828186878,8.717300048590666e-36
281,-0.06435204329157575,5.215346797421382e-36
282,-0.6178918986224141,4.394390954494554e-36
283,-0.06673178520037815,2.629056320580118e-36
284,-0.6108133979990571,2.2152124801607044e-36
285,-0.0729949828382428,1.3253072912044375e-36
286,-0.07895460858957162,1.3360938039417948e-36
287,-0.598815382976836,6.680874054961568e-37
288,-0.589690241582573,5.629227289306265e-37
289,-0.4399625826281463,5.776141550863774e-37
290,-0.2342547019470053,2.837693476539288e-37
291,-0.07180677800955569,1.6977224028585977e-37
292,-0.6045367863815262,1.430481281523455e-37
293,-0.44456351238812375,1.4678146650139552e-37
294,-0.23424887786210047,7.211056140159735e-38
295,-0.45017323621613003,7.399253726335342e-38
296,-0.17092471503100426,7.296112805445633e-38
297,-0.052722750424579114,6.725675844602488e-38
298,-0.6420435874621537,3.677970465225143e-38
299,-0.5089589451503357,1.8802747533169504e-38
300,-0.1698519300847812,9.237383389247324e-39
301,-0.510877045479787,9.478465031470747e-39
302,-0.16474551348099511,4.6565649665195745e-39
303,-0.01544397086407024,2.7859086012587967e-39
304,-0.6622216637593834,2.347374399622517e-39
305,-0.5102617318122894,2.4086372974938957e-39
306,-0.16790464616601625,1.1833114348497113e-39
307,-0.5112774613672189,1.2141940616666729e-39
308,-0.1662646208119624,5.965072943077391e-40
309,-0.0011445080546550468,3.5687568279920774e-40
310,-0.6720978860066464,3.006993270605313e-40
311,-0.015148788996011383,1.799010316990806e-40
312,-0.04267418150092801,1.8136522402848539e-40
313,-0.09539615313036949,1.8607288850332755e-40
314,-0.14180122746010265,1.7575971771257732e-40
315,-0.5243765592906142,9.379934309452744e-41
316,-0.16960269800864997,8.86004736989102e-41
317,-0.4926350861275357,4.728424885395125e-41
318,-0.4226587625082444,2.3232936691444736e-41
319,-0.30607957414005804,1.1617172649443681e-41
320,-0.37566770236677915,1.1711723386157299e-41
321,-0.2987304821066968,5.856216732584562e-42
322,-0.19279167721364207,4.9343805573875036e-42
323,-0.15971368176966913,5.063160377170133e-42
324,-0.5022290721047865,2.4874212389790398e-42
325,-0.1929648649765621,2.5523391461314637e-42
326,-0.4825032248172334,1.253909046569334e-42
327,-0.21558376389790657,1.2866341635648706e-42
328,-0.18781922726161265,1.2686992964301042e-42
329,-0.18048579605515758,1.1695077145319654e-42
330,-0.18088613654995486,1.0250872110956095e-42
331,-0.1752720483977887,8.675066755589582e-43
332,-0.17316455038884634,7.1573689329289066e-43
333,-0.18126078396795925,5.7933417036804074e-43
334,-0.19268633018762674,4.620017061835653e-43
335,-0.47613161172314816,2.9204235528252922e-43
336,-0.4426528310085608,1.8188077612289973e-43
337,-0.2323173410036531,1.4721855129792303e-43
338,-0.18607835597282416,1.1740239978992486e-43
339,-0.48740428986756956,7.421287170928298e-44
340,-0.19538886665207578,5.918254973410114e-44
341,-0.48037686167255345,3.741070862864954e-44
342,-0.39459583978518964,2.329897906111528e-44
343,-0.28436493482846903,1.8858738219702237e-44
344,-0.4087686583908603,1.1745015344708214e-44
345,-0.2833909571780839,7.176120248872632e-45
346,-0.38971258733290837,5.920662235267412e-45
347,-0.23445949103451613,4.792322397015809e-45
348,-0.4472570051924233,2.9846058327983024e-45
349,-0.22687026448512645,2.4158097203356698e-45
350,-0.12872569156371777,1.9265361335425415e-45
351,-0.1255723008019917,1.5181991639220648e-45
352,-0.1529809721267182,1.1848522101592895e-45
353,-0.1827347131377823,9.172630118260366e-46
354,-0.20696927583917046,7.05283992195013e-46
355,-0.464627716095042,4.623922842615053e-46
356,-0.45716669193017606,3.010908639671283e-46
357,-0.4355950044991028,1.9448174394704125e-46
358,-0.394966829138465,1.2440675113076514e-46
359,-0.2891025704419616,9.80382471237035e-47
360,-0.3958624010531993,6.271344324501868e-47
361,-0.3405670043633435,3.964267107246452e-47
362,-0.285358811743611,2.4689020793813637e-47
363,-0.24608504580786664,1.5084814863451754e-47
364,-0.2251799513596608,8.985550136988901e-48
365,-0.4625981288954003,7.60425517266603e-48
366,-0.22420953585918654,4.529615824056105e-48
367,-0.22489421079505317,2.6050756665485105e-48
368,-0.4530725600755145,2.2833793369066825e-48
369,-0.4356430806480696,1.9323690669038906e-48
370,-0.2524257479074607,1.1510515237346584e-48
371,-0.23854754390274566,6.619935181919309e-49
372,-0.2262917845418978,3.620145639392334e-49
373,-0.22231312093715563,1.8507131890911426e-49
374,-0.2201958395868938,9.092153814762036e-50
375,-0.47055693249065317,9.329445186208449e-50
376,-0.454130175713074,9.199398616177906e-50
377,-0.39022352124796333,8.480155763424798e-50
378,-0.28942236634185586,7.432955860974691e-50
379,-0.4013727057557399,4.2748465203424417e-50
380,-0.29836656580687965,2.3377218302615416e-50
381,-0.21298001171564315,1.1951045771787084e-50
382,-0.1735964740061777,5.871290432512199e-51
383,-0.15967205057213127,3.51264905225831e-51
384,-0.1610649143373807,3.5412380700623286e-51
385,-0.1687610104311706,3.633157349233362e-51
386,-0.1827640930319252,3.4317880226554973e-51
387,-0.1980149930715764,3.061252442159004e-51
388,-0.4833936291253786,1.729964342220636e-51
389,-0.48154121023338486,9.232463558152377e-52
390,-0.4584685710525235,4.536336022068383e-52
391,-0.2236099230028577,4.654084879664614e-52
392,-0.1933135369012485,4.3961302005885614e-52
393,-0.4941090408929652,2.3461241878389314e-52
394,-0.18433736930845993,2.2160892341166937e-52
395,-0.16950837191971313,1.9768145745588846e-52
396,-0.5160092474891964,1.1171305829182253e-52
397,-0.4850957391889117,5.961895944774695e-53
398,-0.1918671021551348,5.631455268490772e-53
399,-0.14295886144847778,5.023418136484107e-53
400,-0.1439734908898979,4.30506990019674e-53
401,-0.15067408635142643,3.585207302838969e-53
402,-0.5322269260357255,2.1701857366891776e-53
403,-0.1489844183269735,1.807303001361124e-53
404,-0.5309171803970187,1.0939906298650137e-53
405,-0.14937496198955483,9.110614429861425e-54
406,-0.5284798174166979,5.514806765149536e-54
407,-0.1418107403203314,4.5926607340931426e-54
408,-0.11912314022494744,3.744446776794912e-54
409,-0.5610003927202878,2.3151602760563534e-54
410,-0.11970719402007433,1.8875756201823154e-54
411,-0.11784835487687374,1.5142618980494876e-54
412,-0.5525681504002249,9.51526870133905e-55
413,-0.12553249971507158,7.633394228067465e-55
414,-0.12777179364018015,6.046748425143064e-55
415,-0.5330448131251455,3.847994030368807e-55
416,-0.15154342724023476,3.048165881114619e-55
417,-0.5216923457378506,1.9397737907089164e-55
418,-0.41549721533698875,1.218908622226137e-55
419,-0.24567783539762156,7.536410558186699e-56
420,-0.4233967438411962,6.144518364641955e-56
421,-0.2624810300469505,3.799104562381914e-56
422,-0.40655841065648685,3.097451707616009e-56
423,-0.16995359166736074,2.4848557333232654e-56
424,-0.07899513448767653,1.9683638815526114e-56
425,-0.569558468280125,1.2526157751682575e-56
426,-0.39302716546103256,7.87114547068433e-57
427,-0.2798242106329007,6.314436122623186e-57
428,-0.09926064110350713,5.0019435049936736e-57
429,-0.08430432120886215,3.922231803569603e-57
430,-0.12348250446352917,3.049673544560022e-57
431,-0.5415214168536513,1.9771970521794374e-57
432,-0.5187200960998706,1.271077927289211e-57
433,-0.4333165687143431,8.088810601090482e-58
434,-0.29853544066021304,5.082819982643483e-58
435,-0.21164221878889133,3.142665289592965e-58
436,-0.1908450721281042,1.902307680022359e-58
437,-0.19938642850750432,1.1189652011393836e-58
438,-0.4707052887543284,9.589533014992713e-59
439,-0.44163846350800906,7.986040782890908e-59
440,-0.384918371213451,6.511106828959618e-59
441,-0.3264918593752361,5.223378009232324e-59
442,-0.3623318296367921,3.282248952478544e-59
443,-0.3090711070354716,2.6331048544540146e-59
444,-0.2597598743145642,2.085798552544725e-59
445,-0.4187398663370486,1.3273481571302687e-59
446,-0.36864742926353006,8.340746334296891e-60
447,-0.3121932749958311,6.691162060093683e-60
448,-0.2592317436355878,5.300364744752826e-60
449,-0.41762075311205266,3.373014794493225e-60
450,-0.3627638996527182,2.1195238514907192e-60
451,-0.321518404251075,1.3104839560105846e-60
452,-0.3541076798963788,1.068451973536471e-60
453,-0.30968540862535904,8.571397596594241e-61
454,-0.3802729765040765,5.386066398597351e-61
455,-0.35877387398077787,3.330160024575902e-61
456,-0.34348051008130176,2.015801368167554e-61
457,-0.32324387114659153,1.1857238485007537e-61
458,-0.3464249525361435,1.0161654696932637e-61
459,-0.2765805156008442,8.462496422347492e-62
460,-0.2210405229631718,6.899566348776786e-62
461,-0.19961597202428247,5.535010265712156e-62
462,-0.20082651552342143,4.384525888140712e-62
463,-0.21155335925905946,3.4380889877846634e-62
464,-0.4675902379063078,2.2102395002117336e-62
465,-0.2231593421875953,1.7331406587422484e-62
466,-0.45396461913360237,1.114181732056735e-62
467,-0.4519439880240737,7.090363865433769e-63
468,-0.4443715788330625,4.4554193337870303e-63
469,-0.23804058578737322,3.574252424565161e-63
470,-0.44787494053615184,2.245976886162041e-63
471,-0.4277250115603439,1.3886688148453016e-63
472,-0.25179215555611184,1.1321969483142846e-63
473,-0.22532870364398763,9.082776242652644e-64
474,-0.46298233529212673,5.70740481645231e-64
475,-0.4502876069130076,3.5288408937496855e-64
476,-0.22953246697142712,2.8771027679736094e-64
477,-0.46202683413992773,1.778888694539217e-64
478,-0.21788470044497427,1.450347505335496e-64
479,-0.47111458595049777,8.967377909172195e-65
480,-0.20899070762313834,7.311201774396234e-65
481,-0.47978008161011404,4.520455204013702e-65
482,-0.45452256349606135,2.7363068794723843e-65
483,-0.3976953969175484,1.6095357285903964e-65
484,-0.3091751186301214,9.095752377833046e-66
485,-0.22623836040576467,4.854215795831201e-66
486,-0.46358105161771107,4.5851687736656384e-66
487,-0.38652923736485056,4.090100849304173e-66
488,-0.29756550285752603,2.311383578804848e-66
489,-0.21491560250847078,1.2335378330882358e-66
490,-0.17748767276707372,6.060941450325291e-67
491,-0.5059763403953412,6.218264216597799e-67
492,-0.46536117538082167,5.8736142173227134e-67
493,-0.216172219102002,3.1346269915869493e-67
494,-0.1691395366922623,1.5401871069534354e-67
495,-0.5112203698825595,1.5801654664589807e-67
496,-0.4511710796846273,1.492584108076695e-67
497,-0.3334311536677705,1.3314274412677442e-67
498,-0.22192931942535957,1.1410334648569544e-67
499,-0.42732696400712755,6.7117257314306955e-68
500,-0.2635082017358978,5.7519496963439076e-68
501,-0.17123676929939943,4.790150342495517e-68
502,-0.14080289495842951,3.905462225234903e-68
503,-0.5343190698945542,2.41471478765199e-68
504,-0.4298989957982611,1.4616671081153824e-68
505,-0.26861966404920323,1.2172577244553678e-68
506,-0.1900769549108602,9.924436022521953e-69
507,-0.4827424317430359,6.136196188979509e-69
508,-0.3659809721790425,3.714341827962059e-69
509,-0.21872728129466593,2.1848301903386848e-69
510,-0.1535848931813432,1.234683644850721e-69
511,-0.5292314081372594,1.1013728989497309e-69
512,-0.46229411095593326,9.438766965712874e-70
513,-0.2051248582517452,5.552020783605593e-70
514,-0.47944988051037074,4.758082427415858e-70
515,-0.1929366452165657,2.79877367701558e-70
516,-0.10553352729235656,1.581633254579925e-70
517,-0.11246079527473332,8.4408510793506e-71
518,-0.5655882818677335,7.9730132363374e-71
519,-0.5458299396367795,7.112154387151694e-71
520,-0.41743167855317814,6.095117098714922e-71
521,-0.20897999881166168,5.0759357781792945e-71
522,-0.4652803448092094,3.0725485294621916e-71
523,-0.2206895142064243,2.558779225780182e-71
524,-0.4531641733983654,1.548871713701891e-71
525,-0.23534618797648188,1.2898806077157898e-71
526,-0.437916122048148,7.807862308771231e-72
527,-0.24798182345851028,6.502288143495293e-72
528,-0.09983132650672097,5.301386993374402e-72
529,-0.5753869943275449,3.2778034531359785e-72
530,-0.10646097386313422,2.672429183360035e-72
531,-0.5722710822199348,1.6523407207258464e-72
532,-0.362835634762499,1.0001893785696691e-72
533,-0.31273213224673413,8.329449573178989e-73
534,-0.102366790144822,6.791091790263575e-73
535,-0.0651115727646301,5.4479891741553424e-73
536,-0.6150015696988651,3.4233893714718686e-73
537,-0.059814903616217184,2.7463313426917072e-73
538,-0.07166845930908594,2.1754902504945478e-73
539,-0.6120197689427234,1.3844256298508897e-73
540,-0.570512820772804,8.699407864663359e-74
541,-0.1116640704521691,6.978889600078333e-74
542,-0.5571116082318045,4.385371504576797e-74
543,-0.2671969590437883,2.7114387006552905e-74
544,-0.4141934265168876,2.210665775457163e-74
545,-0.25700177655241285,1.3668362490003322e-74
546,-0.06560684086250756,8.273687632013307e-75
547,-0.6256733584815078,6.89022153121067e-75
548,-0.06647355558732881,4.170765935297908e-75
549,-0.07849612468407689,2.453305526076129e-75
550,-0.11757951354722358,1.3864034936273636e-75
551,-0.15398907485296676,7.398950035802127e-76
552,-0.1790445747701038,3.635446093178006e-76
553,-0.18744069039618153,1.817833254706305e-76
554,-0.1995368893437667,1.531685297554975e-76
555,-0.19793140483130242,1.5716599517772798e-76
556,-0.17944400349959302,1.549752005280617e-76
557,-0.181800023335164,1.4285866878676208e-76
558,-0.4959615159902519,7.812299858619586e-77
559,-0.4471875689397259,3.993852133503959e-77
560,-0.22562163008168418,3.938180358730133e-77
561,-0.45277286326838245,2.013300860499346e-77
562,-0.28752835907220664,9.890911896533386e-78
563,-0.1464819794471171,5.9174899791939975e-78
564,-0.11437367313748836,5.965651700975314e-78
565,-0.5193887920254957,2.983006698511694e-78
566,-0.43043597523048277,2.513446979138114e-78
567,-0.280543000711628,2.5790441184835985e-78
568,-0.3850215599234426,1.2670286221835233e-78
569,-0.19881336332156485,7.580321464344232e-79
570,-0.4437686183273087,6.387091284427138e-79
571,-0.23885318775764067,6.553784642383142e-79
572,-0.10600044966159891,6.462429026218447e-79
573,-0.5461093706772847,3.30376283822534e-79
574,-0.14322882838556605,3.2577104721167185e-79
575,-0.5149588488147459,1.6654268467493943e-79
576,-0.17548086843569227,1.6422118489940388e-79
577,-0.49004233758025945,8.395416734463695e-80
578,-0.2092275277467898,8.278389930778946e-80
579,-0.45456644265356855,4.2321295758431464e-80
580,-0.23211994467359967,4.1731363641056654e-80
581,-0.0512264496835105,3.846865199144005e-80
582,-0.03807421418163726,3.3718224082253396e-80
583,-0.6308530069709192,1.939204746888492e-80
584,-0.5410707868174488,1.0604641005415299e-80
585,-0.250426910235777,5.421370002559683e-81
586,-0.05717857617875681,2.663401884233398e-81
587,-0.6316595040757392,2.7329126182903354e-81
588,-0.053649623851555896,1.342620889842056e-81
589,-0.6466483464025469,1.3776612508801585e-81
590,-0.5527703623912744,1.3584575236739786e-81
591,-0.23403770307813085,1.252248313111786e-81
592,-0.4092971142931126,6.847984376840523e-82
593,-0.28597569854400884,6.312583746396513e-82
594,-0.04922755838745614,5.533053597676124e-82
595,-0.0409200936162377,4.6824903093653545e-82
596,-0.07620852730522878,3.863291385901793e-82
597,-0.1153626589031932,3.1270383445576187e-82
598,-0.15720294191322817,2.4937197292700022e-82
599,-0.5239009909239923,1.5763400294914958e-82
600,-0.1515319408553198,1.2570841155250078e-82
601,-0.5262136505573577,7.946330088666627e-83
602,-0.4844199434797443,4.948887234035731e-83
603,-0.20097502437614626,4.005744997696847e-83
604,-0.16560359453358794,3.1944620533888638e-83
605,-0.14269431213637315,2.5173831594416033e-83
606,-0.5331721039694991,1.6103283211133264e-83
607,-0.4811429792247505,1.0179271404881798e-83
608,-0.34367967982168396,6.339538597729893e-84
609,-0.20729169486543608,3.8734126746097754e-84
610,-0.15579901363129356,2.307270198806422e-84
611,-0.15665618759220906,1.3269587718988648e-84
612,-0.5058739055154728,1.1630949072183175e-84
613,-0.48419812857382455,9.84299272685404e-85
614,-0.1941410000831864,5.863161427287539e-85
615,-0.1713581375433089,3.372025301164572e-85
616,-0.1886897939163452,1.8440093980485656e-85
617,-0.4816363790161792,1.6998379543170606e-85
618,-0.4640553227254272,1.4899278784173561e-85
619,-0.4211090848919546,1.2608901629423408e-85
620,-0.3633260528277686,1.0402981711079444e-85
621,-0.30689986504439865,8.420416546106209e-86
622,-0.3708852096289017,5.244143080555147e-86
623,-0.32230414055794104,4.24473198089214e-86
624,-0.356601338044824,2.64357252690785e-86
625,-0.33153138521701014,2.1397693915677275e-86
626,-0.34813240283752267,1.3326249108142466e-86
627,-0.2905032032220072,8.142242752330588e-87
628,-0.2502602518330587,4.850078117687931e-87
629,-0.42938478557309834,4.10450457144985e-87
630,-0.25812897005147434,2.444924379126485e-87
631,-0.42136818328973086,2.069080754467869e-87
632,-0.2666532822029345,1.2324863795176612e-87
633,-0.40996581244959635,1.0430236083272526e-87
634,-0.3504986646146513,8.60547241984367e-88
635,-0.3370250958656514,5.257882009577682e-88
636,-0.27927350304371673,3.1319550713147735e-88
637,-0.23429533295186322,1.8012520844867709e-88
638,-0.20681296331287122,9.850239768073636e-89
639,-0.48065029163048206,9.080111757897811e-89
640,-0.19994662720420106,4.965505867085919e-89
641,-0.18268553580595914,2.5384965452019553e-89
642,-0.5032639479413183,2.503111507598012e-89
643,-0.46627950676656515,2.3074090343604837e-89
644,-0.36893345868491956,2.0224710470045832e-89
645,-0.3137652372640616,1.1631648942211199e-89
646,-0.3644309486934022,1.0195276547950107e-89
647,-0.31693385319120626,5.863514231768664e-90
648,-0.20402944927820546,3.206492948092277e-90
649,-0.47573755698611114,2.955797524234584e-90
650,-0.20138447903703943,1.6163930951333161e-90
651,-0.4776924858114861,1.490017531966653e-90
652,-0.3149734934057244,1.3060178204455212e-90
653,-0.17646334224356847,1.10525149994265e-90
654,-0.13491443359627697,9.118884005896003e-91
655,-0.1491410255871548,7.381037850282116e-91
656,-0.17864983274910262,5.886157341745382e-91
657,-0.4927811637586349,3.7207811803272124e-91
658,-0.19450804241249575,2.9672119159738464e-91
659,-0.20244908923311805,2.3382995893918465e-91
660,-0.4755594831447886,1.4957715268424159e-91
661,-0.2142847498971051,1.1787368230124295e-91
662,-0.4495701416957555,7.540184266812616e-92
663,-0.3834462328727871,4.7663312560782945e-92
664,-0.294211366665684,3.8010068889002394e-92
665,-0.36319692901347916,2.4027075861890682e-92
666,-0.23443425993879408,1.4963799348545708e-92
667,-0.15774447797828695,9.1427742198351e-93
668,-0.1493199417193136,5.44606326873404e-93
669,-0.1657099791005472,3.132143530697574e-93
670,-0.4931550906413935,2.745360493768829e-93
671,-0.19987301669391688,1.5789135538246465e-93
672,-0.46700406422684043,1.3839362249088666e-93
673,-0.22199517213308925,7.959303224830042e-94
674,-0.18658181411306274,4.3525859498847637e-94
675,-0.48191255666140714,4.012284755636824e-94
676,-0.2078344163777737,2.1941385773369087e-94
677,-0.17122106830383724,1.121701060748681e-94
678,-0.5042165389365326,1.1060652568355354e-94
679,-0.19305046455744793,5.654495047234101e-95
680,-0.4798634398035376,5.575674959707935e-95
681,-0.21264946649004254,2.8504309533107098e-95
682,-0.45940118505635524,2.8106977471887697e-95
683,-0.362574529213153,2.590947049316014e-95
684,-0.3247864363458147,1.416872734357859e-95
685,-0.21873833887434074,7.243424209805766e-96
686,-0.4435380233786257,7.142455453897965e-96
687,-0.32259860515207883,6.5840319905109775e-96
688,-0.373398131996223,3.6005117943099643e-96
689,-0.2927277090048235,3.319010526416584e-96
690,-0.2086176294740698,2.9091516044277924e-96
691,-0.17558314967206765,2.461945100609374e-96
692,-0.5133107190334261,1.4665033237920494e-96
693,-0.49828840297793026,8.434163673294026e-97
694,-0.4401138430187425,4.612265831120152e-97
695,-0.23588442500206472,4.251661907707518e-97
696,-0.17491778860244567,3.7266314649643256e-97
697,-0.5098993435044209,2.14326276767536e-97
698,-0.16974502442267866,1.8785949214885166e-97
699,-0.5166011487634211,1.0804187611851489e-97
700,-0.4806563322927294,5.908325624856184e-98
701,-0.3985993070190825,3.0204906787125716e-98
702,-0.29485732566760386,1.4839017741261272e-98
703,-0.3730460370034215,1.522629351139008e-98
704,-0.33432369297183,7.480348843369802e-99
705,-0.21662957124014176,4.475309231804032e-99
706,-0.15016466006023654,4.511733222189365e-99
707,-0.14151858157473163,4.6288434693375746e-99
708,-0.15089400380114645,4.37228780640942e-99
709,-0.1674011908966432,3.900204976773562e-99
710,-0.5190868846701772,2.2040702832109885e-99
711,-0.5097632394076084,1.1762669364173971e-99
712,-0.4376082744685998,5.779543067382659e-100
713,-0.24624633555615633,5.929561626480098e-100
714,-0.4232650455952555,2.913467660267598e-100
715,-0.26116499411072885,2.989092015908618e-100
716,-0.39929545968229274,1.4686790475408958e-100
717,-0.2665520227606275,1.506801285219534e-100
718,-0.10440102884339833,1.42328616849734e-100
719,-0.07213812092179125,1.2696117098258774e-100
720,-0.09576830611265019,1.0880573761542763e-100
721,-0.12742367856692896,9.061203049729449e-101
722,-0.5472659421184948,5.484897233193705e-101
723,-0.5117414858735202,3.226296776395976e-101
724,-0.16914258659448267,2.7649366952529475e-101
725,-0.12502381481132915,2.3026040137595195e-101
726,-0.13253224390039534,1.87733836151939e-101
727,-0.158873946991142,1.5060493048330904e-101
728,-0.17270900510491097,1.193008115407244e-101
729,-0.19253510550206449,9.354872496051605e-102
730,-0.19987234767159087,7.273743264734216e-102
731,-0.2115871089506609,5.614768535431578e-102
732,-0.4789833733939345,3.666693979752521e-102
733,-0.4743498260122509,2.3772303566533715e-102
734,-0.4330691987566419,1.5282467830372503e-102
735,-0.25435471006789756,1.1983618227889642e-102
736,-0.42179840548764197,7.703892033290777e-103
737,-0.2653561038833247,6.0409419486791695e-103
738,-0.4105326189896385,3.8835319739818814e-103
739,-0.2786435230457576,2.471379128407363e-103
740,-0.17710170912134274,1.552957021501221e-103
741,-0.5104226457537786,1.245822218630152e-103
742,-0.41829661016069897,9.868707567612786e-104
743,-0.26800842613121373,7.738463787760803e-104
744,-0.16279725233417577,6.016928491475647e-104
745,-0.12634974174987235,4.644604510262941e-104
746,-0.1329034663837701,3.562899490372344e-104
747,-0.5516710612127963,2.3413451336235476e-104
748,-0.13156241602409507,1.7960576330966985e-104
749,-0.5530057219351437,1.1802720818596304e-104
750,-0.5393857697607977,7.707702480903842e-105
751,-0.43091796353380774,4.9971403173639835e-105
752,-0.2433475029055569,3.2125046666273916e-105
753,-0.13462560015682573,2.0443547358962036e-105
754,-0.12254908163938613,1.2846248497676773e-105
755,-0.1445013422430255,7.94272852333797e-106
756,-0.1710052872634956,4.807865960245304e-106
757,-0.1930899476291751,2.828057079175461e-106
758,-0.48330894525625706,2.423645230559658e-106
759,-0.4801215097867447,2.0183808350466554e-106
760,-0.4577835769500884,1.645608079872114e-106
761,-0.22856503225367375,1.0174657789470187e-106
762,-0.4572033575494774,8.295510330635326e-107
763,-0.23037306022560397,5.129044991671922e-107
764,-0.21018793632391763,3.1046964215846964e-107
765,-0.4723196178190576,2.5855515803018154e-107
766,-0.43369871939518234,2.1080286225430942e-107
767,-0.36264344277637783,1.691114988445568e-107
768,-0.27237199244200677,1.339606810233868e-107
769,-0.20083508423811838,1.0504413794622324e-107
770,-0.47709592239314663,6.752957930388926e-108
771,-0.37850724374167644,4.297407462069746e-108
772,-0.3090027571679815,3.4041660927090575e-108
773,-0.38854809946202623,2.1663231016293585e-108
774,-0.2977280264265026,1.3612669269743396e-108
775,-0.24001113746030045,8.416600107580888e-109
776,-0.2194066066601144,5.094708328420764e-109
