t,lambda,delta_s
1,-0.6977954544158285,1.0946948764517868
2,0.6706767859460616,1.054883474309793
3,0.28060372485137247,1.0765666949500505
4,-0.013841560668263872,0.9375962564486453
5,0.5794923708573504,1.0688446802025835
6,0.5744637941430678,0.9075822960164155
7,0.48085285524885946,0.937606391550163
8,0.8774047623986241,0.9782235046764396
9,0.47028999964405754,0.9941796140049289
10,0.4486942110533698,0.8958464660561487
11,0.05466177785373955,0.8544383674621311
12,0.4051457779634217,0.8644664201241927
13,0.440527384605387,1.011176096502808
14,0.6373793088613955,1.0337480209523542
15,0.38530727603328296,0.9314930942250743
16,0.2937071269121714,0.9791030107901784
17,0.4562759009597566,0.8568267634713098
18,0.27409118644792646,0.7845911302841382
19,0.19218640729427752,0.7243861198143559
20,0.3560230879141958,0.8516548674915074
21,0.14114427483046063,0.5655228379382701
22,0.15862065461676908,0.5888368418257113
23,0.42558895046948164,0.7482231902891726
24,0.2513276643512555,0.8045289343226225
25,0.3927387398755693,0.8667845480810303
26,0.26079074396675805,0.928957933440346
27,0.15625349133262223,0.7250686408689775
28,0.5237809569342702,0.8131544496042401
29,0.6572519256054307,0.9161662451085653
30,0.07268367702724189,0.7605830594284669
31,0.051483920378774674,0.7583881416126319
32,0.6963351547072157,0.818367872279857
33,0.5890460310732786,0.9026333254447172
34,0.2781285769825091,0.7571418521181484
35,0.43629283177013917,0.7248137071094916
36,0.554202812738113,0.7526985656849294
37,0.11152098237947085,0.7834866471721855
38,0.2926750060455957,0.6290572637430335
39,0.1989769836538327,0.5167394622897042
40,0.4616433862101459,0.5595558783566432
41,0.0005578823288224901,0.3939099953978487
42,-0.05340241658447549,0.36709659082527224
43,0.09038635517637683,0.2549407378513977
44,-0.16537063343005204,0.22510700727453298
45,-0.1827537815061086,0.14735189927550635
46,0.140346721483739,0.16579035269899192
47,0.17030576867495836,0.1950961796562805
48,-0.43904710641100564,0.10238949963205524
49,0.007890891232908216,0.11459723512802772
50,0.14365263524656974,0.12979138801674167
51,0.2049456292311325,0.13912715102430792
52,-0.2499375943781828,0.08160054353493443
53,-0.010485294716823088,0.07983719978946893
54,-0.37079247827142303,0.04758086634640214
55,0.04221134090638996,0.04704960130948335
56,0.11156528976618317,0.048807975378434704
57,-0.4056548593458036,0.024643272610959898
58,-0.17710725414473685,0.024863261160490258
59,-0.37882979703499337,0.012631002664147817
60,-0.03466874014041441,0.008972699889861576
61,-0.6619304363581583,0.006378239972046382
62,-0.22560280223452903,0.006404653443565967
63,-0.41582560061338397,0.0032366680226425994
64,0.018200055231997712,0.0023404155276402004
65,0.029841748080992502,0.0022593127767105235
66,-0.04571687270799067,0.0021933790215727324
67,-0.11153825869182588,0.0020306584477982753
68,-0.5521455905614485,0.0011055458926895977
69,-0.5586255995614463,0.0005736801729051222
70,-0.5169527619967544,0.0002976081618708822
71,-0.38342457803137187,0.00021161727205001502
72,-0.2928227660224293,0.0001500402644256974
73,-0.37866623416463535,0.00010669374123121245
74,-0.2824627677530419,7.564510722448748e-5
75,-0.1267250227231611,7.350760860952962e-5
76,-0.5257805332292618,3.813416139433399e-5
77,-0.15053061468933382,3.7054672776842505e-5
78,-0.5174840608683867,1.9223560220723068e-5
79,-0.1741633127949128,1.8679187269620233e-5
80,-0.08870151566212679,1.8141374168032347e-5
81,-0.5781525426852989,9.41615014166884e-6
82,-0.4381080836982212,4.885017914349616e-6
83,-0.25548091873828044,4.746676567858163e-6
84,-0.11762385054975846,4.609998125284322e-6
85,-0.54155141848825,2.392800846070479e-6
86,-0.33636987983568084,1.2413727775337728e-6
87,-0.3404838145250012,1.2062104630494446e-6
88,-0.13429093670011458,1.1714756800252645e-6
89,-0.5343095080242415,6.080505776816592e-7
90,-0.30630698877138424,3.1545364344002146e-7
91,-0.38793683582951516,3.065182765495324e-7
92,-0.169114303027089,2.9769153771935256e-7
93,-0.5035929525341484,1.5451585567369502e-7
94,-0.27884375886037416,8.016207056328604e-8
95,-0.12200823800595713,5.7028385338799785e-8
96,-0.10248130295654427,5.728976860577326e-8
97,-0.5592801594646679,2.8748010180481033e-8
98,-0.45476663176844223,2.0370534433909612e-8
99,-0.26073985351171697,1.9793530111437167e-8
100,-0.4152097268645295,1.0268786444502594e-8
101,-0.2664349211593295,9.977918495968058e-9
102,-0.1329099701737417,9.690586755661233e-9
103,-0.11046550219272536,8.966766348553527e-9
104,-0.12973910960827406,7.899010933651944e-9
105,-0.5415741256507434,4.52014690056566e-9
106,-0.14840944130077144,3.981891406197091e-9
107,-0.16152997206531003,3.3868819453159314e-9
108,-0.5156233304001848,2.0072714569350246e-9
109,-0.16318031237880973,1.7073271894235676e-9
110,-0.15860501931493473,1.4154005219821433e-9
111,-0.1742405981585376,1.150849531490835e-9
112,-0.18208138853364153,9.216532978538617e-10
113,-0.5088130841497629,5.801432489671792e-10
114,-0.17862872199088473,4.646054273859455e-10
115,-0.49885593673786177,2.924502118054834e-10
116,-0.44775021622759864,1.8131320892441025e-10
117,-0.33973926836608487,1.1025125640396046e-10
118,-0.20943495605621626,6.534157486263197e-11
119,-0.4705030181614507,5.557765835431297e-11
120,-0.20693018154718287,3.2938687888164545e-11
121,-0.13939511225835505,1.8848905210236043e-11
122,-0.541220472638265,1.6604392564385094e-11
123,-0.1426718223524755,9.50173311647844e-12
124,-0.1415807153961698,5.176470503503675e-12
125,-0.5149930994240233,4.78982366400574e-12
126,-0.48689410065802213,4.2194552704189526e-12
127,-0.4054907147985396,3.5889469139864333e-12
128,-0.27180647863312896,2.127027401817827e-12
129,-0.41405352328817746,1.8091881393402545e-12
130,-0.30433654994122017,1.4998448157266387e-12
131,-0.3555862940124819,9.120117410409098e-13
132,-0.3297624456605144,7.560717716080099e-13
133,-0.3308066425082758,4.597451186585921e-13
134,-0.3523926882134346,3.811357800676516e-13
135,-0.2547838770086233,3.098981007543878e-13
136,-0.40187581882101286,1.9213054673208135e-13
137,-0.2741694481214125,1.562196325902962e-13
138,-0.38435148432167454,9.685300860763668e-14
139,-0.2886583852950685,7.875031678877067e-14
140,-0.20528182512758775,6.306687987379078e-14
141,-0.4725842247793449,3.9698034693219293e-14
142,-0.20000674467567348,3.179201414437832e-14
143,-0.14276734830047016,2.5150079640885282e-14
144,-0.13940009242389434,1.9695154442158922e-14
145,-0.15651478014977377,1.5293134107998277e-14
146,-0.5315479951540727,9.92832735429231e-15
147,-0.5354496292926627,6.391058009587714e-15
148,-0.4590435993386792,4.072566038315297e-15
149,-0.22802456522981127,3.2217323426331707e-15
150,-0.45070213942754983,2.0529805399147383e-15
151,-0.2569436295026645,1.2922677142286532e-15
152,-0.4342661087922655,1.0349074901710203e-15
153,-0.25915797482472314,6.514321547426636e-16
154,-0.13408122138157882,4.0387474381050674e-16
155,-0.11375277879172695,2.455844127354799e-16
156,-0.13212048439118892,1.4554820337691227e-16
157,-0.5484268640103553,1.2379910245995537e-16
158,-0.5528078704969,1.0263136153669316e-16
159,-0.1327724340608713,6.24071275500635e-17
160,-0.5429605423824515,5.1736469350647024e-17
161,-0.4606116075772393,4.2066461429210975e-17
162,-0.3036158885995616,3.3688759332710313e-17
163,-0.37688042183011766,2.1205703206465253e-17
164,-0.21122944032922783,1.3147106552049186e-17
165,-0.12956600249201736,7.994370757857194e-18
166,-0.11700474191117015,4.73794850403768e-18
167,-0.5614582487825439,4.02996229903581e-18
168,-0.12583976365042507,2.3883998408853953e-18
169,-0.5367178499855291,2.0315039949439516e-18
170,-0.15183520334604161,1.2039923597903276e-18
171,-0.5157147685933254,1.024081163851246e-18
172,-0.35079225732994146,8.489790481650041e-19
173,-0.312309842745657,5.162393146974131e-19
174,-0.3643156507677712,4.279703381799785e-19
175,-0.33162312074490596,2.6023623853896586e-19
176,-0.3459157169251606,2.1573984747652717e-19
177,-0.31390067825769963,1.311850878474927e-19
178,-0.10563734924892716,7.774823179275205e-20
179,-0.07541682149378519,4.4490814458055164e-20
180,-0.0953811655084864,2.4238250632207337e-20
181,-0.11988960026023322,1.2580787479178869e-20
182,-0.13982016980618314,6.526850564499521e-21
183,-0.16328332775121793,4.6432921884515886e-21
184,-0.17487723827039597,4.664573558301852e-21
185,-0.5035095337408685,2.3406835921984462e-21
186,-0.18426882494408298,2.3514115307399637e-21
187,-0.17800920346724788,2.3085191259327153e-21
188,-0.5078598290015901,1.185346552646015e-21
189,-0.17506390019958348,1.1637244913826816e-21
190,-0.17396180553599794,1.0721264651157726e-21
191,-0.17831120147639756,9.41869529171824e-22
192,-0.49038827781249217,5.404589510648609e-22
193,-0.20399010114775698,4.747964296555165e-22
194,-0.19385762809812832,4.0274647244134355e-22
195,-0.18372751388657527,3.329864797403551e-22
196,-0.181878394882189,2.701055609928506e-22
197,-0.18251802921530355,2.159075080254768e-22
198,-0.49665022964146016,1.3616021329649598e-22
199,-0.18520956418439524,1.088389747956428e-22
200,-0.16250820395159413,8.59626897212322e-23
201,-0.5229528583209072,5.486572719448354e-23
202,-0.4823603199329139,3.4600599051825123e-23
203,-0.36630810518193974,2.150271951494292e-23
204,-0.2232215448528223,1.3110378571066619e-23
205,-0.472363755118979,1.0839520907482726e-23
206,-0.2087503359307061,6.608941837674681e-24
207,-0.4808132923014713,5.464202489462042e-24
208,-0.1881329859279045,3.331567580371807e-24
209,-0.5090662257080245,2.7545044749378146e-24
210,-0.2905458844549727,2.2343459020934787e-24
211,-0.38101843889916764,1.3885457058161526e-24
212,-0.301295548476668,1.126333769245323e-24
213,-0.3717794189143162,6.999658903019224e-25
214,-0.3101321744961932,5.677848530765672e-25
215,-0.3649466072758824,3.5285280530119897e-25
216,-0.31682518516433594,2.862203444358976e-25
217,-0.36047919765814623,1.7787309915233438e-25
218,-0.3213717335157543,1.442836756301359e-25
219,-0.020068288027884868,1.153324231443107e-25
220,-0.016728202503542598,9.109131470750622e-26
221,-0.08131177739583537,7.122972597160184e-26
222,-0.13784892089283565,5.523510990403592e-26
223,-0.1838947191317358,4.2530817455094583e-26
224,-0.47520239297065964,2.7844018902624504e-26
225,-0.22204848930026744,2.1439785079113176e-26
226,-0.4319153856750315,1.403616992881301e-26
227,-0.2592651466581833,1.0807795658380951e-26
228,-0.2525489224834283,8.271947922815724e-27
229,-0.42050547260826426,5.4482097913898376e-27
230,-0.3773802765987331,3.566826726927887e-27
231,-0.31357659155366224,2.7464425558396174e-27
232,-0.349265469731241,1.7980373530443473e-27
233,-0.2742163445986522,1.1688572048967687e-27
234,-0.4072668565018445,9.06390629669656e-28
235,-0.3134672458116654,6.979172211382102e-28
236,-0.3542773629787442,4.5691151641647335e-28
237,-0.23052527415489804,2.9702626425388325e-28
238,-0.16629221438135758,1.9148168792837908e-28
239,-0.15810607038747868,1.2221327748918522e-28
240,-0.17530335720053802,7.707275250765128e-29
241,-0.19744996302384776,4.789725683461024e-29
242,-0.2178357422691058,2.920333724210861e-29
243,-0.22899240860659845,1.7355010488290566e-29
244,-0.40947700346325205,1.4721402303746938e-29
245,-0.3015588596128,1.2171498114561848e-29
246,-0.3943820421731071,7.421058901318836e-30
247,-0.24738044200994197,6.135652199550627e-30
248,-0.44250209947509195,3.740955792154825e-30
249,-0.23814952214460963,3.09298227379347e-30
250,-0.4567050719995702,1.885815814825246e-30
251,-0.18720726870717086,1.5591723642192881e-30
252,-0.0771613466010102,1.2647394165984855e-30
253,-0.5872502745344393,7.859787888029431e-31
254,-0.10263096099708204,6.375551399072963e-31
255,-0.09752767459598509,5.096264622625155e-31
256,-0.1352344664447258,4.025107874404169e-31
257,-0.5214434294847393,2.569026996265341e-31
258,-0.45824075528010105,1.620134783523458e-31
259,-0.34189438927205573,1.006841060015407e-31
260,-0.23873018167383256,6.138789769602326e-32
261,-0.41638414635165866,5.075485783537666e-32
262,-0.2741545667262829,4.1170348295902174e-32
263,-0.17608010937006058,3.2909308762230395e-32
264,-0.461626199232106,2.0753972575964285e-32
265,-0.2250219878496667,1.6589582547040337e-32
266,-0.4392234414252605,1.0462077575543597e-32
267,-0.256920490829536,6.50171169908174e-33
268,-0.13584221575272426,3.964145171296052e-33
269,-0.10416586181354413,2.3558191467839896e-33
270,-0.10645428051279902,1.3518045817756973e-33
271,-0.5697218677162557,1.1875684318938092e-33
272,-0.13014900279625066,6.81444689673129e-34
273,-0.5289392241626389,5.98653246517669e-34
274,-0.16257872773386456,3.435162680642242e-34
275,-0.5112233165490498,3.0178110156955695e-34
276,-0.17515992266722794,1.7316655073117543e-34
277,-0.11669797453498411,9.475123115854582e-35
278,-0.5402316951105256,8.729325822358552e-35
279,-0.42390020538996126,7.668765084914178e-35
280,-0.2613732571551873,4.400453147050946e-35
281,-0.12573147349815142,2.407788060558227e-35
282,-0.5425175307051366,2.2182684314283817e-35
283,-0.13881053063376458,1.213765961327402e-35
284,-0.5121949389155639,1.1182291162830473e-35
285,-0.1656200400531606,6.118594211051432e-36
286,-0.08530614878153774,3.1416913438736967e-36
287,-0.5958180420453852,3.0843833417910264e-36
288,-0.49061070192506934,2.8416081587896693e-36
289,-0.24425671847051109,2.496369808687662e-36
290,-0.10700855226979686,2.1175477985112218e-36
291,-0.5664601956441162,1.2584200205594495e-36
292,-0.12934457997706358,1.0674558452295072e-36
293,-0.12064525147782554,8.82561086200467e-37
294,-0.13927400303953363,7.158989082214879e-37
295,-0.1624453069531444,5.7225015547292704e-37
296,-0.5193352087996731,3.608846396344519e-37
297,-0.16679371059935216,2.8847130337390266e-37
298,-0.18082275130112352,2.278390548236123e-37
299,-0.5002386143717967,1.4541838403078426e-37
300,-0.1837273791581974,1.1485366753658296e-37
301,-0.4981039326558392,7.330540738991832e-38
302,-0.4559907164322393,4.622942479990106e-38
303,-0.348554316865026,2.8729512842263454e-38
304,-0.3394879667284954,2.3304253041630116e-38
305,-0.3408549557182238,1.4482547423785e-38
306,-0.22547272543807417,8.830123988144809e-39
307,-0.46022342234510405,7.300652156330019e-39
308,-0.22135106648811473,4.451265502423797e-39
309,-0.4719643614820154,3.680258752005963e-39
310,-0.3757162108264632,2.985281431199646e-39
311,-0.2533836316690198,2.3862695466018366e-39
312,-0.17028634913545504,1.884712245874362e-39
313,-0.5112590984948008,1.2029184784419854e-39
314,-0.17064151202722272,9.500834431452656e-40
315,-0.5104709865315098,6.063912049826046e-40
316,-0.17176335329022469,4.789370636895285e-40
317,-0.12061136222035518,3.74509424019078e-40
318,-0.5621300450406312,2.4143217380589127e-40
319,-0.48818036732916387,1.5409419862223564e-40
320,-0.19390032344930097,1.2170595881554979e-40
321,-0.4736612085834733,7.767888552546894e-41
322,-0.19882842576452975,6.135197383891866e-41
323,-0.467122995642087,3.915792619338891e-41
324,-0.24158941722731928,2.4694609425583937e-41
325,-0.104986815682216,1.5346591520397036e-41
326,-0.5742168281928487,1.2448552611436867e-41
327,-0.11161622611568098,7.736216785432144e-42
328,-0.5670543749577289,6.275315371425323e-42
329,-0.12120761217167055,3.899826881536345e-42
330,-0.10953332574302907,2.3777553691770493e-42
331,-0.13886381226615277,1.4130566321425434e-42
332,-0.5365118972684281,1.1986264816021505e-42
333,-0.5310939321504621,9.910115666882636e-43
334,-0.4676681116355092,8.038696807733992e-43
335,-0.22431363265689916,4.995689307675536e-43
336,-0.16692250309669915,3.0459113788626205e-43
337,-0.5032411054291017,2.5183269799992375e-43
338,-0.41007311036336525,2.0427679893385448e-43
339,-0.2769289095426824,1.6328762148809409e-43
340,-0.1858656181450703,1.2896706503947122e-43
341,-0.15570749028322256,1.0084703170242322e-43
342,-0.5336134141872192,6.501229748639747e-44
343,-0.5095800099607748,4.149412948504191e-44
344,-0.17329078588454314,3.2772699162892957e-44
345,-0.5149916475867109,2.0917190673409626e-44
346,-0.4212495711745911,1.319124642631168e-44
347,-0.25781897692050215,1.0544355818465793e-44
348,-0.43091576345547355,6.649707323503718e-45
349,-0.2845904668232609,4.132494677898357e-45
350,-0.17435736745453642,2.5196147693092978e-45
351,-0.4943975236185729,2.083190567128561e-45
352,-0.3455748472120909,1.6898024124824022e-45
353,-0.3486191460408116,1.0501363648895073e-45
354,-0.3241094854719122,8.518293961323788e-46
355,-0.36882478458250845,5.293737415408006e-46
356,-0.2060929942872918,3.2276336732006587e-46
357,-0.12493871507301263,1.9181238016177043e-46
358,-0.12080264612481818,1.1006483867743114e-46
359,-0.5582775499503231,9.669262083954846e-47
360,-0.5042497404900395,8.201959728823337e-47
361,-0.18218164884707821,4.874275016521638e-47
362,-0.4875881549076702,4.134607899299844e-47
363,-0.2763826526353557,3.4184496294875273e-47
364,-0.41433096474955927,2.0842558420370515e-47
365,-0.24774348688783876,1.723240458224662e-47
366,-0.09039958492342674,1.3978250139683971e-47
367,-0.08022025922902366,1.117344323871889e-47
368,-0.5997796762978841,7.046435895414689e-48
369,-0.08377174795984527,5.632532736638194e-48
370,-0.1169986802976876,4.448660646550809e-48
371,-0.15363456384365068,3.4786728000573214e-48
372,-0.5256191260835026,2.2425698319262628e-48
373,-0.16255243298144226,1.7535989585088952e-48
374,-0.1895612465443177,1.3598287776574965e-48
375,-0.4892907437722367,8.839892349843341e-49
376,-0.20039471206919615,6.854896868171439e-49
377,-0.2133669626369481,5.278243636705365e-49
378,-0.4660119334949548,3.4555535112452216e-49
379,-0.4565358261874499,2.2463652446855926e-49
380,-0.2327066879394337,1.741944525018716e-49
381,-0.22076392904224224,1.3412904353623656e-49
382,-0.4590311123089886,8.781142350619348e-50
383,-0.22692290915683289,6.761445084661688e-50
384,-0.4518370161077392,4.426573858947213e-50
385,-0.39632625346818234,2.8776002563449106e-50
386,-0.3175524621492525,1.85508091566302e-50
387,-0.24742272157208725,1.184006267981177e-50
388,-0.43673776453177493,9.351462895857287e-51
389,-0.36471003865711,7.312465975975508e-51
390,-0.28158241611172735,5.670453681284146e-51
391,-0.39371358955300045,3.686214098489253e-51
392,-0.2971153389084433,2.858475700735336e-51
393,-0.3789559265950767,1.8582205270484323e-51
394,-0.26690922771258935,1.1979250520360144e-51
395,-0.1928431088904904,7.645762285659594e-52
396,-0.48758425342449463,6.038740187313548e-52
397,-0.4112170545232769,4.722050726100662e-52
398,-0.2983406720611989,3.6617154884547584e-52
399,-0.3813296187043886,2.3803857710273437e-52
400,-0.25402656767185766,1.5345453928189209e-52
401,-0.4319579143063105,1.199952467174884e-52
402,-0.300791973170301,9.30503459053715e-53
403,-0.19519792654396595,7.164840049581572e-53
404,-0.4896844684930353,4.690667937089777e-53
405,-0.19482319410178872,3.61179586899407e-53
406,-0.14437200758977725,2.7643553117135397e-53
407,-0.5429005293494299,1.8207062975599104e-53
408,-0.4771345729166777,1.1919775729425343e-53
409,-0.3233087925423232,7.748735430052441e-54
410,-0.3625306431196937,6.008758945203315e-54
411,-0.19970868575432563,4.626720762828354e-54
412,-0.12929097176196824,3.541147002890288e-54
413,-0.12552559968081764,2.6962181411112607e-54
414,-0.14742468306606937,2.043604641870063e-54
415,-0.5300849747966129,1.359163564934186e-54
416,-0.5295877511920918,8.998649801155404e-55
417,-0.47922492305369785,5.926842433414975e-55
418,-0.3522699803860929,3.8801773072695944e-55
419,-0.22192822888154334,2.5224021037159974e-55
420,-0.15987314864786445,1.6260979939497694e-55
421,-0.1601238142383948,1.0378578103694328e-55
422,-0.1814867805758161,6.545161033244906e-56
423,-0.49200927125010685,5.231841222072313e-56
424,-0.19960863705236354,3.299415676858758e-56
425,-0.47442846568299313,2.637371160046652e-56
426,-0.4677163093754479,2.0830361470833392e-56
427,-0.22415124695329414,1.3294988017795173e-56
428,-0.45127553535638876,1.0500585217447115e-56
429,-0.23800353485880307,6.702003459770546e-57
430,-0.4405630382943079,5.293345008115091e-57
431,-0.4172920802333667,4.1391818266304467e-57
432,-0.3782092070263066,3.209729645708187e-57
433,-0.32784922418671286,2.4714792073192857e-57
434,-0.3582290251541888,1.6180247144014964e-57
435,-0.32422075536605693,1.2458726684096515e-57
436,-0.2739576226038857,9.535518765616586e-58
437,-0.23771981588233462,7.260313864343357e-58
438,-0.21869795256510408,5.502971324304802e-58
439,-0.21390033026851796,4.154398918386941e-58
440,-0.46680792809361915,2.7740478445820504e-58
441,-0.4419537746372121,1.8449677988057066e-58
442,-0.2405479789638634,1.3983975184538114e-58
443,-0.43839899748601513,9.300482673779565e-59
444,-0.2520726429149167,7.049321890525663e-59
445,-0.21479819526291283,5.321796809664625e-59
446,-0.1978903205840293,4.003466140043455e-59
447,-0.19543387536069878,3.0022503376466023e-59
448,-0.19722780182943228,2.2450759400072144e-59
449,-0.48342894550727533,1.513434395207652e-59
450,-0.19968311942031342,1.1317427813576363e-59
451,-0.4794859022928817,7.629222786241772e-60
452,-0.45468165760838686,5.128451492076762e-60
453,-0.38506111931131776,3.436569082413354e-60
454,-0.2979210823730776,2.5852523971558955e-60
455,-0.38170280228255926,1.7323744744445714e-60
456,-0.2972261314238757,1.303225733406287e-60
457,-0.19717626313394065,9.773056050141334e-61
458,-0.15507194151428724,7.308268975235926e-61
459,-0.5300132415566723,4.926597554876245e-61
460,-0.47119725695039055,3.311715660831161e-61
461,-0.21211550189014647,2.483497827413115e-61
462,-0.14310641271995445,1.857153998608923e-61
463,-0.1353401439537491,1.3852413487523671e-61
464,-0.5401093601566846,9.361913306987576e-62
465,-0.51715839096829,6.310985455441512e-62
466,-0.16440598851187344,4.719340498052436e-62
467,-0.5134818735016214,3.1813677680880656e-62
468,-0.3969095848084602,2.1385520824636095e-62
469,-0.2315461759404013,1.4330411390415718e-62
470,-0.45314019025310803,1.0780441047699055e-62
471,-0.27485188534102395,8.084390286633589e-63
472,-0.41338310625241614,5.434420332145092e-63
473,-0.22614739995593672,3.6415984285201073e-63
474,-0.12554046144451753,2.4316317402162107e-63
475,-0.5740522152495775,1.8357297678169866e-63
476,-0.5108269108603221,1.3809775590038507e-63
477,-0.1748936026663526,9.253913759565427e-64
478,-0.5207876107341214,6.961507874938415e-64
479,-0.35989810148899337,5.2205235755625695e-64
480,-0.18676418108577247,3.903895596835333e-64
481,-0.5017530492134535,2.6316659344410907e-64
482,-0.34021542951705297,1.7690361739692284e-64
483,-0.18432312036527432,1.1854289799807787e-64
484,-0.49742866602671276,8.917711352978878e-65
485,-0.19099389426265898,5.9757474880831085e-65
486,-0.1378757334596102,3.9902305399020305e-65
487,-0.14164355583098923,2.6538283650401577e-65
488,-0.5386147489692822,2.0114752151646148e-65
489,-0.14944146807312536,1.337794878816743e-65
490,-0.5317943466125675,1.0139846559644816e-65
491,-0.15591095389551937,6.743823984115202e-66
492,-0.17267920426734928,4.464901202426204e-66
493,-0.19052506986585088,2.9407485003080586e-66
494,-0.4907337093929298,2.250756696143049e-66
495,-0.1957325811589425,1.4824313190052928e-66
496,-0.48701849729208757,1.1346064505257108e-66
497,-0.20107106217821102,7.472936279105677e-67
498,-0.4802810571035134,5.7195511171001066e-67
499,-0.4684596496710279,4.354848151842247e-67
500,-0.4185002262883426,3.300767012151351e-67
501,-0.32049887987554143,2.4918724988742723e-67
502,-0.23084091373297208,1.8745787431101326e-67
503,-0.47184906898539386,1.2561529266825204e-67
504,-0.20687327416818763,9.449751444018174e-68
505,-0.17415159121324414,7.086489174895852e-68
506,-0.17526404416570449,5.299260406829205e-68
507,-0.19098355676135212,3.952690320159021e-68
508,-0.21097668685329748,2.9414874146821858e-68
509,-0.2279467442508254,2.1843759569167498e-68
510,-0.24237212643708825,1.6190193900837985e-68
511,-0.43009625504163956,1.1011439198817328e-68
512,-0.26262916430000754,8.161476745412428e-69
513,-0.40899778421717753,5.550866500123817e-69
514,-0.2847037743241382,4.1142004273624027e-69
515,-0.26958014731803065,3.043987651305618e-69
516,-0.25937385901364074,2.2485033751959286e-69
517,-0.24813138205538124,1.6584065325895345e-69
518,-0.4302586756158346,1.1334705514362673e-69
519,-0.3836633170134531,7.735284316291759e-70
520,-0.30470207742886957,5.270302428530234e-70
521,-0.3804940475815227,3.899356823842675e-70
522,-0.2840433096137072,2.6567594542220902e-70
523,-0.1814279111558164,1.8069422377044827e-70
524,-0.14162658201846734,1.2265932603491863e-70
525,-0.5283995609907993,9.108795820268296e-71
526,-0.16114700366304674,6.183256625420249e-71
527,-0.49212104959004854,4.59174397299725e-71
528,-0.38387915122372157,3.4033164039565065e-71
529,-0.30349665004977794,2.314698136787913e-71
530,-0.39894172308456755,1.7156117992344753e-71
531,-0.2770011906777995,1.166839330754787e-71
532,-0.18441105402396762,7.92076929272738e-72
533,-0.4866692930044627,5.882037066334881e-72
534,-0.20317357285139706,3.992859800463872e-72
535,-0.17411983618289772,2.704746418010055e-72
536,-0.5034345200727205,2.0128006254138379e-72
537,-0.4561382290873841,1.4947244955987777e-72
538,-0.3764990657610008,1.1078623776025553e-72
539,-0.3102858853419192,7.534906182313442e-73
540,-0.37863574222526747,5.584734245494481e-73
541,-0.3088495713244446,4.1319965760655313e-73
542,-0.36933520204390774,2.8152645331537672e-73
543,-0.3047624625423447,1.914746322698769e-73
544,-0.26144288879151983,1.2997731115546615e-73
545,-0.4114687558792417,9.652236212724495e-74
546,-0.3482064272246574,7.154060424711744e-74
547,-0.3437930070477314,4.865692274834417e-74
548,-0.2967903398936117,3.302941968320446e-74
549,-0.25723244615144386,2.237398983222988e-74
550,-0.22971331795632594,1.5121072824559642e-74
551,-0.45007793882977803,1.1278728274427084e-74
552,-0.40332998931588226,8.393330766047126e-75
553,-0.28734440906883935,5.685606923138692e-75
554,-0.24231676841020974,3.842518789954785e-75
555,-0.4386479822033983,2.8661144499542146e-75
556,-0.36508242165700805,2.1328864395427517e-75
557,-0.27041297572622613,1.583901339885333e-75
558,-0.21017185823743462,1.173958618768937e-75
559,-0.48275809885261434,7.984446654361962e-76
560,-0.19376087316701968,5.917925397214213e-76
561,-0.49306360049526915,4.024959558463865e-76
562,-0.18342204047236665,2.9832261927356836e-76
563,-0.17052768064138632,2.2072098460114695e-76
564,-0.5142018336553738,1.503844323758058e-76
565,-0.5096903183280501,1.0228098833758455e-76
566,-0.4609994175619743,6.943064827357965e-77
567,-0.34345928704615397,4.703202882211487e-77
568,-0.2071437906978535,3.1785780642553747e-77
569,-0.1493233256433036,2.142720112301049e-77
570,-0.16110935006170238,1.4403611566895157e-77
571,-0.17416143132284972,9.651842522515249e-78
572,-0.17788178358853704,6.444896956651623e-78
573,-0.19414332572176735,4.2863814965796424e-78
574,-0.20171502416334394,2.8378958204151347e-78
575,-0.202124811014282,1.8691427871643374e-78
576,-0.2053179541245503,1.2236879094190526e-78
577,-0.2108456779850422,7.954876059987203e-79
578,-0.4571356167262015,6.168610751381444e-79
579,-0.41546528766282076,4.7498060250871027e-79
580,-0.26326930012541433,3.109596679771385e-79
581,-0.192775609485964,2.021467728309316e-79
582,-0.495770108251112,1.5675476862727558e-79
583,-0.1810881469865254,1.0190218818407262e-79
584,-0.13983895581752287,6.569251727989725e-80
585,-0.5268497223117881,5.1368893063591e-80
586,-0.16035314841071796,3.3115597960796203e-80
587,-0.5064462166310577,2.5895058993356215e-80
588,-0.1639050074865782,1.6693572932037367e-80
589,-0.07900024635097753,1.06546807848912e-80
590,-0.08347465799004396,6.719282814869398e-81
591,-0.10021674230931062,4.175732723393167e-81
592,-0.12354105547487941,2.545977348457301e-81
593,-0.15881180489142868,1.5130278851046923e-81
594,-0.5273218116599674,1.283427181357325e-81
595,-0.16468522753212256,7.627173568812751e-82
596,-0.194226323150312,4.376587307389331e-82
597,-0.48580464202427026,3.844858196038507e-82
598,-0.19882295316688953,2.2062376616549617e-82
599,-0.49064233748641445,1.938193016623011e-82
600,-0.516248214775061,1.644073863238021e-82
601,-0.5412076175507577,1.3593027018566527e-82
602,-0.5599959125645693,1.1026129923664669e-82
603,-0.5216151014294693,8.813680941010292e-83
604,-0.14689712613455694,5.558272094519358e-83
605,-0.10195466600663908,3.454216664201937e-83
606,-0.5760815298062136,2.8019249628472088e-83
607,-0.5013812389344068,2.239704485087332e-83
608,-0.31820074780400953,1.768952914893885e-83
609,-0.3713154735585105,1.1290350309325243e-83
610,-0.17207612868029165,7.120162334181009e-84
611,-0.4853215741527213,5.691465590930853e-84
612,-0.18303229320231,3.589273832660647e-84
613,-0.49368978315732737,2.869067804388243e-84
614,-0.19132722591266593,1.8093529390442321e-84
615,-0.11325810781177306,1.1244316519934214e-84
616,-0.11814963943999028,6.855748931980021e-85
617,-0.14860249489960348,4.0742465024866847e-85
618,-0.5267443675651375,3.455983036611129e-85
619,-0.16602236589499486,2.0538276619035373e-85
620,-0.1873120894233693,1.1785173099255065e-85
621,-0.19882582334323093,6.448472039525116e-86
622,-0.2045185395836511,3.3110724602712695e-86
623,-0.20398894761516326,1.6614965727239082e-86
624,-0.19760052390887048,1.177318052211623e-86
625,-0.47959575529567305,8.37560422310122e-87
626,-0.42657757037808913,8.413991712829867e-87
627,-0.3283113384401504,8.26051099119797e-87
628,-0.34203122533430835,4.241493222437535e-87
629,-0.24174519447210377,2.1283818269970104e-87
630,-0.42454723617656676,2.138136733430761e-87
631,-0.2771616198759852,2.099134702053166e-87
632,-0.4059574144297787,1.0778347273224468e-87
633,-0.246823137758538,5.40857600338452e-88
634,-0.13075800573334573,3.832456996949397e-88
635,-0.11179695505971114,3.723901152841391e-88
636,-0.10932651412555111,3.6166650373998134e-88
637,-0.1427880602216048,3.3465249670295777e-88
638,-0.15322041662153107,2.948023434754361e-88
639,-0.5131546311553737,1.68698323587961e-88
640,-0.16782218070015684,1.4860986134596738e-88
641,-0.5265625169999844,8.504082492069114e-89
642,-0.15606187784707293,7.491423110450216e-89
643,-0.5027853243881596,4.2869079842520396e-89
644,-0.4101240315329392,2.335474219234011e-89
645,-0.28696851596336337,2.161030314861453e-89
646,-0.3909503222813264,1.1773125539158652e-89
647,-0.20944633198154233,6.110803647563371e-90
648,-0.116763384662097,3.1702548272636354e-90
649,-0.12071149139036219,2.2553633378555775e-90
650,-0.13747010392719944,2.2657002323243373e-90
651,-0.518916438261603,1.1369286586129972e-90
652,-0.5065776894859784,8.05615043591336e-91
653,-0.4558300636917813,7.827956822383503e-91
654,-0.35492440604515596,7.602537390711351e-91
655,-0.3229916139018612,3.946073034163523e-91
656,-0.3603987986454682,3.8324390986575906e-91
657,-0.31237690023790954,1.9892154165218324e-91
658,-0.3759437106938846,1.9319325496332916e-91
659,-0.26881118069081467,1.787630439951688e-91
660,-0.40594526604443304,9.73887198270142e-92
661,-0.27704954365210827,9.011445047796459e-92
662,-0.3892763120276375,4.909365366479787e-92
663,-0.30043591476221276,4.542669448594194e-92
664,-0.374975964697781,2.4748110812424606e-92
665,-0.24413967093519265,1.2845428796274802e-92
666,-0.16788317585653037,6.664145176043995e-93
667,-0.5175190161681803,6.475380656202127e-93
668,-0.4310310003133068,6.288910973179848e-93
669,-0.24584599926736922,3.264239388791492e-93
670,-0.14889639763362175,1.6934713135131883e-93
671,-0.13430021097559272,1.2047590248460985e-93
672,-0.1578870078882239,1.2102807368873874e-93
673,-0.5170152031870628,6.073190244249177e-94
674,-0.17343632524467906,6.101025194649319e-94
675,-0.19368438830530788,5.989735597329975e-94
676,-0.2126576620718703,5.518276963745497e-94
677,-0.46012339062746077,3.01942571461404e-94
678,-0.4460456076054627,1.5503730601939137e-94
679,-0.24508621612230344,1.5220925027369375e-94
680,-0.23690562122138709,1.402286938723491e-94
681,-0.24084008896335024,1.2319174852163275e-94
682,-0.23843117103530523,1.0449750472421694e-94
683,-0.431418077401202,6.210096042975506e-95
684,-0.25491849307116643,5.267719213147777e-95
685,-0.42142911454321974,3.1305094152639515e-95
686,-0.3635959163370303,1.796333549891891e-95
687,-0.2937245313281246,9.828966085250749e-96
688,-0.3910508819060457,9.05531742500502e-96
689,-0.3172096868504526,7.955150662818407e-96
690,-0.25775428743549395,6.7479632682033665e-96
691,-0.42247468953447964,4.010191449126759e-96
692,-0.26435897403127867,3.4016482835013174e-96
693,-0.4096680876204564,2.0215375095047977e-96
694,-0.31461229021705356,1.1599887331379214e-96
695,-0.37022215866235636,1.0190570585413687e-96
696,-0.31198683019884876,5.84750320374826e-97
697,-0.372016130433974,5.13706663210704e-97
698,-0.2698152327011819,4.357521109159008e-97
699,-0.1955434934051045,3.6027518893898454e-97
700,-0.16199593131987716,2.9224109067746105e-97
701,-0.5194626403504599,1.8161472274414205e-97
702,-0.4716292605464893,1.107319363767149e-97
703,-0.351787586307945,6.580596940940069e-98
704,-0.3237012504134751,5.5819969127501964e-98
705,-0.3583113317118607,3.3172789179278884e-98
706,-0.32574571519913537,2.8138846437173742e-98
707,-0.19983001361556263,2.3264897547758285e-98
708,-0.4788639073732429,1.4184792488979282e-98
709,-0.20310058598440486,1.1727834853824952e-98
710,-0.14315655513365327,9.513159257678984e-99
711,-0.13358287034634353,7.60429552514593e-99
712,-0.14785100730432493,6.005989104583545e-99
713,-0.17508274606993132,4.6964407032832035e-99
714,-0.19329012190457742,3.641856189465864e-99
715,-0.2094469016027789,2.8042149469962666e-99
716,-0.22204908853099697,2.1462581953931447e-99
717,-0.46217254218574266,1.4136047547808174e-99
718,-0.4611402657469037,9.254568773458205e-100
719,-0.45053415933290886,6.016153875087192e-100
720,-0.23696040422257342,4.66522811870028e-100
721,-0.23533276232569586,3.5922073088573347e-100
722,-0.2319357234733242,2.749362841976348e-100
723,-0.23582819613091793,2.0933561823283356e-100
724,-0.4464548841656165,1.3859538086402767e-100
725,-0.4292695565641568,9.128402621855105e-101
726,-0.3968181644283757,5.976170465617385e-101
727,-0.29161824286014065,4.601627761677157e-101
728,-0.38778187239073286,3.0125875317177225e-101
729,-0.33536077925067054,1.9584046103760678e-101
730,-0.2808493560654834,1.2625099715794796e-101
731,-0.23972473336051014,8.057975838776721e-102
732,-0.4503315684793614,6.364312766732156e-102
733,-0.23383158205517204,4.062025620327345e-102
734,-0.44878047127293164,3.2082500657096798e-102
735,-0.24435809280650111,2.0476671152070147e-102
736,-0.4415471882448689,1.6172788581242494e-102
737,-0.2347487249513296,1.032228992775856e-102
738,-0.22161470093478453,6.509663379126363e-103
739,-0.22466415991241326,4.045463651319824e-103
740,-0.4525998560194409,3.281521309417599e-103
741,-0.4499981061947164,2.6230673883371365e-103
742,-0.23522665756967212,1.6542148920774114e-103
743,-0.2358473939230899,1.0280203180443456e-103
744,-0.44594814329136606,8.33889727096223e-104
745,-0.42768714540632025,6.665655171392639e-104
746,-0.25560970614825423,4.2036381142920604e-104
747,-0.4329022663266054,3.360156771899029e-104
748,-0.25074402351399916,2.119053973414628e-104
749,-0.22012102665079786,1.316896946180374e-104
750,-0.2092935495221419,8.029225090113944e-105
751,-0.4636960745031264,6.638477505695264e-105
752,-0.22070777892134869,4.0475323679264384e-105
753,-0.45804222611037104,3.3464565106209827e-105
754,-0.2261117651623189,2.040361066671718e-105
755,-0.19637660127018447,1.2125493541515052e-105
756,-0.1985413036453449,6.957791198907609e-106
757,-0.47090829271714707,6.112461294277738e-106
758,-0.416151660215118,5.18490045510814e-106
759,-0.2697112499197437,3.0812917384454076e-106
760,-0.4053827994275874,2.6137083194200136e-106
761,-0.281678419999934,1.55327916535033e-106
762,-0.39331180905630897,1.3175703638196294e-106
763,-0.2822243979502334,1.0893530974933977e-106
764,-0.20993765645218565,8.836404701691988e-107
765,-0.190239426883838,7.063335208775734e-107
766,-0.47871815115371075,4.4544316101229294e-107
767,-0.214377960110558,3.560627278743847e-107
768,-0.20243538122606014,2.812237974037459e-107
769,-0.46499884417803033,1.7949122112147735e-107
770,-0.22755517753973867,1.417649162712283e-107
771,-0.43866488144251176,9.04815245673367e-108
772,-0.3404254769937818,5.706139539634242e-108
773,-0.35496390376489045,4.561173653439442e-108
774,-0.31215630892870705,2.8764649419296213e-108
775,-0.2094181321790519,1.7875938722401005e-108
776,-0.1692558021396047,1.089910156717627e-108
