t,lambda,delta_s
1,-0.7439982395098367,1.1393601948077416
2,-0.050706915364480416,0.9354074461513265
3,0.28648205291731477,0.8853820084248253
4,0.16402814515811318,0.899890103191123
5,0.22309050785893472,0.979088246411485
6,0.32845286458208817,1.0479979285035665
7,0.4568209598327112,0.7897815151313403
8,0.14638287537648867,0.7241075759848264
9,0.033864080929301515,0.6054888383605251
10,-0.10309324086568562,0.5069780641686086
11,0.6069765679234441,0.6126987510000595
12,0.14102501162910194,0.4525519871788137
13,0.4472881758157481,0.44782599933832873
14,0.16252118136786964,0.2771447829674992
15,0.07788368898960113,0.26240351384543026
16,0.22046515469938308,0.306886181356446
17,-0.09818763801075393,0.21863756137493573
18,-0.18984940452654986,0.19080447312384213
19,0.14788341268507352,0.12977429979877914
20,-0.46810896096471044,0.1062977291388519
21,0.2316323297672387,0.11906669279897338
22,-0.1619413057153792,0.06535071269557295
23,-0.003656691667949775,0.06496829469671038
24,0.040739528226565784,0.07151276644809376
25,0.02001209622965383,0.0756933865512963
26,-0.24308260096444087,0.04287179056723466
27,-0.32230212992815915,0.04044939191963594
28,-0.16996184170594214,0.02298529292127006
29,-0.44549618155532,0.020945133347118755
30,-0.16877656255103893,0.012247171940024707
31,-0.4668957556869671,0.01078771614140666
32,-0.09860510493080384,0.011190956141729073
33,-0.5434883079385237,0.005489076704795434
34,-0.11014541213042449,0.005660743498493728
35,-0.5566204596789335,0.0027817978279604375
36,-0.10724389723677343,0.002858362823010266
37,0.05074365651118297,0.002760188563441252
38,-0.016845614802189372,0.0025034932212593054
39,-0.677102991530355,0.0013907578706238081
40,-0.694373560857218,0.0007256556439711303
41,0.012678583479376159,0.0007012216647996365
42,-0.6871965494694133,0.00036582425575928826
43,-0.337521539734242,0.00018614699892549494
44,0.011321897570252239,0.00013670769558729302
45,-0.7027947370727409,9.384680763769629e-5
46,-0.36246928258578703,9.298188574791532e-5
47,0.013376324778401111,8.984573411774529e-5
48,0.007707980404587188,8.15262566525258e-5
49,-0.07160701299635813,7.07505916707185e-5
50,-0.5920367700594875,4.1097338645003705e-5
51,-0.5968813769922683,2.2831714568504928e-5
52,-0.09136473343050784,2.0717095895637454e-5
53,-0.08956059871444404,1.7978640401537626e-5
54,-0.10681968816354558,1.5115700967865521e-5
55,-0.1258646574619489,1.2417133405382103e-5
56,-0.15013872108519183,1.0022555749873713e-5
57,-0.16629534113200847,7.978330317486458e-6
58,-0.17064322887394487,6.279678990751634e-6
59,-0.5213065427226996,4.021865122081141e-6
60,-0.1539538477309848,3.165578623774607e-6
61,-0.1586346450873514,2.4683408663647027e-6
62,-0.532313059017143,1.5957662917859907e-6
63,-0.15030737172871744,1.2442884344496827e-6
64,-0.5352083039469755,8.044264563803904e-7
65,-0.5302305386066393,5.152019235264839e-7
66,-0.14808738099202004,4.0551128825187684e-7
67,-0.535213981294497,2.597132766106804e-7
68,-0.14081465338016372,2.0441821793082866e-7
69,-0.10496815291900391,1.593935927312852e-7
70,-0.5792900288186915,1.0304720237927402e-7
71,-0.5185854110965569,6.599749070373629e-8
72,-0.3068219647108148,4.179375898207803e-8
73,-0.12920075109783272,2.6102502754626793e-8
74,-0.5623449387771252,2.1068233694389605e-8
75,-0.3522401940836973,1.6771071810179432e-8
76,-0.3265641648035728,1.0620496543767592e-8
77,-0.10290682784352548,6.633084740197369e-9
78,-0.5673329773670608,5.353792278523241e-9
79,-0.3269610851229499,4.261811179412959e-9
80,-0.08704945971445992,3.3544371956387276e-9
81,-0.5967450800091615,2.1483790136880016e-9
82,-0.07586756466590505,1.6909717878832762e-9
83,-0.6065597221098552,1.08299786077809e-9
84,-0.06629141427225302,8.524188780283907e-10
85,-0.015070090375291638,6.646674129516543e-10
86,-0.06946699651571897,5.142043363927921e-10
87,-0.6141794538034403,3.3505884300344315e-10
88,-0.07248317696810509,2.5921040594758685e-10
89,-0.5883444213740134,1.6890316274564807e-10
90,-0.09708231748525403,1.3066796563500738e-10
91,-0.5816247832809583,8.514408434876747e-11
92,-0.10972648601162818,6.586972147234091e-11
93,-0.11542199918091182,5.061919856018502e-11
94,-0.13098207786250268,3.867732708458976e-11
95,-0.536939112642,2.551713799389756e-11
96,-0.14478675534410257,1.9497240583487117e-11
97,-0.5200926209300749,1.2863189262649634e-11
98,-0.42695419381046806,8.437930022153113e-12
99,-0.26188486585155946,5.498209313360423e-12
100,-0.4185736037500397,4.253560524164023e-12
101,-0.2673602023317392,2.7716473148741944e-12
102,-0.4132950208770378,2.144219860229167e-12
103,-0.23474285832522118,1.6477781966698018e-12
104,-0.1215468166591933,1.2590411956331578e-12
105,-0.09211459337752313,9.57253373964947e-13
106,-0.09892121017882326,7.246572638698375e-13
107,-0.12381848665598587,5.464915908896087e-13
108,-0.5625043689889303,3.6529972671686896e-13
109,-0.11638535893700161,2.75486410967431e-13
110,-0.13579176528414436,2.0705296101864246e-13
111,-0.5541259448145647,1.3887269976868835e-13
112,-0.12877818081045692,1.0437539764948465e-13
113,-0.1383076394823288,7.821037752959048e-14
114,-0.14138114579133554,5.844486555773015e-14
115,-0.5518420986073083,3.942585131266709e-14
116,-0.5521198952965567,2.6523543093169752e-14
117,-0.4551043253629901,1.7789632269247465e-14
118,-0.2271695430035851,1.3370518073266658e-14
119,-0.11575201727342607,1.0018771567108623e-14
120,-0.5427455463422218,6.740078160733784e-15
121,-0.13260430914531907,5.050462746979425e-15
122,-0.5233085599316651,3.397673400825917e-15
123,-0.27941573084992277,2.2788569445409033e-15
124,-0.1003467821586537,1.5232911776610593e-15
125,-0.574732943759271,1.1487717857430697e-15
126,-0.3851972750264146,8.634059260397333e-16
127,-0.1564537598023884,6.46965711820496e-16
128,-0.5392572242450704,4.3524292731662944e-16
129,-0.14819053478327468,3.2613541532871183e-16
130,-0.08206893616690905,2.437137002092499e-16
131,-0.09504847230631049,1.8167269052596868e-16
132,-0.5893241851921388,1.2285607627548292e-16
133,-0.09333026311416809,9.158120329414083e-17
134,-0.5883521030033259,6.193174805047092e-17
135,-0.10275375660175319,4.616608458057638e-17
136,-0.13345514707468348,3.43366213845902e-17
137,-0.16424765255146226,2.5486002084833017e-17
138,-0.1890422526832087,1.8881217647927216e-17
139,-0.4848545197083501,1.2847493650964328e-17
140,-0.46723182308246336,8.725512692429842e-18
141,-0.41588981898807786,5.913888542292734e-18
142,-0.26889093497892513,4.398530948253883e-18
143,-0.42110797889459833,2.9811912141697667e-18
144,-0.33249451033222926,2.0160292344406426e-18
145,-0.36346474102755816,1.5028184910629794e-18
146,-0.28283886088442267,1.1177406532565514e-18
147,-0.21745155396411203,8.296314392767703e-19
148,-0.4562319096075897,5.634530633066274e-19
149,-0.2316138909144146,4.1821720853942e-19
150,-0.17875368806096578,3.0983479135947364e-19
151,-0.16130426540625362,2.2914389883716136e-19
152,-0.16667542887554457,1.6919769178204148e-19
153,-0.1785076173011437,1.2474993785973712e-19
154,-0.5053123355105679,8.529255642732713e-20
155,-0.1778804821988618,6.288644367509348e-20
156,-0.5031028723499628,4.2995977695015596e-20
157,-0.18529748297548787,3.170105625661462e-20
158,-0.49473810489021874,2.1674272356057364e-20
159,-0.4664423750820678,1.479704818375183e-20
160,-0.2179826717450484,1.0926000694688511e-20
161,-0.1859318633981197,8.055771289561443e-21
162,-0.18215760788090624,5.9314244283779276e-21
163,-0.49810907101230917,4.060914307067923e-21
164,-0.4697080196100131,2.7764804425920287e-21
165,-0.21359961265474417,2.04710690219294e-21
166,-0.18309914590894505,1.5072746544954718e-21
167,-0.4879920790386153,1.031946589395461e-21
168,-0.1954914773196835,7.598171533311672e-22
169,-0.17455009250509967,5.58738175783971e-22
170,-0.5032354481963346,3.8302382699424127e-22
171,-0.4420731553708638,2.6223497538755445e-22
172,-0.24108294632561653,1.9308231118779705e-22
173,-0.17686869043190975,1.419847628554419e-22
174,-0.4980649071703674,9.733279306976851e-23
175,-0.3959440001028499,6.663831541591381e-23
176,-0.277111742407237,4.906546098647029e-23
177,-0.4043380371230825,3.359237480116215e-23
178,-0.2858650560536026,2.473389888327967e-23
179,-0.4058574430614103,1.6933916137265838e-23
180,-0.2838073926067687,1.246835842706128e-23
181,-0.4077225147856968,8.536387124795708e-24
182,-0.2811641094716628,6.285299483081593e-24
183,-0.17524501090443725,4.6219498362684444e-24
184,-0.14333560548428134,3.394760223319234e-24
185,-0.1556648618245365,2.4906415484178003e-24
186,-0.5265170984389186,1.7112986285752254e-24
187,-0.5165076755427,1.1745151483725587e-24
188,-0.44891305306973334,8.0514864831126605e-25
189,-0.32542563687423376,5.512402129917673e-25
190,-0.3486417584736377,4.058754336137092e-25
191,-0.2309258350774049,2.9846404280111135e-25
192,-0.17513581522917795,2.1921784019410423e-25
193,-0.1611431855993318,1.6083405749582035e-25
194,-0.17611523665424778,1.178769352134583e-25
195,-0.48704677292566423,8.107644838364304e-26
196,-0.46029885159443057,5.570693824521556e-26
197,-0.40017546977992074,3.823332862303184e-26
198,-0.2881221517769608,2.808186756941315e-26
199,-0.23552228502717895,2.0602888429381015e-26
200,-0.44468543602870814,1.4156069441741168e-26
201,-0.24506577723865752,1.038591605725097e-26
202,-0.22039404002189178,7.611944716651842e-27
203,-0.21227348369170182,5.5734331247813355e-27
204,-0.4633176102960982,3.8371813316641954e-27
205,-0.22792775881002061,2.8095676382022707e-27
206,-0.4481967695189096,1.9343231092919202e-27
207,-0.4211172163472438,1.330438795713522e-27
208,-0.2707100603170468,9.75092279394057e-28
209,-0.3946141474858173,6.706741969191865e-28
210,-0.2930705453058563,4.91544018042544e-28
211,-0.38346722205650335,3.380868626669618e-28
212,-0.3127415017165248,2.477873394952464e-28
213,-0.3632930050584275,1.7042958747041537e-28
214,-0.3126823196336593,1.171007202911395e-28
215,-0.3772525817228328,8.591355504383641e-29
216,-0.3011489494603584,5.903047309876342e-29
217,-0.26415940028970364,4.051436944574676e-29
218,-0.23320296002051105,2.7773238890639744e-29
219,-0.21405871097628063,1.9014782119622765e-29
220,-0.21215902469775044,1.3000562603203467e-29
221,-0.21670311221378574,8.875497552826575e-30
222,-0.22387328736828593,6.049664506904921e-30
223,-0.23030191575654627,4.116420232646257e-30
224,-0.23680466266370326,2.795710818244611e-30
225,-0.24311266975957205,1.8948482179075793e-30
226,-0.24887849500382994,1.2813902657341905e-30
227,-0.2532749179995446,8.644027427942009e-31
228,-0.4165277169233088,6.459488329566054e-31
229,-0.2709297326310743,4.357454226425564e-31
230,-0.3973771753345051,3.2562280669342474e-31
231,-0.2876803304074698,2.1965926755411277e-31
232,-0.3792803522446546,1.6414645685415536e-31
233,-0.2816429153660356,1.2236049278885558e-31
234,-0.20522438493581618,9.100719611579325e-32
235,-0.17519016852505476,6.754915004487987e-32
236,-0.507967090085949,4.5876727561971354e-32
237,-0.18163695044246309,3.405152653762395e-32
238,-0.17928174561480356,2.5226957200308153e-32
239,-0.47295668667599083,1.7165374527616228e-32
240,-0.3945012461484015,1.1658047661287235e-32
241,-0.2871267976302786,8.653065299371339e-33
242,-0.2029020417285175,6.410593889748839e-33
243,-0.445442866335121,4.362010217413092e-33
244,-0.23903350201270035,3.23158037982239e-33
245,-0.14610979911695265,2.3899734577549247e-33
246,-0.5200688068831468,1.6290396694684664e-33
247,-0.3628100615695376,1.1084601216364214e-33
248,-0.32323662324423313,8.211988973790538e-34
249,-0.14482536908580815,6.073324310693509e-34
250,-0.5315208355131578,4.139663641687811e-34
251,-0.15036051204264084,3.0615627850205984e-34
252,-0.07070636646027548,2.2606290592943157e-34
253,-0.6145342727212673,1.5433337999288834e-34
254,-0.5220787802096267,1.051958119098689e-34
255,-0.15518401233118048,7.779945685441501e-35
256,-0.04756460652300599,5.744638451411721e-35
257,-0.07401097711277801,4.235538217409254e-35
258,-0.6038648226975407,2.8958722433566487e-35
259,-0.08358612750103872,2.135134815396005e-35
260,-0.5722237749624092,1.4598091978760865e-35
261,-0.10924996932824253,1.0763214604411259e-35
262,-0.11158630224133023,7.924901506973455e-36
263,-0.5431106799803487,5.425736482083717e-36
264,-0.4238319076903351,3.709620565729298e-36
265,-0.26258654853163754,2.735113760618401e-36
266,-0.13491777266748112,2.0138506905162874e-36
267,-0.11319516596850633,1.4809026832142792e-36
268,-0.5723900820361606,1.0151821330892604e-36
269,-0.5021183576318231,6.950383838354515e-37
270,-0.30076141825493646,4.752034477091035e-37
271,-0.3972800116305655,3.5036884929145117e-37
272,-0.27810656547469953,2.395500579901591e-37
273,-0.11236359607912073,1.635410726722875e-37
274,-0.09743411200093055,1.1147190530761983e-37
275,-0.579624516444995,8.244105473410014e-38
276,-0.11086963451928296,5.619298746557115e-38
277,-0.5652386238881738,4.1558535691459873e-38
278,-0.5449292856154494,3.068643044183138e-38
279,-0.14138447935542,2.094965784206492e-38
280,-0.536948105697962,1.5469029585727199e-38
281,-0.14989634462678186,1.0560722518184922e-38
282,-0.5278134234821829,7.797937814165082e-39
283,-0.15952048399840185,5.3236602214170195e-39
284,-0.5155383968128122,3.930940452120617e-39
285,-0.16923611424088333,2.68365711761632e-39
286,-0.138459613639934,1.8292186005927945e-39
287,-0.1481993027915078,1.244669427340758e-39
288,-0.16612362124748975,8.453305509379249e-40
289,-0.5056223029201605,6.2743785832247605e-40
290,-0.18208480356503673,4.261311307278078e-40
291,-0.48813261990918405,3.1629142438036025e-40
292,-0.3980488791897358,2.343234220895113e-40
293,-0.2596909238603546,1.7329810603535578e-40
294,-0.4086942484263146,1.181224370753226e-40
295,-0.26271324825559766,8.735957525242284e-41
296,-0.14074819114494652,6.45054856916504e-41
297,-0.11801248289581504,4.756007748623233e-41
298,-0.5514930443527881,3.251721533716097e-41
299,-0.1373910834359943,2.3975035060809716e-41
300,-0.1396113996527198,1.7652699352968566e-41
301,-0.15357822754854827,1.2981066551207008e-41
302,-0.16600484291233833,9.534419443174994e-42
303,-0.5151373750395588,6.543755648463452e-42
304,-0.5103223352108506,4.485847647465435e-42
305,-0.1679141237219581,3.298707222390426e-42
306,-0.5042434570895673,2.2613157990873252e-42
307,-0.18028165200602772,1.6628783108070127e-42
308,-0.4889213501496933,1.1399292943199208e-42
309,-0.18804029657847712,8.382569564778152e-43
310,-0.12455068076583307,6.1568850238084935e-43
311,-0.11853793025142272,4.517136009722452e-43
312,-0.5638316336157879,3.1036857405018603e-43
313,-0.5359399282136625,2.1301518374045126e-43
314,-0.3928952560892575,1.4602526625224694e-43
315,-0.2784900973654174,1.073809541235614e-43
316,-0.11565660022093607,7.886987196188203e-44
317,-0.07842515149374667,5.786464053552191e-44
318,-0.5987129085182284,3.975830245598473e-44
319,-0.08137188635492935,2.916956529395658e-44
320,-0.5930896847271411,2.00421602680619e-44
321,-0.08590927003192676,1.4704377864683508e-44
322,-0.08130006600151544,1.0776989798659726e-44
323,-0.6104257589501401,7.412476881586957e-45
324,-0.07528569100678373,5.4326805575043686e-45
325,-0.5887770205259647,3.7366295960079854e-45
326,-0.0950816124426797,2.7386142690379515e-45
327,-0.5486834090427612,1.8836349793476253e-45
328,-0.13692590449708097,1.3805354530220315e-45
329,-0.08152707976336832,1.0108221105410746e-45
330,-0.5887580175389279,6.9592792186840586e-46
331,-0.42481738481141906,4.786633121562342e-46
332,-0.2518786520281649,3.508172654138634e-46
333,-0.06156879132155079,2.568668902081651e-46
334,-0.603866324952469,1.768469834951285e-46
335,-0.0713820900931362,1.2948659935393607e-46
336,-0.02879246406457176,9.472258553169312e-47
337,-0.6477546990607227,6.527419473431916e-47
338,-0.5245856686526666,4.493979130390471e-47
339,-0.17005821467178286,3.090985241026801e-47
340,-0.5063903476405334,2.2654148796298354e-47
341,-0.11769802421132178,1.6587270141203974e-47
342,0.006609770156734731,1.2133990100341091e-47
343,-0.03167001656644932,8.86863792919803e-48
344,-0.640294424609498,6.116744409581945e-48
345,-0.05057708513447088,4.470680380108728e-48
346,-0.09972084750252466,3.264920163296551e-48
347,-0.5647859541209136,2.2536699796128092e-48
348,-0.5119442535454917,1.554367576948296e-48
349,-0.3400165981263177,1.0711288267409831e-48
350,-0.35684336426690183,7.835566955396363e-49
351,-0.18511344748997452,5.726954260119721e-49
352,-0.11707491724480915,4.18237199897686e-49
353,-0.11918857272510497,3.052014681297656e-49
354,-0.1315353633529147,2.225529800286859e-49
355,-0.5479070424937545,1.5385206008421484e-49
356,-0.501531953307864,1.0628110306133225e-49
357,-0.32686060385680926,7.336244667239166e-50
358,-0.34316213245934357,5.357630405321759e-50
359,-0.1468817578578919,3.909639472052899e-50
360,-0.5120804932908679,2.700781487322697e-50
361,-0.2702889367372225,1.864263092218327e-50
362,-0.41676166912100343,1.3614639477593719e-50
363,-0.24262304953403216,9.397750247872588e-51
364,-0.41569162698179324,6.86313976065499e-51
365,-0.2595480467403562,4.737405899952571e-51
366,-0.055332741785640766,3.2674127961694525e-51
367,-0.5787292631120057,2.3881263141660913e-51
368,-0.3612712357385687,1.7440391825618102e-51
369,-0.3078956217394436,1.2038544749711263e-51
370,-0.08273281455985558,8.303045167157612e-52
371,-0.05799720487681768,5.7217039007825105e-52
372,-0.09533941308111508,3.939262372373799e-52
373,-0.5732490393205729,2.8843109363844632e-52
374,-0.12063687049768103,1.985782161913632e-52
375,-0.5438906579923259,1.4539811430314078e-52
376,-0.14762095472317913,1.001032787820662e-52
377,-0.1502259766317561,6.8851623097518365e-53
378,-0.16970747713429776,4.73073647457665e-53
379,-0.18381769596264327,3.2468451499753085e-53
380,-0.19115073948088737,2.2257635309352196e-53
381,-0.19044162391844793,1.5238557071857797e-53
382,-0.1918054104479631,1.0418726543846748e-53
383,-0.18103718297869986,7.112875401307265e-54
384,-0.5053668295428503,5.252080050753147e-54
385,-0.461560082482719,3.872373512103443e-54
386,-0.22403836841522118,2.64757355358466e-54
387,-0.15468877400660716,1.8075012069076726e-54
388,-0.5286801024648369,1.3346418283620272e-54
389,-0.41458066642627994,9.840352040242228e-55
390,-0.21626169968642436,7.245402380149851e-55
391,-0.461008169877066,4.960521463486109e-55
392,-0.22705927754915078,3.652407339833541e-55
393,-0.11559293953781008,2.68582961746998e-55
394,-0.13605156527359358,1.9727058654883772e-55
395,-0.5298992955579,1.353926710166617e-55
396,-0.5069445990662241,9.281381020190848e-56
397,-0.4308222620149989,6.354442078687847e-56
398,-0.3188084820045211,4.344584204683525e-56
399,-0.36369167729966567,3.203274251866543e-56
400,-0.3238596220035956,2.190104897580964e-56
401,-0.24172253092502646,1.4951868816910713e-56
402,-0.20723959418793353,1.0191404995064912e-56
403,-0.4751728993797776,7.53723707060469e-57
404,-0.2186986561582152,5.137487258012222e-57
405,-0.458226709926746,3.799521207291822e-57
406,-0.34495668348484143,2.80553059196894e-57
407,-0.24252229904520464,2.0685256596914423e-57
408,-0.4462541753003085,1.414267971411543e-57
409,-0.3491921470449925,9.655222087243468e-58
410,-0.24622968228131908,6.581135763918851e-58
411,-0.4267228252290969,4.8671974541794325e-58
412,-0.25930027243836645,3.317550538591493e-58
413,-0.17160154501586988,2.2573866938071426e-58
414,-0.1297990247828549,1.5331283115332008e-58
415,-0.12335311489568865,1.0391079899874555e-58
416,-0.14582403883591077,7.026963166933139e-59
417,-0.5355387294190955,5.238143377526761e-59
418,-0.5257862668847919,3.8959367584750306e-59
419,-0.15218677161748284,2.6405480766112407e-59
420,-0.5301022066884143,1.9639417199472632e-59
421,-0.41598944402814203,1.4577154289131552e-59
422,-0.25905737121648936,9.900230210254152e-60
423,-0.13419492958894,6.710076538800839e-60
424,-0.5442331430169232,4.990706048989119e-60
425,-0.374858424743115,3.7042999468319256e-60
426,-0.30276775381156756,2.5158149192954137e-60
427,-0.3709837914963552,1.8673376031979736e-60
428,-0.125072455732974,1.383410689161084e-60
429,-0.05404304321585072,1.0231262848709206e-60
430,-0.07798496844152235,7.554667904324804e-61
431,-0.13208610495565493,5.570078064832679e-61
432,-0.1766050788458778,4.101220840831394e-61
433,-0.20905804370634637,3.0158685429079545e-61
434,-0.44940412292747567,2.0674254258631063e-61
435,-0.24303908108392538,1.5202993324798996e-61
436,-0.4412789966872027,1.0421891571775918e-61
437,-0.2528642302657958,7.663828935031171e-62
438,-0.2456338600289147,5.628979661962686e-62
439,-0.23699356606343383,4.129826467559816e-62
440,-0.43849412911786917,2.8375686475953897e-62
441,-0.25325989746835736,2.081845522296903e-62
442,-0.41892184248152864,1.4304183552528363e-62
443,-0.34645055427382593,9.817386624994678e-63
444,-0.2545633156849832,6.72997328473473e-63
445,-0.1842972316452797,4.6076360119179826e-63
446,-0.5040248444779332,3.3925795328347766e-63
447,-0.17398552477268273,2.322709313607855e-63
448,-0.5147617757543734,1.7101993425020107e-63
449,-0.44387004788736995,1.2576100140240463e-63
450,-0.3237938252449984,9.236977040632717e-64
451,-0.34638507623142756,6.339612080695215e-64
452,-0.349566451987428,4.656360126182953e-64
453,-0.21994178781038112,3.416242453591582e-64
454,-0.14454913678978346,2.503799236588592e-64
455,-0.13384987165966666,1.833271013185072e-64
456,-0.1481871692824741,1.3410821754190899e-64
457,-0.16905715142976432,9.801864142578147e-65
458,-0.5078455854911682,6.760395246287633e-65
459,-0.505525640223154,4.658649817360586e-65
460,-0.18110088284535258,3.4079152436535952e-65
461,-0.18486651102803514,2.4908184479653423e-65
462,-0.20143346985473978,1.8190348408837253e-65
463,-0.47574131074202464,1.25562157961933e-65
464,-0.47454597426910133,8.660085504676243e-66
465,-0.4584560022749321,5.967743642924054e-66
466,-0.22506830871006608,4.365549102907293e-66
467,-0.20857658864788975,3.19074550380025e-66
468,-0.4664040579861004,2.2006733027755657e-66
469,-0.22409768526681745,1.6084548084657052e-66
470,-0.21196056214495443,1.1746481719597357e-66
471,-0.46306357692365147,8.108220689475621e-67
472,-0.2290167347141146,5.921401434849029e-67
473,-0.44507628493156826,4.087354049564661e-67
474,-0.24557631580520153,2.984978463307396e-67
475,-0.22902935498230828,2.1782371571921707e-67
476,-0.2276947692301054,1.5883710308241855e-67
477,-0.22160940464679335,1.1574387687030231e-67
478,-0.4553718643335299,8.006978366384721e-68
479,-0.23578143245232308,5.83464883303194e-68
480,-0.22089452965416637,4.248887719376429e-68
481,-0.46010785690868883,2.9412464767314e-68
482,-0.4126498771924493,2.034707800204696e-68
483,-0.33462175558650153,1.4066043361475714e-68
484,-0.3579899331754247,1.025696202083187e-68
485,-0.28294741784747934,7.474201720907227e-69
486,-0.39112762077369484,5.170534554701346e-69
487,-0.2979657757080361,3.767745087509334e-69
488,-0.21490326706424462,2.743734248654077e-69
489,-0.17689334608230328,1.9967841130527684e-69
490,-0.5060586927292435,1.3831164347465198e-69
491,-0.437308987199495,9.574473625310423e-70
492,-0.2997251995302877,6.623469444805832e-70
493,-0.17959349604448116,4.578839694066914e-70
494,-0.5178677949559641,3.3388909471266226e-70
495,-0.1638164499086048,2.3081930897791308e-70
496,-0.5150917505030922,1.6831349264465297e-70
497,-0.16697012099844974,1.1635601365576602e-70
498,-0.5225241024525344,8.484683164216956e-71
499,-0.16028870578010734,5.865506648387163e-71
500,-0.1384204510194129,4.051895803429189e-71
501,-0.5417625053635527,2.9568019014519685e-71
502,-0.5328342990347039,2.1561006195515183e-71
503,-0.15237291130404232,1.4905238385219367e-71
504,-0.5247742236044082,1.0868903223159198e-71
505,-0.1562712207359854,7.513730669989085e-72
506,-0.14647426273491645,5.190490028375874e-72
507,-0.162622637615613,3.582829279543351e-72
508,-0.18340286888935806,2.4710954648381985e-72
509,-0.4818217219554467,1.806104239817803e-72
510,-0.21508287078615987,1.245679223824936e-72
511,-0.22281583919034295,8.584088765739902e-73
512,-0.44243100448444217,6.2794689673015e-73
513,-0.25591053099280386,4.3272391468094823e-73
514,-0.24031547253638322,2.979205258237541e-73
515,-0.42494528966354567,2.1813612539066612e-73
516,-0.3547125561549456,1.5957186224646517e-73
517,-0.2649555097872192,1.1662981906602864e-73
518,-0.429465522162401,8.044017575844306e-74
519,-0.35342242167238885,5.5432056330036074e-74
520,-0.26183134312596357,3.81637039439165e-74
521,-0.18782778547162265,2.6249219725084192e-74
522,-0.14811671022640885,1.8035615661050177e-74
523,-0.5308331638758756,1.3232231663414943e-74
524,-0.41717101553609354,9.698038704012478e-75
525,-0.22059323989927018,7.100862154202481e-75
526,-0.11094709797333131,5.194452755004426e-75
527,-0.5972151578114573,3.5795446119334714e-75
528,-0.5279897009579756,2.464434658720185e-75
529,-0.3043582484552629,1.6950526329918993e-75
530,-0.11056643095815234,1.16465625013145e-75
531,-0.06382552878892739,7.993382251261689e-76
532,-0.09900144825780449,5.4795895344187976e-76
533,-0.5736849096449133,4.029463992861018e-76
534,-0.5398102584112716,2.9595873102996613e-76
535,-0.37611834816921297,2.171367235473008e-76
536,-0.301916238017971,1.491927963122059e-76
537,-0.1210328956419957,1.0239545358757046e-76
538,-0.08185045100440588,7.01936975129588e-77
539,-0.11264191560800396,4.805769574212136e-77
540,-0.5487509763462073,3.538464291628252e-77
541,-0.1464165457350627,2.422588442360337e-77
542,-0.1481042136299396,1.6563436019706332e-77
543,-0.5167743202600795,1.2212268337938458e-77
544,-0.43893139869342784,8.991832580874811e-78
545,-0.31143577885268403,6.6122225737685e-78
546,-0.39299809833773586,4.532782804018992e-78
547,-0.30589225417358457,3.333221399436702e-78
548,-0.21307979447761882,2.4482064546723426e-78
549,-0.177940618381655,1.796181265830207e-78
550,-0.4715301734174441,1.2341408738003278e-78
551,-0.38762052238909517,8.470275890485902e-79
552,-0.2986659060910745,6.221304144827452e-79
553,-0.21814565063038466,4.56439853454534e-79
554,-0.17646134853088075,3.345294639221467e-79
555,-0.4895640949962452,2.3009133012643056e-79
556,-0.19392915352214424,1.6863630276315406e-79
557,-0.47398361626896607,1.1598903951673366e-79
558,-0.3283623220660036,7.969508273112909e-80
559,-0.19916325373013924,5.469710566907101e-80
560,-0.13567448273965113,3.749572813685128e-80
561,-0.5232330832917306,2.7572810967778688e-80
562,-0.1809457157614187,1.8901596553786723e-80
563,-0.5031684525080984,1.3899454008857239e-80
564,-0.20100651354250368,9.528294822763887e-81
565,-0.4801739659113407,7.006714765864933e-81
566,-0.2236482160781034,4.803213420155276e-81
567,-0.44033227462912183,3.532084913472512e-81
568,-0.3241098106097479,2.594269041077066e-81
569,-0.3648288190371813,1.7805240048814926e-81
570,-0.2973459397484317,1.3077710236069495e-81
571,-0.20051871813819472,9.594753776240552e-82
572,-0.5002139523666076,6.59247373000263e-82
573,-0.4163674168910671,4.524610802489094e-82
574,-0.26025561415655535,3.323266007294326e-82
575,-0.17655772674660086,2.4381882223537018e-82
576,-0.16558534014279777,1.7869732294235828e-82
577,-0.1731690652791768,1.3084140992484306e-82
578,-0.1885910114609509,9.571366229810976e-83
579,-0.4955976480718408,6.59571547431134e-83
580,-0.18910656469514836,4.824925716447711e-83
581,-0.20095389781742531,3.526500257590315e-83
582,-0.475173357505883,2.4322450536612917e-83
583,-0.4607502512342722,1.676082175999634e-83
584,-0.20334000106936442,1.226094731550657e-83
585,-0.17127226685295555,8.961429959230288e-84
586,-0.16963323610934242,6.544496783093493e-84
587,-0.17052906431915593,4.775734982108925e-84
588,-0.18079050607718505,3.4824670359831957e-84
589,-0.46886324626859105,2.4074480044811106e-84
590,-0.3811013746912458,1.66306664557498e-84
591,-0.3029410810450915,1.213594539058927e-84
592,-0.1874450633338637,8.849534141142048e-85
593,-0.13253398792519663,6.448615406064139e-85
594,-0.5346833874480746,4.461050160549706e-85
595,-0.3648979365168374,3.083947728990749e-85
596,-0.15428034202322644,2.1303930947769993e-85
597,-0.08845936086808821,1.4705422253344267e-85
598,-0.5795098246835564,1.0739311590770859e-85
599,-0.1032911042365769,7.413003357910845e-86
600,-0.11361099286557269,5.112785887721274e-86
601,-0.14456523147618972,3.523267231322925e-86
602,-0.18498663465883214,2.4256889683281028e-86
603,-0.21478479824711375,1.6684031195695005e-86
604,-0.22050915495076714,1.1463455960749e-86
605,-0.22703302580947587,7.867710786288141e-87
606,-0.23210158594711283,5.393439764196633e-87
607,-0.22231294507401947,3.692586320066258e-87
608,-0.207648879998074,2.524651574745812e-87
609,-0.201668070327171,1.7235822446541485e-87
610,-0.4896691140140718,1.2726768588293635e-87
611,-0.4823961785091566,9.383482563048764e-88
612,-0.43754519988072244,6.909011651043996e-88
613,-0.24204702116379131,4.73021356003288e-88
614,-0.43516254567227913,3.482832773291278e-88
615,-0.2847451878439986,2.561131479827535e-88
616,-0.3927832985996148,1.7556960010161333e-88
617,-0.19322553905027667,1.2020267804942987e-88
618,-0.47003301134292214,8.850463541122325e-89
619,-0.20136986555393988,6.059417000471759e-89
620,-0.078299016018226,4.142873137223798e-89
621,-0.589990571182455,3.0545521099378135e-89
622,-0.4408679174086829,2.2490515620913087e-89
623,-0.19113728212379869,1.653859697083311e-89
624,-0.47888198573139007,1.133746892450229e-89
625,-0.17976829969656863,7.762130381561662e-90
626,-0.49757240307993883,5.7152180848416014e-90
627,-0.16963705231308707,3.9128899253452347e-90
628,-0.5023356126918279,2.8810414365686512e-90
629,-0.18264637227765618,1.972487811366532e-90
630,-0.49623346079806346,1.452332988174257e-90
631,-0.18023999915419073,9.943311057098688e-91
632,-0.041045727421875906,6.798323381656575e-91
633,-0.07462288558122587,4.6412224131245384e-91
634,-0.1229413018052822,3.1635227584947266e-91
635,-0.534300960761998,2.33964021845608e-91
636,-0.49861559125049787,1.7275682510949808e-91
637,-0.2038920318707279,1.1794126341237092e-91
638,-0.44719583186956685,8.708671553769798e-92
639,-0.25442573313650974,5.94541908861762e-92
640,-0.3969772389343924,4.3900413302553555e-92
641,-0.3020550313344748,2.997085762572141e-92
642,-0.19370285847719337,2.042855992474299e-92
643,-0.14310011159090297,1.3900363780843988e-92
644,-0.4999519160251465,1.0298037058062935e-92
645,-0.344528042951951,7.616098732812498e-93
646,-0.1756277746456209,5.6236554083063505e-93
647,-0.5225538422095529,3.83927537121078e-93
648,-0.36312705590704236,2.616904326456739e-93
649,-0.1567463173154386,1.7806405469312992e-93
650,-0.07621218739446592,1.2093410679940723e-93
651,-0.5901001291334325,8.97620899708068e-94
652,-0.4201632958571058,6.649993795143846e-94
653,-0.1550681712740829,4.918122651030033e-94
654,-0.06147833156745214,3.631495338423147e-94
655,-0.08500160754755344,2.677511809025143e-94
656,-0.5788138139282479,1.8306368000991082e-94
657,-0.12254623901880325,1.3497337029295744e-94
658,-0.15935476575349636,9.938022281907797e-95
659,-0.1905068011704253,7.308011429262172e-95
660,-0.20873720922508698,5.367636471721468e-95
661,-0.45232046618745414,3.68396856149106e-95
662,-0.2521222388643117,2.7058255453947914e-95
663,-0.4069051820519437,1.8570885518476437e-95
664,-0.2978966210448368,1.3640066574335142e-95
665,-0.36697090819163,9.361583389863965e-96
666,-0.32604223166490814,6.875957560122345e-96
667,-0.2745631651656716,5.044699612879772e-96
668,-0.38710963112704655,3.4661702060576736e-96
669,-0.27774965598246093,2.3789357075812177e-96
670,-0.4244307878646469,1.747296400873672e-96
671,-0.23937144229607488,1.1992214901916917e-96
672,-0.462520772390122,8.808121156804188e-97
673,-0.3470316643775312,6.462274527060577e-97
674,-0.19722746577536124,4.736267477289114e-97
675,-0.11032651789701936,3.467874640234993e-97
676,-0.09333673476577051,2.536834343181503e-97
677,-0.5877605227304601,1.7481556061424604e-97
678,-0.07634723083923066,1.2788181923977956e-97
679,-0.5896668422076593,8.812452410564143e-98
680,-0.4098719547123197,6.067172085665336e-98
681,-0.25619927907146783,4.442357260165383e-98
682,-0.40732640465423314,3.058461448383895e-98
683,-0.05704104578182769,2.1036277479069355e-98
684,-0.5854695551620953,1.5417704161303213e-98
685,-0.21683158421680931,1.1288776558335673e-98
686,0.01360223142416769,8.258013635621972e-99
687,-0.6320684981078102,5.690672263057011e-99
688,-0.32776126140484774,3.917897798994098e-99
689,-0.3490795226302092,2.8686678878070383e-99
690,-0.0286615555405579,2.098500082020757e-99
691,-0.007057321268733831,1.5337772050194198e-99
692,-0.6427586989312556,1.0578538913466635e-99
693,-0.053363959453872185,7.731770890502896e-100
694,-0.5657857874209792,5.332641466278529e-100
695,-0.3687074184199841,3.674771709031369e-100
696,-0.13496370187348555,2.5299963387604323e-100
697,-0.06425125111359638,1.7401463415965762e-100
698,-0.07343448080401294,1.1956397538562535e-100
699,-0.5736150243349518,8.77207770798834e-101
700,-0.5414912104395319,6.429145989174802e-101
701,-0.39680879613564024,4.707392992717765e-101
702,-0.29219265946481976,3.2409324931430166e-101
703,-0.3858691329507739,2.372996807629026e-101
704,-0.30229942059477166,1.633754069793395e-101
705,-0.3724434617642576,1.1962276907257916e-101
706,-0.1722892386004375,8.750695463121623e-102
707,-0.10277818784684084,6.395814488831671e-102
708,-0.5624111367473715,4.411225582959612e-102
709,-0.14020272364272165,3.2241300838200446e-102
710,-0.1282512254739307,2.3545694222719318e-102
711,-0.13804715322037495,1.7182069042797827e-102
712,-0.15683759343495862,1.2529168656906433e-102
713,-0.1662969893241037,9.129948394738433e-103
714,-0.5203414568785578,6.315953919946537e-103
715,-0.1564838285613695,4.602406985787642e-103
716,-0.5236862814086533,3.1838723710450477e-103
717,-0.1522209246051107,2.3200733615355496e-103
718,-0.526794214572601,1.6049900622438091e-103
719,-0.3718127485057361,1.1095381758495166e-103
720,-0.16954700752478127,7.664696927255763e-104
721,-0.5188507886916176,5.593181944457413e-104
722,-0.15742869632091644,3.8637737210296306e-104
723,-0.5321780062572772,2.819523018200981e-104
724,-0.14394054383750388,1.9477283327710364e-104
725,-0.5458021086788718,1.4213215534751147e-104
726,-0.12931380019920882,9.818498525498794e-105
727,-0.5587013570327075,7.164881951068052e-105
728,-0.2909773925500495,5.224633549554102e-105
729,-0.38089191651460275,3.611816991533405e-105
730,-0.09685837795172457,2.4950455242894565e-105
731,-0.5873161119971969,1.8207169454319885e-105
732,-0.3060696988309657,1.3276672110316654e-105
733,-0.37037804635666344,9.178234121922655e-106
734,-0.08363915739453728,6.340330094372141e-106
735,-0.04218422478552504,4.376527106284492e-106
736,-0.625770339817896,3.1961604005729964e-106
737,-0.5473246060550404,2.332343576496136e-106
738,-0.14306455091066345,1.6111844579288472e-106
739,-0.5437480036392643,1.175734396911702e-106
740,-0.29712136294850394,8.573457898429086e-107
741,-0.10185296962726476,6.247439899691396e-107
742,-0.5940411211029447,4.3218801265981005e-107
743,-0.08934149434270054,3.1493344534344324e-107
744,-0.5944879480409871,2.1786597718181023e-107
745,-0.3572472851370292,1.506119100600747e-107
746,-0.1042657545492655,1.0404280531958397e-107
747,-0.0527143628664681,7.181742131994322e-108
748,-0.08998980065487437,4.953283851211157e-108
749,-0.1313251616153367,3.413352928063134e-108
750,-0.15698942212470438,2.3500154825055044e-108
751,-0.5244157507663213,1.720671211036626e-108
752,-0.5210908315561307,1.2587126912942938e-108
753,-0.1535733388671772,8.67390357483563e-109
754,-0.1361911763574514,5.971784378649096e-109
755,-0.14450840016029087,4.1074283705885676e-109
756,-0.16192903395050437,2.822179105630211e-109
757,-0.504558338824945,2.0705546416136967e-109
758,-0.18202608148520744,1.4226604871481888e-109
759,-0.15712084776766735,9.764142068750456e-110
760,-0.14287892066396463,6.69347330212542e-110
761,-0.5394937525802447,4.922104016857104e-110
762,-0.47048133159902183,3.615219447071437e-110
763,-0.31117995741096566,2.6523863746465885e-110
764,-0.16835801051330818,1.9439612586619005e-110
765,-0.49402781242194044,1.337067971459345e-110
766,-0.33225980860620474,9.186880333397572e-111
767,-0.1745083713768719,6.3052292204808935e-111
768,-0.10482994927300854,4.322334021146712e-111
769,-0.5552428275687499,3.1784660500444185e-111
770,-0.3973730812822607,2.334540724174727e-111
771,-0.28703013802497335,1.6022647358273913e-111
772,-0.11385649088665828,1.0983777332082746e-111
773,-0.06081926174958008,7.5199775453770955e-112
774,-0.0789626045784295,5.14147036964833e-112
775,-0.10708308762360103,3.5100871459593337e-112
776,-0.556171121560952,2.5918152133397224e-112
