t,lambda,delta_s
1,-1.052614737195687,0.9851875216224516
2,0.48132361814117225,0.8280934014452792
3,-0.3373142768318679,0.7817005966860401
4,-0.15464160295973162,0.8030800493010865
5,0.4755362535648964,0.7867798344765353
6,-0.23809111950127285,0.5289666556805998
7,0.02061323739030723,0.4050455188847767
8,0.11834383220930562,0.3715832003047889
9,0.29170118027530717,0.3410653268162293
10,-0.07816826026982555,0.2080749899891182
11,-0.21093751454736093,0.14614621807347924
12,0.12330745305564718,0.1430352021916851
13,-0.6095217610543674,0.06739143374071548
14,-0.0879918966475064,0.05778564290615914
15,-0.633324358803618,0.027972267989451422
16,-0.1914182392727676,0.025777770099374746
17,-0.756145355370236,0.010503760718005966
18,-0.20277620583490324,0.009578648846644515
19,-0.0863720511278015,0.008711121432934805
20,-0.1568298969796733,0.00727933416559201
21,-0.23327979414686723,0.005690880502334856
22,-0.2709208133742544,0.004256025755747505
23,-0.3002687165423566,0.003077517047184511
24,-0.3290000808466232,0.0021702030845662345
25,-0.3495122748736624,0.0015017999159731316
26,-0.6401458151379188,0.0008080139618436955
27,-0.6577453232770365,0.0004272309222485313
28,-0.3244234957171098,0.000300686441195648
29,-0.6654055386369885,0.00015899230089354692
30,-0.650442440990657,8.22582088389356e-5
31,-0.5651209525440902,4.1609371361549565e-5
32,-0.41627149622435605,3.060839837385774e-5
33,-0.30494377271062245,2.20151611456957e-5
34,-0.6812976850520215,1.1389465053894283e-5
35,-0.543269887819968,5.761525004673044e-6
36,-0.4374396410736342,4.238022243277045e-6
37,-0.2897810615614485,3.0481695892473823e-6
38,-0.6985820682085765,1.57697113916234e-6
39,-0.2819194317652027,1.1342238620853327e-6
40,-0.2419177687382383,7.982626211960155e-7
41,-0.2605219310380134,5.522755772233423e-7
42,-0.7206177040047012,2.9703357688968466e-7
43,-0.26826965818943427,2.055017320303423e-7
44,-0.7017888979297129,1.1052619825114335e-7
45,-0.2827019685296801,7.646719858459518e-8
46,-0.6840729212399597,4.1126798966098665e-8
47,-0.29781012638273346,2.8453445164961046e-8
48,-0.6666628929575401,1.530328198165019e-8
49,-0.5159387031851519,8.090912148460791e-9
50,-0.3386020174997478,4.1858429532674526e-9
51,-0.6339649641392215,3.0106284134137514e-9
52,-0.3579444434902379,1.5575521650073612e-9
53,-0.2532406036847541,7.879248913486984e-10
54,-0.7169607712848132,5.79565160333375e-10
55,-0.5738775375307559,4.1684682283866684e-10
56,-0.34161203525117706,2.9337510607001156e-10
57,-0.24521664190866208,2.0297063395389775e-10
58,-0.24617163612134307,1.3853066818497608e-10
59,-0.27606975723508714,9.351772101538736e-11
60,-0.700924538309875,5.154726163418048e-11
61,-0.6804147982924624,2.810299126058462e-11
62,-0.31179333461165715,1.9180736053894943e-11
63,-0.6733920376620883,1.0457123048200204e-11
64,-0.5508972440087856,5.6242153324605804e-12
65,-0.43817173563457995,3.8910954862287454e-12
66,-0.32278185216708766,2.6557342166281196e-12
67,-0.28996915982044563,1.7928031012580987e-12
68,-0.6757017065991665,9.881987020078879e-13
69,-0.31812913605786775,6.671020339779784e-13
70,-0.29244445374521716,4.462934712133124e-13
71,-0.29099776272333394,2.9632580019737826e-13
72,-0.6950007334819259,1.6606580063850292e-13
73,-0.6690775634803919,9.236588693243162e-14
74,-0.3235505424510642,6.179308441758537e-14
75,-0.27901638935350526,4.1028799137301333e-14
76,-0.29021307470492597,2.7069725318845664e-14
77,-0.6954333457035888,1.526681615898998e-14
78,-0.2927359273911617,1.0072644791142411e-14
79,-0.30590124357229254,6.610754365078143e-15
80,-0.3240576424618817,4.3196308321725215e-15
81,-0.33830240210004997,2.8109897339036044e-15
82,-0.6490005054787832,1.6073346326513972e-15
83,-0.3388662595547635,1.0459692799855312e-15
84,-0.6374190898450725,5.98089216809585e-16
85,-0.3507690083267939,3.89205169082616e-16
86,-0.339933487565106,2.523309407573124e-16
87,-0.3278802716477559,1.6308051969421935e-16
88,-0.6559694085098744,9.389234305579593e-17
89,-0.6230956150125987,5.388872887496017e-17
90,-0.5398200846686324,3.0813780351307124e-17
91,-0.43210386474147067,1.7547249068278578e-17
92,-0.3685479343410817,9.948582577014952e-18
93,-0.6121524169082948,6.529331378306456e-18
94,-0.5589089766429135,4.266427033531225e-18
95,-0.475355777773238,2.7763674854763776e-18
96,-0.40469184540230074,1.7999848798245546e-18
97,-0.36398306166352495,1.1633233275417046e-18
98,-0.5991819698625802,6.697743737827171e-19
99,-0.397359380148863,4.3287261017826834e-19
100,-0.36397345800301933,2.7899748260063614e-19
101,-0.3564251371879342,1.7933085944137047e-19
102,-0.6218850937028482,1.0381496327569666e-19
103,-0.3712999609021421,6.672901279813394e-20
104,-0.36864381121751444,4.27825422291425e-20
105,-0.6171159368043059,2.4829865662185645e-20
106,-0.37537373233282995,1.5919383963463922e-20
107,-0.3538696654844578,1.0182859565726423e-20
108,-0.351659128353919,6.4996661449933485e-21
109,-0.35680253568030545,4.14063399756654e-21
110,-0.36152183429196794,2.633087185053131e-21
111,-0.6400501409389111,1.5407299104945097e-21
112,-0.34440998887579105,9.7977174155827e-22
113,-0.3462751675913044,6.220230384902386e-22
114,-0.6260050301372267,3.6457306503383224e-22
115,-0.6035204520059134,2.1332701364651206e-22
116,-0.3826355976074138,1.35657637499089e-22
117,-0.583082356800847,7.937898177786711e-23
118,-0.49931814928003887,4.6364907727062175e-23
119,-0.421300159357872,2.702886284370229e-23
120,-0.5651060170937244,1.7252382165239834e-23
121,-0.4327618982079536,1.0057439864141618e-23
122,-0.5509843344678171,6.419611403685742e-24
123,-0.4471994005865426,3.742373373447097e-24
124,-0.5342928726325838,2.3887374033114637e-24
125,-0.501889269072013,1.5217531305095035e-24
126,-0.49151446449590924,8.88849187772196e-25
127,-0.490224365572153,5.662443398625863e-25
128,-0.45254762184919445,3.6008271095134047e-25
129,-0.41785954227541,2.2860400282368667e-25
130,-0.5714382480557841,1.339867767449938e-25
131,-0.418393567361383,8.506354945069378e-26
132,-0.5658418301739299,4.985647962681219e-26
133,-0.49845546394248214,2.917312036951775e-26
134,-0.40923321317082895,1.7039888944762333e-26
135,-0.5867780759065938,1.0855318089497558e-26
136,-0.4777517976887429,6.90304889732581e-27
137,-0.36045738189013277,4.38250591217518e-27
138,-0.6288387605307362,2.5686244946949334e-27
139,-0.48499516168441714,1.5030100827160696e-27
140,-0.3236355585386503,8.779014575040205e-28
141,-0.6747184302195398,5.592700517786492e-28
142,-0.30917295718387366,3.266671323372461e-28
143,-0.2593879451565364,1.9043370403033105e-28
144,-0.2741527732264191,1.107796498565488e-28
145,-0.6894103830682329,7.086038126968616e-29
146,-0.6392593721826672,4.5229811742674675e-29
147,-0.3490018987947794,2.636714787045022e-29
148,-0.6319076672266228,1.6830012949449238e-29
149,-0.36519513181464003,9.811215722594529e-30
150,-0.3265912562926777,5.707409032189893e-30
151,-0.341411966626386,3.312430542098255e-30
152,-0.6304272900879989,2.123726900877859e-30
153,-0.6221040825827726,1.3584453291174394e-30
154,-0.3819219481748164,7.902387798166512e-31
155,-0.3973160688740516,4.586338660943624e-31
156,-0.413931861165408,2.6550398583877516e-31
157,-0.5549263474556506,1.706576615737122e-31
158,-0.45136390619555367,9.879403313060823e-32
159,-0.5182373191796592,6.350171587157832e-32
160,-0.48687854259761254,4.0713397770733725e-32
161,-0.45400658868065,2.6042390389881134e-32
162,-0.5470741310731392,1.5149455310490024e-32
163,-0.5408663906064733,8.792346611850498e-33
164,-0.4300865036658546,5.637112321033335e-33
165,-0.39578305942506914,3.60578796598222e-33
166,-0.38158804940696445,2.301555650183138e-33
167,-0.37958360259319396,1.4662137038808506e-33
168,-0.3846646125469106,9.323858415177188e-34
169,-0.596292660064019,5.4557811921406454e-34
170,-0.3934798333908013,3.4694077162874308e-34
171,-0.5968966444012347,2.0300961815955335e-34
172,-0.3940680320669831,1.2909666112305531e-34
173,-0.4025685350027617,8.195898493968938e-35
174,-0.5780786983450338,4.8036867603888875e-35
175,-0.5696915881370963,2.8108388945078874e-35
176,-0.4187735397485363,1.7874518435407045e-35
177,-0.4166313134169701,1.1347910739963339e-35
178,-0.4162743580590421,7.193406941467706e-36
179,-0.563118356736188,4.222557586340359e-36
180,-0.5477954592138076,2.4748774020821483e-36
181,-0.5290008149272394,1.448154721135058e-36
182,-0.5026551080846622,8.458606864954488e-37
183,-0.4704967132534257,4.931025122437784e-37
184,-0.5093800651303251,3.1474476144495645e-37
185,-0.4771433018195956,1.8348344480590997e-37
186,-0.4339290553481326,1.0673652478468141e-37
187,-0.5496846364673583,6.82741898122791e-38
188,-0.5078043146974734,4.357905922549797e-38
189,-0.48164306659183725,2.540482602914905e-38
190,-0.5055465504576144,1.621576793780779e-38
191,-0.46755928681919284,1.033030905312832e-38
192,-0.44587554517379613,6.569188293729023e-39
193,-0.43361708566556456,4.170549414275809e-39
194,-0.5458516388953634,2.4443949640965684e-39
195,-0.44664530110648415,1.5518614370520282e-39
196,-0.5281077642144746,9.09559366140333e-40
197,-0.468280029621579,5.774476407270599e-40
198,-0.5137602645412545,3.384470401408179e-40
199,-0.48427083866503046,2.148682671145389e-40
200,-0.47159762892121015,1.362043568707041e-40
201,-0.46387334664007934,8.621744505670123e-41
202,-0.5117010263435393,5.068164119158898e-41
203,-0.47745001208509263,2.9750318624134345e-41
204,-0.520537236109179,1.885863868739026e-41
205,-0.4551121559940047,1.1070093560040387e-41
206,-0.4189014705650176,6.488277265727911e-42
207,-0.4004361855517866,3.7965635576502215e-42
208,-0.3923098882471152,2.2175557696490923e-42
209,-0.39273565432572244,1.29274517484096e-42
210,-0.39569102091527886,7.520194944053338e-43
211,-0.4028619825420733,4.364523950311182e-43
212,-0.580507973108621,2.7982645386822474e-43
213,-0.5776861133038048,1.7899144144365128e-43
214,-0.5747175696892148,1.142493034187167e-43
215,-0.5702918244015782,7.278289982605216e-44
216,-0.5639396804948719,4.628366596410433e-44
217,-0.558292211841104,2.9383891486471503e-44
218,-0.42651380620517026,1.7222152105243225e-44
219,-0.4196627537083932,1.0077404585104457e-44
220,-0.41815413625831305,5.886166882615761e-45
221,-0.5687637928589169,3.749802246117369e-45
222,-0.5664114703135541,2.3845517972701288e-45
223,-0.4208386327741724,1.3953014157802728e-45
224,-0.41693035068793566,8.149893075616349e-46
225,-0.41625343755228306,4.751057490040022e-46
226,-0.41762819639052595,2.7637990232608117e-46
227,-0.5636726722133225,1.7678684920438922e-46
228,-0.42523212729011534,1.0284096165553476e-46
229,-0.422010604148504,5.968619744007424e-47
230,-0.5622910404884608,3.8267121832024496e-47
231,-0.5485116367086813,2.44776260497495e-47
232,-0.5267478838089795,1.562394102741556e-47
233,-0.4634208496974566,9.108124653111787e-48
234,-0.5227030592254865,5.813668456301329e-48
235,-0.4673746291723003,3.389133183422896e-48
236,-0.5222718041109162,2.163266032589725e-48
237,-0.5030894223427971,1.3781158417223702e-48
238,-0.4881313880033475,8.76363176385664e-49
239,-0.47843125860481067,5.563725331875658e-49
240,-0.511339458207373,3.260947379331055e-49
241,-0.4782122914947107,2.0702621959909315e-49
242,-0.4747167131213965,1.3123330622309301e-49
243,-0.47074792427424766,8.307076681577435e-50
244,-0.5147615984803089,4.883191324561289e-50
245,-0.5059093889240425,2.866452119400128e-50
246,-0.49820569980655594,1.680052297546578e-50
247,-0.49183628899405435,9.830691671429796e-51
248,-0.4861462120763167,5.742062974737342e-51
249,-0.48130956417639037,3.347390088592565e-51
250,-0.5055569143322853,2.136621632899765e-51
251,-0.48455263507448487,1.2455638519652935e-51
252,-0.4798187432265256,7.245730376210737e-52
253,-0.5066450744273046,4.634743093162858e-52
254,-0.4848598208154491,2.6961362729880138e-52
255,-0.5018021060653478,1.7245879049658993e-52
256,-0.488650890142108,1.00323230717884e-52
257,-0.4979642226320369,6.417191594378112e-53
258,-0.49084159442693254,4.0960599213507685e-53
259,-0.48405497652412527,2.60940863546955e-53
260,-0.4783705917139516,1.6593595190156465e-53
261,-0.4736888595865682,1.0534697074690306e-53
262,-0.514098178417418,6.174476770257221e-54
263,-0.47328915738751987,3.9199607814922633e-54
264,-0.5133007043762992,2.2975228062127124e-54
265,-0.47490142172475436,1.458617406793271e-54
266,-0.464068195040759,9.24613245504453e-55
267,-0.5228437948081701,5.4275153706777625e-55
268,-0.46677308404681206,3.440485886522069e-55
269,-0.5201472761513605,2.0195784694291947e-55
270,-0.471274702583642,1.2802047983748623e-55
271,-0.46318519544287146,8.103704565778872e-56
272,-0.5237567367021146,4.763642054752862e-56
273,-0.4655411326844992,3.0153884689263184e-56
274,-0.45918077792279544,1.9062336883953123e-56
275,-0.5271417069790175,1.122026049287483e-56
276,-0.5161830782116547,6.595663047102143e-57
277,-0.503115803211744,3.871679617614324e-57
278,-0.48566128402134073,2.454246219826707e-57
279,-0.5020789348248558,1.4406519857142896e-57
280,-0.48658937251959516,9.132250183975176e-58
281,-0.47365264957288866,5.780720210208497e-58
282,-0.5129566760403809,3.3981102934571636e-58
283,-0.4770504141146879,2.1510059902185817e-58
284,-0.5095516262007904,1.2644368401954106e-58
285,-0.49268209168941524,7.42229296279182e-59
286,-0.4778833421489148,4.35026988966828e-59
287,-0.5099153358996243,2.7618352114548375e-59
288,-0.48036830747104087,1.6187354259455668e-59
289,-0.5083797189319053,1.0276788821823446e-59
290,-0.4801309161809391,6.023314519943456e-60
291,-0.4700811373254896,3.524494325092201e-60
292,-0.5171517613377143,2.2412753328709597e-60
293,-0.5065741070474187,1.422907840175448e-60
294,-0.4810144152573202,8.339785513612837e-61
295,-0.47159742114417846,4.879958803062891e-61
296,-0.5161113253603199,3.103234189615337e-61
297,-0.5055525572421805,1.970135571272266e-61
298,-0.49543512709947474,1.2488630919622613e-61
299,-0.49390902808526704,7.330874460704102e-62
300,-0.4955553340282107,4.647019565191573e-62
301,-0.4933141237340537,2.727818386827996e-62
302,-0.48792825393466244,1.5987978717883658e-62
303,-0.5004190249733754,1.0150212217386971e-62
304,-0.48820063110014805,5.949126880924507e-63
305,-0.4996748673847001,3.7768939660896924e-63
306,-0.4895936464680079,2.2136701123920096e-63
307,-0.48413465094039854,1.295311364352446e-63
308,-0.4795698021376976,7.565855663666572e-64
309,-0.4757291051874189,4.410587339724863e-64
310,-0.5102688707256781,2.81525489245033e-64
311,-0.481666258988859,1.6411795491116206e-64
312,-0.5046353620462561,1.0475563454807675e-64
313,-0.48621767151741613,6.106829102244341e-65
314,-0.4996599490769451,3.8979571615339376e-65
315,-0.49108872654897245,2.27235110894512e-65
316,-0.4884289716151495,1.3218787161750885e-65
317,-0.4976825620140977,8.455418476384789e-66
318,-0.49369333305530544,4.918710702887504e-66
319,-0.4897253108806555,2.85469071308854e-66
320,-0.4980034804714489,1.8302522525444397e-66
321,-0.49103127191535906,1.1707237981248603e-66
322,-0.49892861805898353,6.810368631717863e-67
323,-0.4941453207720618,3.9525593717600536e-67
324,-0.49226832732532144,2.5341381678622163e-67
325,-0.4979269712815475,1.4707473422319163e-67
326,-0.489874617856722,8.514183325572758e-68
327,-0.4785397684687842,4.915441019368804e-68
328,-0.4651682211506511,2.830027003387494e-68
329,-0.45254915749229435,1.6242704456074441e-68
330,-0.44064859491671804,9.287640251860465e-69
331,-0.4294140398745822,5.288949778245947e-69
332,-0.41888989779482405,2.9986212317282986e-69
333,-0.5723731278937305,1.9680182124853166e-69
334,-0.5639886121535942,1.285951901924599e-69
335,-0.5451980211013323,8.368302142120379e-70
336,-0.4426047848554371,4.785027027061432e-70
337,-0.5457962383747569,3.113845227082993e-70
338,-0.4417752060057241,1.7805085567695595e-70
339,-0.5459303156709755,1.1586618089975815e-70
340,-0.44228947797861073,6.6252723397395305e-71
341,-0.40839327183922597,3.77283483445272e-71
342,-0.38710682559267023,2.139045200415203e-71
343,-0.6104132057886529,1.4038718418998572e-71
344,-0.37484897309019993,7.959387190744975e-72
345,-0.6152401786041404,5.22380712370937e-72
346,-0.6016880397539178,3.4133651118695906e-72
347,-0.5656101608781072,2.2212394207549517e-72
348,-0.4189643079806116,1.2701131581266743e-72
349,-0.5702241428768822,8.265231884629174e-73
350,-0.49739118966605994,5.3585458331441445e-73
351,-0.42244726415703204,3.4632076298360824e-73
352,-0.37680414866402023,2.232126005962042e-73
353,-0.353450004447715,1.4347408130688777e-73
354,-0.35541730408514033,9.198676385140535e-74
355,-0.37029129426596435,5.883948149967762e-74
356,-0.3845351038843893,3.755693412286933e-74
357,-0.399713755140649,2.392577015564217e-74
358,-0.41175076040889785,1.5214732532837364e-74
359,-0.4211271166442268,9.65930507940551e-75
360,-0.5570729367378673,5.661401975468785e-75
361,-0.4384133408929833,3.5942274200467905e-75
362,-0.5441386497695392,2.1066076750719336e-75
363,-0.4502653395339177,1.3374120229994106e-75
364,-0.5240214923791767,7.838687158942664e-76
365,-0.47000516179418794,4.9765101375808073e-76
366,-0.5138710062475073,2.916775491842566e-76
367,-0.46117651853789055,1.706727854660268e-76
368,-0.41281146114109474,9.968920956680018e-77
369,-0.3862328846214323,5.811477051221273e-77
370,-0.37775124691080425,3.380669383929654e-77
371,-0.3728177212872172,1.9620518622209898e-77
372,-0.6220947109302262,1.2579470777602244e-77
373,-0.617522399347018,8.046478722635858e-78
374,-0.37320299418037484,4.680821076345792e-78
375,-0.3774754221064558,2.716625811806573e-78
376,-0.38948358205177935,1.5726596625089686e-78
377,-0.59548388179084,1.0108564645732255e-78
378,-0.5878031179319921,6.480990437253271e-79
379,-0.4024957896846854,3.761396904676972e-79
380,-0.4100844566969479,2.177479563421284e-79
381,-0.4119473648524822,1.2571108649646363e-79
382,-0.41686527583435173,7.237718202869564e-80
383,-0.4211207209378955,4.154028126404556e-80
384,-0.5540304223189599,2.6931549432877643e-80
385,-0.4379280061258965,1.5457138658351353e-80
386,-0.4429458652316488,8.838450737691271e-81
387,-0.5302873327472301,5.751601294772539e-81
388,-0.519540141653521,3.72889951331264e-81
389,-0.47484808651282934,2.140170841784861e-81
390,-0.47539758888123146,1.2237578360040608e-81
391,-0.4705960020887897,6.968824760480888e-82
392,-0.5152656703507039,4.5536029077711103e-82
393,-0.49099305574445024,2.9632465188189345e-82
394,-0.5044892901535786,1.69439564198163e-82
395,-0.49093836631331395,9.648923959048148e-83
396,-0.489915866606022,6.304846183813645e-83
397,-0.5090701479407794,3.590364605161814e-83
398,-0.470521202355825,2.3460332649970566e-83
399,-0.5208411573158526,1.3359746695807109e-83
400,-0.5001105266328023,7.5744376052376065e-84
401,-0.47973056362223027,4.971161745509825e-84
402,-0.5142165591623492,2.8184482329089125e-84
403,-0.4725575951290473,1.5895518154923976e-84
404,-0.5130088528933853,1.0487445874654062e-84
405,-0.4741953880720313,5.91472230544721e-85
406,-0.5084701006750241,3.902378609958776e-85
407,-0.4351228750146241,2.561161141377484e-85
408,-0.3815666080352404,1.673526200110979e-85
409,-0.6126802594606862,9.53008060706562e-86
410,-0.5706474932207133,5.403171375529023e-86
411,-0.4110538292268148,3.546142993889115e-86
412,-0.5850314341949595,2.010520068834349e-86
413,-0.3969158611639765,1.3195198080261399e-86
414,-0.5971302572571524,7.481145176132615e-87
415,-0.38435954949844037,4.9099332056652665e-87
416,-0.33405520893638163,3.208272110538257e-87
417,-0.6547729708520288,1.826986145828046e-87
418,-0.3330310605557855,1.1937980523312851e-87
419,-0.6551159221051023,6.798215448626158e-88
420,-0.3333222932656487,4.442122552724713e-88
421,-0.6493131055601615,2.529615968433793e-88
422,-0.3349379482220138,1.652913801868865e-88
423,-0.32054699941118814,1.0756298185194956e-88
424,-0.32866262297285925,6.97356318913711e-89
425,-0.6413243389657459,4.002418554711042e-89
426,-0.6064482129974305,2.2885981687381807e-89
427,-0.3751981928274707,1.4892999442079788e-89
428,-0.34773773335279873,9.655484712024533e-90
429,-0.3492568276612762,6.240302754829399e-90
430,-0.3672014856527313,4.02203493204667e-90
431,-0.3859491782885105,2.585238312345615e-90
432,-0.5903097050867417,1.4965991982145656e-90
433,-0.40669077704616646,9.619671760238034e-91
434,-0.4110777491163023,6.167542363587647e-91
435,-0.41407577464553025,3.9450783961376336e-91
436,-0.41248245555064417,2.5181229619453365e-91
437,-0.5686764436044207,1.4679636712028134e-91
438,-0.5378885773786379,8.539481092699876e-92
439,-0.492141529225994,4.956090903174032e-92
440,-0.4993454039770548,3.177540914593623e-92
441,-0.4824096760821805,1.844161425071057e-92
442,-0.4278834039212413,1.0675884296467138e-92
443,-0.5615119448893048,6.862124662689407e-93
444,-0.5132259608860061,4.399572627445788e-93
445,-0.46172295026369325,2.8141937098391535e-93
446,-0.5233895290439466,1.6370809746725775e-93
447,-0.4667827504297983,1.047161479431149e-93
448,-0.41960133363005553,6.683977101194803e-94
449,-0.5653324861048137,3.896487864963304e-94
450,-0.5159140110553964,2.2666762879441534e-94
451,-0.4651448618949669,1.315519480536559e-94
452,-0.5187102298564225,8.434302467440193e-95
453,-0.4711606545227019,5.395015143671139e-95
454,-0.4383007766592828,3.443610024739078e-95
455,-0.5487699085511455,2.0074851349600308e-95
456,-0.5240076546868794,1.1678001091008459e-95
457,-0.5058019613890655,6.777605611643175e-96
458,-0.4916443166703231,3.9235683131264365e-96
459,-0.4844878856201574,2.5219470480924257e-96
460,-0.5181278550776346,1.4599597693143466e-96
461,-0.5173191977784539,8.428695815324363e-97
462,-0.45623627399899663,5.432510301618683e-97
463,-0.5382117067355552,3.136317712882195e-97
464,-0.43414717973193395,2.021437083232312e-97
465,-0.3833101442143407,1.2993165603634064e-97
466,-0.6183676812304071,7.521767386707436e-98
467,-0.35911219587789106,4.834756921112234e-98
468,-0.3312665368312784,3.0997490217764394e-98
469,-0.6704665571852754,1.799013050345862e-98
470,-0.3050611407460034,1.153416611003013e-98
471,-0.3046525627834116,7.377847910180157e-99
472,-0.6918155962224144,4.2918632095422114e-99
473,-0.7090400423932888,2.4908848652013804e-99
474,-0.681314266890111,1.441977814696262e-99
475,-0.29269542187368475,9.268582583414336e-100
476,-0.6957377233208003,5.365599448484791e-100
477,-0.2778505989785739,3.4488395792884735e-100
478,-0.7041596732674446,1.996539554781191e-100
479,-0.2708964291296537,1.283313207453241e-100
480,-0.1936836635801875,8.227815636532233e-101
481,-0.22193516868364968,5.262935510053825e-101
482,-0.270498509623468,3.3593042835546434e-101
483,-0.7186644284737674,1.958338303291029e-101
484,-0.7642790639627515,1.1392102708073911e-101
485,-0.8171881757575931,6.611677687040665e-102
486,-0.7954659061013746,3.827512333398898e-102
487,-0.19699308759268913,2.4602052673478315e-102
488,-0.7915436764189705,1.4242173392577299e-102
489,-0.5236712851692212,8.222346245302157e-103
490,-0.237694534879731,4.733952012386254e-103
491,-0.7339972069632537,3.0595350378769334e-103
492,-0.46738999056008756,1.971948682880558e-103
493,-0.24985067002434702,1.2675069637866433e-103
494,-0.7480974336054788,7.337621048998554e-104
495,-0.24771604343035122,4.7163934122500996e-104
496,-0.7173832962625493,2.7303287923323624e-104
497,-0.277339466039628,1.7549699886982617e-104
498,-0.269874423980409,1.1251789065049796e-104
499,-0.29940955388734714,7.197224979027869e-105
500,-0.3278089673896301,4.593951161964272e-105
501,-0.6522462311541636,2.6780874146962706e-105
502,-0.34381479234703816,1.709409227366906e-105
503,-0.6356534166235686,9.965163270084826e-106
504,-0.6309462964523056,5.796963848623718e-106
505,-0.366992953961404,3.708037252798562e-106
506,-0.3612641929828361,2.366820836605503e-106
507,-0.6203205034264067,1.3797606617663448e-106
508,-0.5882178905459742,8.026383973079201e-107
509,-0.40544876064578955,5.134089422432569e-107
510,-0.5690465557298913,2.9866174763827715e-107
511,-0.41829045823094185,1.9103946740871585e-107
512,-0.5598664522730161,1.1113203629620295e-107
513,-0.47726786637659335,6.449811975222501e-108
514,-0.5159172169424155,4.13522307058171e-108
515,-0.46418986432766135,2.399975035980292e-108
516,-0.528595631856114,1.5387165045634548e-108
517,-0.45343477692656453,9.842424878623097e-109
518,-0.38423435022027524,6.282368459989967e-109
519,-0.6076761472289922,3.6623662973356547e-109
520,-0.5080769229343659,2.1304824066261364e-109
521,-0.4036503641426419,1.236476123107591e-109
522,-0.338492678729016,7.157982943457495e-110
523,-0.3201369798612223,4.13247420578019e-110
524,-0.3300418285497116,2.379239939422973e-110
525,-0.3412337077992598,1.3655449619342167e-110
526,-0.6428705585645764,8.853151814592886e-111
527,-0.34673911124416007,5.0811928033572214e-111
528,-0.6392427340744972,3.2942577902100113e-111
529,-0.6348559593614796,2.1290661811897155e-111
530,-0.6018756469928344,1.3722376765706048e-111
531,-0.38831341718722456,7.922255260206931e-112
532,-0.6006227757071135,5.10609639451922e-112
533,-0.5314424729951799,3.28203912911409e-112
534,-0.44780875893565736,2.104241794551893e-112
535,-0.5342936788890542,1.2212467599433528e-112
536,-0.45043467422186056,7.06981988091864e-113
537,-0.5398964054470792,4.544259193749214e-113
538,-0.4446466807225374,2.6306799776898253e-113
539,-0.37820609943175637,1.518754268812846e-113
540,-0.3466742061504973,8.744109786515777e-114
541,-0.6358495154354219,5.6512846342525995e-114
542,-0.5937287109630507,3.6423976692976874e-114
543,-0.5186196022286133,2.3412193485537563e-114
544,-0.4291205771354298,1.5010459685683766e-114
545,-0.3613460860767868,9.601464689030404e-115
546,-0.627566056100995,5.58539204904293e-115
547,-0.5557612130138937,3.2416150846198874e-115
548,-0.45354856886333006,1.8765769149385065e-115
549,-0.5357310082006274,1.20620497298706e-115
550,-0.42651486956741635,7.733445023371261e-116
551,-0.5606084262805152,4.488288704484852e-116
552,-0.42928807566312555,2.877614893196446e-116
553,-0.5558030050065639,1.6700922269388127e-116
554,-0.43400061868307244,1.0707605017583972e-116
555,-0.5505522994796971,6.2144131764393236e-117
556,-0.4385649231959578,3.9842998270429955e-117
557,-0.5457331792511908,2.3123831429530722e-117
558,-0.44300946366381716,1.4825579656426987e-117
559,-0.5412690537429433,8.60437767492838e-118
560,-0.44900121834757806,5.516598190156482e-118
561,-0.5364337903779453,3.2016889328408513e-118
562,-0.41967917299823265,1.8534635924819453e-118
563,-0.5683341671562799,1.1913484519100808e-118
564,-0.44222170853415516,7.638194140179441e-119
565,-0.3396331974123574,4.88578317124011e-119
566,-0.6485754482242249,2.8421720395607705e-119
567,-0.5452760797770801,1.6495221240743118e-119
568,-0.40486608359423326,9.549113814915379e-120
569,-0.3181845557829721,5.512931064506859e-120
570,-0.6670525120333303,3.553225250530011e-120
571,-0.3161121922558824,2.051361649103002e-120
572,-0.287694434440265,1.1810555426866818e-120
573,-0.7041162729645997,7.63311669631227e-121
574,-0.2860486636298929,4.394707674337141e-121
575,-0.7008727493338838,2.840282722697795e-121
576,-0.2872822962255576,1.6352707256208506e-121
577,-0.6992085851526557,1.0568692011158495e-121
578,-0.2869027315106092,6.084842370035187e-122
579,-0.6976247370435924,3.9326102973520757e-122
580,-0.6348799025736869,2.5346680460071536e-122
581,-0.4828268571385089,1.6292053779556428e-122
582,-0.5054091075903713,9.431499799192616e-123
583,-0.48073687885061633,6.062273211372946e-123
584,-0.33734596431265207,3.886757031079819e-123
585,-0.288351769904193,2.486170388528883e-123
586,-0.7018211881785411,1.4462622912648011e-123
587,-0.6608589394915956,8.393727098322918e-124
588,-0.5276714658467996,4.859144004401e-124
589,-0.3611202694348844,2.8052996799485643e-124
590,-0.6249009242696802,1.8080874840376117e-124
591,-0.3608203590369825,1.0438520109088609e-124
592,-0.6248322278358509,6.727893528103954e-125
593,-0.4370148306938041,4.324479623896669e-125
594,-0.5506184093885,2.5034491818074807e-125
595,-0.3588022266819861,1.445300897057435e-125
596,-0.6272493183259893,9.315334405505632e-126
597,-0.4352480910110099,5.987605728021309e-126
598,-0.2883465872430079,3.838884829384e-126
599,-0.2590505381572401,2.4555488576901617e-126
600,-0.2785289941871419,1.567364027235041e-126
601,-0.7094618561077477,9.137097299465087e-127
602,-0.7224341607834119,5.3152588964963e-127
603,-0.26681079520319884,3.399913905130959e-127
604,-0.7163845695343241,1.9778078353862724e-127
605,-0.6402709682733111,1.1478678054060932e-127
606,-0.349239879590037,7.359422955472321e-128
607,-0.6278249551860097,4.2712161039160726e-128
608,-0.35960275506577777,2.738441281731251e-128
609,-0.2622981285851929,1.751648371875164e-128
610,-0.7249284168852845,1.018974000932198e-128
611,-0.26289618557726036,6.517883591747486e-129
612,-0.25382287283142785,4.160331098042264e-129
613,-0.2761005136612097,2.6503528029599684e-129
614,-0.7097595811833379,1.5480592015815266e-129
615,-0.6974550906517923,9.024557986784461e-130
616,-0.2889369896617389,5.760328289084859e-130
617,-0.6947033281117264,3.3580380268824966e-130
618,-0.29127274351244375,2.143418156368476e-130
619,-0.25463626058786915,1.3654716859722321e-130
620,-0.26677255864138255,8.683225805515304e-131
621,-0.29003928494269393,5.512678382470225e-131
622,-0.3117267924365573,3.494470466963544e-131
623,-0.3313012274326464,2.212002041709262e-131
624,-0.6523583263752357,1.300292460757134e-131
625,-0.654972548703187,7.632766836781994e-132
626,-0.33297465602157544,4.838388246477297e-132
627,-0.3265608565673874,3.062702856118181e-132
628,-0.3319371712000199,1.9361443548783676e-132
629,-0.6545724222925464,1.139631732761575e-132
630,-0.3331944185505355,7.204393144502408e-133
631,-0.33732003408798994,4.5488115145228265e-133
632,-0.3445514939407689,2.8688067206379796e-133
633,-0.3523480191379706,1.80733749328787e-133
634,-0.3617808137981309,1.1374720246645823e-133
635,-0.36916567764780056,7.152073624576477e-134
636,-0.6161598240414567,4.232533403776912e-134
637,-0.3717077876345788,2.661286595704908e-134
638,-0.3689057405275398,1.6718475816751061e-134
639,-0.6170772561033009,9.902647422617962e-135
640,-0.5945776601870275,5.860298453588391e-135
641,-0.39170019104899073,3.684775105956144e-135
642,-0.3605696791978882,2.3148135792108035e-135
643,-0.6242884336534552,1.371104816926281e-135
644,-0.3625334533926092,8.613421328243398e-136
645,-0.3393541436413411,5.406503264747245e-136
646,-0.33800256603305595,3.3908856023348913e-136
647,-0.343356826133598,2.125123745880879e-136
648,-0.6473455945891584,1.2617485326288131e-136
649,-0.6422265530613923,7.485758456967126e-137
650,-0.601804161387667,4.437666913601218e-137
651,-0.3840332292220998,2.7854507218374686e-137
652,-0.33703694304786735,1.746996956476186e-137
653,-0.6482421224972562,1.0364662135957218e-137
654,-0.5866421159187826,6.14432304966832e-138
655,-0.3996097780624842,3.8566907807896805e-138
656,-0.5862759849176535,2.2863026067815815e-138
657,-0.46912822150687844,1.3542172662465904e-138
658,-0.3734236302859017,8.014137040849547e-139
659,-0.34101732584003047,4.7382172382889324e-139
660,-0.34231319357570433,2.79857319385627e-139
661,-0.3564665275554969,1.6511745724738846e-139
662,-0.6185881304201674,1.0413490854339186e-139
663,-0.592922115430737,6.560460250480764e-140
664,-0.541720303322257,4.128913405249254e-140
665,-0.4686794621443322,2.5961335332665725e-140
666,-0.4040273528384384,1.630917758464012e-140
667,-0.36928495774438624,1.023700321817204e-140
668,-0.3609158376015217,6.420509731289017e-141
669,-0.3643827324405548,4.0238389880290624e-141
670,-0.37484961864157523,2.5200152629128666e-141
671,-0.6097049277722673,1.4972704874456142e-141
672,-0.38150667909178926,9.376976793298777e-142
673,-0.6014412192877847,5.57134348378513e-142
674,-0.5972199716325786,3.307870649444536e-142
675,-0.5833216146267857,1.96250838010028e-142
676,-0.40787086705942854,1.2308586686583118e-142
677,-0.3983163972862897,7.713993603287498e-143
678,-0.5857093923789919,4.58002510607758e-143
679,-0.40501035594423457,2.8703770197832774e-143
680,-0.39942632378373333,1.7976350250811683e-143
681,-0.5836606481076125,1.0680672890613579e-143
682,-0.40780186466202945,6.68899992832703e-144
683,-0.5762614244687485,3.974278382597312e-144
684,-0.41407910680037774,2.4889768733304873e-144
685,-0.568769144872751,1.478828986164459e-144
686,-0.4255343078191382,9.261482945662743e-145
687,-0.5565880855125964,5.5027226575179536e-145
688,-0.43685698834786413,3.446197804081106e-145
689,-0.5441609079798977,2.04756310086243e-145
690,-0.5110851539121355,1.2156984942574208e-145
691,-0.47560813731200674,7.212550717653099e-146
692,-0.44435076406449936,4.275705376602218e-146
693,-0.5450999412190142,2.683790122038718e-146
694,-0.5159158557347655,1.6832368055427663e-146
695,-0.47139658145407726,9.986383044106069e-147
696,-0.5183997958907507,6.263324153424632e-147
697,-0.48165841749578525,3.925328202587171e-147
698,-0.5070736386197704,2.330582917489306e-147
699,-0.4816222436876634,1.4606146241826865e-147
700,-0.44316101362694993,9.147411606489276e-148
701,-0.5427068960305721,5.434947016583777e-148
702,-0.49988779103524816,3.2268880512873034e-148
703,-0.4544624214981703,1.9144626599471816e-148
704,-0.540642890493125,1.2007250438840057e-148
705,-0.4459162210639513,7.123715557663462e-149
706,-0.5446358531267108,4.467897888292387e-149
707,-0.4455606701555364,2.6507345590065746e-149
708,-0.4174062314603304,1.5713941502206348e-149
709,-0.40146274137009585,9.307644071242438e-150
710,-0.3949279795785107,5.508180775240914e-150
711,-0.5962932504014513,3.4633743589093106e-150
712,-0.39017119733474587,2.049594066467143e-150
713,-0.6014446371136503,1.2887215989501547e-150
714,-0.6048642934541061,8.095881488805257e-151
715,-0.3812135548220743,4.795333069693527e-151
716,-0.3802766818948337,2.8378353558847493e-151
717,-0.6111922405731179,1.7843434352329598e-151
718,-0.3754169409158059,1.055958535924715e-151
719,-0.3805790894912032,6.24316868096186e-152
720,-0.6106423360056209,3.929221712175865e-152
721,-0.3759270231553884,2.323083066185909e-152
722,-0.6149248952459266,1.4620633991006389e-152
723,-0.3717279143251896,8.644192089277764e-153
724,-0.6208821156445034,5.440337908053477e-153
725,-0.3660411179507577,3.2165038764202553e-153
726,-0.624206652081347,2.0243497355866988e-153
727,-0.36179344103480376,1.1968610924159774e-153
728,-0.629362748779101,7.532605366118106e-154
729,-0.6356887173247362,4.73627016710524e-154
730,-0.35030162678411964,2.802882456732547e-154
731,-0.6370400663754558,1.7623661291798598e-154
732,-0.6140236792089879,1.1071365090293991e-154
733,-0.5534228934880872,6.949314241671991e-155
734,-0.46590577071376094,4.35851574562732e-155
735,-0.5308712700363464,2.585839829326149e-155
736,-0.4528618113213725,1.532923606931612e-155
737,-0.5280412867887737,9.621910004922583e-156
738,-0.45799867959132046,5.704008741392477e-156
739,-0.383797502766051,3.378584751424769e-156
740,-0.5977190573850947,2.122461652671453e-156
741,-0.501548925726501,1.3322343604438305e-156
742,-0.399500884409316,8.355593422505799e-157
743,-0.33633939345366,5.236587745966784e-157
744,-0.32117210683836717,3.279525121322674e-157
745,-0.6663091855465585,1.9485343002664598e-157
746,-0.6484921005447427,1.1569021799293723e-157
747,-0.342978265905071,7.2504961317481275e-158
748,-0.6534792935902868,4.3048330117044285e-158
749,-0.3346852055765702,2.6979096102105444e-158
750,-0.6482315776856401,1.6018283591256157e-158
751,-0.5900541473865376,9.503399518049678e-159
752,-0.39026445472997745,5.96040369491659e-159
753,-0.3310597061009215,3.735482718164681e-159
754,-0.6668768144776679,2.2178666418234312e-159
755,-0.6195042792307764,1.315825771966708e-159
756,-0.5163112638980626,7.80038874863819e-160
757,-0.46544854921687706,4.896180136367235e-160
758,-0.3598714268970029,3.0708475519067116e-160
759,-0.617043740577211,1.8218790659355827e-160
760,-0.49303044304780697,1.0799423254221132e-160
761,-0.4885821530155065,6.779142168895923e-161
762,-0.4883662580700586,4.018705481630996e-161
763,-0.5022643079447981,2.520748242124533e-161
764,-0.49685241952000214,1.4959910769631688e-161
765,-0.4959188981115187,9.402461734104082e-162
766,-0.4897394443228932,5.595730020746681e-162
767,-0.3775402866118904,3.324780162549812e-162
768,-0.33069011014227984,2.0067882055624956e-162
769,-0.661205143544347,1.2315964222868795e-162
770,-0.3264618835863457,7.423210501032618e-163
771,-0.3298359779362167,4.5064246048766514e-163
772,-0.6587103553599584,2.7005856508752676e-163
773,-0.3299129762298603,1.5966736554702687e-163
774,-0.6587783771336039,1.0048879206906874e-163
775,-0.32669470940554474,5.94122267200487e-164
776,-0.3369644563860017,3.509114435328907e-164
777,-0.34471327841511074,2.070398065784418e-164
778,-0.35466007674300665,1.2201493302968625e-164
779,-0.36012781091228013,7.18190713419942e-165
780,-0.629192503204977,4.540175658034625e-165
781,-0.36056745084641945,2.672387644635605e-165
782,-0.6286746067713076,1.689399362354684e-165
783,-0.6178241866839761,1.0666768342550352e-165
784,-0.5661589121049957,6.727228993968758e-166
785,-0.41961568753670364,3.9691045002629863e-166
786,-0.5627780570427587,2.503201908655774e-166
787,-0.44762183525163074,1.5770078305509685e-166
788,-0.5406473005016896,9.314414302108133e-167
789,-0.43969225057696576,5.868046137480155e-167
790,-0.5483778771411122,3.465893561814437e-167
791,-0.43464068041768916,2.1834999677563654e-167
792,-0.5562248143023164,1.2896589943511523e-167
793,-0.42378486711289226,8.124803380021435e-168
794,-0.29781194142585343,5.113453677023131e-168
795,-0.6809487825518813,3.023239337705976e-168
796,-0.5450380161518933,1.7856413380005944e-168
797,-0.3533460560486848,1.0535388459152989e-168
798,-0.6217811536914271,6.64437141870021e-169
799,-0.39238904498061467,4.185929117482225e-169
800,-0.2507677645864318,2.634470477178636e-169
801,-0.24335297044795298,1.656473865377994e-169
802,-0.28075263576567344,1.0406139009641978e-169
803,-0.6987737660799856,6.163739253071514e-170
804,-0.7268539359326496,3.647645934620953e-170
805,-0.7552808132336102,2.1566063518129455e-170
806,-0.23836635902559203,1.3572890522724564e-170
807,-0.7414567964883939,8.024732235095967e-171
808,-0.24994018762016826,5.050472563505808e-171
809,-0.7337871083168586,2.9860028646792096e-171
810,-0.7126827943088263,1.7636480460079102e-171
811,-0.5766285415009157,1.0405626748496155e-171
812,-0.3653066401778715,6.132356245071342e-172
813,-0.261206015382743,3.609559254129558e-172
814,-0.7334003496535961,2.2818497587910462e-172
815,-0.6408587964421009,1.4407465346502478e-172
816,-0.4210978682668062,9.086380757137367e-173
817,-0.2675710250901997,5.724385857898349e-173
818,-0.7176992805493817,3.381042279730815e-173
819,-0.5613574719556526,1.994834744006832e-173
820,-0.4259133471368484,1.258085832287836e-173
821,-0.265867067232089,7.925893641110912e-174
822,-0.7197154226277448,4.681337381943036e-174
823,-0.5554215249097632,2.7620164686794283e-174
824,-0.4319417093358368,1.741925639821004e-174
825,-0.5556191484253961,1.0277463279956155e-174
826,-0.32288256503166585,6.056825566748207e-175
827,-0.6664065451285449,3.824244086471686e-175
828,-0.43747084867128555,2.4118425442784885e-175
829,-0.5504403245164687,1.423001224576114e-175
830,-0.43584764752998595,8.974466107260256e-176
831,-0.550046481687943,5.29498755664772e-176
832,-0.4357881908342016,3.339398838511541e-176
833,-0.5490962101229337,1.9702648698286165e-176
834,-0.2958263154253166,1.1611377546945315e-176
835,-0.2231588933972327,6.834559768352316e-177
836,-0.2553808108653404,4.017594184730236e-177
837,-0.30037717321863455,2.3583432637147873e-177
838,-0.6758922251655872,1.4949467961381208e-177
839,-0.6678606666928295,9.463022785760296e-178
840,-0.6126335879615156,5.982225180655326e-178
841,-0.5031313053202775,3.7771418408778164e-178
842,-0.4842373223925535,2.2259859897218476e-178
843,-0.37974814315775346,1.3102350887101416e-178
844,-0.33259799884041763,7.702021858681354e-179
845,-0.6421381823443326,4.875384765090435e-179
846,-0.3469649160658409,2.865922333615331e-179
847,-0.31259717752269256,1.6823074504388513e-179
848,-0.3022424141041889,9.860148991014732e-180
849,-0.30895837552724675,5.769587334071546e-180
850,-0.31518086521338434,3.369990120508719e-180
851,-0.3265216174442779,1.9645677133246284e-180
852,-0.6664586705558389,1.2539733238412949e-180
853,-0.6681728588269211,7.988478886316852e-181
854,-0.3159689515386175,4.666034738013457e-181
855,-0.670935918895702,2.9725129935985e-181
856,-0.5845630218183556,1.890262668820284e-181
857,-0.4212357979695536,1.2000620950082112e-181
858,-0.5656253807485716,7.033667390680278e-182
859,-0.38867162721673426,4.115694227979884e-182
860,-0.2787914600902195,2.4039585648388383e-182
861,-0.7021415281143585,1.5314498222313154e-182
862,-0.5527161427953587,9.7387040338244e-183
863,-0.34026059206901577,6.1827648391268975e-183
864,-0.6472382207732889,3.6237717709860592e-183
865,-0.3370556957571613,2.3006067966391193e-183
866,-0.6533286470051513,1.3484054759839122e-183
867,-0.43232127171750245,7.890086815644424e-184
868,-0.5505964664907178,5.017416776136138e-184
869,-0.3274626681084727,3.185383590978456e-184
870,-0.6555727929841404,1.866980782400257e-184
871,-0.4440756435606345,1.0924488752560905e-184
872,-0.541616603256358,6.94703549131136e-185
873,-0.3388066418067533,4.410431472469674e-185
874,-0.6474561252755836,2.5849919063169564e-185
875,-0.3417918830397209,1.641121550905966e-185
876,-0.274235825310033,1.0403020808495857e-185
877,-0.27975256267318177,6.585118828699732e-186
878,-0.7027225045245515,3.870964042841308e-186
879,-0.2884194338555414,2.4503227161591703e-186
880,-0.3110317289531757,1.5490169034990259e-186
881,-0.327923063416941,9.780401743072185e-187
882,-0.655561573976223,5.763891897919875e-187
883,-0.644772246349161,3.3926778726628005e-187
884,-0.34649694612282433,2.1447441752159858e-187
885,-0.3297444553803767,1.354178874507003e-187
886,-0.6481288930391965,7.980593075978685e-188
887,-0.5868542513905002,4.6974478389107375e-188
888,-0.46622069774529545,2.7613247612627417e-188
889,-0.35609924943116206,1.6209082725188416e-188
890,-0.3099652005295931,9.500283116284639e-189
891,-0.6799374248764991,6.031399682042611e-189
892,-0.6309333788402154,3.823286359380688e-189
893,-0.5066245807754556,2.420142712019516e-189
894,-0.36516103432554264,1.529938054720579e-189
895,-0.29596319635819135,9.659939012531908e-190
896,-0.2937753849039347,6.09225022220152e-190
897,-0.3127129923114441,3.8380948308108894e-190
898,-0.33516754099182555,2.415556316554412e-190
899,-0.6453661370691287,1.4281550865447322e-190
900,-0.34919261261521634,8.988285053898965e-191
901,-0.3658712471739124,5.651556703833843e-191
902,-0.3822660646656482,3.5503659858556756e-191
903,-0.5938969248828803,2.1029442494965735e-191
904,-0.573803056091034,1.244503657189615e-191
905,-0.42148790382637485,7.825055552376749e-192
906,-0.5526394663655496,4.630798108402557e-192
907,-0.4944398367111543,2.737877741848898e-192
908,-0.4982290504722073,1.7231199761365913e-192
909,-0.4411853494123105,1.0834447499437565e-192
910,-0.3867421044929256,6.80631123305334e-193
911,-0.5820229219439337,4.0314979145407186e-193
912,-0.4046801206487087,2.5326284098191474e-193
913,-0.3304912112482911,1.5896893051290332e-193
914,-0.2951165967305428,9.970315956518341e-194
915,-0.69124133279496,5.91523390438513e-194
916,-0.3062110487001318,3.709954567420475e-194
917,-0.28403558004385937,2.3250895111105023e-194
918,-0.2789864619107862,1.4561370554508785e-194
919,-0.2846987381489353,9.113224953700098e-195
920,-0.3052477488496783,5.699854640423151e-195
921,-0.6794188863006282,3.391031005271806e-195
922,-0.30406096092788093,2.1209159117014536e-195
923,-0.6860706232642279,1.2618026370616393e-195
924,-0.29713293355495135,7.89192810744111e-196
925,-0.6949441357047798,4.695167612506361e-196
926,-0.27726481218419624,2.936586448778837e-196
927,-0.7107948705943226,1.747071868613616e-196
928,-0.6112699949341869,1.0387250469155456e-196
929,-0.38542552574372707,6.500854423111265e-197
930,-0.2737604653120049,4.0659509052546417e-197
931,-0.7154894253283717,2.4189679308397012e-197
932,-0.593904769631845,1.438202184231018e-197
933,-0.379617499261627,8.545097790161202e-198
934,-0.2559040366453739,5.073476129944844e-198
935,-0.7376047759994002,3.1796308877189834e-198
936,-0.25252570505588906,1.8878404679524757e-198
937,-0.7259143264163594,1.1831406533202337e-198
938,-0.2640286978284964,7.024654381251165e-199
939,-0.7303642750164272,4.40246637100459e-199
940,-0.25861143796711655,2.613873895263558e-199
941,-0.2702105834169735,1.5507708636797792e-199
942,-0.30728465769196406,9.193196109505142e-200
943,-0.6616862112929771,5.770418383752458e-200
944,-0.3349040032451432,3.420788272346863e-200
945,-0.346217571295911,2.0261930895959148e-200
946,-0.35908048374760254,1.1990830050668679e-200
947,-0.6155982884863471,7.539464486386397e-201
948,-0.3823118824691235,4.461787861853814e-201
949,-0.3865285305080164,2.637953413182837e-201
950,-0.3825927829928707,1.5580766641761486e-201
951,-0.36452265500377884,9.192743557682755e-202
952,-0.34645733425073943,5.417566834543853e-202
953,-0.3324185826899756,3.1888278699088617e-202
954,-0.6528230841095455,2.015876619133768e-202
955,-0.6034293865926774,1.272812656534497e-202
956,-0.47522878601739854,8.027269302149324e-203
957,-0.5068805905546543,4.736135894964864e-203
958,-0.36043404529210266,2.791150714414371e-203
959,-0.29129369049950865,1.6428960563049476e-203
960,-0.2839693633185125,9.657519819331761e-204
961,-0.708977486751954,6.113216225510711e-204
962,-0.2872205831558183,3.593563124773348e-204
963,-0.30446653936995455,2.109435397993573e-204
964,-0.3327047169325782,1.236358271237002e-204
965,-0.6437602936320703,7.849209115934085e-205
966,-0.629194625689069,4.9755903649074926e-205
967,-0.3693972823572371,2.920690712039073e-205
968,-0.34820210974269705,1.7118420042582403e-205
969,-0.6267913858129908,1.0867890139497387e-205
970,-0.5577816509580641,6.88912330736411e-206
971,-0.45651870711242765,4.360819461930585e-206
972,-0.3769922012966182,2.756772818164254e-206
973,-0.6206446100882679,1.6226609217843708e-206
974,-0.37102961533802964,1.0257951656389188e-206
975,-0.6046979668795109,6.0379212899596465e-207
976,-0.3807717613676666,3.816983811342416e-207
977,-0.6188036261789495,2.246710511993984e-207
978,-0.5433244570032705,1.3206953181617155e-207
979,-0.4369310312313924,8.360009815129609e-208
980,-0.35906966939276946,5.284935095142109e-208
981,-0.3393083630881195,3.3368769766032284e-208
982,-0.34190829820142954,2.104473897381452e-208
983,-0.35283688628749205,1.3258106762721566e-208
984,-0.635389649537518,7.830747372156382e-209
985,-0.35412544485529246,4.933341526408696e-209
986,-0.6333590980100982,2.913821097179391e-209
987,-0.3558289427148259,1.835696381976676e-209
988,-0.36454221295023875,1.1553200705629784e-209
989,-0.3732372216791713,7.26429663802403e-210
990,-0.6110721083088896,4.298945982564842e-210
991,-0.6240495070679377,2.5416760229124315e-210
992,-0.6315027023419452,1.5012115374766195e-210
993,-0.6256414310121194,8.857235980204003e-211
994,-0.36301589954713853,5.586008130950501e-211
995,-0.35701971644034036,3.5191642086757884e-211
996,-0.6304642961665974,2.078553625526681e-211
997,-0.35657502834008986,1.309481002048261e-211
998,-0.3475622855962415,8.24139383037962e-212
999,-0.6273644295110904,4.872578808621577e-212
1000,-0.35875486967361775,3.066622644284255e-212
1001,-0.6387573096963558,1.8130865746880894e-212
1002,-0.3551892124050721,1.1410902859381714e-212
1003,-0.3424581370663633,7.1748241366423e-213
1004,-0.3460158212664158,4.50729823730705e-213
1005,-0.35253679857937553,2.829157161427254e-213
1006,-0.616303067882658,1.6771656741019527e-213
1007,-0.5767142316143479,9.934147419891153e-214
1008,-0.4202030484396277,6.240733473333369e-214
1009,-0.5669569943700566,3.6964962549414977e-214
1010,-0.4081869757577581,2.322176925427346e-214
1011,-0.5633401193602681,1.3754662564637315e-214
1012,-0.4625277795685578,8.139886670413664e-215
1013,-0.365066181701697,4.812564489836052e-215
1014,-0.31846494320591884,2.8424855378356276e-215
1015,-0.30895014610269567,1.6770831125669635e-215
1016,-0.6743990996904852,1.057688868628637e-215
1017,-0.6379569322464429,6.663400272851608e-216
1018,-0.352472024216186,3.935660280167159e-216
1019,-0.6346390681889678,2.4794512415280838e-216
1020,-0.5144798534591969,1.5604758016873873e-216
1021,-0.37811359571883973,9.811791042798833e-217
1022,-0.5945185037826803,5.8065304580787685e-217
1023,-0.38954259785750417,3.650967447025445e-217
1024,-0.31095767751624903,2.2935752605281754e-217
1025,-0.30239418793206607,1.4396395649808495e-217
1026,-0.3209597420901705,9.029224314494974e-218
1027,-0.6570097598449676,5.356898821293739e-218
1028,-0.6631466865794172,3.1756478378806705e-218
1029,-0.33171820357744086,1.9933020514034007e-218
1030,-0.34953034597015115,1.2501720421183142e-218
1031,-0.366602678136601,7.835033689466327e-219
1032,-0.6089253777271475,4.6518901687222464e-219
1033,-0.3895602986711511,2.91541603585042e-219
1034,-0.39694758772929367,1.8258416725771134e-219
1035,-0.4061612155732168,1.1427019063726168e-219
1036,-0.556670670881789,6.793956863659438e-220
1037,-0.5305666723314212,4.0366386881235216e-220
1038,-0.4673723459338463,2.5280313489676776e-220
1039,-0.4438652406204879,1.582166890603214e-220
1040,-0.4220504407860466,9.89564214550318e-221
1041,-0.5512538770862332,5.887242999934558e-221
1042,-0.44258535615840777,3.6821684423417327e-221
1043,-0.5161277214175686,2.1906431202756487e-221
1044,-0.46901968716186065,1.3701348773953585e-221
1045,-0.3880694675783667,8.564270867108734e-222
1046,-0.5851111287623613,5.09827187878813e-222
1047,-0.45974400213661787,3.0331296331080505e-222
1048,-0.3449703521214774,1.803353243247647e-222
1049,-0.6599064199113973,1.1286275364795054e-222
1050,-0.32318477038457855,6.710277418124495e-223
1051,-0.6623881554396416,4.1996230632402396e-223
1052,-0.3214130887923762,2.4968942272841243e-223
1053,-0.2778745751564931,1.483533092757743e-223
1054,-0.7107843334621772,9.290943419724225e-224
1055,-0.6420482185193134,5.8147313193557305e-224
1056,-0.3253428294699065,3.4571600464793847e-224
1057,-0.6351996162436313,2.1636615239322676e-224
1058,-0.40998992074984364,1.35325927321515e-224
1059,-0.5854795586089017,8.050984530551965e-225
1060,-0.33222602666081125,4.786728831510618e-225
1061,-0.6483382289067006,2.995771343818388e-225
1062,-0.3409740521398849,1.781141798205101e-225
1063,-0.22199971461892964,1.058267815936049e-225
1064,-0.7597359057241477,6.6276286311211785e-226
1065,-0.23094508991114285,3.9378145430980386e-226
1066,-0.7544298266623672,2.4661406136401904e-226
1067,-0.599441861169728,1.543432611334793e-226
1068,-0.34748569831890885,9.653379101900909e-227
1069,-0.24783827285737328,6.034015685282802e-227
1070,-0.7334459177727675,3.592022363817329e-227
1071,-0.6544946028577259,2.1370122530756343e-227
1072,-0.3325806445579463,1.3365915215764276e-227
1073,-0.2524843444822889,8.354602176993171e-228
1074,-0.2710074543367475,5.219162265649223e-228
1075,-0.3091102345254087,3.25863314841265e-228
1076,-0.33202392468669406,2.0334836769958243e-228
1077,-0.6545512995465916,1.2125373945243466e-228
1078,-0.6602990055854746,7.226369088337889e-229
1079,-0.6230361847165733,4.304322317959138e-229
1080,-0.370893087556214,2.6889319377705285e-229
1081,-0.31360176018242764,1.678859997113838e-229
1082,-0.66538512246623,1.0005515740444136e-229
1083,-0.5552416485005214,5.959696242721368e-230
1084,-0.4286394744808451,3.723052407019263e-230
1085,-0.30874320400153354,2.324522858129866e-230
1086,-0.6724828620069341,1.3853478006518677e-230
1087,-0.5284999701921365,8.251700658501746e-231
1088,-0.4623427456105369,5.154879166225598e-231
1089,-0.5175877331335734,3.0704578150284993e-231
1090,-0.32664257676895836,1.827829709763696e-231
1091,-0.2517020921539389,1.0874360153341581e-231
1092,-0.7320932567482951,6.801354350030714e-232
1093,-0.2512541042005731,4.0463494130584006e-232
1094,-0.7175786224797369,2.5307839536464282e-232
1095,-0.5607827535799255,1.5819113608992635e-232
1096,-0.3113320149156909,9.882280337827735e-233
1097,-0.6823648294067863,5.886292173906159e-233
1098,-0.2954902052405702,3.677196513705701e-233
1099,-0.6982686409773532,2.1902893179104815e-233
1100,-0.4162629182859707,1.3038693671867567e-233
1101,-0.21827885570728603,7.757147734255511e-234
1102,-0.7547396202087006,4.8516979153019207e-234
1103,-0.5277634094083195,3.032639763978699e-234
1104,-0.2646285868772592,1.8945054098508173e-234
1105,-0.21252971897658993,1.1828523073556964e-234
1106,-0.2525121569139422,7.381349018917135e-235
1107,-0.7278906060291352,4.4013934356705456e-235
1108,-0.7509981091560264,2.6231020678434247e-235
1109,-0.2494324581562338,1.6377584974130094e-235
1110,-0.7209970075666455,9.760562794445381e-236
1111,-0.6502804830630287,5.813792204410647e-236
1112,-0.46413774344081543,3.460924317410209e-236
1113,-0.5211880827261494,2.163312079261201e-236
1114,-0.43566434219054506,1.2878099385083386e-236
1115,-0.26220465666165044,7.661604910778486e-237
1116,-0.23492913856518388,4.555222405768598e-237
1117,-0.7348323632113435,2.850883187300675e-237
1118,-0.6183505703382417,1.7830811646806235e-237
1119,-0.3709040792226978,1.0608136339945806e-237
1120,-0.595609091605166,6.634845013776598e-238
1121,-0.3508310434091715,4.147227458897258e-238
1122,-0.24915968032047153,2.590793984200328e-238
1123,-0.7345140998180875,1.5431833374556696e-238
1124,-0.6357527291541247,9.186500912039358e-239
1125,-0.4408022664538212,5.465351555065362e-239
1126,-0.5355082072836043,3.418296989369845e-239
1127,-0.4569070542271851,2.033657313639822e-239
1128,-0.5035973478294474,1.2719483097445197e-239
1129,-0.3078713348665174,7.950538325337347e-240
1130,-0.6577606013590691,4.7329196605593567e-240
1131,-0.32741941541045144,2.958395310858028e-240
1132,-0.633523916184997,1.761119405694137e-240
1133,-0.375211504159582,1.100818895170272e-240
1134,-0.27739633728518,6.876871354578497e-241
1135,-0.6627654485878082,4.096147108928581e-241
1136,-0.3272670089950285,2.558883831038658e-241
1137,-0.2602997564277371,1.597663236040907e-241
1138,-0.2649023819640801,9.969892172146106e-242
1139,-0.28788994425961906,6.218367796957878e-242
1140,-0.3109022257130674,3.876614269404246e-242
1141,-0.6613672008846573,2.313854657248027e-242
1142,-0.6619239295690389,1.3804154180267963e-242
1143,-0.32475164986166544,8.609853179619906e-243
1144,-0.640825077616863,5.13652577047771e-243
1145,-0.34595151862173956,3.203726368136568e-243
1146,-0.31416829217389897,1.997246184129012e-243
1147,-0.3006366291588624,1.244534482987453e-243
1148,-0.308563789881749,7.751571780385906e-244
1149,-0.670507271341757,4.630912811196313e-244
1150,-0.6493450496042776,2.7653553103307024e-244
1151,-0.3286020748725608,1.7231626570461476e-244
1152,-0.6556207617592965,1.0289887109740542e-244
1153,-0.5115973396143197,6.14177773613999e-245
1154,-0.32727030674647084,3.6641042489439994e-245
1155,-0.2671486342654597,2.1848532493970285e-245
1156,-0.7185106682804483,1.3634131910320616e-245
1157,-0.6591177698394122,8.503807799193427e-246
1158,-0.3210006376990164,5.073260483830304e-246
1159,-0.6640757171360494,3.1642668820798736e-246
1160,-0.4704662877182311,1.972646608853717e-246
1161,-0.288015615946548,1.229205867046048e-246
1162,-0.6876737880732995,7.34021803154468e-247
1163,-0.2951476145397392,4.5738750312783444e-247
1164,-0.22327168140993076,2.84883392980493e-247
1165,-0.7525408239262881,1.7019388991386722e-247
1166,-0.23115031680911977,1.0600511052804143e-247
1167,-0.23372601328240025,6.5997120997023214e-248
1168,-0.7557765464458096,3.9444501627484214e-248
1169,-0.6950448090554422,2.35647753891891e-248
1170,-0.28688444428653015,1.4677299055586875e-248
1171,-0.6751487737473334,8.768452922317256e-249
1172,-0.30941604303167647,5.461422978583875e-249
1173,-0.20447923327970047,3.400196380514849e-249
1174,-0.7645089083871918,2.0321954903310602e-249
1175,-0.5747487475391958,1.2140660497839007e-249
1176,-0.28789407733063455,7.249810425592586e-250
1177,-0.19365298398147543,4.3272315612666484e-250
1178,-0.7695781518638509,2.6976544593630004e-250
1179,-0.21545639511405057,1.61016286394732e-250
1180,-0.7469118203466392,1.0037972243289726e-250
1181,-0.24343882888299498,5.991416016747976e-251
1182,-0.7525254230393965,3.735129471728106e-251
1183,-0.5894307297437882,2.327453402052948e-251
1184,-0.4004633821268706,1.3898416764300285e-251
1185,-0.24203955240583222,8.295619353274582e-252
1186,-0.7514969657963844,5.171600877996134e-252
1187,-0.24550370472680286,3.086799961353471e-252
1188,-0.22655379676427154,1.8415444745715928e-252
1189,-0.7579495323067427,1.1485982656196266e-252
1190,-0.23183692527104738,6.852386989880897e-253
1191,-0.24925542470876555,4.0859809011389353e-253
1192,-0.735341575095918,2.5497731989346824e-253
1193,-0.2527199398582136,1.5203934933137977e-253
1194,-0.7315157385923428,9.487706073235951e-254
1195,-0.25928213032539993,5.657384188620641e-254
1196,-0.7308023301912078,3.530375429851096e-254
1197,-0.64807197504482,2.201946872152758e-254
1198,-0.334771218000955,1.3136526974475935e-254
1199,-0.2598643602392858,7.8331241951555415e-255
1200,-0.7273281580780603,4.888101687202494e-255
1201,-0.2646345807022551,2.9147055130173764e-255
1202,-0.2422284266344845,1.7370794431572375e-255
1203,-0.2563695054412918,1.034675882707989e-255
1204,-0.7310249921509338,6.463672607988082e-256
1205,-0.2532661487687659,3.850028959556427e-256
1206,-0.73180160213331,2.4051325774323646e-256
1207,-0.6767385738555913,1.5016671918272583e-256
1208,-0.4993319671331164,9.370848401110655e-257
1209,-0.5015983170707058,5.5877036207892266e-257
1210,-0.48292753614264367,3.486892690053276e-257
1211,-0.5012658455090477,2.079184517295671e-257
1212,-0.4951355475023526,1.2974727699688239e-257
1213,-0.491354268117671,7.736645588857192e-258
1214,-0.495314029675569,4.827896177053993e-258
1215,-0.30495077825888517,3.0112295695958552e-258
1216,-0.685530885029288,1.796460167481791e-258
1217,-0.4898722508160887,1.0712036469666805e-258
1218,-0.4883576687942149,6.684628283199745e-259
1219,-0.29825808983237595,4.169300583512264e-259
1220,-0.68254188481899,2.4873501841786243e-259
1221,-0.48201245365044604,1.4831715374520797e-259
1222,-0.5048767822782342,9.255430035328661e-260
1223,-0.49020968571523366,5.518881290859186e-260
1224,-0.4990039588511786,3.443945516145794e-260
1225,-0.47796800037879966,2.0535757283287027e-260
1226,-0.28384160332894737,1.2238712167369393e-260
1227,-0.23597299076349576,7.289879783486498e-261
1228,-0.743937783640325,4.554024797478151e-261
1229,-0.24845704434866034,2.7125642674353264e-261
1230,-0.732568867571191,1.69455262714162e-261
1231,-0.2603507193246785,1.0093451639126849e-261
1232,-0.27262333402539124,6.008586305846343e-262
1233,-0.3052845533569997,3.5747056278375373e-262
1234,-0.6734533975076308,2.2357949644054254e-262
1235,-0.31926432252741765,1.3301479641183477e-262
1236,-0.6599058370775679,8.319393062552586e-263
1237,-0.6365116414285841,5.200184070424643e-263
1238,-0.3577852486153236,3.095646158575817e-263
1239,-0.6183203945152339,1.934988492605009e-263
1240,-0.37210515215359474,1.1518899356060614e-263
1241,-0.6119414978598015,7.200092180983239e-264
1242,-0.5354959329307465,4.4979340277466375e-264
1243,-0.45332805355311573,2.6791543005438627e-264
1244,-0.38246887102265115,1.5948884897901763e-264
1245,-0.5999168885679718,9.969133152323713e-265
1246,-0.3905694559892438,5.934580070509244e-265
1247,-0.349736910835282,3.530676884221558e-265
1248,-0.6290810981771305,2.2082572442364895e-265
1249,-0.3616533589440355,1.3137648686188413e-265
1250,-0.6162446314745161,8.21692520580398e-266
1251,-0.37669889556242386,4.8885190761307094e-266
1252,-0.6046838240931507,3.0575178690796605e-266
1253,-0.388006127644152,1.8190179482282366e-266
1254,-0.5970942445452255,1.1377023990845416e-266
1255,-0.3945835452024032,6.76856578535727e-267
1256,-0.3592618080562474,4.02426422132557e-267
1257,-0.6243155448214034,2.5185833287314386e-267
1258,-0.5703983544521228,1.5752446523043103e-267
1259,-0.4835447836855981,9.84634586482817e-268
1260,-0.41045330920871814,6.151062097697345e-268
1261,-0.5734921172190945,3.663825296302561e-268
1262,-0.49640883119555335,2.181058699190577e-268
1263,-0.42295088771043,1.2975835595561727e-268
1264,-0.5647469159902704,8.115719419688139e-269
1265,-0.42338560499294453,4.8283084251085167e-269
1266,-0.5649605362096982,3.019859196065954e-269
1267,-0.4226405233529514,1.7966135649828794e-269
1268,-0.5623815364503453,1.1236896068561417e-269
1269,-0.48305121966461534,7.023821028456308e-270
1270,-0.41069786139053716,4.387816546590621e-270
1271,-0.3642747132100996,2.7395746137230174e-270
1272,-0.3479113365679122,1.7095757654191893e-270
1273,-0.6380061704398644,1.0193957137663347e-270
1274,-0.6135533111764963,6.075301024126283e-271
1275,-0.5475763249512173,3.6186988883073295e-271
1276,-0.4603358234559583,2.1541951517336194e-271
1277,-0.5325610220786665,1.3465178563391575e-271
1278,-0.4511661719615351,8.0157601596008e-272
1279,-0.5375770789504478,5.010392943438005e-272
1280,-0.4436904343216256,2.9826643553874575e-272
1281,-0.5434661850253475,1.8643672142532816e-272
1282,-0.438900324257788,1.1646796349848788e-272
1283,-0.5461389741960921,6.93731040423646e-273
1284,-0.42609959434621125,4.129749642106223e-273
1285,-0.5598894580052409,2.581373201416387e-273
1286,-0.4249352221849978,1.5366798418277251e-273
1287,-0.5694227241561267,9.605289682470374e-274
1288,-0.43404882010281987,6.000473080505379e-274
1289,-0.5515370178242989,3.574128290847225e-274
1290,-0.4072236179262411,2.1276624757851835e-274
1291,-0.3155763834345565,1.2658163899431126e-274
1292,-0.2924507620642901,7.525936469193507e-275
1293,-0.3027281681817496,4.4715453638519125e-275
1294,-0.324207885122189,2.6548881270368988e-275
1295,-0.6595605608647372,1.6638620298892966e-275
1296,-0.6730070647656614,1.042029197285547e-275
1297,-0.31891388387454767,6.191230613218074e-276
1298,-0.33646460144668416,3.67591588797407e-276
1299,-0.3519548882992614,2.180863914949113e-276
1300,-0.36374644342276824,1.292847971794904e-276
1301,-0.374056047073247,7.657766040432998e-277
1302,-0.37955658146438237,4.531797666772541e-277
1303,-0.3824968199548993,2.6793454760867153e-277
1304,-0.6123633074737156,1.6862819118060626e-277
1305,-0.6182941571814474,1.0602821101103486e-277
1306,-0.3659827405135985,6.274654993830356e-278
1307,-0.6238896024211338,3.945309731720606e-278
1308,-0.36209919230622867,2.334799123204276e-278
1309,-0.623897594393225,1.4680497511732374e-278
1310,-0.586368523162662,9.222439365376289e-279
1311,-0.5091560079155598,5.788773895727792e-279
1312,-0.4223416125404434,3.630640563224203e-279
1313,-0.3633747611140792,2.2753821209283235e-279
1314,-0.3444577229061374,1.4250067387778414e-279
1315,-0.34806771015160953,8.918396055102047e-280
1316,-0.6374162316460883,5.302450074992348e-280
1317,-0.3532602076249835,3.3185351721034717e-280
1318,-0.6323122593704813,1.973041672904653e-280
1319,-0.6306709584009266,1.172285386845534e-280
1320,-0.3576343796471925,7.341688064878211e-281
1321,-0.36206193142599113,4.594791034585231e-281
1322,-0.3751977436229702,2.873806049264914e-281
1323,-0.38341686331214636,1.7963234008193515e-281
1324,-0.6009525044250908,1.0693432309314746e-281
1325,-0.390748502094411,6.684119374448807e-282
1326,-0.39929852714328357,4.1756032039784584e-282
1327,-0.5829670944936072,2.4871608192324004e-282
1328,-0.4055295074824854,1.5537419522003842e-282
1329,-0.5763717589518729,9.254725408363765e-283
1330,-0.5684730016493512,5.509296357799084e-283
1331,-0.4238968044740874,3.443683324452157e-283
1332,-0.5557759858787201,2.050009174737039e-283
1333,-0.5324463124093818,1.2196178869763043e-283
1334,-0.4606797374203014,7.62808413919652e-284
1335,-0.4397372456475815,4.768069176471596e-284
1336,-0.543389876077236,2.8384101081950253e-284
1337,-0.5077760620564187,1.688663534382988e-284
1338,-0.48547650162910655,1.0561724012593688e-284
1339,-0.4599156653347096,6.601792769442666e-285
1340,-0.43183634495647255,4.124173357146218e-285
1341,-0.5499438620100071,2.4565270895096156e-285
1342,-0.4370461866122025,1.5346049061941076e-285
1343,-0.5446582717079299,9.14073730006528e-286
1344,-0.44184595987299613,5.710264855948273e-286
1345,-0.4035677438441627,3.565257679049031e-286
1346,-0.5829679522272279,2.124789552898352e-286
1347,-0.4055482650582816,1.3266323823741443e-286
1348,-0.37042176047705977,8.278579306314386e-287
1349,-0.6188005838389335,4.936399094814191e-287
1350,-0.5699903550417452,2.9419498307891674e-287
1351,-0.4221669778621808,1.8368341031803607e-287
1352,-0.3634914899636434,1.1462389278111926e-287
1353,-0.3323836032926759,7.149260105574784e-288
1354,-0.327213627579383,4.4569450772133936e-288
1355,-0.6601736079021114,2.660239685284377e-288
1356,-0.3291769647067815,1.6584292632311037e-288
1357,-0.6567697490459047,9.898751868943167e-289
1358,-0.33177362077017086,6.171015288482934e-289
1359,-0.6528490491320229,3.683325570433751e-289
1360,-0.33487123089861887,2.2962347888444996e-289
1361,-0.31806093760699544,1.4308418253399434e-289
1362,-0.31771403345139226,8.911985378562457e-290
1363,-0.6723825052018522,5.32416243208993e-290
1364,-0.6647319215138973,3.1793301785009524e-290
1365,-0.5944271621051315,1.8976631228219076e-290
1366,-0.4568341337848958,1.1321209933210783e-290
1367,-0.5349460700371429,7.06120448002032e-291
1368,-0.45149011937178707,4.2126222161477314e-291
1369,-0.3403452957428997,2.5119267117154437e-291
1370,-0.64417521250033,1.5675167266285708e-291
1371,-0.5387669537033475,9.776831449884896e-292
1372,-0.4489732137895136,5.832729739784912e-292
1373,-0.5380133503565121,3.6379589825021705e-292
1374,-0.4118234253403925,2.2679526466695406e-292
1375,-0.5754495193382051,1.3536845373890576e-292
1376,-0.4400906108718878,8.075904857303325e-293
1377,-0.34648559817660673,4.8155472034906337e-293
1378,-0.6469186211145964,3.0050441974025666e-293
1379,-0.3471851027598393,1.791865114418864e-293
1380,-0.3333761939432168,1.0678993267986604e-293
1381,-0.34315149980312776,6.360847127350724e-294
1382,-0.36086129842293035,3.786583649425192e-294
1383,-0.37971286811467586,2.2527631613957853e-294
1384,-0.3925823505193031,1.33938480868984e-294
1385,-0.5869844666588053,8.382531723553719e-295
1386,-0.5718005819910633,5.242843514314092e-295
1387,-0.5435303928537516,3.277132252542007e-295
1388,-0.49876136861636905,2.0472411049217633e-295
1389,-0.4976762931067839,1.2194209111708805e-295
1390,-0.48087568455583224,7.617784151413886e-296
1391,-0.4291715249011695,4.756235328537339e-296
1392,-0.5648390366087965,2.834577482741106e-296
1393,-0.4163544256071904,1.7697951657487433e-296
1394,-0.5774774354453557,1.0547462813279654e-296
1395,-0.40578954206196916,6.585407811751075e-297
1396,-0.587528618692826,3.924710912821359e-297
1397,-0.3942862209641963,2.4504302467525753e-297
1398,-0.3655542779943289,1.5291411096138556e-297
1399,-0.6237173054456854,9.118050948166333e-298
1400,-0.6021793391227152,5.434092326988939e-298
1401,-0.5573252473367167,3.2367686448034554e-298
1402,-0.4226347740043395,2.022025754872585e-298
1403,-0.5728601278954025,1.2044016127313653e-298
1404,-0.40751996967797705,7.523957833880886e-299
1405,-0.3521994391029247,4.697653982922003e-299
1406,-0.3366572448034901,2.93147533317753e-299
1407,-0.3422455749985954,1.8284041085555256e-299
1408,-0.3552159927153888,1.1398517567473684e-299
1409,-0.6273231652402327,6.803491687935114e-300
1410,-0.3656602881573856,4.241388386856957e-300
1411,-0.6146596215245587,2.531579257080655e-300
1412,-0.37466434864093323,1.5782206187494737e-300
1413,-0.6073441207982807,9.420006415597114e-301
1414,-0.5899018738401609,5.619852592412733e-301
1415,-0.5621996274983541,3.351038170162317e-301
1416,-0.427196270448219,2.0911471496367775e-301
1417,-0.566494864607153,1.2469213031173985e-301
1418,-0.539192253466463,7.431287151331347e-302
1419,-0.5086599671328129,4.4263799351543555e-302
1420,-0.4672045751272974,2.765181949010394e-302
1421,-0.42064450418499894,1.72646741024763e-302
1422,-0.5747998286186117,1.0289242032267674e-302
1423,-0.5472645819846038,6.128695278773752e-303
1424,-0.43050340646782614,3.8286269602068026e-303
1425,-0.3862795409043536,2.390439325397046e-303
1426,-0.36690368463943224,1.491704996437436e-303
1427,-0.3675773803340886,9.303982583004192e-304
1428,-0.37789395924784636,5.800228101851358e-304
1429,-0.6057060804395786,3.4620119191358596e-304
1430,-0.6071677389529422,2.06539101995783e-304
1431,-0.6022479968317183,1.2315632893171207e-304
1432,-0.5840271201116359,7.339757870101938e-305
1433,-0.41083239068798155,4.582646999549006e-305
1434,-0.5740983436590545,2.73112390346493e-305
1435,-0.5436418003797129,1.6267696026995562e-305
1436,-0.5053740722621687,9.684086184806074e-306
1437,-0.46630319443708307,5.76138140041477e-306
1438,-0.43678621394616696,3.425440746288908e-306
1439,-0.5580552466363847,2.1438100190943355e-306
1440,-0.4278361315968912,1.2746065016941032e-306
1441,-0.5638272404070814,7.977117081050023e-307
1442,-0.41924510306586354,4.7428107928037566e-307
1443,-0.4050769423512989,2.8179474672686298e-307
1444,-0.5866450446173155,1.7647998960022775e-307
1445,-0.5752221089308246,1.1044989474260272e-307
1446,-0.412988021481148,6.566820413024476e-308
1447,-0.5772546850880452,4.1098405833722466e-308
1448,-0.5412170556886888,2.570494423164943e-308
1449,-0.4453287097692842,1.5292716810728133e-308
1450,-0.5387313352014214,9.56480974859675e-309
1451,-0.4612576538962533,5.978653841369785e-309
1452,-0.5299517767145449,3.559065707452853e-309
1453,-0.44659057523581236,2.117405254193687e-309
1454,-0.3779438611817785,1.258907496316616e-309
1455,-0.6132086303859564,7.87886495085473e-310
1456,-0.5342929316394901,4.9278257893945e-310
1457,-0.452269378205713,2.931725648213e-310
1458,-0.35943032563250604,1.7430633027708e-310
1459,-0.6316357218796135,1.09089511370008e-310
1460,-0.5301596392650736,6.8229892355656e-311
1461,-0.4603688127701278,4.059220718078e-311
1462,-0.3473415275972632,2.41341773431e-311
1463,-0.6378298307968449,1.510436029197e-311
1464,-0.3478029907530655,8.980327389366e-312
1465,-0.6285775283577408,5.620332464643e-312
1466,-0.4705411213513774,3.515229596776e-312
1467,-0.5148329560356624,2.09132571009e-312
1468,-0.46336961258710746,1.30801693296e-312
1469,-0.5210010988607137,7.78182296725e-313
1470,-0.32309684339172284,4.62669828986e-313
1471,-0.24586922933233737,2.7489590661e-313
1472,-0.26177023471370797,1.63213792827e-313
1473,-0.7319108283871963,1.0228876685e-313
1474,-0.2603978951546869,6.073185231e-314
1475,-0.7138136754636087,3.8061650145e-314
1476,-0.7126194587737643,2.383692279e-314
1477,-0.634295553256421,1.4918323713e-314
1478,-0.35053785383101244,8.86971897e-315
1479,-0.2645974004406841,5.26995556e-315
1480,-0.7174702656308714,3.30042243e-315
1481,-0.6227973197011185,2.06556738e-315
1482,-0.3629291502714893,1.228087187e-315
1483,-0.2684819329571399,7.2966967e-316
1484,-0.6998122306867579,4.5697124e-316
1485,-0.2830417615849861,2.71510085e-316
1486,-0.6849345091716863,1.70039e-316
1487,-0.5343991416080467,1.06418805e-316
1488,-0.45556809089868383,6.3271514e-317
1489,-0.5396914301002709,3.959844e-317
1490,-0.3585648588443555,2.476679e-317
1491,-0.628278374521447,1.473458e-317
1492,-0.3652546210377631,9.215723e-318
1493,-0.6197738381872107,5.482735e-318
1494,-0.44677566005377967,3.25977e-318
1495,-0.32342046604595237,1.936797e-318
1496,-0.29966566426005853,1.149933e-318
1497,-0.314871482449875,6.8224e-319
1498,-0.6574336063281516,4.2789e-319
1499,-0.34362750706388234,2.5386e-319
1500,-0.3557913662622419,1.5049e-319
1501,-0.6149173781383304,9.446e-320
1502,-0.5832594561126514,5.9243e-320
1503,-0.40952105464168054,3.515e-320
1504,-0.5647721464773398,2.2045e-320
1505,-0.431523294682562,1.308e-320
1506,-0.5369185447670834,8.2e-321
1507,-0.45296704808938193,4.867e-321
1508,-0.38442541065848,2.885e-321
1509,-0.5833780224329106,1.81e-321
1510,-0.4121536330358256,1.07e-321
1511,-0.5606696698151074,6.7e-322
1512,-0.42204596355741,4.2e-322
1513,-0.5766459149807139,2.5e-322
1514,-0.45621434871781863,1.5e-322
1515,-0.3594745633390276,9.0e-323
1516,-0.6125152132744847,5.4e-323
1517,-0.4614657104297052,4.0e-323
1518,-0.3235954350876447,2.5e-323
1519,-0.2794333019639901,2.0e-323
1520,-0.7073843145135734,1.0e-323
1521,-0.28138857436394693,1.0e-323
1522,-0.7048064627109869,5.0e-324
1523,-0.6740187051127865,5.0e-324
1524,-0.5499639499216975,5.0e-324
1525,-0.4227190037710445,5.0e-324
1526,-0.5764422216554055,5.0e-324
1527,-0.37251931504193614,5.0e-324
1528,-0.25105992902869456,5.0e-324
1529,-0.7386066649288595,5.0e-324
1530,-0.5665876458727026,5.0e-324
1531,-0.2986827932229219,5.0e-324
1532,-0.204519986986824,5.0e-324
1533,-0.7786643285824659,5.0e-324
1534,-0.20970598459726392,5.0e-324
1535,-0.7642745805133493,5.0e-324
1536,-0.21846918219801853,5.0e-324
1537,-0.23053932455109913,5.0e-324
1538,-0.2817625837472085,5.0e-324
1539,-0.3279722199330061,5.0e-324
1540,-0.6392576953447924,5.0e-324
1541,-0.3651466491941876,5.0e-324
1542,-0.38811457237972274,5.0e-324
1543,-0.5775839420743245,5.0e-324
1544,-0.4268521267246643,5.0e-324
1545,-0.4295705411396274,5.0e-324
1546,-0.5358407100085238,5.0e-324
1547,-0.46670683615009706,5.0e-324
1548,-0.43832975413975195,5.0e-324
1549,-0.5294295965493792,5.0e-324
1550,-0.46636141974457435,5.0e-324
1551,-0.5009674678772423,5.0e-324
1552,-0.3771271435621145,5.0e-324
1553,-0.622873925970806,5.0e-324
1554,-0.34504429444339074,5.0e-324
1555,-0.6534274978802233,5.0e-324
1556,-0.3181769899163025,5.0e-324
1557,-0.24281795850754861,5.0e-324
1558,-0.25272075675366623,5.0e-324
1559,-0.28414246574924024,5.0e-324
1560,-0.7002758647674417,5.0e-324
1561,-0.7203417333968585,5.0e-324
1562,-0.26708433155600325,5.0e-324
1563,-0.28845977249241617,5.0e-324
1564,-0.31841699409444474,5.0e-324
1565,-0.34455770505128525,5.0e-324
1566,-0.36720702486294743,5.0e-324
1567,-0.6141842655508377,5.0e-324
1568,-0.6185363081201973,5.0e-324
1569,-0.6195145424937936,5.0e-324
1570,-0.3717394295869426,5.0e-324
1571,-0.609123714252348,5.0e-324
1572,-0.5944662048486882,5.0e-324
1573,-0.5641483285849415,5.0e-324
1574,-0.427001706923431,5.0e-324
1575,-0.5633530062512389,5.0e-324
1576,-0.5239731828594097,5.0e-324
1577,-0.46571095046658134,5.0e-324
1578,-0.5241684025377589,5.0e-324
1579,-0.4632157570474838,5.0e-324
1580,-0.5276468532871524,5.0e-324
1581,-0.4616052411588085,5.0e-324
1582,-0.4270625785409877,5.0e-324
1583,-0.40467344660418997,5.0e-324
1584,-0.39587437822953325,5.0e-324
1585,-0.5862382637274004,5.0e-324
1586,-0.4039645500866482,5.0e-324
1587,-0.5845153457354527,5.0e-324
1588,-0.4060942226490868,5.0e-324
1589,-0.4005077363202462,5.0e-324
1590,-0.5837371189741074,5.0e-324
1591,-0.40797031045239784,5.0e-324
1592,-0.57720897995671,5.0e-324
1593,-0.55734080684161,5.0e-324
1594,-0.43252554669592824,5.0e-324
1595,-0.5540615986329575,5.0e-324
1596,-0.43558171875891827,5.0e-324
1597,-0.5534709807775913,5.0e-324
1598,-0.5233919671180537,5.0e-324
1599,-0.49198450797763277,5.0e-324
1600,-0.46090592944407843,5.0e-324
1601,-0.5231866815588712,5.0e-324
1602,-0.4676544029245919,5.0e-324
1603,-0.5187725272567822,5.0e-324
1604,-0.4710016177524158,5.0e-324
1605,-0.44565558789153653,5.0e-324
1606,-0.4263063133676412,5.0e-324
1607,-0.4119144356154541,5.0e-324
1608,-0.577854836757245,5.0e-324
1609,-0.5658555906216699,5.0e-324
1610,-0.4226802730215805,5.0e-324
1611,-0.5662848047072393,5.0e-324
1612,-0.42309692657202547,5.0e-324
1613,-0.5667955391479124,5.0e-324
1614,-0.5496300521366891,5.0e-324
1615,-0.525797470373648,5.0e-324
1616,-0.46015918156939484,5.0e-324
1617,-0.5311396291392148,5.0e-324
1618,-0.45453845316663843,5.0e-324
1619,-0.4283467279872795,5.0e-324
1620,-0.41178671198163835,5.0e-324
1621,-0.5758299411231826,5.0e-324
1622,-0.4084282098134429,5.0e-324
1623,-0.5774752062047211,5.0e-324
1624,-0.5515810409818359,5.0e-324
1625,-0.5134778687246079,5.0e-324
1626,-0.47398499662882454,5.0e-324
1627,-0.43229983027303054,5.0e-324
1628,-0.4011092712236706,5.0e-324
1629,-0.3839142322756798,5.0e-324
1630,-0.3807334193346166,5.0e-324
1631,-0.3843774285590843,5.0e-324
1632,-0.6004619921393419,5.0e-324
1633,-0.38710720993899544,5.0e-324
1634,-0.5976942535318505,5.0e-324
1635,-0.389635158141212,5.0e-324
1636,-0.37839082777919686,5.0e-324
1637,-0.37938134765833753,5.0e-324
1638,-0.59772898586966,5.0e-324
1639,-0.5584356326711367,5.0e-324
1640,-0.42783157681286094,5.0e-324
1641,-0.553038720504345,5.0e-324
1642,-0.4761460977840167,5.0e-324
1643,-0.5073187426929268,5.0e-324
1644,-0.4741964018608118,5.0e-324
1645,-0.39024799778313596,5.0e-324
1646,-0.5623312336274879,5.0e-324
1647,-0.42268963548166955,5.0e-324
1648,-0.5303654695767712,5.0e-324
1649,-0.44921701304684886,5.0e-324
1650,-0.3098253362864629,5.0e-324
1651,-0.25681017943647727,5.0e-324
1652,-0.26018514317652075,5.0e-324
1653,-0.742441501783664,5.0e-324
1654,-0.24218698758735283,5.0e-324
1655,-0.27240524846369607,5.0e-324
1656,-0.7232705468787868,5.0e-324
1657,-0.7676999206502574,5.0e-324
1658,-0.7767006456701111,5.0e-324
1659,-0.21093006468734654,5.0e-324
1660,-0.21125505834783329,5.0e-324
1661,-0.7840916528227891,5.0e-324
1662,-0.19236041329408818,5.0e-324
1663,-0.7826337357669301,5.0e-324
1664,-0.6507641894955312,5.0e-324
1665,-0.3240809104699465,5.0e-324
1666,-0.6716191792953426,5.0e-324
1667,-0.30974857351139234,5.0e-324
1668,-0.19254301134556917,5.0e-324
1669,-0.22662979671599737,5.0e-324
1670,-0.28011628806832717,5.0e-324
1671,-0.6939648005060047,5.0e-324
1672,-0.7052515920619732,5.0e-324
1673,-0.28891958355924285,5.0e-324
1674,-0.3070380411530031,5.0e-324
1675,-0.6633147408702167,5.0e-324
1676,-0.622550623478383,5.0e-324
1677,-0.5117613129000472,5.0e-324
1678,-0.47457268067710334,5.0e-324
1679,-0.36520127146906617,5.0e-324
1680,-0.604776122322428,5.0e-324
1681,-0.3907905966424674,5.0e-324
1682,-0.3191277915431321,5.0e-324
1683,-0.6382817143246166,5.0e-324
1684,-0.3560538217006644,5.0e-324
1685,-0.2828807167461599,5.0e-324
1686,-0.26211831842808037,5.0e-324
1687,-0.7163423063119156,5.0e-324
1688,-0.6278940883338392,5.0e-324
1689,-0.3544784454835808,5.0e-324
1690,-0.610005990172545,5.0e-324
1691,-0.367621517846647,5.0e-324
1692,-0.23723054000689162,5.0e-324
1693,-0.2574938283017241,5.0e-324
1694,-0.292052743735512,5.0e-324
1695,-0.66338173051505,5.0e-324
1696,-0.3295644874660887,5.0e-324
1697,-0.32943950710555064,5.0e-324
1698,-0.34100715779583457,5.0e-324
1699,-0.6282339906523547,5.0e-324
1700,-0.5927161943934851,5.0e-324
1701,-0.5270769923469923,5.0e-324
1702,-0.46767430652181835,5.0e-324
1703,-0.5082252952123291,5.0e-324
1704,-0.4241500665513242,5.0e-324
1705,-0.5681243001188647,5.0e-324
1706,-0.42288404574044874,5.0e-324
1707,-0.5640717742355414,5.0e-324
1708,-0.49453503288601897,5.0e-324
1709,-0.4268756462306056,5.0e-324
1710,-0.5526170955269156,5.0e-324
1711,-0.43971637022580223,5.0e-324
1712,-0.5451270516184397,5.0e-324
1713,-0.44517726018010056,5.0e-324
1714,-0.5352498950415131,5.0e-324
1715,-0.4505096022560945,5.0e-324
1716,-0.5404121747447923,5.0e-324
1717,-0.46092239171953536,5.0e-324
1718,-0.5236216993205592,5.0e-324
1719,-0.4452190673197904,5.0e-324
1720,-0.5287664073278657,5.0e-324
1721,-0.47143680165564816,5.0e-324
1722,-0.5015612152393953,5.0e-324
1723,-0.4197539949466712,5.0e-324
1724,-0.5731135847902695,5.0e-324
1725,-0.3985124568003865,5.0e-324
1726,-0.3525321385019336,5.0e-324
1727,-0.6330599063820787,5.0e-324
1728,-0.3592184647853977,5.0e-324
1729,-0.35740154563425847,5.0e-324
1730,-0.6142779082848464,5.0e-324
1731,-0.37688104562717456,5.0e-324
1732,-0.6049325507577867,5.0e-324
1733,-0.38929411628973387,5.0e-324
1734,-0.5806791674121015,5.0e-324
1735,-0.5049311252797131,5.0e-324
1736,-0.4198982832206441,5.0e-324
1737,-0.3517793541912456,5.0e-324
1738,-0.32846793393950324,5.0e-324
1739,-0.3385427182422497,5.0e-324
1740,-0.623032484347374,5.0e-324
1741,-0.5613331616344225,5.0e-324
1742,-0.4734028775412989,5.0e-324
1743,-0.4074219127714785,5.0e-324
1744,-0.3777197931187771,5.0e-324
1745,-0.60891812030201,5.0e-324
1746,-0.577842901154203,5.0e-324
1747,-0.41304888820884683,5.0e-324
1748,-0.3889512663017539,5.0e-324
1749,-0.5999015444164594,5.0e-324
1750,-0.38559287964293604,5.0e-324
1751,-0.6076659917621089,5.0e-324
1752,-0.5776386439416533,5.0e-324
1753,-0.5280139083247836,5.0e-324
1754,-0.46129677586919604,5.0e-324
1755,-0.3926416554605383,5.0e-324
1756,-0.5924602760727753,5.0e-324
1757,-0.39357851592459026,5.0e-324
1758,-0.33351309332200973,5.0e-324
1759,-0.3090506813646681,5.0e-324
1760,-0.30367694489194563,5.0e-324
1761,-0.6888126869494717,5.0e-324
1762,-0.30085079796035435,5.0e-324
1763,-0.31401557370249517,5.0e-324
1764,-0.6779352122503285,5.0e-324
1765,-0.6839057056359806,5.0e-324
1766,-0.6222666259960691,5.0e-324
1767,-0.45555153810272003,5.0e-324
1768,-0.5318585843355284,5.0e-324
1769,-0.43839647129813947,5.0e-324
1770,-0.5452323048644403,5.0e-324
1771,-0.30117393095014916,5.0e-324
1772,-0.6791315002256968,5.0e-324
1773,-0.28856590815921906,5.0e-324
1774,-0.6905047859366429,5.0e-324
1775,-0.33448137237208236,5.0e-324
1776,-0.16045849271844487,5.0e-324
1777,-0.8300513788351651,5.0e-324
1778,-0.6357516539887917,5.0e-324
1779,-0.24846996862131254,5.0e-324
1780,-0.7263621258255147,5.0e-324
1781,-0.30854563976032434,5.0e-324
1782,-0.6655330569092818,5.0e-324
1783,-0.21233239567135848,5.0e-324
1784,-0.7641152392049075,5.0e-324
1785,-0.22889133221553962,5.0e-324
1786,-0.12307583926751589,5.0e-324
1787,-0.17943620521729634,5.0e-324
1788,-0.23773671612614755,5.0e-324
1789,-0.7453761131416315,5.0e-324
1790,-0.7762021574293718,5.0e-324
1791,-0.691409481687492,5.0e-324
1792,-0.2996105483840774,5.0e-324
1793,-0.20009449645584312,5.0e-324
1794,-0.21483713722668493,5.0e-324
1795,-0.25897154473008643,5.0e-324
1796,-0.7206693393893252,5.0e-324
1797,-0.262276817855098,5.0e-324
1798,-0.7133085171574063,5.0e-324
1799,-0.6507831470357551,5.0e-324
1800,-0.47385540714651364,5.0e-324
1801,-0.29919669845432617,5.0e-324
1802,-0.6832937424188539,5.0e-324
1803,-0.5216730598474435,5.0e-324
1804,-0.32368489589616706,5.0e-324
1805,-0.2444478364902022,5.0e-324
1806,-0.7135191829805451,5.0e-324
1807,-0.27631192905032087,5.0e-324
1808,-0.2464937046243642,5.0e-324
1809,-0.7400394214695265,5.0e-324
1810,-0.6385691059197498,5.0e-324
1811,-0.3610976715551656,5.0e-324
1812,-0.2393723623594829,5.0e-324
1813,-0.22327024366488735,5.0e-324
1814,-0.7635831452455328,5.0e-324
1815,-0.2161069008897072,5.0e-324
1816,-0.23677822591771178,5.0e-324
1817,-0.2772682079560823,5.0e-324
1818,-0.29188052025226235,5.0e-324
1819,-0.6910035259412388,5.0e-324
1820,-0.6477174561039379,5.0e-324
1821,-0.33351011437725836,5.0e-324
1822,-0.2860379366755273,5.0e-324
1823,-0.6942767945068413,5.0e-324
1824,-0.2879749518355716,5.0e-324
1825,-0.2632543068910134,5.0e-324
1826,-0.27141356569381164,5.0e-324
1827,-0.7070548687298935,5.0e-324
1828,-0.6778423753835304,5.0e-324
1829,-0.3038689316222243,5.0e-324
1830,-0.2678936001239652,5.0e-324
1831,-0.27784061813382505,5.0e-324
1832,-0.7068569674396682,5.0e-324
1833,-0.2843634022828287,5.0e-324
1834,-0.697312516012026,5.0e-324
1835,-0.6682678167297817,5.0e-324
1836,-0.3110960040929945,5.0e-324
1837,-0.2855013985891945,5.0e-324
1838,-0.6881867587077971,5.0e-324
1839,-0.6060784071097842,5.0e-324
1840,-0.3657835845522841,5.0e-324
1841,-0.6194847666843822,5.0e-324
1842,-0.46985602899007095,5.0e-324
1843,-0.5054033039706792,5.0e-324
1844,-0.4708997252364232,5.0e-324
1845,-0.33042985591647267,5.0e-324
1846,-0.6473769928499414,5.0e-324
1847,-0.3538343417823075,5.0e-324
1848,-0.28118182987801743,5.0e-324
1849,-0.2804310163137676,5.0e-324
1850,-0.7001483598055676,5.0e-324
1851,-0.698600963506666,5.0e-324
1852,-0.6453920955823046,5.0e-324
1853,-0.3441655101446385,5.0e-324
1854,-0.6339288677025943,5.0e-324
1855,-0.4780828427370391,5.0e-324
1856,-0.507041293639763,5.0e-324
1857,-0.371737264106898,5.0e-324
1858,-0.6180980532924258,5.0e-324
1859,-0.5218817070376002,5.0e-324
1860,-0.42388537704511653,5.0e-324
1861,-0.5588415118915644,5.0e-324
1862,-0.43761929128943033,5.0e-324
1863,-0.5422388946750825,5.0e-324
1864,-0.4539860099038464,5.0e-324
1865,-0.3680172035009625,5.0e-324
1866,-0.6217390746000061,5.0e-324
1867,-0.36622319860385666,5.0e-324
1868,-0.3313993351825216,5.0e-324
1869,-0.321092760727372,5.0e-324
1870,-0.32670379219334633,5.0e-324
1871,-0.3363402485688759,5.0e-324
1872,-0.3452480132571066,5.0e-324
1873,-0.6409023201786709,5.0e-324
1874,-0.6326098570088862,5.0e-324
1875,-0.5925391405389042,5.0e-324
1876,-0.38181221363895135,5.0e-324
1877,-0.3210443929537754,5.0e-324
1878,-0.2980687990050615,5.0e-324
1879,-0.6790480474732784,5.0e-324
1880,-0.6054910012751598,5.0e-324
1881,-0.44466037691942756,5.0e-324
1882,-0.5433201841986295,5.0e-324
1883,-0.434329736199085,5.0e-324
1884,-0.5121060882892765,5.0e-324
1885,-0.2907914664626216,5.0e-324
1886,-0.22127118314769215,5.0e-324
1887,-0.7423489923492976,5.0e-324
1888,-0.24359452210899876,5.0e-324
1889,-0.7006308435423504,5.0e-324
1890,-0.2801675621430546,5.0e-324
1891,-0.6642893079836376,5.0e-324
1892,-0.31435958210355985,5.0e-324
1893,-0.6669578013423698,5.0e-324
1894,-0.35098416867436727,5.0e-324
1895,-0.5881794376241579,5.0e-324
1896,-0.25674643299545813,5.0e-324
1897,-0.7017416733259063,5.0e-324
1898,-0.2769074602436106,5.0e-324
1899,-0.1500245774593327,5.0e-324
1900,-0.19507200521010623,5.0e-324
1901,-0.23044518986208684,5.0e-324
1902,-0.27378434395967594,5.0e-324
1903,-0.7205717222808637,5.0e-324
1904,-0.7163100531381409,5.0e-324
1905,-0.5928282040686901,5.0e-324
1906,-0.40235905376146297,5.0e-324
1907,-0.24544197852727095,5.0e-324
1908,-0.7442714689877424,5.0e-324
1909,-0.4728196012592387,5.0e-324
1910,-0.2120653839787073,5.0e-324
1911,-0.793188433516778,5.0e-324
1912,-0.19651650172570026,5.0e-324
1913,-0.8072722519942644,5.0e-324
1914,-0.1758818313322359,5.0e-324
1915,-0.7777092073941578,5.0e-324
1916,-0.5004442155413008,5.0e-324
1917,-0.20811731159183297,5.0e-324
1918,-0.18797253607716616,5.0e-324
1919,-0.8131125273308711,5.0e-324
1920,-0.1867973734830754,5.0e-324
1921,-0.2291271909098672,5.0e-324
1922,-0.7463563314200796,5.0e-324
1923,-0.7453864061744568,5.0e-324
1924,-0.6026993106548763,5.0e-324
1925,-0.3518518188016767,5.0e-324
1926,-0.23652998662935024,5.0e-324
1927,-0.24898418451363893,5.0e-324
1928,-0.27845183514580185,5.0e-324
1929,-0.7165717122599424,5.0e-324
1930,-0.27056485116123663,5.0e-324
1931,-0.309381423498552,5.0e-324
1932,-0.6764117245019693,5.0e-324
1933,-0.6966025972141591,5.0e-324
1934,-0.29212066385024665,5.0e-324
1935,-0.6912670078931574,5.0e-324
1936,-0.29600417357535785,5.0e-324
1937,-0.682373009211099,5.0e-324
1938,-0.3027797132853547,5.0e-324
1939,-0.6818280382974373,5.0e-324
1940,-0.557265241237669,5.0e-324
1941,-0.4306276321629339,5.0e-324
1942,-0.2928330693959762,5.0e-324
1943,-0.6870350050891831,5.0e-324
1944,-0.4956035067405691,5.0e-324
1945,-0.29331268924915405,5.0e-324
1946,-0.70868356540986,5.0e-324
1947,-0.27822606534922,5.0e-324
1948,-0.2515189679727486,5.0e-324
1949,-0.2836030447613416,5.0e-324
1950,-0.6941822197437375,5.0e-324
1951,-0.3062766653022096,5.0e-324
1952,-0.33567358732213076,5.0e-324
1953,-0.3542046471178869,5.0e-324
1954,-0.37049908405958965,5.0e-324
1955,-0.3796330347632457,5.0e-324
1956,-0.6080013370240039,5.0e-324
1957,-0.37829423821534397,5.0e-324
1958,-0.6051584738263461,5.0e-324
1959,-0.3789450846436553,5.0e-324
1960,-0.6044411226534914,5.0e-324
1961,-0.5747738242495575,5.0e-324
1962,-0.41563916516604626,5.0e-324
1963,-0.5708746132504359,5.0e-324
1964,-0.4171900266262556,5.0e-324
1965,-0.38114781693842986,5.0e-324
1966,-0.3620197080552386,5.0e-324
1967,-0.3590399480378901,5.0e-324
1968,-0.3617727073389945,5.0e-324
1969,-0.6264334114896227,5.0e-324
1970,-0.6152525621010295,5.0e-324
1971,-0.5742111998428875,5.0e-324
1972,-0.49974455772195514,5.0e-324
1973,-0.4927363586865029,5.0e-324
1974,-0.4842674333252186,5.0e-324
1975,-0.38622747107451094,5.0e-324
1976,-0.33259099818843074,5.0e-324
1977,-0.3238909919697179,5.0e-324
1978,-0.6648735522835815,5.0e-324
1979,-0.32368829734492294,5.0e-324
1980,-0.33677867763624403,5.0e-324
1981,-0.3560423288231275,5.0e-324
1982,-0.628976864100997,5.0e-324
1983,-0.637645527530784,5.0e-324
1984,-0.6411761116785437,5.0e-324
1985,-0.3499859900066487,5.0e-324
1986,-0.6381989841685901,5.0e-324
1987,-0.35171664744459336,5.0e-324
1988,-0.3573499181852213,5.0e-324
1989,-0.3655455136774175,5.0e-324
1990,-0.6190904306608986,5.0e-324
1991,-0.6091180392625731,5.0e-324
1992,-0.5796833415724593,5.0e-324
1993,-0.41324963797129416,5.0e-324
1994,-0.38780880370796683,5.0e-324
1995,-0.5943971205249834,5.0e-324
1996,-0.5481464234650788,5.0e-324
1997,-0.4819862643918635,5.0e-324
1998,-0.5110985416583954,5.0e-324
1999,-0.4495148222875083,5.0e-324
2000,-0.39844645677229035,5.0e-324
2001,-0.3701418398393588,5.0e-324
2002,-0.6174355513635239,5.0e-324
2003,-0.5786571160201501,5.0e-324
2004,-0.5034023901144263,5.0e-324
2005,-0.4882459435427388,5.0e-324
2006,-0.4938854369392932,5.0e-324
2007,-0.4091059966192633,5.0e-324
2008,-0.36357253116857524,5.0e-324
2009,-0.6245768180130528,5.0e-324
2010,-0.3640434605255313,5.0e-324
2011,-0.35554638700390834,5.0e-324
2012,-0.3627986784331353,5.0e-324
2013,-0.37517607145741455,5.0e-324
2014,-0.6090149212207497,5.0e-324
2015,-0.38307097467856677,5.0e-324
2016,-0.39466453686061015,5.0e-324
2017,-0.5864617381825955,5.0e-324
2018,-0.5836542885827459,5.0e-324
2019,-0.4096885600122427,5.0e-324
2020,-0.41668744920746253,5.0e-324
2021,-0.5659576155850539,5.0e-324
2022,-0.5598914667881084,5.0e-324
2023,-0.5519596261802157,5.0e-324
2024,-0.440648750922336,5.0e-324
2025,-0.5430420097563151,5.0e-324
2026,-0.4492796164419933,5.0e-324
2027,-0.534385750783663,5.0e-324
2028,-0.5232119902151414,5.0e-324
2029,-0.46760224964118796,5.0e-324
2030,-0.5187141920261966,5.0e-324
2031,-0.47091585937791625,5.0e-324
2032,-0.46530621996624494,5.0e-324
2033,-0.46305179486968095,5.0e-324
2034,-0.46225940680249117,5.0e-324
2035,-0.4620617445565834,5.0e-324
2036,-0.513639947322194,5.0e-324
2037,-0.48938065399006386,5.0e-324
2038,-0.5069933986453881,5.0e-324
2039,-0.499865906100019,5.0e-324
2040,-0.47590489159444527,5.0e-324
2041,-0.523331289124196,5.0e-324
2042,-0.5091260691567919,5.0e-324
2043,-0.4921713840643452,5.0e-324
2044,-0.47868141596656183,5.0e-324
2045,-0.5231340596682079,5.0e-324
2046,-0.4765528600391645,5.0e-324
2047,-0.4178502469157021,5.0e-324
2048,-0.366998014347753,5.0e-324
2049,-0.6167913549235767,5.0e-324
2050,-0.5219536467577455,5.0e-324
2051,-0.4659121981990953,5.0e-324
2052,-0.5118353315612373,5.0e-324
2053,-0.4778904883970691,5.0e-324
2054,-0.3141461151892819,5.0e-324
2055,-0.25126483527876625,5.0e-324
2056,-0.25430237401652794,5.0e-324
2057,-0.2731801220443657,5.0e-324
2058,-0.2966146835411018,5.0e-324
2059,-0.6931153102028152,5.0e-324
2060,-0.7220783251557312,5.0e-324
2061,-0.2622465455681715,5.0e-324
2062,-0.73242386569392,5.0e-324
2063,-0.2458036782323196,5.0e-324
2064,-0.2791855493214125,5.0e-324
2065,-0.7050183073536299,5.0e-324
2066,-0.7359510004035886,5.0e-324
2067,-0.7541296104447722,5.0e-324
2068,-0.6861341090770383,5.0e-324
2069,-0.29629793322229936,5.0e-324
2070,-0.6950328625991804,5.0e-324
2071,-0.43225914531149745,5.0e-324
2072,-0.5519821188319062,5.0e-324
2073,-0.26447536599219595,5.0e-324
2074,-0.19445791076135713,5.0e-324
2075,-0.232763109019239,5.0e-324
2076,-0.7537486325960235,5.0e-324
2077,-0.23392268834812638,5.0e-324
2078,-0.7533224423448281,5.0e-324
2079,-0.23441189279942273,5.0e-324
2080,-0.752607125135549,5.0e-324
2081,-0.23096707642405048,5.0e-324
2082,-0.7607877726159167,5.0e-324
2083,-0.7795659075070885,5.0e-324
2084,-0.2023553543283852,5.0e-324
2085,-0.2198992689806344,5.0e-324
2086,-0.7655922462237554,5.0e-324
2087,-0.7794635793076363,5.0e-324
2088,-0.6331092081280505,5.0e-324
2089,-0.349909444050431,5.0e-324
2090,-0.19880590703861356,5.0e-324
2091,-0.7890373490354117,5.0e-324
2092,-0.19697265321687765,5.0e-324
2093,-0.7913361586332236,5.0e-324
2094,-0.19496482295993303,5.0e-324
2095,-0.21275118343438804,5.0e-324
2096,-0.2623710676027829,5.0e-324
2097,-0.7160187282690448,5.0e-324
2098,-0.7305368101970781,5.0e-324
2099,-0.2608243320386872,5.0e-324
2100,-0.2803629297042557,5.0e-324
2101,-0.7035586520809617,5.0e-324
2102,-0.2868982526304254,5.0e-324
2103,-0.30601359940850775,5.0e-324
2104,-0.3286818805579002,5.0e-324
2105,-0.34716962214388364,5.0e-324
2106,-0.3600830098471863,5.0e-324
2107,-0.6290169933134224,5.0e-324
2108,-0.6401034887609778,5.0e-324
2109,-0.347524053780754,5.0e-324
2110,-0.6395447906483908,5.0e-324
2111,-0.6351173020715151,5.0e-324
2112,-0.6138086545352263,5.0e-324
2113,-0.5613687333079777,5.0e-324
2114,-0.4734368888270919,5.0e-324
2115,-0.3924932457854547,5.0e-324
2116,-0.5953587608020405,5.0e-324
2117,-0.5147299549994834,5.0e-324
2118,-0.42188161998771684,5.0e-324
2119,-0.36099832896564366,5.0e-324
2120,-0.3421249360909038,5.0e-324
2121,-0.64502678327992,5.0e-324
2122,-0.6191019279642698,5.0e-324
2123,-0.5538880053253539,5.0e-324
2124,-0.43378480860877744,5.0e-324
2125,-0.5551395787472657,5.0e-324
2126,-0.4322230355833334,5.0e-324
2127,-0.3610865295384589,5.0e-324
2128,-0.33299673146331105,5.0e-324
2129,-0.33409360332799204,5.0e-324
2130,-0.6521457510612165,5.0e-324
2131,-0.6452553481858654,5.0e-324
2132,-0.6064319615581524,5.0e-324
2133,-0.377431081941654,5.0e-324
2134,-0.33776480454323454,5.0e-324
2135,-0.647092314046274,5.0e-324
2136,-0.6001340114205669,5.0e-324
2137,-0.384952134491964,5.0e-324
2138,-0.6004066353583691,5.0e-324
2139,-0.39220489869723996,5.0e-324
2140,-0.5919420520070485,5.0e-324
2141,-0.494855394721889,5.0e-324
2142,-0.4014738088189798,5.0e-324
2143,-0.5855712728496942,5.0e-324
2144,-0.4932607767407849,5.0e-324
2145,-0.491925487004643,5.0e-324
2146,-0.49860320615298315,5.0e-324
2147,-0.485804508824512,5.0e-324
2148,-0.3897540289111902,5.0e-324
2149,-0.3369734187786423,5.0e-324
2150,-0.6491717950796448,5.0e-324
2151,-0.34197004557734484,5.0e-324
2152,-0.6433725025475656,5.0e-324
2153,-0.3477406059458714,5.0e-324
2154,-0.6372502325525586,5.0e-324
2155,-0.5785181741776073,5.0e-324
2156,-0.47934244752589006,5.0e-324
2157,-0.38978511435660124,5.0e-324
2158,-0.5983712977769279,5.0e-324
2159,-0.5102349460662403,5.0e-324
2160,-0.4124449590588738,5.0e-324
2161,-0.34925054970363595,5.0e-324
2162,-0.6352985712067033,5.0e-324
2163,-0.3615726117313948,5.0e-324
2164,-0.33498134102228333,5.0e-324
2165,-0.6512412975648172,5.0e-324
2166,-0.3310369129127699,5.0e-324
2167,-0.6523206045713547,5.0e-324
2168,-0.34627026500635655,5.0e-324
2169,-0.6330214531044547,5.0e-324
2170,-0.5638241293531083,5.0e-324
2171,-0.4243189055681022,5.0e-324
2172,-0.36341730995544386,5.0e-324
2173,-0.3325361775760985,5.0e-324
2174,-0.3327679969099739,5.0e-324
2175,-0.6466931355058694,5.0e-324
2176,-0.6109135916150301,5.0e-324
2177,-0.5282482920822039,5.0e-324
2178,-0.41837738232161875,5.0e-324
2179,-0.35401418627363884,5.0e-324
2180,-0.6264398160408883,5.0e-324
2181,-0.5542615006934419,5.0e-324
2182,-0.43439302620835674,5.0e-324
2183,-0.5476832659335407,5.0e-324
2184,-0.4476574479581851,5.0e-324
2185,-0.3747859800168762,5.0e-324
2186,-0.5941208811810847,5.0e-324
2187,-0.4790237398491559,5.0e-324
2188,-0.5135227409423015,5.0e-324
2189,-0.4043334661066365,5.0e-324
2190,-0.34047917689689805,5.0e-324
2191,-0.6396657866655557,5.0e-324
2192,-0.5458067446817579,5.0e-324
2193,-0.42167886860509196,5.0e-324
2194,-0.5698372237968934,5.0e-324
2195,-0.45080034269270325,5.0e-324
2196,-0.5353685234117568,5.0e-324
2197,-0.40184650470555794,5.0e-324
2198,-0.32935597192220023,5.0e-324
2199,-0.31615323997461914,5.0e-324
2200,-0.33714885143453616,5.0e-324
2201,-0.3626684561528498,5.0e-324
2202,-0.3857961483740586,5.0e-324
2203,-0.40473838644159515,5.0e-324
2204,-0.5641328965088794,5.0e-324
2205,-0.4336656191091039,5.0e-324
2206,-0.4253707724119445,5.0e-324
2207,-0.5452709914636616,5.0e-324
2208,-0.48398148423230686,5.0e-324
2209,-0.42654434194787794,5.0e-324
2210,-0.573183430145667,5.0e-324
2211,-0.545380291448571,5.0e-324
2212,-0.5041785071801909,5.0e-324
2213,-0.4695628909793433,5.0e-324
2214,-0.3932922400318608,5.0e-324
2215,-0.6044663004215315,5.0e-324
2216,-0.36664069395983556,5.0e-324
2217,-0.6265900919892036,5.0e-324
2218,-0.3488623242199386,5.0e-324
2219,-0.6539273297660638,5.0e-324
2220,-0.3224935467149202,5.0e-324
2221,-0.2760003374379225,5.0e-324
2222,-0.28334364496640857,5.0e-324
2223,-0.7003863328815477,5.0e-324
2224,-0.7078523790515558,5.0e-324
2225,-0.6522470875011599,5.0e-324
2226,-0.4786905859365054,5.0e-324
2227,-0.3007560657291007,5.0e-324
2228,-0.25124846520776506,5.0e-324
2229,-0.7326631697119023,5.0e-324
2230,-0.6667724773684913,5.0e-324
2231,-0.3224498530981785,5.0e-324
2232,-0.6582202521896391,5.0e-324
2233,-0.4394573059771015,5.0e-324
2234,-0.2651527490523159,5.0e-324
2235,-0.7272109877497895,5.0e-324
2236,-0.5478166200596137,5.0e-324
2237,-0.4349535749244061,5.0e-324
2238,-0.557697483579062,5.0e-324
2239,-0.3045938625443,5.0e-324
2240,-0.6823210107362331,5.0e-324
2241,-0.4135701118275404,5.0e-324
2242,-0.233610259530111,5.0e-324
2243,-0.750909532108989,5.0e-324
2244,-0.24289903109701688,5.0e-324
2245,-0.7411303814311502,5.0e-324
2246,-0.251766467491673,5.0e-324
2247,-0.731744195042073,5.0e-324
2248,-0.6185796049684361,5.0e-324
2249,-0.41130503480006014,5.0e-324
2250,-0.5667752768690465,5.0e-324
2251,-0.42693983684315456,5.0e-324
2252,-0.2807999128316197,5.0e-324
2253,-0.701847775628916,5.0e-324
2254,-0.5161803444356625,5.0e-324
2255,-0.4754930755101486,5.0e-324
2256,-0.2890329492513777,5.0e-324
2257,-0.6888871413022619,5.0e-324
2258,-0.4628698353592693,5.0e-324
2259,-0.2704842632943606,5.0e-324
2260,-0.2419454087439209,5.0e-324
2261,-0.2733016478401808,5.0e-324
2262,-0.7067253277815334,5.0e-324
2263,-0.7104271198374642,5.0e-324
2264,-0.28084848737873264,5.0e-324
2265,-0.6916143948616233,5.0e-324
2266,-0.3001085809615948,5.0e-324
2267,-0.2828900657773618,5.0e-324
2268,-0.30085711721709274,5.0e-324
2269,-0.6725021817634709,5.0e-324
2270,-0.31697385608913703,5.0e-324
2271,-0.6653383450918139,5.0e-324
2272,-0.610856492478941,5.0e-324
2273,-0.49525787775738445,5.0e-324
2274,-0.4968611975146133,5.0e-324
2275,-0.3794430365138583,5.0e-324
2276,-0.32075827848833566,5.0e-324
2277,-0.6717866276955466,5.0e-324
2278,-0.5811892242321934,5.0e-324
2279,-0.4121448902547928,5.0e-324
2280,-0.5694467304012661,5.0e-324
2281,-0.4147031434330488,5.0e-324
2282,-0.31595167108296224,5.0e-324
2283,-0.6708399737633461,5.0e-324
2284,-0.3192810125486782,5.0e-324
2285,-0.3045829183332991,5.0e-324
2286,-0.3175171441132817,5.0e-324
2287,-0.6683710868573519,5.0e-324
2288,-0.6774226942753832,5.0e-324
2289,-0.6643418488254278,5.0e-324
2290,-0.32836575919050304,5.0e-324
2291,-0.6601074640565019,5.0e-324
2292,-0.3295252132543758,5.0e-324
2293,-0.32234959473857405,5.0e-324
2294,-0.6619220728327025,5.0e-324
2295,-0.6428486433918423,5.0e-324
2296,-0.5765033129137022,5.0e-324
2297,-0.4680083812249813,5.0e-324
2298,-0.5170715120454359,5.0e-324
2299,-0.403098739974764,5.0e-324
2300,-0.5838149361445709,5.0e-324
2301,-0.4676155479773949,5.0e-324
2302,-0.5274128322135652,5.0e-324
2303,-0.46281236103554757,5.0e-324
2304,-0.5314958980183222,5.0e-324
2305,-0.4289573326861205,5.0e-324
2306,-0.5578176889738451,5.0e-324
2307,-0.45522890695763346,5.0e-324
2308,-0.534794102011936,5.0e-324
2309,-0.45375927579965564,5.0e-324
2310,-0.37057445510156956,5.0e-324
2311,-0.3357218163329723,5.0e-324
2312,-0.6579348666866863,5.0e-324
2313,-0.3253532203174678,5.0e-324
2314,-0.321166565641896,5.0e-324
2315,-0.33345192398586454,5.0e-324
2316,-0.6571364336239198,5.0e-324
2317,-0.3277725668509483,5.0e-324
2318,-0.661522791593048,5.0e-324
2319,-0.3221393276774409,5.0e-324
2320,-0.3240933700407729,5.0e-324
2321,-0.3338359653887964,5.0e-324
2322,-0.6550325346554404,5.0e-324
2323,-0.6538481235372459,5.0e-324
2324,-0.6148618767171478,5.0e-324
2325,-0.3601276693336763,5.0e-324
2326,-0.30741539146342234,5.0e-324
2327,-0.2982372255921983,5.0e-324
2328,-0.6900069789967375,5.0e-324
2329,-0.2926035553162086,5.0e-324
2330,-0.6902888652032036,5.0e-324
2331,-0.28320718856385924,5.0e-324
2332,-0.2721501703512226,5.0e-324
2333,-0.7098286072904276,5.0e-324
2334,-0.2709775106887554,5.0e-324
2335,-0.27509995923680164,5.0e-324
2336,-0.7033926088489377,5.0e-324
2337,-0.6582691314079369,5.0e-324
2338,-0.3256840147062467,5.0e-324
2339,-0.6531286247373058,5.0e-324
2340,-0.3308044701669733,5.0e-324
2341,-0.2593937523780718,5.0e-324
2342,-0.7101154189748097,5.0e-324
2343,-0.2750952037499877,5.0e-324
2344,-0.6979046190497058,5.0e-324
2345,-0.2911331427824893,5.0e-324
2346,-0.675358956009977,5.0e-324
2347,-0.31047888663736817,5.0e-324
2348,-0.22973605086032448,5.0e-324
2349,-0.7431273636160823,5.0e-324
2350,-0.24502496689529826,5.0e-324
2351,-0.7223457870017838,5.0e-324
2352,-0.5424523823554013,5.0e-324
2353,-0.44284241171943883,5.0e-324
