t,lambda,delta_s
1,-0.2758980502252496,1.234983802965105
2,0.29603325466871394,1.2027680680251953
3,0.6755362979656677,1.289355072832265
4,0.496730606172672,1.2466883138340081
5,0.10451348825311009,1.2671292784586046
6,0.4774797426278541,1.2832709780293317
7,0.28688169524163765,1.187706454369562
8,-0.13086024608060012,1.1374272566683727
9,0.4313080293046492,0.9944816094408202
10,0.14157286724372647,0.8858771168526777
11,0.14377689253400366,1.1123290871359879
12,0.23596394540365717,1.1050279862672354
13,0.6347231111546722,1.3488151698330793
14,0.5622305439681712,1.2720736902544263
15,0.5678173974662111,1.2904487333686008
16,0.48307216951806936,1.2716947443372897
17,0.567362281104812,1.1999671506723188
18,0.5714152550333842,1.3220541427723698
19,0.5736745258006286,1.247022147934739
20,0.28574361942794047,1.0515746616015815
21,0.36261921370963324,1.0218587997753519
22,0.6164206225737038,1.1583590219980022
23,0.3827494311818901,1.2619654202690334
24,0.23605280750418142,1.248638979736674
25,0.31351972504252257,1.12768475326968
26,0.26798154519548384,1.03837306944505
27,0.3585045593869303,1.0397645766502364
28,0.2911788143607918,1.1636974136529543
29,0.2978107989413211,1.1138459244108665
30,0.5675161515650418,1.0311855718869107
31,0.6556037895395895,1.2327780427267272
32,0.6047161606650621,1.31271020541732
33,0.7063461310702457,1.39182393570822
34,0.26276161794274505,1.2728087849465928
35,0.1283536654632701,1.2486469102653563
36,0.7340531910346425,1.2100296559455832
37,0.8496347066528034,1.2427041102584366
38,0.25204292782298443,1.146459034835959
39,0.5297354459591826,1.0605630719320884
40,0.2720280189986164,1.1348747194965034
41,0.6488442707184817,1.3166143105763766
42,0.42637211001922765,1.2896997227042886
43,0.694196629277782,1.1704892627981502
44,0.6283700620848356,1.1609346071051891
45,0.4565977275421584,1.0738532744801486
46,0.5417988932217741,1.0643878749888194
47,0.4055723512566875,1.0811111464100576
48,0.9160278805112515,1.0891242048772514
49,0.07878707017633495,1.118771716724603
50,0.3522310344550244,1.1160655076197397
51,0.12774441111118476,1.115108398193576
52,0.4456064541320637,1.1168142612556464
53,0.5380328082053237,1.0315923787049401
54,0.39007365209502814,1.1554565165622706
55,0.48290276938483734,1.0000342550372425
56,0.4928675790855756,1.1005091545036274
57,0.37481315746392707,1.1674301420785778
58,0.464374857927124,1.1589535989106636
59,0.3037469370795014,1.1676389895204236
60,0.33131815164994866,1.1209485713578193
61,0.280327221874033,0.9490286225273159
62,0.6073839031302393,1.0832799064614538
63,0.18368377457910198,0.9568763346101303
64,0.20328759689442227,0.938005737643502
65,0.26308254009345444,1.0764569714911298
66,0.14631403190356848,0.8487270509565954
67,0.23146262915908672,0.8476286210908967
68,0.12079543926664468,0.7149900440042776
69,0.11101854734741388,0.662225936482115
70,0.008605336771091805,0.6510342546285435
71,0.5805027641358749,0.8147304465405075
72,0.26203336774976205,0.7687353207277228
73,0.55349300123609,0.9535657361494745
74,0.21550375419760576,0.8376862830174184
75,0.2769324240208543,0.8396635135709298
76,0.4888848643149299,0.9500656676536826
77,0.37363619014231275,0.797959185414384
78,0.4687947842581825,0.9435435300262573
79,0.6674609450022965,1.0388138698970786
80,0.2924175863312915,1.0495950943896026
81,0.08049626883283029,0.9764197018779978
82,0.17724906917476468,1.021424525269688
83,0.5479391081465484,1.1234368711108271
84,0.31832811559069096,1.0691180159219387
85,0.6070162732054101,1.0809941945066828
86,0.18747265633217047,0.8780772095259912
87,0.33843322864031783,1.0137414786471228
88,0.38900468483413847,0.9308855779143779
89,0.14407386705477526,0.8633013930426283
90,0.4082845073684042,1.0137762376620107
91,0.16365495748440284,1.051249668725723
92,0.4971160328006426,1.2380784875474553
93,0.3508251466316475,1.1632465362306765
94,0.31103465734733043,1.1449494346970328
95,0.3863718285471412,1.230139461106641
96,0.7120352562148909,1.149469412071397
97,0.21042375730386315,1.0910723456296794
98,0.3978975032201723,1.2070544166233166
99,0.34510274947733777,1.2044359243048037
100,0.3989314760579133,1.1837709354606725
101,0.42006952068854164,1.0947603003694708
102,0.12315270349255067,1.1338326112615713
103,0.48413463303103166,1.1125090757551095
104,0.6520159688814444,1.1811085063537687
105,0.28285145270414386,1.0433951576673002
106,0.3870085228267981,1.1474459743751901
107,0.7854281905736726,1.2476768528214839
108,0.8063771595389293,1.2418137415148667
109,0.9186109517483738,1.1445266627480364
110,0.3705477508732687,1.2298628200365684
111,0.38437357591807425,1.2271033679287708
112,0.47902684520108907,1.203760898450649
113,0.4841279447903837,1.1984556193703686
114,0.5247801148312977,1.0720210109296975
115,0.4451622466295147,1.0755448755318966
116,0.5159779351571647,1.2060785200676032
117,0.6023913033392067,1.0648414179478651
118,0.18946181684334945,0.9976027157702463
119,0.6251151080521551,1.0822355798788927
120,0.2906733470538497,1.1339627691054566
121,0.5564176407311179,1.2638082019324468
122,0.4752925104672496,1.2287742882617645
123,0.26115986733026464,1.1700631101642296
124,0.5679123027751984,1.1666857133012518
125,0.3322242540023175,1.2302293874717192
126,0.4957891315766806,1.070793382405685
127,0.6799818962674771,1.075243759776493
128,0.469867524441104,0.9741409502290447
129,0.5069533338074006,1.1037523327120884
130,0.2121284797514759,1.2193100292200745
131,0.09275192682133981,1.0888228650478062
132,0.21100116831393775,1.0973431080498828
133,0.561399663678902,1.1284932794561204
134,0.4775329304565322,1.0970582838353253
135,0.5139959098592453,1.0817690351366545
136,0.07507421713897738,1.113754580593161
137,0.4998291899656091,1.1330669331525485
138,0.3119140207059359,1.1166242736558294
139,0.3294788961222598,1.1558980028320185
140,0.32321855969495267,1.1578166307293896
141,0.31637680202278523,1.1248116657595504
142,0.4102527332170511,1.0025630630664653
143,0.44610275916812364,1.14249398452221
144,0.41940768759008445,1.235638546557425
145,0.35162295823717854,1.0588404336664918
146,0.4680077275383683,1.0778365030666675
147,0.3023253357815335,1.1877501643723547
148,0.5385619466567981,1.1189917228334656
149,0.7324615810560964,1.1671099451806488
150,0.3643251756121416,1.0957734196142066
151,0.5984477299273889,0.9991823747017794
152,0.29273503545880347,1.031166229116904
153,0.11896947115187512,0.9562450252592634
154,0.2956782307863032,1.083941569758283
155,0.33280793440742445,1.0123601562804823
156,0.20701619883780084,1.033597937956718
157,0.587286463222675,1.1065656097465206
158,0.41378151669830443,1.2331019567916175
159,0.46782306568156984,1.2519666638458293
160,0.7216535749944522,1.256084920767734
161,0.5348556494719665,1.1738975701564678
162,0.12461449608054513,1.0681492196772941
163,0.5154337798912872,1.0973084524995125
164,0.4818145732289657,0.9603887050928063
165,-0.003530061509101293,0.9518838588219544
166,0.3939499659563068,1.0641563226184347
167,0.3424847344010912,0.979471389625808
168,0.13501234255865846,0.9738559581569373
169,0.20109217606632643,0.9441253773961834
170,0.11291857735246127,0.9703572796741599
171,0.6673731446060501,1.087138542070917
172,0.3842531820810881,1.099576152895116
173,0.25892165161460656,0.9898371556956601
174,0.18692426478229168,1.0952267909179005
175,0.4390767796926737,1.136999670358306
176,0.6088221356931562,1.0317586776704657
177,0.11624444452561937,1.1940650275045572
178,0.3626595814746911,1.140077191488122
179,0.3586480655716469,1.258908170715508
180,0.5071192161373511,1.2080281498503913
181,0.32512218997271874,1.2344242965972163
182,0.5997542065561853,1.199436765230934
183,0.3617570108906224,1.077580499118468
184,0.8260385755019989,1.136909297893995
185,0.4327248319470103,1.1715109185439274
186,0.3814252361314164,1.0251934063625552
187,0.35315886633022947,1.04301622523277
188,0.3764843316546289,1.073699980072693
189,0.34137601826445424,1.0278457338001792
190,0.5484173807803224,1.1780238576239495
191,0.16741368301093065,1.13026741884199
192,0.36228761732631665,1.1550305504159595
193,0.29944472825456825,1.2291960477250263
194,0.30151145457301676,1.2862798349591185
195,0.37106862444981203,1.1572925536666097
196,0.29813499144406247,1.019475657397438
197,0.412612601296851,1.0019401560774197
198,0.17001084590368332,1.0487583045028586
199,0.2291062218804868,1.0878886365543547
200,0.3450731610232253,1.0770203111498569
201,0.44532058282311204,1.1327167604188575
202,0.7350439109847104,1.143556595598152
203,0.26414874504777547,1.160046778409062
204,0.4109563251968216,1.2471358562542691
205,0.4847141397036803,1.2600149291753535
206,0.4808704019519384,1.2210146413826501
207,0.42682052852079644,1.1889789361283174
208,-0.0772535197394606,1.0713983888008374
209,0.21660966661194836,1.1390073167047812
210,0.3534848311735847,1.0430717151369906
211,0.5158879799927742,1.1404706224309815
212,0.4767481870786271,1.0241577972404312
213,0.4301021411622889,1.0176297913277657
214,0.342581593428389,1.0552707719432615
215,0.518966701547007,0.9782738114040649
216,0.4313358678890221,1.0120709633555516
217,0.39847998052872147,0.9473311966392437
218,0.23874512272502302,0.8459069648697416
219,-0.0734580101286319,0.9046031513230166
220,0.1518593902718445,0.8337976040479316
221,0.48971482088314033,1.0037730662639606
222,0.07182946890044085,1.0065027698211906
223,0.3951631249536059,1.0626199397864684
224,0.5600797169226678,1.1390811393005833
225,0.41514397005058373,1.0991371079833738
226,0.2844566052054171,0.9951780818422052
227,0.20924500623627434,1.0443267897176682
228,0.6580725832534771,1.0528624417735566
229,0.5933067412285146,1.095470432702974
230,0.40957374423234594,0.9378382530223295
231,0.18048425060784595,0.9621444676616048
232,0.4522010357211909,1.0117686169880684
233,0.3524622625689772,1.1448416270132273
234,0.4314778331202674,1.2017430399052635
235,0.2739521168663852,1.0959072642133005
236,0.5324390864952129,1.1379483199655864
237,0.47106511718958555,1.1635343034016337
238,0.6426302717772219,1.2284482031976864
239,0.5707687380159954,1.2006886754730508
240,0.353741621885582,1.1869310988577337
241,0.1032685316834174,1.051505090290132
242,0.5413566450729205,1.027801327888781
243,0.43175525143476123,1.0964130211345762
244,0.4363597729900048,1.2361770809926895
245,0.666475286046782,1.3590156397780453
246,0.4567893734695865,1.3216549436249636
247,0.6583561029354115,1.2553585100274933
248,0.6337983007844332,1.027735018054486
249,0.37528324744559727,1.0293676867884747
250,0.6713973561958101,1.1068240125177058
251,0.18945588668541744,1.1949034835793284
252,0.2411003458425532,1.074965206292886
253,0.3937112537280197,1.0373860101456835
254,0.3936202745346351,1.1966627960818723
255,0.3005484971250813,1.1413161843069741
256,0.7390824357998923,1.122935900320781
