t,lambda,delta_s
1,-1.2031718687171316,1.2459765563011682
2,0.5330211391980951,1.1162125847943376
3,-0.009437242127535885,1.1870515327599298
4,0.05214121439954907,1.1270419447597557
5,0.4438760345770841,1.1002711210260545
6,0.23853789993249674,1.0395407828540342
7,0.5443334525021986,1.1300828701444203
8,-0.03126960190416956,1.0747840293454058
9,0.29221867268318685,1.0004077067564303
10,-0.15053040198606404,0.97173008488706
11,0.4616003742628678,1.0547421935857846
12,0.375616429758979,0.9551344757716692
13,0.2889718981593436,0.952573791291322
14,0.33215659089086835,0.879545186148087
15,0.6251889808104311,0.9848478986090247
16,-0.07327954334398594,0.8776180888756172
17,0.4862679211714736,0.8961245540759563
18,0.44467766105790757,0.900468496328307
19,0.23350007874848475,0.7838928651358719
20,0.3039611924717835,0.9725631593093117
21,0.46785138134457616,0.9399366647185131
22,0.485464862101548,0.9708085092580985
23,0.490722665973621,1.1009428925027405
24,0.2753137443536954,0.8363871125311115
25,0.19035790681991602,0.8509287971396469
26,0.5325277013763915,0.9069797199628112
27,0.4765157757485276,0.7891380518413292
28,0.6436931950322567,0.9023333019851217
29,0.40782318164481646,1.0186691116979902
30,0.5027869083772268,0.9261812116487468
31,0.4420087875550094,0.9015578753188386
32,0.5264820355395935,1.0736782820978392
33,0.39010231343402774,1.1757529983145907
34,-0.027349406655747328,1.067064455358404
35,0.5526155294919675,1.1231677799490114
36,0.26592363387016005,1.274357832010611
37,0.4575171407011375,1.0810239866962976
38,0.6115059628901963,1.0833160758913798
39,0.5350692302796911,0.9453550454435724
40,0.6771117741217502,1.059552448787737
41,0.5633947872505463,1.0998213498427347
42,0.4479493613111129,1.0845056956682644
43,0.25455742451337193,1.1352142335506104
44,0.5291755215640533,1.1824077953250167
45,0.6512117484582526,1.2241532927349146
46,0.11727684116572701,1.1564794723640934
47,0.2272994788531974,1.1904483805949364
48,0.3549232449266906,1.2000139615710808
49,0.45704121120317376,1.1324806547457666
50,0.31161378618321645,1.1077913190794775
51,0.4075407834713518,1.0147864623355483
52,0.1305885535495813,1.0333039455575517
53,0.4000521142122417,0.9938046847932804
54,0.49044346165645986,1.0140316131992024
55,0.7470987468825758,1.0119881108402056
56,0.6032884109502624,1.1495402681143463
57,0.32770762679323295,1.1512212367010972
58,0.5673606103901312,1.201386246320519
59,0.5632030914026994,1.162546533605982
60,0.44875023557884675,1.153260559866985
61,0.5489676912437255,1.105513654154573
62,0.22218603818249832,1.0297035378078947
63,0.1938087155953253,1.0952175288742871
64,0.31149824608659965,0.9884475587554624
65,0.4913126908757558,1.081434944780139
66,0.7941998016892428,1.0503004397594844
67,0.20398713804983573,0.9860187062797635
68,0.4058080693051204,1.0744717169311102
69,0.2735547311986002,1.1278521299334274
70,0.4853552651893462,1.1198671852404605
71,0.4687396523719018,1.1087947962592277
72,0.4084480470553943,1.1271765434264103
73,0.3393045208154744,0.9792107561087574
74,0.3096408850923225,1.003024475647291
75,0.43926812390199055,1.115623642446458
76,0.6158199564416357,1.0363427907824865
77,0.6575402808193529,1.0898819960920192
78,0.5814303038756031,1.0945015390706578
79,0.7460252919445918,1.1242572330611902
80,0.5245239261896786,1.144611713899368
81,0.5548106586857748,1.2034926324774178
82,0.6012519869880857,1.1362724177686707
83,0.6222522172504317,1.1130229934997327
84,0.5286226344489285,1.110732526321531
85,0.7397274148413567,1.1048875562506582
86,0.8479335301269032,1.1460384839854283
87,0.40327441707135736,1.21992716381476
88,0.1420369270465191,1.0976873016482587
89,0.218287375477591,1.0165615218774908
90,0.21903143055256113,1.027893770876233
91,0.38986760617209426,1.1398749224867377
92,0.1879107997209765,1.0753358072197394
93,0.29035545730786894,1.0577617313126708
94,0.4147461887134781,1.0703672840302234
95,0.4342523673737038,1.1301812471578356
96,0.39382047069160653,1.0944560115043545
97,0.6225736385555414,1.0613240573223448
98,0.6332586111436856,1.0678691465641612
99,0.4652329426078331,1.1601624798419374
100,0.2876869883227902,1.1553977000518543
101,0.7303522786061352,1.2445297539045261
102,0.750635887188527,1.2804142311135658
103,0.38986218013593804,1.0999430232754859
104,0.6898424358520377,1.1672416201315945
105,0.5997549767223176,1.1116937404302065
106,0.503300595978615,1.0338513340085496
107,0.32339080900305295,1.0643217191118508
108,0.46789620394158604,1.200952806970364
109,0.21078350889323838,1.1650869506560528
110,0.41283493616276046,1.1525256675818212
111,0.35840046583722507,1.0853113306018087
112,0.3680366641872004,1.101386991281457
113,0.5018166509573162,1.1088396606870132
114,0.24408746972320464,1.0249609850586046
115,-0.028951066213784966,1.0170543775353238
116,0.4799754263652432,1.0622092776427794
117,0.5919054833369096,1.0860168007129507
118,0.5265994820532488,1.0445094541139317
119,0.3732493687230116,1.0356113805848366
120,0.24368330197657037,1.0586801938648902
121,0.4656288915392474,1.0818958353476917
122,0.4589858980139582,1.035413992021893
123,0.4568715209964552,0.9154814082830853
124,0.5702200982877824,1.0081766932201448
125,0.6218498393929105,1.0589475425482582
126,0.23710899316029038,0.945395072029305
127,0.45341142895581554,0.9936105268381475
128,0.6149373473757055,0.8398656218736509
129,0.675611568287575,0.9504381900908938
130,0.6679914770020028,0.9148520092947006
131,0.42168132323361424,0.8482604813652068
132,0.6150171572851041,1.0302326962272772
133,0.4872506525693218,1.1475787257290602
134,0.590377076704953,1.1907875052435646
135,-0.145002040290839,1.1080803548746938
136,0.18263315807700972,1.1179712577952283
137,0.41532815715327476,1.2472382350662023
138,0.640366992777498,1.203175265974329
139,0.5100271206781295,1.1587108359430653
140,0.22356248238187426,1.0884235049422197
141,0.3813682692084244,1.0972040989522025
142,0.5098031474486007,1.2325520817560793
143,0.35164891903195716,1.2295171483235017
144,0.19947086521000768,1.1385697590074184
145,0.5334870791303187,1.2094154290280708
146,0.5079211876840136,1.1530234036261042
147,0.47587198680824816,1.210844446138051
148,0.505563286339705,1.2183397552822166
149,0.5081570754952945,1.2503280405276849
150,0.379288930971751,1.0901957536144693
151,0.22483100631813396,0.9771931681489059
152,0.5333952882435089,1.0539851660345565
153,0.09443216080872843,0.9593464381277191
154,0.5150171801871676,0.9624814304431691
155,0.33910200540825175,1.0574404373305848
156,0.3452920102632954,1.030566318726154
157,0.39502497550063886,1.1419304174402243
158,0.434340081694305,1.1471499680397557
159,0.49619983411979357,1.0807118598972778
160,0.5879437037750396,1.2201547297656752
161,0.5680877039376273,1.2093991156112476
162,0.6528514549210997,1.0795319858208545
163,0.6090915420312929,1.0684926016665202
164,0.20452461392702007,1.0213783317978744
165,0.7230764215236984,0.999991512900404
166,0.23630070165211928,1.0345412076072773
167,0.11644242822443097,1.074138561533502
168,0.14339844076025496,1.042620737704788
169,0.2704371824036359,0.970862235509275
170,0.17773527169066974,0.9548486708897457
171,0.4627967739474525,1.053999866492044
172,0.533686067099123,1.0482613253271111
173,0.42933024254295016,1.1181171010531639
174,0.5744939175345687,1.1350875818010597
175,0.6404170229617936,1.164908954852993
176,0.18849716589279172,1.1698786224136561
177,0.41377744267854016,1.0583900228869145
178,0.7076025982534541,1.1239798647836114
179,0.16358397128164107,0.9293122383018557
180,0.42749285670115933,0.9948296567577434
181,0.4969184891497125,1.1508421380188898
182,0.47396868383222934,1.0950628054018003
183,0.44225142800387934,1.1167009579995657
184,0.38875187593493254,1.0363922434904396
185,0.4668817906140622,1.0873485438592962
186,0.5032923962285503,1.0738838158790993
187,0.5765812444460903,1.1346804871138105
188,0.33776297062530514,0.9707329811254635
189,0.09795501390644684,1.0016014858340856
190,0.24632918624915043,1.1128640890353327
191,0.32406910574797165,1.1727308510220746
192,0.35170076426260544,1.1013334064459126
193,0.7542672156632069,1.1542906116712344
194,0.42579417757308596,1.0665078695134134
195,0.6180250754072865,1.0428632847915698
196,0.3957754529724601,1.175336168727822
197,0.6388640971704291,1.074711798501558
198,0.5818535541070279,1.112564259130797
199,0.9972392925937158,1.098813978994977
200,0.6327727157461767,1.0496656150562558
201,0.4418410855879052,1.089740106680657
202,-0.08620350649414177,1.0103428676086255
203,0.5749349407549913,1.0720050656917617
204,0.4073209290644458,1.1382098307647257
205,0.8261379751763143,1.1128528372092352
206,0.22942106071996776,1.0861296813685284
207,0.2923606625681744,1.1990512780967582
208,0.5903142720553048,1.1344066929224805
209,0.2548774488998142,1.0303409698430739
210,0.5949466602333918,1.1839675492271873
211,0.18117369891056156,1.1128095651446583
212,0.5421420938195736,1.041774856631305
213,0.6054007324093795,1.094167424862066
214,0.39242005528084456,1.2014417793360144
215,0.17204109834491343,1.0841592617169502
216,0.20133307381561638,1.0991536750251067
217,0.27591468454386303,1.1836807880233835
218,0.5984473943077679,1.1676333166984354
219,0.40644802673245894,1.17210186344058
220,0.5126819541496881,1.1413835841246847
221,0.3174773277249607,1.154251759651068
222,0.326186014565934,1.0942728896472298
223,0.23777804938724278,1.0163546452462695
224,0.3949690300154651,1.046588725199416
225,0.16790276484693906,0.9993426419031478
226,0.2709948273252426,0.948890268869167
227,0.2498008626371374,0.9421970416662114
228,0.38887573324946967,0.9920628473367357
229,0.5050241869680484,1.1645410371295792
230,0.6198136495655823,1.030019264570089
231,0.938223947144851,1.103585314347118
232,0.5295934420533954,0.8911027650816284
233,0.5805163064210926,0.9933440578179731
234,0.43170482211854827,0.8945693961893704
235,0.45156436893419305,1.125018259373053
236,0.26206721202197153,0.9724838297939188
237,0.2739261610301121,1.0530483257498406
238,0.4035581694148963,1.1331406086598126
239,0.03917543013162765,1.1833572786192235
240,0.49160443950960026,1.1226594825010798
241,0.37490012234596887,1.1027712738559574
242,0.6401475048068387,1.1472237778844918
243,0.718301411051377,1.1303582955486788
244,0.38014744592733674,1.1249960215893124
245,0.4645614291152363,1.0708703018507615
246,0.34165064871197487,1.0445240715183473
247,0.3315632578011469,0.8972513264136599
248,0.24892695216580069,0.9725260279722601
249,0.405669394636406,1.08596407650885
250,0.7373631215103515,1.10416774312097
251,0.6322239400256947,1.173851126583264
252,0.35780691309681767,1.1960621223528731
253,0.6073973684349102,1.150304475534868
254,0.4393878887934651,1.0898941816577603
255,0.42076120662281935,1.0330446987971678
256,0.5282211524359992,1.0337850784981095
257,0.2550443923638255,1.0878070620828835
258,0.3595069873665892,1.0110419649379576
259,0.4159961354795363,1.0832112139196057
260,0.3092194480149444,0.9875666822268093
261,0.46965973583539816,1.0134604417707496
262,0.5549529041068599,1.154319347768789
263,0.49833308232964196,1.0883789202249634
264,0.20189479627145682,1.009455961001942
265,0.3437901083924695,1.1053002632527575
266,0.22649599801011286,0.9926523394151564
267,0.4290568056605222,0.912027003203848
268,0.3269880078141969,0.9281751086206392
269,0.26172606785851565,0.9240521735316147
270,0.24589769690011037,0.8518619242274879
271,0.4676729102257281,0.8938067081934509
272,0.42195183579427636,0.9291420529937027
273,0.45902206683134117,1.036167575193072
274,0.557197808582695,1.148270608463416
275,0.6040571209897718,1.1600148594690827
276,0.46216099714330827,1.168494353979831
277,0.42764308074084634,1.2802783110672895
278,0.5633214670556145,1.1775383334948846
279,0.4808726233202978,1.1558195776473263
280,0.4022986438924522,0.9955258433650498
281,0.36077335510480035,1.0717144135969348
282,0.11330793886127605,1.0142287023319618
283,0.24869701133485836,1.162061855646575
284,0.5003365688881453,1.0975524742275367
285,0.6688975286689629,1.1602293737840805
286,0.48985198277827136,0.9875486796833791
287,0.3695788724371697,1.049335700857962
288,0.3985593360897493,1.0919102598222306
289,0.6278290515857099,1.0308542338864681
290,0.3690925437875227,1.0896381498539676
291,0.3575389019774539,1.039666442100689
292,0.4152210341277177,1.0971922559327858
293,0.2213564415371698,0.9928721897081628
294,0.4840380062791452,0.9046129806832477
295,0.19710525277989788,0.8399553795525952
296,0.5490859358999715,0.9273985421700258
297,0.5019830597976884,1.0032311723566556
298,0.5336040032523951,1.073262815737054
299,0.5806593301169963,1.0246158966009677
300,0.4698157006994687,1.0708417678294349
301,0.37770613108912887,1.0850404348923952
302,0.5323741111202704,1.0357815989257035
303,0.24390765957050795,1.0547096134566416
304,0.3565390885301101,0.9118881881538761
305,0.36989233063939664,0.9804915923040838
306,0.517404846035425,1.0574898872891123
307,0.3693049551800251,1.060004823039236
308,0.43923564012740957,1.2100670096195483
309,0.34331454317803206,1.2498813934789654
310,0.04715851824658366,1.0946542610434098
311,0.4382861940455887,1.1555086688022371
312,0.6750979811530832,1.2486313620857084
313,0.383900335625196,1.2535305206383798
314,0.45059623278912875,1.1852848614116949
315,0.21949809720867422,1.1680933981154573
316,0.21503741585655722,1.199737671544285
317,0.3634531642751119,1.0924036573613505
318,0.16636987390340466,1.085755638654978
319,0.6001763823686006,1.1506756900618438
320,0.3173409982458268,1.2050621921807299
321,0.6747373176787126,1.236835912131855
322,0.3886108763912318,1.2327297554529504
323,0.7945987780885982,1.1945070849094577
324,0.5293608553903335,1.1355939341892443
325,0.3771463768265305,1.0873870619800508
326,0.4561499305595157,1.1124339298871078
327,0.5360921115453341,1.1127729567025362
328,0.41897027230702777,1.1042093084272788
329,0.46262226144617785,1.0703529851442808
330,0.3928302038819571,1.0284890985968886
331,0.4566315506529228,1.0716282145925204
332,-0.0029653583373510707,0.9936744289755609
333,0.22949822373195827,0.9143057832137184
334,0.30882446002343356,0.8564839981321708
335,0.20047722520978345,0.8403356933802016
336,0.45950192274111645,0.823944221935308
337,0.34049815869626754,0.8564378574609084
338,0.2772671998344828,0.851976910526788
339,0.3749479772012278,0.8206979867180353
340,0.16492203903230057,0.9565771846913829
341,0.40488230210066045,1.1392279754220755
342,0.3947827014914049,1.0167426175226473
343,0.19886602808913562,1.061508157902826
344,0.42835577387085433,1.089385784628137
345,0.4341216648139546,1.145109644898882
346,0.4926698720665942,1.16922758234481
347,0.7320211258221171,1.2126239210750784
348,0.3822436061849745,1.217209163484771
349,0.23943707060639247,1.173626361588515
350,0.45483192048649324,1.159874943597267
351,0.44872667814143,1.1872158099316283
352,0.4110773925401246,1.1772008614167953
353,0.4843489636694088,1.0982538596233213
354,0.40605490976555414,1.0657131728068685
355,0.39848384589809305,1.1223948864358475
356,0.3758358974267075,1.0976920115338162
357,0.3841261580347024,1.111644979731161
358,0.4651706248257127,1.213822673124786
359,0.41170299595566595,1.2281429641828814
360,0.3860899168781857,1.218164594793087
361,0.6293186612167223,1.312197129458937
362,0.4976753879255248,1.2711854314454152
363,0.44451227199192284,1.1997263073014983
364,0.4675730956114472,1.2701649832955548
365,0.432131942104956,1.160364719751905
366,0.37580019835868905,1.1822714644530217
367,0.2307601918497411,1.1619239734744435
368,0.3771079007978872,1.2222296878181929
369,0.43857578269876757,1.2584951928761494
370,0.5107156728926413,1.1713915184990653
371,0.5061606710900582,1.217337616300099
372,0.5566308773323596,1.2762948479159615
373,0.668922290446263,1.101054669087276
374,0.4153841824312763,1.1017893609892524
375,0.44677455995535864,1.0715294508630366
376,0.31017185072190445,0.9741255065794824
377,0.08817062602972235,1.058092302898057
378,0.7704529213022588,1.0004772981243188
379,0.5829686448055462,1.0058824457037048
380,0.10567195431781241,0.8655924910554071
381,0.04630042602239965,0.8967780944864914
382,0.3025349660768786,1.1475121560944708
383,0.9021948037884346,1.046289806603867
384,0.9635625183489557,1.1354427822374142
385,0.7009780045835633,1.1212216915280544
386,0.21917912663899072,1.1193662400660844
387,0.3219292388180303,1.073252442685604
388,0.7180967628979841,1.0575998478611301
389,0.4457250815808426,1.12032752649526
390,0.5720995168847475,0.9316795419282717
391,0.5855037667904823,1.007650143133581
392,0.679047700613183,0.9302765269818096
393,-0.12412748718671761,0.9782827616900226
394,0.48254207464199195,0.9736444335659911
395,0.1833395190216982,1.1512058516240191
396,0.9841704279873398,1.1044077182639285
397,0.2842510399257161,1.1113829598189398
398,0.2391441592922694,1.1794129729077751
399,0.4519477134250116,1.1941999159085188
400,0.5161604675738997,1.140947316968772
401,0.27049027879555326,1.0973541531248887
402,0.18415500648391928,1.0555432567074279
403,0.22391648821647064,1.059214915256664
404,0.4392692204667981,1.0620538455160546
405,0.582110284673343,1.0830025701447532
406,0.34812537947790356,1.0139504256216874
407,0.2958777722188201,1.0429089767254822
408,0.17941295378808403,0.9112730779786162
409,0.3091859246275857,1.0258921519511193
410,0.45998989322620343,1.181128261607946
411,0.6286921628798451,1.044254006540108
412,0.4218354214612905,1.0797422209141943
413,0.6020690174729073,0.9777515886857071
414,0.22795621041974848,1.0791654672367583
415,0.5698018789050583,1.0455292179560782
416,0.07981686731318974,1.0659270775412906
417,0.442109971171123,1.055660031663569
418,0.6259847998227402,1.0753768541118838
419,0.6514097730347989,1.0429865033775358
420,0.5312128097470875,1.0780465411953495
421,-0.12340501146732547,0.9978975403808775
422,0.34134646496028553,0.9685909558967858
423,0.446845394342941,1.079432933769716
424,0.5396746380885586,1.1250781489291575
425,0.7456037166233921,1.109714741940792
426,0.6585095297541238,1.2596004421460025
427,0.5578472956615899,1.2605126168482477
428,0.4782542360323455,1.1691601292881018
429,0.642176037799671,1.0300424139159967
430,0.5511453322119096,1.063299569202106
431,0.24082690485848746,0.9389783393362531
432,0.21643616512303607,1.0598856657030158
433,0.6245159949144458,1.0371378305275538
434,0.22190424462813105,1.0061872172326551
435,0.5186455134428658,1.0351462184741418
436,0.5214121297861247,1.0621462550070817
437,0.5769811336693726,1.0703316773673641
438,0.28840483985237586,0.9375659981291896
439,0.4527902335354407,0.9967171315047434
440,0.3526890538281307,1.0405178479594797
441,0.39808941217903915,1.0900436271644456
442,0.4387682711564055,1.0473022009858202
443,0.6413466204053727,1.0477425230249058
444,0.20173494460902364,1.0843461805923595
445,0.4152572452844623,1.001353734140681
446,0.42238652595748966,1.1194142698081038
447,0.3760766253215698,1.1312036679093953
448,0.282062086728805,1.0870384899725707
449,0.4757109483097497,1.0886695768625858
450,0.254321394065937,0.9942925244207563
451,0.5544576863285482,1.0727716732645096
452,0.4107710950742985,0.9703405141048723
453,0.21622042943648678,0.9565496396606878
454,0.312775393513623,0.9300532817621415
455,0.4918411652433958,0.9795745429158418
456,0.14025626910706215,0.9499363159200763
457,0.3839295516436357,1.1535142083656658
458,0.5430639670720401,1.1384970882384613
459,0.30949619583995663,1.1402007314833205
460,0.48722538895225675,1.1238254272750354
461,0.3243005159733971,1.0969022653756035
462,0.35927795275564955,0.9590428179836537
463,0.5614049638641758,1.0493539704425106
464,0.4344543218848689,0.991121916797209
465,0.4718483732467829,0.9939948153736244
466,0.8018728408076136,1.0021356396402947
467,0.46456913978573244,1.0690272488895511
468,0.3285247417310729,1.159453646115454
469,0.4184468364708652,1.1603778504965891
470,0.27801595459188516,1.0841810161861012
471,0.31938077800698145,1.1625849799311587
472,0.31150661559950743,1.1962072162294348
473,0.3939388122196932,1.112055228201472
474,0.3479145249252537,1.125640466786256
475,0.4939729001506178,1.0574699174004645
476,0.5193436785030491,1.0319190736728054
477,0.34076359045077076,1.0403382434692634
478,0.11629535357095175,0.9168633571375551
479,0.16398201621516256,0.8835289575055179
480,0.36960073943212285,0.9041389520773514
481,0.5125599211528858,0.8623657284625565
482,0.15757689286465393,0.8403602505335682
483,0.22844955595015043,0.9155883837153957
484,0.5099086192634195,1.0736812926783605
485,0.46390995159717974,0.9944539172001623
486,0.1668940818677898,1.0544291736191649
487,0.33170944539781555,0.9513616545221888
488,0.38953199260628235,1.0028735587756366
489,0.4454226876326379,1.0163643970369605
490,0.49173340219289874,0.9184537463295296
491,0.4889247452907549,0.9569851782050217
492,0.2429835572277409,0.951789263829334
493,0.46984989786895415,1.0241897034885634
494,0.3415689408350463,0.9956387558121462
495,0.32963989000899996,0.954136577695123
496,0.33253095509329866,0.9730685048001679
497,0.579650330052847,1.020493121129777
498,0.3997162679261268,1.023066411943446
499,0.39631976485259995,0.9753369209448491
500,0.65885444859034,0.9225578074366918
501,0.3959834037895075,0.9740774923040532
502,0.41666926995858505,1.0191544254738747
503,0.5350840349915542,1.0202230822769562
504,0.652898602090295,1.0681606909676002
505,0.5231323182456807,1.1724370673927442
506,0.5252393646669734,1.2154545181023397
507,0.35102140639305224,1.1255063014182018
508,0.641094920757636,1.0964624731128758
509,0.7759304699341922,1.1400363396613375
510,0.6895127293448268,1.1343564533712893
511,0.319433242174146,1.098606916761276
512,0.49206488347874866,1.0737017634604291
513,0.17022814352125162,1.037071797966746
514,0.2690955837367942,1.0002358972951035
515,0.509345335805903,1.0741654430255165
516,0.5683680807765338,0.907202728952787
517,0.5882808543425834,0.994618130126847
518,0.3498746980303982,1.0485965332596885
519,0.6656451554030546,1.063400510065794
520,0.7321522039781887,1.059420269197516
521,0.5601276367088017,1.0800691290336664
522,0.31554320985664963,1.023343365256364
523,0.6493643647407064,0.970724804748205
524,-0.010666960210295258,0.9211866685957323
525,0.9075806178642744,0.8466789884387468
526,0.5621006018028194,0.9601289416484156
527,0.3922754404016133,1.1529923620264504
528,0.6239805461004337,1.1678099927180845
529,0.643684320896559,1.271661450216836
530,0.03441498098638032,1.171991785951872
531,0.12444073088196463,1.085383300840002
532,-0.14087159378629596,0.9460400356727925
533,0.1445444792862486,0.9657769869282552
534,0.6401376378826693,1.0650048574418305
535,0.15302114371645978,1.0012995042102446
536,-0.03125832691871714,0.8963980707034563
537,0.11150671324456699,0.859429766756802
538,0.26339983350162527,0.9497712211549467
539,0.34276705596548035,0.8944392522100768
540,0.011763946196814302,0.8672818883809705
541,0.5429636215087181,1.0319902639367668
542,0.476111791596243,1.0288117032318755
543,0.5925542873632603,1.050433719382917
544,0.500531927497368,1.140414971121993
545,0.1848617130142349,1.1308197543078833
546,0.39465273010160584,1.0315420007979672
547,0.6562266950863183,1.1590815849262464
548,0.046747367579079435,0.9204817564048067
549,0.315865895764637,1.0373778800103775
550,0.6829121856543389,1.0476739342906027
551,0.45501095200329267,1.2217888614217094
552,0.42647557994270435,1.19814089924999
553,0.34130200184236614,1.1860636667069475
554,0.5901559533175335,1.1770484993030212
555,0.40280974729957286,1.1224822961750047
556,0.4530792555944418,1.0949923886845823
557,0.5315298143754258,1.0538081159729407
558,0.3361325767515983,1.0263005600115018
559,0.5362121054716222,1.1127692491779302
560,0.5713975836606745,1.0806116046224712
561,0.5418760103487142,0.9533009699840698
562,0.19139376510196207,1.0443656440965003
563,0.5141807310875847,1.1161711816946998
564,0.5329331418082901,1.2284566872428888
565,0.6749457931998546,1.1855680513964524
566,0.39188146842667815,1.1685220887869308
567,0.3156529942942755,1.1541283156701985
568,0.43229144640581574,1.063249598450853
569,0.3574582620965671,1.0841226624730775
570,0.2746923366151533,1.0860535910406508
571,0.31389231037249665,1.0960920721856582
572,0.6009377188049496,1.1858251697992788
573,0.5427542785246815,1.1179971703574774
574,0.371040740526582,1.1579273272503134
575,0.37696653952422604,0.994292172925851
576,0.41299395896114893,1.034458814420464
577,0.1822379608151134,1.1540332237753659
578,0.43239297620183914,1.0260961266125943
579,0.3418521126962945,1.028390439497521
580,0.7042200092132013,1.131081356523278
581,0.3472983605738894,1.0922454624355216
582,0.33795758974381773,1.1358564907839048
583,0.4414289053691934,1.182581805789582
584,0.15573774886655656,1.0068141820886378
585,0.6043461491779818,0.9717163015107602
586,0.3739099806928945,0.8927109281078475
587,0.28511086008193454,0.9282057092718214
588,0.4249488610521434,1.095570537972934
589,0.3102762161630503,1.007375011394056
590,0.30916358453354625,0.9543310211392697
591,0.6132982813047176,1.041593163370455
592,0.5105055847871215,0.9036068297737531
593,0.37524902930528803,1.0073081447928813
594,0.49979603325343996,0.9640278479972759
595,0.5428532062619796,1.0546264620699144
596,0.1973155063870879,1.016221978215821
597,0.3584448261521839,0.9318817407113944
598,0.5409528725016387,0.9967350275518057
599,0.4300880618680004,1.0387106211512769
600,0.4407840127617794,1.0988702388308027
601,0.6165783876536791,0.9923791777563564
602,0.3137696210988099,0.8846755145529022
603,0.5422229354256177,0.8244386701988974
604,0.08569435723810653,0.9280738073898201
605,0.624169314806431,0.7911504578993432
606,0.26380372365070404,0.9777452132976858
607,0.23735953208167943,0.9392928557743351
608,0.6349276844826776,0.999377109864187
609,0.5763188909428874,1.1238023321554593
610,0.6621168360423451,1.0703597099508302
611,0.6449505833315226,1.039487541721908
612,0.5940689109020527,1.0995916242203625
613,0.5153188987144441,1.1266924229193838
614,0.5422432989931321,1.1266980697776319
615,0.39426919956949763,1.14456142131458
616,0.12770474070002272,1.1798513671083
617,0.3660475145680106,0.931538635007352
618,0.47477848535833184,1.0124487842046273
619,0.2466270853156013,0.9793765907213262
620,0.21273126859345667,1.077649655533096
621,0.35087428764226863,0.8623922691573112
622,0.6203592485788237,1.0290179126969163
623,0.5129045724033541,0.9535552824402714
624,0.4561764411754566,1.019753523397177
625,0.32707373413428625,0.9908460373499548
626,0.5064658395687393,1.0456783312095543
627,0.19999215680925767,0.9695057759881871
628,0.2230130464391715,1.042736593283826
629,0.2844014914458473,1.0362341929527397
630,0.3308814602726253,0.9916557806641894
631,0.10709418170460597,0.909735512180426
632,0.44335417554148354,0.9365912801702502
633,0.30297577992982916,0.8495899198590247
634,0.3229473057134605,0.8532488035465298
635,0.5670464470461681,0.9321837842049607
636,0.7099881981892305,1.1008879482446527
637,0.45439120389159565,0.9322297017103532
638,0.23599606493638992,0.9683626904460413
639,0.45591931541397307,1.0168303010256683
640,0.4525845879628623,1.1033175452545698
641,0.6611903589248771,1.0850729605404794
642,0.5947032034574453,1.2674087456161178
643,0.3662012202752533,1.2608962933571308
644,0.6727640133180968,1.2387377619188702
645,0.6999351471285574,1.2130892694880608
646,0.2984252818212912,1.2091121636623332
647,0.4584407557174205,1.1240964097556463
648,0.23010599180983146,1.0149788757207072
649,0.2606224006992003,1.0223821589154092
650,0.5911315302304325,1.0730355395031783
651,0.2547316790832145,1.0045142837411993
652,0.43759854875369103,1.0890616153563242
653,0.25708561010705905,1.1632326474668335
654,0.5005196945106768,1.16834164847962
655,0.35114679101793606,1.2015773893262496
656,0.7129838180627937,1.2183036198279225
657,-0.10887012188441468,1.0356872057976718
658,0.42793473294096807,1.1158643134664246
659,0.1387668342924653,0.9798692485519386
660,0.5184568216450444,1.047945094026761
661,0.3584762130930399,0.9139897456319489
662,0.5464077674138555,0.9765854994025962
663,0.57948147044691,0.9942027125626686
664,0.09434111087782647,1.1070546714767906
665,0.6321980359335916,0.9716180397197066
666,0.49073558688744073,1.0335204957285953
667,0.6230255061816502,0.9754512962746043
668,0.21059785006363432,1.127544589296651
669,0.1902533799874804,1.200622198464688
670,0.1931339551885478,0.9665787104134721
671,0.41896157355271574,0.9976241739306188
672,0.583459987856988,1.1340923721433738
673,0.2878430908287106,1.2733620866639095
674,0.25152923820901985,1.2790521840146103
675,0.43636406417110346,1.2188501686630815
676,0.5204267235898866,1.1834996832832463
677,0.7391587750117724,1.1560907139554346
678,0.5538400556548,1.1851845858028351
679,0.7024808201390703,1.1835779576681127
680,0.45190976295154556,1.1824070456575888
681,0.4435674425486328,1.1877074891202712
682,0.3439625318360358,1.2282688594653484
683,0.42500077441016104,1.205376479520855
684,0.4999953366898924,1.102487661691779
685,0.46773459006188917,1.1177295404280083
686,0.4785844086638166,1.251897154345992
687,0.33432537233837406,1.2097348342977892
688,0.0007474781763299065,1.1525937462774731
689,0.21349294387297274,1.1579988603598845
690,0.45357927201517045,1.2004327629099985
691,0.5534474188901556,1.0014434306221647
692,0.4179139323365063,1.119670314141517
693,0.49273547327673445,1.1838678723950486
694,0.8225986441827445,1.150171902571907
695,0.4927947490423771,1.1879879399167221
696,0.3631016905014403,1.1441499013980163
697,0.6186714716375408,1.0686839765602545
698,0.7088822912541234,1.0964129925650459
699,0.4925084359994258,1.062140257731751
700,0.4315456020302901,1.0011235873703197
701,0.029739434943147455,1.0140022509171305
702,0.24762728109141938,1.2295182283770665
703,0.14483500077576192,1.0494081940074778
704,0.47870368744204933,1.0408904060125892
705,0.624777006128069,1.1287174488542362
706,0.6827605388148793,0.9755965047606561
707,0.2778185393422552,1.0014441903149967
708,0.3950542375756865,1.0051070428336095
709,0.1900509886761059,1.0323980813613893
710,0.6086014638592778,0.9570998392638664
711,0.7129346864897153,1.016910961824039
712,0.34061805796237254,1.1154034775297987
713,0.40597010500487885,1.0985076126084177
714,0.37240340694116353,1.0568473756576309
715,0.3619000111777149,1.0386121787136346
716,0.41402372308663504,1.035544625083291
717,0.6326568493595575,1.1969905539389678
718,0.48316337160081085,1.319497562427106
719,0.2795366537426093,1.2791585678736535
720,0.9065971897846126,1.2251200575628844
721,0.7435722528566702,1.1430677220875898
722,0.2665429998093723,1.1957833365323787
723,0.22988908651763573,1.151462598525257
724,0.5641797480527464,1.1393498272824287
725,0.44519304226487144,1.0115043706612605
726,0.5548404342944757,1.045162016029983
727,-0.33723202261480223,0.8763698632696644
728,-0.06749660897706321,0.8956750807292584
729,0.1576579500831844,0.8069579477013243
730,0.8460126716452502,0.944711040085928
731,-0.17151516936314962,0.8623603680428577
732,0.574232623144593,0.9327851835840454
733,0.33486543748344455,0.8805467254224563
734,-0.07455116918524822,0.8270000488523063
735,0.6127647223504188,0.9086116406840709
736,0.578357947711355,0.9257782803399368
737,0.589444738034537,1.0030412634718326
738,0.2539124042190537,0.8318863828942733
739,0.4997572999566305,0.9082417295076064
740,0.41600651731982097,0.9974542331674099
741,0.5061490937739865,1.0392603632742587
742,0.618950772763021,1.079557363897077
743,0.5943144821957571,1.0552560385547596
744,0.14348243696288446,0.985850414317828
745,0.6951311783680267,1.0060406585497106
746,0.21661573026089867,1.1038288826547606
747,0.5290148341477345,1.0433264400020525
748,0.5604845793671474,1.0694774691182194
749,0.1317023317164023,1.0321497395546337
750,0.43858740318323647,0.9635811113279268
751,0.1972164885421849,0.9403714684037546
752,0.5387760306970009,1.0972897942700872
753,0.26651059536576577,1.151989503373532
754,0.32102111546304796,1.0219804745423013
755,0.14505118861955338,0.9802815625778166
756,0.7160981738702282,1.0345717995265138
757,0.16177407868215457,1.0832383949762037
758,0.045494913983410074,1.0918258078393228
759,0.33697044253920583,0.9743836601083083
760,0.30348130143502017,0.8794340307593611
761,0.49582341154853327,0.9060156081034502
762,0.34628412119476165,0.980273851735315
763,0.04030594125573233,0.8808317409701625
764,0.4782441853250787,1.030622625019706
765,0.8013894418706475,1.1199405573148125
766,0.34363434210889343,1.0984352596710238
767,0.5824891928541338,1.1047535552824792
768,0.4674795445951605,1.1759639788796583
769,0.16364649779705834,0.9832232435381427
770,0.32848723993455725,1.0582290275004864
771,0.4156075633255619,1.1799031513352933
772,0.4127769384191767,1.1441132148235025
773,0.5548467753620278,1.085472457698964
774,0.650185203310029,1.1304436561472548
775,0.6271381493909874,1.0414271689914845
776,0.3362975396703854,1.0963490594734266
