t,lambda,delta_s
1,0.1373347050281425,1.2348301160845712
2,0.4347033968836086,1.2310532190247527
3,0.24007316284053995,1.1409932250792463
4,0.23322254965790543,1.1333624697888236
5,0.27142849603462366,1.100844696670413
6,0.6060768791417008,1.0672050195791054
7,0.20657120785717326,1.0791743155805693
8,0.4751971754336007,1.1008229427138738
9,0.5823944213243143,1.0962656851173855
10,0.43989408245976175,1.125340536604663
11,0.3676933739651962,1.197867554653967
12,0.3467478399827696,1.0902316744601515
13,0.30891553557991125,1.1801361447810734
14,0.5419990404757956,1.3035344513820752
15,0.7104152928524381,1.2433982119668
16,0.3853478304964481,1.174610251086378
17,0.4280317786779195,1.2096849329529136
18,0.2375124669371536,1.1420352218324141
19,0.26822702005361654,1.1274004404221736
20,0.43892777253386106,1.1089194915602971
21,0.3703189616430215,1.137731179940455
22,0.4613402303297919,1.1822564137837237
23,0.5535430666429857,1.1233539544077331
24,0.6197813343316712,1.0224160276602603
25,0.561443329117574,1.0410835664261582
26,0.4778491700011676,1.139903879804559
27,0.2464055159948346,1.1757781378115244
28,0.4911124850989687,1.1743392599948415
29,0.27903420568018317,1.1247274695676026
30,0.33270549067043087,1.0497000001946473
31,0.3465497513714325,1.1056542208473092
32,0.5299372407739247,1.0619200128597026
33,0.8660833301346821,1.0793204262185736
34,0.860703611683429,1.2317561656507487
35,0.6924321453417722,1.227815396736535
36,0.41962462406242973,1.1859326224114042
37,0.2932889901692832,1.1606177324302447
38,0.6004420296156091,1.126716169765517
39,0.3910910950743446,1.1570987128920236
40,0.6918926608946498,1.1131923058693893
41,0.5391497163108426,1.1708806901460027
42,0.4808821522589145,1.1260316621660265
43,0.6404750288586635,1.196991667208566
44,0.2486404254281001,1.2031971341669638
45,0.4289949563474476,1.2097125079046402
46,0.5329359687394158,1.1198411387590237
47,0.20600175664245482,1.070670092879907
48,0.3073976819043313,1.0531837862050102
49,0.6153011752922523,1.1933871302871255
50,0.40401612787715585,1.2259741940789328
51,0.4959536964043562,1.1592352769480523
52,0.20600850608432075,1.180061629050053
53,0.41456930926299385,1.1887813829457334
54,0.5701282386844192,1.1549779985504058
55,0.579341150748385,1.126786294330992
56,0.45862727984828977,1.0578764812027703
57,0.48349499089677256,1.1440014670452765
58,0.2531305172554311,1.2093324592751198
59,0.3999081126287663,1.1464901599513266
60,0.47941220769678305,1.110530598196834
61,0.5007601827860405,1.151063727846023
62,0.5392699115303331,1.1762586313610564
63,0.4610351046995716,1.1552906427510947
64,0.2645832282934935,1.1035398098890952
65,0.24401982637781627,1.1694575633170714
66,0.40267198077201977,1.1917792083287726
67,0.6681151270091998,1.198769315907635
68,0.28847639748012976,1.1115078562917355
69,0.3793383638253114,1.1385693955652723
70,0.9499313655524793,1.2209779642841079
71,1.0322951901991089,1.1436523682034472
72,0.8880183446101413,1.0676945733921908
73,0.34361479559058455,1.1372813781777653
74,0.2390589369665728,1.1575999219435544
75,0.6031383485708358,1.2185014955406566
76,0.33442128451147546,1.2970374050014921
77,0.26445247171378855,1.16374740968869
78,0.33949723540155724,1.1245706845131203
79,0.38025622062690756,1.0235897238688387
80,0.4043628893510155,1.0595165601451546
81,0.2661209656170468,1.1930368981417712
82,0.5322537808607202,1.283142452400045
83,0.6518652167939021,1.2629980314705382
84,0.9277096137623382,1.1842029754491576
85,0.351561663768844,1.1287563558962983
86,0.2330044058648537,1.1959482177431968
87,0.23689326744632994,1.205388757887798
88,0.5969271995477867,1.2168331227065878
89,0.7574424874686346,1.1260262327397712
90,0.7510098275168453,1.1222124439024437
91,0.5607830453336382,1.054131362552704
92,0.45634402890503756,1.089850027289048
93,0.3922521836713546,1.234507237104565
94,0.4080968946307563,1.3047395498751084
95,0.6140930972574714,1.0339247204700295
96,0.429791589411253,1.0505660387614517
97,0.33630695005844274,1.2485474906748701
98,0.2789547462371155,1.0901311135435743
99,0.181076143897069,1.0131503929135393
100,0.31622236728682673,0.9812160328557692
101,0.2985926687170583,1.023691038928655
102,0.4137106659963156,1.005907742463488
103,0.517593294197857,0.9827269660613077
104,0.31321057637763133,0.8748004720750636
105,0.3010686240439592,0.9172625321881916
106,0.048095568166007296,0.7798375503318072
107,0.5293555776189546,0.978619070862393
108,0.473693497086076,0.9534164576535268
109,0.5026542474178083,0.925098172891192
110,0.553769637159685,1.009657924902401
111,0.05660948465924318,0.9532198699406614
112,0.30499810190069293,1.0343964370932381
113,0.47455424501322196,0.9744358174629942
114,0.48591286789589033,1.0190322751110634
115,0.5503955237533992,1.0968825496020813
116,0.5383077170698427,1.0532095312142895
117,0.3576284576628641,1.0595471832103682
118,0.30376733728971256,0.9233522278003944
119,0.46107207196965677,0.9734735015790627
120,0.5754576950739755,0.9842116918657718
121,0.8049925066702697,1.086245642964781
122,0.29470836710573006,0.9405580992823981
123,0.21088537557968887,0.9086747845176356
124,0.574973843509324,1.0078231254912522
125,0.1810697121437798,0.9460378068308355
126,0.6281348269584541,1.0648622202017115
127,0.3404957098439448,1.0906546686067373
128,0.49817057239085477,1.1731321286327627
129,0.7822614151789321,1.2125967296493811
130,0.08582831764426449,1.163271399218224
131,0.6925145658603004,1.0917351503459418
132,0.7508555297805526,1.1502936039004887
133,0.13942280518682937,1.1004965461280396
134,0.18670637410974694,1.0720273652803338
135,0.774109897142167,1.1503297291091397
136,0.4112030065878682,1.130157762376885
137,0.15966919891280096,1.1865989684289588
138,0.2914403863598502,1.1649910107585453
139,0.40037787799823754,1.178616167250435
140,0.6189268728891412,1.2683887039374315
141,0.46681433695489405,1.1974557978379685
142,0.3376613984993501,1.1880151633855989
143,0.32788575673818937,1.1414318426199712
144,0.590261071390515,1.0669859875453789
145,0.08101058590552984,1.1346287668776511
146,0.4871468070778756,1.1428610486664827
147,0.29740083591578903,1.0795141316673231
148,0.2858113652356102,1.0006236644225166
149,0.5681007761311625,1.0948450368158424
150,0.5572643801746309,1.2022960336027313
151,0.1392085061721365,0.9647697406375174
152,0.3064121261380619,1.0848833909857407
153,0.553419739859654,1.1390540666806572
154,0.15365515657398987,0.9629097867298038
155,0.4595141096829553,1.0551987221760564
156,0.20573657625478245,0.9553687776555625
157,0.5499091643413719,0.9276194778450345
158,0.43853281879757816,0.8472830298481618
159,0.5317083685574657,0.9930197601802748
160,0.12935184420550558,0.8431522974369301
161,0.47736121103755846,1.043686643682444
162,0.5181166299942258,1.0899871324615897
163,0.33208189510872715,1.0923205326265668
164,0.5916628878053295,1.1435860269757083
165,0.5567573066093039,1.1989518678268707
166,0.49367565071150105,1.009993426779501
167,0.41830507209204426,0.9801607240088184
168,0.4195526914921859,1.0477845231608753
169,0.4019330169859826,1.086060589836717
170,0.17804591252256727,1.1043250848534456
171,0.21101225308548882,1.0888628676697971
172,0.44950067547082945,1.0085239051969763
173,0.5742538277010499,1.0333674654852387
174,0.44329200942877744,1.0001615015756322
175,0.17599140932019233,1.1167799511178134
176,0.29233289691129705,0.9990688537133934
177,0.7481667092364913,1.0453599614813573
178,0.15558515991582608,0.920749140968523
179,0.4555936401123424,1.0490954181248318
180,0.4313609972570519,1.0193861104825257
181,0.6095451421084185,1.0573481999480923
182,0.27944250275394494,1.010343807905057
183,0.20887191602466648,0.923586378123708
184,0.2377610241966061,0.9186208667972952
185,0.23577554447374566,0.8343279006171846
186,0.2537210272952919,0.9205713549494182
187,-0.08170894733766752,0.8099668473881088
188,0.3075163571397378,0.9470034000558826
189,0.6791914013807601,1.0569169048583058
190,0.5658726539372562,1.038484386442923
191,0.3145369626081705,1.0760970543682953
192,0.47730959481682,1.0377910596009703
193,0.3540820645925853,1.1977912273904858
194,0.5843619493205694,1.099991444678867
195,0.40444661738407106,1.0946266682963188
196,0.49036782385570593,1.1084421933454829
197,0.1271246390937978,1.1893766546948756
198,0.416467533358543,1.1330296567994722
199,0.21407084857866404,1.0541896249690292
200,0.47825118527745564,1.1272544334350991
201,0.5532634209522129,1.1168183791280373
202,0.39515582838460855,1.0775758488113336
203,0.49726612924814484,1.081287878203118
204,0.5701863269200964,1.1152865624111246
205,0.4065115240970138,1.1020099427062744
206,0.32884531975914044,0.9897698516323753
207,0.3167445524631766,0.9112457247442144
208,0.46111636543570766,0.9847926398276625
209,0.7242419672816308,1.075307678418574
210,0.751895786941902,1.1456883156296997
211,0.633682401056207,1.1120267756189712
212,0.08787106838434827,1.1427334933874829
213,0.6252836832743859,1.0794581819001696
214,0.18773373127299048,1.0233791608908827
215,0.7472872042135696,1.0317530574008624
216,0.36270179285807236,1.0038390826962602
217,0.3770044313907219,1.048913713645335
218,0.7546597809784215,1.1108095686042883
219,0.3156601228522375,1.178550639717181
220,0.48569604947664924,1.1223637502794934
221,0.048971931733933126,1.0910872647540817
222,0.40211124947000615,1.2613573632516912
223,0.23463056553670023,1.161728224933569
224,0.4705456816287127,1.176901507902558
225,0.2406639567541351,1.089899504445306
226,0.4584992410418857,1.114851223928917
227,0.6242074853909448,1.1647183948511366
228,0.6382681361049513,1.1992614019920593
229,0.4000339949766766,1.0251054598516531
230,0.3335315036354178,1.1016697123126353
231,0.24763206636247095,0.873427934744418
232,0.30887773655810313,1.0234440793493587
233,0.23576522325891616,0.8952985570635996
234,0.5191566266838272,1.0471145194715255
235,0.19393967185583297,1.1816636904290494
236,0.36623876083421086,1.0507666664332211
237,0.7933850915151757,1.0917091597300732
238,0.5024610846156623,0.9476357503639093
239,0.3671592646049128,1.0241374092170226
240,0.05950183339184833,0.876086757789258
241,0.34244959185828855,1.0337140873059418
242,0.06660962274490237,0.8896032062873104
243,0.30935608810191845,1.0752769255034196
244,0.2710862115713316,0.9452684920543692
245,0.6729664090976232,1.0001089720319012
246,0.30017703900437986,0.8973532234670515
247,0.10756031263072582,0.8609003108376807
248,0.5239066392562985,0.8525968666706313
249,0.34679208630069647,0.9143781409646351
250,0.388033041829278,1.0567434732193086
251,0.4398715175225292,1.164091131359172
252,0.37649473131562405,1.087626126502338
253,0.15615972306530346,1.0282103602546147
254,0.2251365597919147,1.0902610914106694
255,0.4285565070876535,1.0711094007472282
256,0.4419290509564777,1.0702160291395928
257,0.3268343508879613,1.1731266041547268
258,0.6723498325619774,1.2366352765556572
259,0.7168662740576296,1.2170596070549977
260,0.2883701401612662,1.1073218767839492
261,0.45890293757762673,1.1469509421227158
262,0.32308374031063913,0.9898722638915506
263,-0.02387411783044395,1.0198640083955506
264,0.7490909064272916,1.0218919777019573
265,0.5642450179275751,1.144359930319735
266,0.4877860348674514,1.204128645301633
267,0.6241797896269528,1.2584084451579562
268,0.45822442006611247,1.123640914168802
269,0.450419283595395,1.0956114553449874
270,0.5579110131653363,1.149812512016207
271,0.5780417890811927,1.1898920881545225
272,0.31514150758228227,1.0598263749384131
273,0.31126662756889817,1.0936995503605194
274,-0.03895876066405988,1.0288035088948526
275,0.2798739955655662,1.0822442429209937
276,0.4298689094409233,1.110651336146174
277,0.3537515440403077,1.1359750023338413
278,0.25679893709805146,1.0093000233163183
279,0.4769536879585593,1.147266932584129
280,0.40596841317575616,1.208577803359136
281,0.5427528025584781,1.0822846018352328
282,0.5682404284498614,1.0164281178226224
283,0.06189847248828775,1.049496487357712
284,0.5184457449577402,1.171987510168096
285,0.9518593916876575,1.1270510130653986
286,0.3641412640859604,1.060237955861776
287,0.6777208574666116,1.073725650344005
288,0.31868661920813646,1.123040989843512
289,0.24758207904016205,1.060656311493763
290,0.5422224374358638,1.0920963555965333
291,0.567897109183668,1.0947212791026006
292,0.36868566135117903,1.1175771803102408
293,0.5039970860930335,0.9641109118774276
294,0.1507890809156599,0.9208325858166966
295,0.4991343192425136,1.009924082676375
296,0.5484930421964407,1.0317150672085131
297,0.6136328256706872,0.9979486866595306
298,0.17737778902710072,1.0738931622367485
299,0.26451834844706074,1.1909777805105883
300,0.6639897062729732,1.1685602513654496
301,0.40886692847220407,1.1116450796097006
302,0.5248637297462914,1.0367676565771329
303,0.4577632479981348,1.2325717232323405
304,0.24332589966094723,0.9684900076877895
305,0.4398783003902849,1.0230692103042616
306,0.4440612634980092,1.1641921190906512
307,0.5854168754431625,1.1412879240017044
308,0.4370436215418868,1.178462635743356
309,0.514769198477564,1.154233598521955
310,0.5423201152607446,1.0640910301676558
311,0.13916254310934886,1.0340548875915199
312,0.42923593690061634,1.1162066392633296
313,0.5216668040747008,1.133520693979401
314,0.17373932079915566,1.0666268709931006
315,0.048067360664736325,1.0371908584140677
316,0.2684987152392979,1.1704005128714035
317,0.459300908581287,1.146658052529032
318,0.2422237495567166,1.109699504615241
319,0.2449528897921539,1.19548757173055
320,0.5285501429227603,1.1191337924259817
321,0.36168095766601144,1.0760049210846978
322,0.6543607865942125,1.0336975298220537
323,0.6052408123057798,1.1182962259321234
324,0.7190461261843936,1.1092464084620344
325,0.8320812261731535,1.1488839499075876
326,0.5841434774932767,1.1248023817106474
327,0.4585860283667763,1.1663134744010097
328,0.1258563025929844,1.1157262227448927
329,0.45532074837927555,1.1879798035957387
330,0.4907319414247858,1.0833136473059704
331,0.5857049026824981,0.9984703442588279
332,0.7893579694775686,1.1006054583567253
333,0.08600845448985907,1.0468155740828595
334,0.3847045197407863,1.0149141293290378
335,0.1274080691164562,0.9223618515569865
336,0.4413789699589974,0.9186945804759092
337,0.35943830403751204,1.040834904506269
338,0.6772241693730268,1.1026872162606942
339,0.5805653306936397,1.1102396058260315
340,0.9060546852415107,1.1920450690309683
341,0.46662971403589754,1.2254937345871983
342,0.17618771893782087,1.166157539749304
343,0.2312884733518595,1.0959657743601217
344,0.6220419470305029,1.150197732342504
345,0.3437224655383398,1.0515340864129157
346,0.6062447584581439,1.1788114647850576
347,0.11032217664460602,1.0798010263963909
348,0.17514674979805459,1.040650660655937
349,0.49446939820247005,1.1260474331575727
350,0.4896853456267392,1.1568912271099632
351,0.3704791275104443,1.1396892267409737
352,0.2810364800579817,1.15198758767482
353,0.7729304597340305,1.11725918017775
354,0.6483623774319656,1.0801338873526254
355,0.28464790072350904,1.0725095457144616
356,0.4306041608744274,1.1464047866576814
357,0.3636262514761762,1.152830515695912
358,0.44107983630743136,1.0538382584460129
359,0.4349788573941778,1.13112705202351
360,0.34710980755270404,1.1773936312434987
361,0.5865566257125188,1.2035483547544208
362,0.34843578094868227,1.1922977732067839
363,0.440466451382727,1.1764035917986058
364,0.34868879407622316,1.1004151317118374
365,0.48337907141472886,1.0964222057343433
366,0.36114289405617195,1.1287495254837023
367,0.6280116279690152,1.1812685615901413
368,0.47784827399056284,1.1871553533107249
369,0.4769920315157031,1.0801285572194708
370,0.5025053295955272,1.0317649846138308
371,0.1202205758348675,0.9901783471890946
372,0.06229251469171133,1.1111066433008538
373,0.3707713043038379,0.9154682765268037
374,0.11035024919603788,1.033403182782144
375,0.4870971485494198,0.9881516142383686
376,0.4354491627716638,1.0250108445902832
377,0.23106774052468904,0.9282960283268449
378,0.5667752863691535,0.9913352187934922
379,0.852927623245648,1.0616798743726947
380,0.70998495908864,1.0507660453699261
381,0.42022781482659693,1.1143993716976222
382,0.23903707329670512,1.10568853748475
383,0.5433360068415152,1.0581233306357234
384,0.01070119263903985,0.9493837680464698
385,0.8027683305424287,0.900515316397707
386,1.0142393467763096,0.9316195930143776
387,0.7847619174894457,1.085018511716272
388,0.4138196386395039,1.2357342458832095
389,0.29697024452238574,1.2384003629270883
390,0.4713772508472023,1.2560961144402751
391,0.6181939665332599,1.2956272226880137
392,0.3665388176459547,1.2676022901102466
393,0.43089762207675775,1.1715627415523402
394,0.24876097980321069,1.1098825306251217
395,0.2778989215599617,0.9880497108779674
396,0.4441788864981542,1.1339696203496052
397,0.6069727628250702,1.20969175886641
398,0.7166938832135232,1.210718034972155
399,0.20312955559714327,1.1569586519698571
400,0.3121467118067251,1.160864775395084
401,0.40749797853628605,1.1682196227953832
402,0.04108517796165294,1.0928490444634358
403,0.16790019084429156,1.1032605380010334
404,0.3101825564520056,1.130109377041162
405,0.4800671398270977,1.1267174607369819
406,0.4985037730598741,1.0033894845938243
407,0.3693359478694597,1.0218667292407184
408,0.33465575572853856,1.0300982799689011
409,0.4726842180817647,1.17730026827356
410,0.3603666140052941,1.0812893889025461
411,0.245851288872293,1.0837103493151397
412,0.48159872997542474,0.940690949235409
413,0.29598993037787974,1.08637829566239
414,0.3585464156569266,0.9928109911739834
415,0.15682566310601898,1.1080294705324978
416,0.5231187016741391,1.0819099105920502
417,0.6425329874266814,1.1157987108073462
418,0.5212599409222681,1.1061428053506575
419,0.2143251522400672,1.0311224874782772
420,0.4404786265268116,1.1267405517887519
421,0.3901373006337888,1.1925999657050514
422,0.3135299729768682,1.032398060343891
423,0.376587542174834,1.0726855762336485
424,0.5405454736209451,1.112906640359315
425,0.208094391574009,0.9805917467271981
426,0.4752236853350101,0.9873744784901606
427,0.37567748795121475,1.0530949857982206
428,0.4776319206194887,1.0183047941060466
429,0.4071082912445033,1.102507975341473
430,0.09353251709270134,1.057321702602602
431,0.5624219079591455,1.1839185719558478
432,0.7230456319476037,1.1783345586469014
433,0.47698600594457774,1.1881621946937404
434,0.5336785953503309,1.1032398404872588
435,0.7406277779964379,1.1536533352289529
436,0.33150874240152567,1.1072798210382828
437,0.5785513065518942,1.1727972394269985
438,0.24592207671359895,1.1672534284787464
439,0.22890111474162436,1.2575185128627702
440,0.6254643091598117,1.2881936404765217
441,0.41778351198547165,1.1666872888273396
442,0.33599534702967443,1.0802977110118517
443,0.29825433440760696,1.0968264811702682
444,0.5270405675939167,1.180685499589096
445,0.2738297273463135,1.1279393025560653
446,0.4973568310541286,1.1486192248917098
447,0.1210115500906563,1.0417879946991722
448,0.326173524700982,1.076099816364507
449,0.3483091075480767,1.1711541845696987
450,0.17787661059790744,1.0906711634289559
451,0.3919956083559178,1.0692152339302838
452,0.49628732249592855,1.13151972607295
453,0.44115529697005573,1.180442647807552
454,0.4124459223064696,1.118290185397765
455,0.48380037278232757,1.0604213667043343
456,0.5912253835984447,1.1060026364137148
457,0.6719346501080369,1.0403158528964431
458,0.3453475967605538,1.0313074793605528
459,0.20308544515992577,1.0057727316643283
460,0.4184872682117331,1.0744993777226794
461,0.7004831671269957,1.1697830697127538
462,0.3779294204650724,1.2183618283861903
463,0.7888597030856649,1.2290074067418508
464,0.27926606346910277,1.1384030766150302
465,0.44716804627835993,1.2030182889373182
466,0.457321425979082,1.0479567096575684
467,0.5254510126761086,1.0597158086750673
468,0.254423644691289,1.0009018006574981
469,0.35615057256731486,0.9981801932330893
470,0.41054341731770005,1.0987369491724417
471,0.28839359764047456,1.1048837553477198
472,0.4844623261985508,1.13996781315923
473,0.6964471718812908,1.0670016720413664
474,0.4214400293575911,1.0966971647524821
475,0.7486151554659528,1.1578453798193407
476,0.38332048824603243,1.1566966180683662
477,0.313081771721261,0.994297079671291
478,0.3970718083511538,0.990144284570487
479,0.6271231235275093,1.0081786059112228
480,0.45978460999469883,0.8478881780019467
481,0.5422275859153294,0.9371637935654904
482,0.32393808152325015,0.8886799889614991
483,0.5609621586274061,1.0191324712278311
484,0.221894382466379,0.955584586561175
485,0.27845641805336935,1.0099597064591104
486,0.31763740597987955,1.1102853211775536
487,0.4922004366475428,1.2010135462615485
488,0.3399672906288509,1.1852355330357973
489,0.787864527959346,1.1662495791205914
490,0.25823323023332534,1.178597669484072
491,0.34820298659366195,1.1053768916041327
492,0.541562777561279,0.9902238056578638
493,0.2753461074920461,1.078820721093031
494,0.404143725777602,1.039209258079436
495,0.5472098830301793,1.1060758802516284
496,0.3039575722591272,0.9988774973865401
497,0.5235972211120745,1.0550548384438798
498,0.31839681980314316,0.9509998747717489
499,0.41446302240582833,1.0490966677643891
500,0.6157071675461211,1.1782274241048105
501,0.34094174785654224,1.074300312898136
502,0.18862257907609617,1.0689411204684658
503,0.23725543719861383,0.9815971739583103
504,0.3956384393957464,1.0109950088550619
505,0.20620930589542777,0.9576285838981121
506,0.33488979792676715,1.0677304811915542
507,0.3848886014216986,1.0659515712055696
508,0.6383759327275452,0.9459475881400577
509,0.3003474894971676,0.9801154460232963
510,-0.04253268278368978,0.8847817145820223
511,-0.06070428850357649,0.9035020281246768
512,0.3050856521472764,0.936727965953278
513,0.2193453572752845,0.8384700650335415
514,0.6005566200072151,1.0092614241571753
515,0.45183730968232394,1.15595998617259
516,0.2457398691562441,1.1546160713419953
517,0.42831132534752653,1.0298399318225773
518,0.7636105463269081,0.9864721485224858
519,0.6062734589192076,0.9024882684206308
520,0.738084105977582,0.8401997633579512
521,0.07073589022782441,0.814143466729397
522,0.10059152612726902,0.8153660411770973
523,0.811035719128651,0.9689599103539897
524,0.7243522836286838,1.09034339173892
525,-0.11298233636866227,0.946049823414094
526,0.5075056215437038,0.9894994279693234
527,0.49501835160036606,1.1148974456412868
528,0.2888771954481841,1.155738209261221
529,0.5288184422881613,1.0340050942451422
530,0.6105021309765952,1.0983614269833826
531,0.3601927758727697,1.0736197779523897
532,0.3632595388907285,0.9815691783484998
533,0.2437256620282525,1.0126095437612148
534,0.4118091857464105,1.0605438116341073
535,0.34639200796651115,1.152077189637366
536,0.5614313441731658,1.1299409428181681
537,0.6550339786502694,1.072175467235989
538,0.5945379828777911,0.9919041502647933
539,0.401875230843604,1.0743551564549343
540,0.38725260535774275,1.143354317002046
541,0.6133065227023542,1.107650092224393
542,0.3067304639115217,1.0140225116998143
543,0.14866087826334096,1.0254820545120253
544,0.437299850219624,0.9622979546532536
545,0.3594797887908884,1.091768169982487
546,0.20257933981829052,1.1517799023802
547,0.3627665985735937,1.180925457888486
548,0.6796913854226166,1.2522539829983386
549,0.4381257359476518,1.1590550083349072
550,0.22169926008398527,1.1482788341523187
551,0.3917722884675887,1.1840285302273283
552,0.20262772313136015,1.096743778037368
553,0.31193545229120706,1.1213807533928049
554,0.3284515384544226,1.0556602736142828
555,0.40437386327594466,1.223760104428497
556,0.4583069282811382,1.0876466887348453
557,0.4236598167024891,1.153287436013079
558,0.49071367357280504,1.08767855844508
559,0.37033001986204966,1.0714280577245916
560,0.283050253116391,1.1115603730415942
561,0.4506086533740712,1.0905436753565276
562,0.6897661251192975,1.1978914941280827
563,0.46045668618164026,1.080751212019868
564,0.22419706330417613,1.0123276905722394
565,0.3582209739259353,1.1016142451805713
566,0.5392677597760657,1.1760897134212187
567,0.541748245627345,0.9949156067881939
568,0.5301764723248353,1.0391145782980322
569,0.6156759784907209,0.9326602849065923
570,0.7288899196740798,1.074069100635942
571,0.5341272051608275,1.1839865091411312
572,0.398681944046639,1.1302277695308334
573,0.2458099321705033,1.0997242210949902
574,0.4324214927738297,1.206665551816225
575,0.398271413553504,1.223749186671221
576,0.44260768044076,1.2051193074686488
577,0.4496714577842657,1.2014189931325119
578,0.41695617224338943,1.2107877393737632
579,0.5434406580030399,1.175869929124043
580,0.07285181777094886,1.148176528834976
581,0.5488218141730425,1.0968183483780598
582,0.12725219055370576,0.9996669818118159
583,0.20658053300822854,0.9432714661942605
584,0.293450977984113,1.0327614469376702
585,0.5116967637568356,1.0614867518776308
586,0.4161075193027711,1.146506879655312
587,0.33364322230248583,1.2067490134432055
588,0.24466863909205286,1.0437085644818451
589,0.357762767754266,1.1117946269362953
590,0.3916351255042405,1.0839216865807484
591,0.44018137672109536,1.0344397724951873
592,0.3123204724563845,1.0970685913624114
593,0.21076194647538807,1.0251667467409757
594,0.30205890143229286,1.0109972632923627
595,0.5325014397504471,1.1901935129604362
596,0.6782968892100055,1.207154392273248
597,0.30702419368838785,1.1668441352648622
598,0.3672726599340973,1.1728259071240648
599,0.40578195453067534,1.1639459048566378
600,0.45117000062723217,1.1454502809711602
601,0.2591401959831093,1.1661930306827366
602,0.42391986228725914,1.2270579515874198
603,0.5225005681928341,1.1849180705453632
604,0.5121164651267569,1.1737581603887948
605,0.82647256645078,1.1179894450887746
606,0.37212834736807315,1.1499205561433672
607,0.3283323163359617,1.1541932117012612
608,0.6869800427888175,1.2281651009757033
609,0.4416521226117897,1.0862211167485822
610,0.5251366022592464,1.125583143192947
611,0.46825414303770974,1.2535808330147955
612,0.39742887186310727,1.2206438533473878
613,0.3123360745980568,1.1299177807979295
614,0.3778824700284167,1.079345154890887
615,0.40325665194028815,1.1301091883222023
616,0.026376272964094314,1.0234570710312025
617,0.580570460050525,0.9922562484981202
618,0.2800880709204183,1.0746046084392282
619,0.26288915739167695,1.1517202186658615
620,0.43467678842399726,1.1074286501730666
621,0.5949652035587418,1.0968118161230869
622,0.521290850047979,1.2002305172188297
623,0.3803963062776018,1.202656163827273
624,0.45270965048551864,1.2127858593804335
625,0.3606065740252465,1.0833104883875855
626,0.657649990373775,1.1033268579664568
627,0.004310324948352907,0.9856818867450149
628,0.398020482619906,1.016578411503114
629,0.5759968412242232,1.067143631734644
630,0.3263748782377387,1.138629946877839
631,0.40926246583764697,1.0298105162506992
632,0.22081041013529526,0.9591427880790504
633,0.39742896407251493,1.1160613968119264
634,0.5219183882372044,1.0143718191844402
635,0.44999285793558225,1.0580379197877237
636,0.20923055091377352,0.9984465320015665
637,0.5368397072324237,1.0896974381887097
638,0.19501141766140265,0.9891017194076783
639,0.6160803514649151,1.011326920420658
640,0.5206361602444157,1.1243262993877552
641,0.09739760973075048,1.117378479452908
642,0.49405459781649697,1.068473316555856
643,0.15782384021229792,1.0431568635825117
644,0.5125676630376333,1.0081989638321884
645,-0.021521281602673987,0.9612986769956731
646,0.4979549452470898,1.0494493087775965
647,0.6465783521141343,1.0574580513627518
648,0.378451600768701,0.9596641795951304
649,0.7220197549345315,0.9357305684953933
650,0.8395585000699339,1.0777588851731388
651,0.4462188332318705,1.0707374758635035
652,0.5104515034881026,1.064956307949606
653,0.839467907347587,1.1369701162656447
654,0.3869269987683926,0.999861566013453
655,0.4665099695678164,1.0365261319274577
656,0.25993425640138534,1.0426496087028478
657,0.4470856420855417,1.0911439272021277
658,0.5560649470301581,1.093717692073776
659,0.5544366989449472,1.0216093874240109
660,0.44351966076576677,1.071034348479085
661,0.6402793557484552,1.1577843255577678
662,0.6771977298664181,1.0248655191606177
663,0.2805792470943204,1.053318829975101
664,0.40194257986317483,1.0959842300754346
665,0.13565913692491988,0.9989896469026555
666,0.4285355432680819,1.0647309003366592
667,-0.0021522143343194037,1.1116272180198958
668,0.42210247152416663,1.0144733237973829
669,0.6178149125393881,0.961305070483038
670,0.7073292253288022,0.8649652311536649
671,0.5095866807609531,0.7681497988632464
672,0.13899764935233064,0.8797024184641115
673,0.5251907059964328,0.8011415738445714
674,0.13012110581268072,0.7778434938238994
675,0.7400322135275007,0.8938274873106976
676,0.7144075931452915,1.0311544125879424
677,0.2168171999467575,0.9424922489030118
678,0.6547097137537474,1.0382518663540932
679,0.7132494547321363,1.0974969328176223
680,0.5219565934736118,1.128841631381202
681,0.25473484096445165,0.9480380441219178
682,0.3064405516821516,1.0646797901743486
683,0.1971289063486067,0.9916178729069499
684,0.169025000007717,1.0114993310060458
685,0.4658668750837342,1.1270883371279403
686,0.5411029025777206,1.1714427916549313
687,0.1276643019930032,1.0816423743769061
688,0.4104060607736651,1.0631379736650688
689,0.5122706028668491,1.1075474081902779
690,0.458424305653569,1.2338983204507477
691,0.723536206084788,1.2369070675160592
692,0.8339170809191193,1.1888271569008289
693,0.22262599081044762,1.1617360130640972
694,0.3643875018614175,1.0656727154077144
695,0.3908372397936432,1.1277268216577958
696,0.7032528215273058,1.1681696437749434
697,0.5035178421631853,1.1267688252402766
698,0.4948852496848486,1.148956977213849
699,0.3381222858929518,1.1405980804018236
700,0.2861648929588144,1.0307679936081962
701,0.5336181354106135,1.0895409167074104
702,0.8010141088117194,1.2473503880931378
703,0.3946892331176653,1.1334147825255458
704,0.5643122932086043,1.1610801481190411
705,0.35504015960808627,1.0410013432416718
706,0.26805041896915716,1.1478341215369414
707,0.7044864024396578,1.255726500332867
708,0.5900152832408205,1.2088230160538493
709,0.2502920655721936,1.0924319826947755
710,0.78009201087425,0.9220017876748554
711,0.3532263751503491,1.0235382357144907
712,0.36952631653910245,1.062960186924583
713,0.3641319506458178,0.9762497280625053
714,0.28504752492036844,0.9873395284179611
715,0.4962493821548754,0.9216193996619345
716,-0.1585345392520622,0.8540310142806247
717,0.3958145369987106,0.9951039843009626
718,0.2434032681755932,0.8771005483360376
719,-0.0020391446133344853,0.8104770263025541
720,0.13530870162406233,0.9156627323300889
721,0.2075346045872022,0.8547819377911595
722,0.7059314650944611,0.9234278903488352
723,0.5659477176772725,1.1157051664434192
724,0.5171801661367773,1.172727232994507
725,0.37715672653035026,1.1945764995300179
726,0.2771176403123507,1.1029804113311341
727,0.5284409171433416,1.0713725994038412
728,0.08226834821132378,1.0274826374526758
729,0.6623234857124809,1.0326133850486452
730,0.08964692404166373,0.9352519524316517
731,0.24531305911210124,0.926480571916673
732,0.5680243635713511,1.0231709746789077
733,0.3752488579977867,1.085297377558851
734,0.5402691552622652,1.0884682020256196
735,0.4197219805577917,1.1004353479758806
736,0.36136472553336263,0.9306431685472878
737,0.3898878689724085,0.945930765843111
738,0.49151402917692993,0.8392017945322069
739,0.3201657032023134,0.9334607021450814
740,0.2491766750662862,0.779173352196716
741,0.24707216222288012,0.8355100775214731
742,0.3695049605832517,0.9294305551632736
743,-0.022872832083388188,0.729702884127933
744,0.17959392408544192,0.7748902777621004
745,0.5820702580290216,1.0016848389473583
746,0.28672904104501107,0.9635716316848705
747,0.33491176322497523,0.9316346126255576
748,0.5132933632535436,1.043095698905002
749,0.32339480729384107,0.8929962802050416
750,0.8265072258652654,1.05111754501332
751,0.5661147763853275,1.1639937446844268
752,0.35219405293969497,1.0999537563828574
753,0.4321530505074739,1.1307712098615332
754,0.42859077255185046,1.0915071626287576
755,0.5710374727794542,1.1323155796930975
756,0.1985604109588965,1.110028160671046
757,0.14734527552246365,1.0816241883867526
758,0.1913638528704502,0.9352085752569678
759,0.40146216175667554,0.9659403954277668
760,0.19739845938059258,0.9283158839063618
761,0.44174724472171073,1.0159688969858933
762,0.552199735859043,1.189993729401634
763,0.5518210185165366,1.2108321093641186
764,0.3166354711494359,1.1971245490589881
765,0.437512192237668,1.0392029362668915
766,0.39015105358660357,1.1199334096339064
767,0.4345640000257535,1.0201275427741114
768,0.4984405257481423,0.9055602827314566
769,0.10324056061594321,0.8804977717636725
770,0.44351584381706183,0.900596958730998
771,0.5708899076332324,0.9689725948973422
772,0.6026571572290872,1.0532522836861293
773,0.5534741493041108,1.075784227057841
774,0.3214920362248674,1.1739829091036875
775,0.46163086620075555,1.205094933364502
776,0.6868696814311177,1.2148245867916019
