t,lambda,delta_s
1,-0.5729248140539401,1.0963780008314967
2,0.31508123476431277,0.8863760473592399
3,1.131403157523826,1.0179152314355784
4,-0.08159507739003614,0.671699079416314
5,0.19471121903626507,0.705538439348225
6,-0.050198924722475016,0.6480388541583889
7,0.25299040111348864,0.7657491728790858
8,0.48103392590094424,0.8403111706120975
9,0.0643962101594571,0.5329202517694307
10,0.23207201177219391,0.6007342169821321
11,0.15803059917155124,0.5696611760901309
12,0.1198462246624579,0.48759825165272547
13,0.5404971383583731,0.5807084620848044
14,-0.2432432067001979,0.4125679498150778
15,0.41515580310000255,0.48936853345835063
16,0.8052044163814838,0.6087987780879776
17,0.5026936284529234,0.7110332117401489
18,0.3371718537162509,0.7381265895765488
19,0.5300565272470257,0.8318294557016314
20,0.4544370059719753,0.9537176713759992
21,0.4931855352201581,0.9234303251695536
22,0.3346198371723055,0.93531101206539
23,0.2301693377734366,1.0666789091494397
24,0.34553531864917353,1.0692774364783242
25,0.30003939962438314,0.96283942950872
26,0.2381895128742374,0.911316597652412
27,0.3778864868680519,0.7364324358791726
28,0.48694947995707394,0.7951268056425422
29,0.3658913529227698,0.8302790171126726
30,0.3228847768658052,0.9036326592813865
31,0.4647399495325992,1.0214640154297723
32,0.37515643734685994,0.8577351597059186
33,0.6769585481507837,0.8035026265247549
34,0.2968719846847512,0.6142798836422846
35,0.5767475180802665,0.7603953440829456
36,-0.12469231521095026,0.5541654565177527
37,0.14971452294663185,0.6544816789057063
38,-0.04068415628306855,0.4107033587104438
39,0.001976475912783058,0.4538762115417862
40,0.4004547048634881,0.5452988772792515
41,0.3993662302058595,0.717358409788095
42,0.010052350540210161,0.6637814377172975
43,0.11047350091095806,0.6510516830028433
44,0.34579954631308824,0.8201550868352315
45,-0.0537056899705983,0.7758845937813353
46,0.267010394200757,0.7726596993748878
47,0.4521894809514633,0.8391065593217963
48,0.4306957706571512,0.6262474533502509
49,0.34982805055575783,0.6860885762845468
50,0.4677720830309246,0.572244554283612
51,0.5034558948101513,0.6460018623521004
52,0.05060068936429758,0.42119510014899275
53,0.030472288340084922,0.4382223024222199
54,-0.037632032947574626,0.33325775914905675
55,0.19264867286581455,0.38105884709509885
56,0.3220235956513257,0.4657209003256993
57,-0.5288039419429373,0.33459069430892086
58,-0.16081582090556795,0.31457085854607697
59,-0.17991526298005728,0.2731370973207187
60,-0.41471036764201746,0.2231870371309743
61,-0.12754202443821724,0.17356593206428475
62,-0.46533518303815713,0.1387936520580427
63,0.1011041021726391,0.17796184079438154
64,-0.3916309931670966,0.09518973685005944
65,-0.029172661358455535,0.10676591218417966
66,0.2883536332485658,0.13250702613348808
67,-0.4175993290659653,0.06675074455247113
68,0.02745601103615685,0.053847552328101365
69,0.17043818344284092,0.05724470989356921
70,0.20955974902129684,0.05572486522738776
71,-0.6913403353650363,0.032035620319838046
72,-0.20299261326264745,0.023561512669916646
73,0.1089940311149551,0.022822074756250744
74,0.022815314893468063,0.02322917723683188
75,-0.5858819143271059,0.012548257688362197
76,-0.41074869518347346,0.00783167775326496
77,-0.2000398601822993,0.006690937038896807
78,-0.40618032885390004,0.004208515897033794
79,-0.2188493715232868,0.0035728615219064435
80,-0.40110040493117555,0.0022523526496599547
81,-0.08741391158065726,0.0018308782043991222
82,0.01214577085130718,0.0016706859770950593
83,-0.64798752709394,0.0009754208935431969
84,-0.49773601587774335,0.0006400538170351914
85,-0.12235231018130774,0.0005199546624106165
86,-0.48978179243400155,0.0003411703591145917
87,-0.12701644619774463,0.00027711142305716083
88,0.05359944759171313,0.0002532091015424001
89,0.01358046959738359,0.00024264395676632834
90,-0.051139407953845084,0.00022626220292858872
91,-0.09449367400656007,0.00020284060799004278
92,-0.5454657349780708,0.00012052675382020838
93,-0.5865783241356554,6.879066955288188e-5
94,-0.5921666895196852,3.813759967428024e-5
95,-0.03827306370519895,3.6659105036861644e-5
96,-0.028533863990265577,3.422797159839674e-5
97,-0.06904902083407014,3.06991879371979e-5
98,-0.5582399083614289,1.823954117514067e-5
99,-0.06322955677035627,1.635946212473429e-5
100,-0.5582131542026744,9.71975562217375e-6
101,-0.4834629895643456,5.54697302197654e-6
102,-0.26084916142983927,3.07367735319934e-6
103,-0.08900706085910269,1.7821537657575557e-6
104,-0.5313581114416964,1.63796469800339e-6
105,-0.10222927392721544,9.497092724169691e-7
106,-0.5178138442584378,8.728719658412973e-7
107,-0.11562176376402297,5.060999379757444e-7
108,-0.5039240918601438,4.65153634807756e-7
109,-0.13073868899270955,2.697005600624205e-7
110,-0.08653635247619854,1.7654540609177394e-7
111,-0.09561656633295189,1.509534717300493e-7
112,-0.5293387846657291,9.408106134387038e-8
113,-0.4940957341143966,7.659026362458697e-8
114,-0.14279193915698166,5.01357995631308e-8
115,-0.11210110697672591,4.2868135210167334e-8
116,-0.4962611234846642,2.6717369462628262e-8
117,-0.14074699252143277,2.284442897483113e-8
118,-0.12427412996288989,2.3046750760583945e-8
119,-0.5014128697282074,1.2173796361195174e-8
120,-0.4234196217528971,7.587264207258333e-9
121,-0.20813557718273737,6.487416086426129e-9
122,-0.11445175957836232,6.544871861307631e-9
123,-0.5072526789084381,3.4571440495945834e-9
124,-0.3487264236597554,2.154649668994812e-9
125,-0.28251522152022984,1.8423120588451377e-9
126,-0.3294251554768483,1.1482128114242417e-9
127,-0.1273995069073219,9.34746449911753e-10
128,-0.07384518925171335,8.591208650091411e-10
129,-0.08997407961858378,8.262244055177071e-10
130,-0.5251770768465268,4.5782550866282435e-10
131,-0.5047698556009128,2.6545154878573746e-10
132,-0.41815995009872964,1.7376389652138999e-10
133,-0.21024533728095393,1.4145913034084352e-10
134,-0.4139328125116048,9.259878045802213e-11
135,-0.26640771467981555,7.917567854910887e-11
136,-0.35782266806659574,4.934589011087061e-11
137,-0.2065688366646006,4.0171904758742463e-11
138,-0.416565370760251,2.6296424840201475e-11
139,-0.2111155226967056,2.1407608045771802e-11
140,-0.41257185161510646,1.4013364797383979e-11
141,-0.21847529446481223,1.1408114327626275e-11
142,-0.1338625765067591,1.0485141796710504e-11
143,-0.11872562136375168,1.0083656917151472e-11
144,-0.1274383324357536,9.415957687712454e-12
145,-0.1487833458676728,8.445583583537772e-12
146,-0.4615183976777928,5.017763851775544e-12
147,-0.42648307784321227,2.8635811929074494e-12
148,-0.2076726642409142,2.673966356613717e-12
149,-0.3979536434389854,1.5260024176996383e-12
150,-0.23266778986522005,1.4249566714400133e-12
151,-0.1685079514994494,1.278105857177765e-12
152,-0.43878728728221567,7.593594102102357e-13
153,-0.2959702724029884,4.3335784424337113e-13
154,-0.3300403456167927,4.0466262970108014e-13
155,-0.2863717384018056,2.309363951972441e-13
156,-0.3289650400717844,2.156447153677089e-13
157,-0.15305228596551584,1.9342116101149123e-13
158,-0.45881404427164046,1.149170688194438e-13
159,-0.22123762550622605,6.558187406480093e-14
160,-0.06805598483289257,3.6340072563981475e-14
161,-0.055396399413707026,2.1070316881910904e-14
162,-0.08094404841325348,1.3792574872192622e-14
163,-0.10457598180595908,1.1793205796756849e-14
164,-0.5245108649005283,7.35006314939155e-15
165,-0.10787862636787866,6.284599369091699e-15
166,-0.12253456772544241,6.340258904872182e-15
167,-0.5110127316328482,3.3490630037889962e-15
168,-0.5017355367054012,2.0872886468164985e-15
169,-0.4021171963306806,1.6992369688825321e-15
170,-0.21148193831862577,1.561760345042868e-15
171,-0.3934740318738718,9.055233807175013e-16
172,-0.16446443853509066,5.927532602885881e-16
173,-0.4611444494169626,4.825534095843565e-16
174,-0.17409144401569446,3.1587821240778866e-16
175,-0.048220687911695856,2.700885657794737e-16
176,-0.05014104744556598,2.724806043658674e-16
177,-0.5899623026630997,1.4393019670388157e-16
178,-0.04504188291414203,1.4520491406657072e-16
179,-0.5927505525072047,7.670040182349851e-17
180,-0.660565343853921,4.780318487628523e-17
181,0.02528197186668548,4.087364413174235e-17
182,-0.03068040225446942,4.1235641440467644e-17
183,-0.594150544709647,2.17815649578055e-17
184,-0.6092662634250466,1.3575263646843038e-17
185,-0.02880378891037663,1.160739596601455e-17
186,-0.5872958736765331,7.234257997402656e-18
187,-0.3285924392077311,5.8893237647650675e-18
188,-0.03397581286948415,5.412848521638112e-18
189,-0.5977751065321463,3.138420634243304e-18
190,-0.33723054202937097,2.0544020206641796e-18
191,-0.036956961163457785,1.7565962877468717e-18
192,0.015246297734325183,1.7721535775894814e-18
193,-0.024324374247333077,1.7247996473349106e-18
194,-0.579125967436284,9.443806414974346e-19
195,-0.5051460399902935,4.9884244719141e-19
196,-0.13119232331428424,5.032604438539829e-19
197,-0.026518727421824657,4.898127606173179e-19
198,-0.5688281938951888,2.681874905297874e-19
199,-0.3787379129041148,1.416624803637143e-19
200,-0.08619231012011412,8.829051188601557e-20
201,-0.005379249858280516,7.187626015553658e-20
202,-0.03905876031412891,6.60611173818345e-20
203,-0.5965566331306631,3.830285903688545e-20
204,-0.6663761046469289,2.5072952345524352e-20
205,0.040789357560733784,2.041159358075625e-20
206,-0.6756750758245924,1.3361376304929927e-20
207,-0.6840071411228218,1.1424513693206446e-20
208,-0.30068491037522077,1.1525694865041926e-20
209,0.07666659202319955,1.1217715377441844e-20
210,0.05805183406969696,1.0313392439198245e-20
211,-0.012131287014385098,9.102745237999375e-21
212,-0.07299149954463235,7.802446365458746e-21
213,-0.12048777102015176,6.544316116466893e-21
214,-0.14036398837501493,5.398476721920919e-21
215,-0.16522602349386964,4.3951697481629504e-21
216,-0.4699700446377285,2.8768482451116576e-21
217,-0.16108149424452747,2.3421859587960356e-21
218,-0.4658288904901488,1.5330724298200023e-21
219,-0.1620487952149337,1.2481508974424074e-21
220,-0.16170161931139448,1.0054557729646738e-21
221,-0.4729824266846627,6.651396132470588e-22
222,-0.15498876078516327,5.358073814128746e-22
223,-0.4636506794545506,3.544528998993577e-22
224,-0.16393909164899476,2.8553175355492087e-22
225,-0.4619320257327022,1.888879503563677e-22
226,-0.414060152406186,1.236361732632921e-22
227,-0.30411111468010354,7.987011523147417e-23
228,-0.32248867170928747,6.588571673200837e-23
229,-0.30099254324983465,4.256278440685259e-23
230,-0.32421450422268844,3.511049844648726e-23
231,-0.17028334762036543,2.858521182249594e-23
232,-0.45479845431866495,1.8710384622133062e-23
233,-0.1739146088305539,1.5233059380208088e-23
234,-0.08933219697302276,1.2271086392781782e-23
235,-0.5341396563739234,8.11769734371289e-24
236,-0.43967916394037265,5.313420117020284e-24
237,-0.2497592478263848,3.432518702401828e-24
238,-0.1098664007723105,2.1808467836971533e-24
239,-0.5144094261597064,1.8291892165099342e-24
240,-0.3705173512123316,1.5089178501739026e-24
241,-0.17688375546041274,1.2284854467590605e-24
242,-0.09388220526610806,9.896141459963e-25
243,-0.09208518278128096,7.902471706851206e-25
244,-0.5302742418085626,5.273653784014282e-25
245,-0.522258233247344,3.4886825782056464e-25
246,-0.43414941911852617,2.2835091538972872e-25
247,-0.18708934941232538,1.8591189459257887e-25
248,-0.435270314822135,1.2168820281118641e-25
249,-0.19780123626094104,9.907244862838527e-26
250,-0.1053723056582322,7.980843151198586e-26
251,-0.5161864868361865,5.279570787406651e-26
252,-0.39437488605156545,3.455730910288949e-26
253,-0.22518854745665323,2.2324342361030795e-26
254,-0.40644725796447273,1.841559002092981e-26
255,-0.21761381829729606,1.1896642044193309e-26
256,-0.4269492361727261,9.813667922153495e-27
