t,lambda,delta_s
1,-0.32459545783728005,1.1073765655275651
2,0.3269172879928561,1.1654557122517533
3,0.03414219406891017,1.2430761823011585
4,0.7010430794217473,1.124387409367481
5,0.4237107581569107,1.16530705170153
6,0.6111303502769786,1.0610020830585773
7,0.543425424064635,0.973092281454829
8,0.6246920062466746,0.8731285968427038
9,0.49312664844856646,0.9536905976281586
10,0.37006958371938353,1.1075919011534479
11,0.5040234721597521,0.9820723969733276
12,0.1119081297717145,1.022525633044456
13,0.15523802405018067,0.9629954652139148
14,0.2952845154572084,0.9475009842707929
15,0.6397192452533387,0.8836841016223644
16,0.667798201216328,0.9872422268354999
17,-0.13380630465960117,0.7622633710165628
18,0.7100148527430651,0.7657919374329578
19,0.3396706335516714,0.9326755297754439
20,0.12236166161606185,0.8734759982104273
21,-0.02368534776768516,0.7302934063129592
22,0.13722434155129343,0.6821040644952712
23,0.41676087990057453,0.6057431288610423
24,-0.3442727256294974,0.5181182982223743
25,0.2211477902031311,0.5083382915079484
26,0.3441181126326811,0.6161624781380258
27,0.4444980183402271,0.6645163532128376
28,0.46001981229990535,0.7426424322015008
29,0.5108813755753768,0.8515415037616453
30,0.3770403951600634,0.8748738037409255
31,0.542356750381489,0.8798745657436369
32,0.6258776353928445,0.9162035420929263
33,0.4487855813728715,0.8104444823616672
34,0.12524027691491982,0.733879661455877
35,0.32955125119628437,0.7923948159474283
36,0.26463704773179686,0.6926473722052032
37,0.48283967001616357,0.7386501681848939
38,0.038520635443252564,0.5455648224895091
39,0.4488560832038161,0.5798179367310893
40,0.19802503171411154,0.4048811553670418
41,0.41403724269784276,0.5077917661513691
42,0.4342450123694862,0.5974354831341898
43,0.2687689217870362,0.65476155409559
44,0.1869509807254583,0.5388212490125043
45,0.26403159996812275,0.5965912975657472
46,0.7642544259093501,0.7787852471297066
47,0.4178002296418642,0.8528527954617001
48,-0.03633795520044699,0.6940039748124225
49,0.3146464983681277,0.6062928920045976
50,0.2498226526507341,0.7900550079455696
51,0.3605450277764242,0.8168975178105099
52,0.6326271477237113,0.6982885543910133
53,0.6665347864703335,0.7266032914484972
54,0.1538503618300524,0.8387838665037823
55,0.32995000722771595,0.9823524300924733
56,0.6691047266200832,0.8689858896834877
57,0.8129089943285134,0.8667782949722046
58,0.2586291014585968,0.8822143223030379
59,-0.06265138001446363,0.7477128249652022
60,0.27052870991971834,0.7170255073189211
61,0.33220790066771133,0.7874469582028342
62,0.27884230571361146,0.8546035342576219
63,0.7357896232115693,0.8568362883825934
64,0.6073460711221198,0.8540914856417563
65,0.10024984200019722,0.8583055389564331
66,0.5274235360550407,0.8946294106806678
67,0.4410666750436445,0.9397856610439211
68,0.602320124879685,1.024140288329969
69,0.3963708409010262,0.850717081567502
70,0.2927080509479778,0.8535132216180531
71,0.10693090896715855,0.7837018219102362
72,0.018318003869125646,0.6805397672404293
73,0.12058002489188568,0.7072795453508298
74,0.5628398348175859,0.7849769734840394
75,0.4995999290770593,0.7577056056475139
76,-0.15062602444831893,0.5673157615823536
77,0.26113538296405053,0.6670612289921911
78,-0.08139775272307168,0.6042466712248143
79,0.1926553355896134,0.5930675115844699
80,0.27132221243928745,0.5674145984377971
81,0.18611967381637873,0.5198438095928893
82,0.1427694328629775,0.6143245950499746
83,0.5148885092464572,0.7830415571497394
84,0.6522201710625735,0.9513102689103394
85,0.4296925537582732,1.0391153837871965
86,0.6701350036301621,1.0032659615357051
87,0.44015107037378837,0.9367962398348992
88,0.735090051317687,0.964991752854009
89,0.5340960746161542,1.0348944289223412
90,0.42495052016987894,0.9718895065658074
91,0.3133813312157118,0.837065419390931
92,0.6483296525328363,0.9319470734789195
93,0.5903273383431361,0.8655495759558844
94,0.09673545558187514,0.8007947284962658
95,0.3619646099882124,0.934563918232566
96,-0.1794895680926529,0.6201343334451377
97,0.45992428525255097,0.6979343632895458
98,0.3230126921336446,0.775609191523725
99,0.5478453461143253,0.7738326871964996
100,0.29773523488801584,0.8508823582089489
101,0.19149143584837966,0.7823224502741323
102,-0.06385396688704058,0.6674159413744313
103,0.3745191656734019,0.7070882606020313
104,0.46905321544057743,0.7469408330319771
105,0.513909914012237,0.8974086311344467
106,0.5336634756200499,0.9719272431630209
107,0.3037716367843963,0.9510546580316134
108,0.383656455993498,0.9147845271786337
109,0.3178729584128342,0.7309808885835042
110,0.10246494680906483,0.7311091618936362
111,0.4460512076022447,0.8817527103924079
112,0.3555078466342035,0.7914404930247358
113,0.25137357341210714,0.7353771442151317
114,0.2975145849489382,0.7350896886551123
115,0.4112679952538454,0.8312969495165089
116,0.3999993924690252,0.7432084097570308
117,0.302801349052249,0.8050835843524715
118,0.2554880329152299,0.9289111264504778
119,0.5035529394793169,1.0997244638163233
120,0.4889613803513475,1.0629650136166182
121,0.43831669608811025,0.8636709513353346
122,0.4175687794164992,0.9764460122216876
123,0.40381339532448357,0.8008812915845064
124,0.29620844070884167,0.7488793073978279
125,-0.005252983791532967,0.6070992078953572
126,0.33061008732696945,0.5433435897127061
127,0.5861782063595463,0.5970308754391042
128,0.3401801699464699,0.5181255832386867
129,0.5438683221280413,0.6285054557048749
130,1.0249935593800459,0.5892026081873865
131,0.23760274966711925,0.5803649821331227
132,0.4228710790100287,0.5837932891785674
133,0.43723426976145435,0.6438368531158437
134,0.3932999106033052,0.7071812426936006
135,0.46298409613158614,0.7774721294978959
136,0.5996536790031152,0.8247784329161219
137,0.520926346044111,0.9055306982844673
138,-0.09124543656050714,0.7828897038029525
139,0.7263272778041996,0.9000519945750388
140,0.5607878146762894,0.8567390524964964
141,0.3595625243432968,0.8382814156652311
142,0.5759898601861219,0.8825604720078132
143,0.05363931586469091,0.8611565566163784
144,0.3970870978792271,0.784771567543887
145,0.37947530973577814,0.6119197908328933
146,0.5013576215049507,0.7940669266199241
147,0.3736981489756245,0.5795669689966582
148,0.5627098344897791,0.6826633432990549
149,0.03719650146289454,0.8500290614041908
150,0.290832188584213,0.9388951849316601
151,0.6493377069950176,1.003343609338019
152,0.048937188753881734,0.7535560401116028
153,0.6338281196530958,0.8564461610419272
154,-0.009938094206855517,0.647570240564063
155,0.2657831116137031,0.5890747196699232
156,0.4357756163800529,0.7139234576382061
157,0.6091454286463206,0.8847159076370171
158,0.17232063931996805,0.6833338366069093
159,0.254513230778895,0.684840983533242
160,0.6864953353698336,0.5610981956444465
161,0.7769574305793128,0.6553217368876798
162,0.18358391674774216,0.8281424040898928
163,0.6032711528807468,0.7013221635797018
164,0.7982574908547634,0.8112822284157375
165,0.6464919782900043,0.9071202153660362
166,0.08066747477654136,0.9456709780458452
167,0.7270573638263281,1.0319547554400539
168,0.428534035138789,0.8842879671653016
169,0.3749174072804059,0.7725304561118929
170,0.16708371864731925,0.8034549911019663
171,0.3012485528857286,0.9175938007343947
172,-0.16486612013626795,0.681171664347119
173,-0.20649104589840514,0.7099911101158668
174,0.5341725055333081,0.9197203830692675
175,0.6778795969190704,1.1539936733147935
176,0.49539900546451066,1.2111545330371478
177,0.6453706933453156,0.9154164701011442
178,0.7259712047256226,0.9190913549826446
179,0.10977783327072889,1.0748033438717033
180,0.28548818556818245,1.0569295139543313
181,0.007383059093659578,0.9706872445496378
182,0.09568460108045822,0.8757805679563706
183,0.37379138740721585,0.8966928152542434
184,0.34866202641368377,0.9224968564094127
185,0.48766451211134215,0.8100536095417674
186,0.6359567030800689,0.8678868923847867
187,0.3887896631562156,0.912052637935993
188,0.18751294901694449,0.7708615562956139
189,0.3172739159486772,0.7384695941622377
190,0.22905715761845735,0.5227117461817402
191,0.33807712003191526,0.6082339483170195
192,0.6015179100516768,0.7714350819887956
193,0.6311514250511094,0.8991010805695855
194,0.29294740069841696,0.6391048896933178
195,0.691734120660265,0.5161259203627752
196,0.524538647173859,0.6551840828985218
197,0.3246052330776963,0.6363585465449995
198,0.23860468687513706,0.5430303829937193
199,0.3907674477059091,0.5363853423108731
200,0.5124421788312646,0.5783920054345446
201,-0.008417683908968172,0.42836905885170695
202,0.13218607442023794,0.385573375464542
203,0.33969662708244125,0.4596444093705683
204,-0.03629725010397023,0.3324657865197245
205,-0.029387429213668367,0.3436395574519713
206,0.28979382402965986,0.40953321054848857
207,0.4620921675646171,0.4490085777589714
208,0.2819843297055866,0.4817745455036461
209,0.4358844222753969,0.4893169082689269
210,0.37057400685980124,0.43548766574329073
211,0.29688192061511537,0.3860718214746227
212,0.31840667816263535,0.3680903906950507
213,0.6128770980767354,0.4386310504640112
214,0.7872749943244943,0.4810994479976303
215,0.45637577446533545,0.39793149824832424
216,0.1274399741118883,0.3402177789027656
217,0.23229550868788218,0.29276321807574346
218,0.3191086921620875,0.3364171400434262
219,0.2812905483467261,0.4181598862532783
220,-0.06093556862934188,0.27521458803411164
221,0.28486848194326575,0.31780723684808293
222,0.33075836175113277,0.4138024139453213
223,-0.07824877222931303,0.290071500122099
224,0.5352629078278979,0.3850557154362895
225,0.5213105816366246,0.5098724022419406
226,0.396635420245989,0.6693055916940609
227,0.3379071279055455,0.6291646461577798
228,0.3102262417004171,0.635773473782482
229,-0.19402974381212867,0.5862411223896116
230,0.4486671566328409,0.7329122321083286
231,0.6082839256536381,0.7424195345037522
232,0.6547306805145652,0.8176019169988774
233,0.4214494381024167,0.8361568750448909
234,0.4839412426560735,0.9367398183526636
235,0.12587821686884856,1.0192983119692727
236,0.6185892235648729,0.8904610820841731
237,0.24265432212457785,0.9273521815393093
238,0.13219024278000635,0.9994824094761096
239,0.19051806138251098,0.861586313993944
240,0.08109652776395553,0.7055982118887033
241,0.22538329067283105,0.6693505199565355
242,0.38254954810373487,0.7555163835411043
243,0.44495120127117177,0.8675247967185908
244,0.3879905113716423,0.6484394608065718
245,0.24829749520242353,0.6562665506540789
246,0.5589654768590084,0.8016889057498815
247,0.3656483480526799,0.6726734337026858
248,0.050270796963448494,0.5799542112100855
249,0.04702679352266737,0.7330184137481661
250,-0.06507254111037002,0.500279927919228
251,0.02548237211866172,0.5521105880791823
252,0.3291055567385116,0.7022762451482644
253,-0.00464018190705027,0.5347423778178272
254,-0.02160775065006497,0.46036620667079653
255,0.3211608981188921,0.5102070717091938
256,0.4178518035707628,0.4948602333870712
