t,lambda,delta_s
1,-1.7966005424035933,0.9695232934273247
2,0.8559028919943145,0.868030153587222
3,0.12123218985111903,0.8387265911558408
4,0.7071512254807664,0.6476284460939927
5,-0.2006419385520848,0.5197337138589166
6,0.41145204982191785,0.4248247374173931
7,-0.051486202608588605,0.4288585263684153
8,0.038430093036070395,0.24796330944778494
9,0.43340954103255763,0.23646857840184543
10,-0.15676555417319524,0.13728074864579143
11,0.15025957547292823,0.12266996862013338
12,0.06326842620121165,0.1296926646585199
13,0.06230163402185333,0.1326391632535846
14,-0.520154447870336,0.0654123704718808
15,-0.16484392965611497,0.04353067427193199
16,-0.023036972993254204,0.04025664720538821
17,-0.7017819381302122,0.019912140330739833
18,-0.34609839805357095,0.014034766819039443
19,-0.39672255858214583,0.009380387246431044
20,-0.06755168225674271,0.008921530592116889
21,-0.687121192534419,0.00433846483542924
22,-0.08945899618474559,0.004133708143067432
23,-0.6788215064116582,0.0020047070996670577
24,-0.10382241199059297,0.0019138227495491156
25,-0.6548662803726584,0.0009273565651152687
26,-0.25249563862394175,0.0006386865683222459
27,-0.5230786191323653,0.0004294931200063249
28,-0.12059648756089845,0.0004104200354055818
29,-0.03807472609376706,0.00039775672539209874
30,-0.7249872864480738,0.0001897309931371724
31,-0.5380252154684332,9.182781785792559e-5
32,-0.1552651046855009,6.313232323727017e-5
33,-0.6265008594858604,4.2467867968186716e-5
34,-0.14823723122871627,2.919499601030008e-5
35,-0.6283339279668032,1.9637880195055542e-5
36,-0.14119581946819162,1.349957451635362e-5
37,-0.6358281182530996,9.080643945177864e-6
38,-0.13659482940260878,6.242257679489302e-6
39,-0.6399105023053998,4.198908606958929e-6
40,-0.2607552306165399,4.012077834283837e-6
41,-0.053105713640588734,3.889710428063471e-6
42,-0.7020077501314204,1.855182083285289e-6
43,-0.06825896267959002,1.7986028158357333e-6
44,-0.039876660527592145,1.6353964525184076e-6
45,-0.7339343881183563,8.316732858228303e-7
46,-0.569896440704923,3.966613791392385e-7
47,-0.203119950669711,3.845657565709753e-7
48,-0.5416118316676927,1.8341617790201855e-7
49,-0.23365769044748977,1.7782321209018973e-7
50,0.010307184773033913,1.6168758396725777e-7
51,-0.014998607280083232,1.3895886243118273e-7
52,-0.06919085008165246,1.1461895719161395e-7
53,-0.7083146935048116,6.425457567338472e-8
54,-0.6970267498822442,3.457102398505196e-8
55,-0.05622034202762026,2.971131578360724e-8
56,-0.6845152275055608,1.598564125649046e-8
57,-0.06809601554658444,1.3738512366521486e-8
58,-0.6960215973338857,7.3917604864393366e-9
59,-0.06481258234248342,6.352688120587909e-9
60,-0.7107921516529887,3.41795004477358e-9
61,-0.10466580181633031,1.738180919460997e-9
62,-0.688581893786839,1.5804601004105626e-9
63,-0.0774922830077119,8.037348573909623e-10
64,-0.7146754590835287,7.308047503672524e-10
65,-0.05482928555438565,6.28074281611008e-10
66,-0.7452836493186791,3.3792411668003726e-10
67,-0.04738301525904481,1.7184957219993606e-10
68,0.07901745116807576,8.196230277305974e-11
69,-0.047043003719896885,3.966436833959274e-11
70,-0.13711605015655612,2.7265686050660028e-11
71,-0.1931609012938031,2.813418037228311e-11
72,-0.2273209915544645,2.746739664893733e-11
73,-0.25304393911652673,2.4613452670933334e-11
74,-0.272245137278323,2.0880815073954256e-11
75,-0.4859812788802568,1.1381260514980428e-11
76,-0.45479067893769426,5.872907354769232e-12
77,-0.3994410945753369,2.7815555889269887e-12
78,-0.33786300873748387,1.2464869374495827e-12
79,-0.42857757142928943,1.2861913043205289e-12
80,-0.3527438662668178,1.255708403656272e-12
81,-0.3892984675874011,5.947348591175371e-13
82,-0.25121868242098455,2.6651605888841556e-13
83,-0.5004795461026004,2.7500539885598077e-13
84,-0.3258577678207173,2.684877352494511e-13
85,-0.19395395240571825,2.4059106324845567e-13
86,-0.15362318874507766,2.0410535520337444e-13
87,-0.6180052179588618,1.1124930764609503e-13
88,-0.15211604067800683,9.437831624603937e-14
89,-0.6256549887920277,5.144167985555312e-14
90,-0.5743741107840786,2.6544706499536915e-14
91,-0.36782172492274895,1.2572235906322416e-14
92,-0.16898809080449037,5.633943788242972e-15
93,-0.1261908778953214,3.7897839117430315e-15
94,-0.16251538112474476,3.62114472398275e-15
95,-0.5795493549509663,1.7523960807899783e-15
96,-0.5427258435523015,1.2046147049928724e-15
97,-0.43598871906970404,1.2429853150131625e-15
98,-0.3417095940655169,5.570138395887043e-16
99,-0.4245856277639828,5.747564096620863e-16
100,-0.2961111784840576,5.611346082374676e-16
101,-0.20678160895496703,5.028310581707254e-16
102,-0.5495143194413465,2.5946864284900493e-16
103,-0.22077846105376267,2.3250908129814356e-16
104,-0.16253000259399344,1.97249008278241e-16
105,-0.6083674047247701,1.0751219919226156e-16
106,-0.5446312615674624,5.547796612964286e-17
107,-0.23532548371318024,4.971364090650177e-17
108,-0.5269228935284606,2.5653011538346868e-17
109,-0.24809665631132555,2.2987587555166422e-17
110,-0.5139596273353537,1.1861952535331594e-17
111,-0.260642007367758,1.0629460485508954e-17
112,-0.18774478626100105,9.017499564289635e-18
113,-0.18554374170003493,7.365882951573463e-18
114,-0.19942527000709867,5.8542210806115926e-18
115,-0.199693550258954,4.5585470041775526e-18
116,-0.5780526920953253,2.706991827674801e-18
117,-0.5315937410184024,1.57492712959582e-18
118,-0.23627982329544564,1.251713021116828e-18
119,-0.1760592376390088,9.746800750999386e-19
120,-0.14980084050127043,7.470477633354945e-19
121,-0.1682592280223554,5.654172970713461e-19
122,-0.1747501341334473,4.2358955468557906e-19
123,-0.1806884949396388,3.1465983094030883e-19
124,-0.2009972263884409,2.3208288393145267e-19
125,-0.21694243808153998,1.7014082659330042e-19
126,-0.5485614844514072,1.0731512552990373e-19
127,-0.5354705632978842,6.727860157431175e-20
128,-0.4520744087685369,4.187923293758438e-20
129,-0.32805498709537256,2.5848800328519192e-20
130,-0.2119972529966583,1.579201314662306e-20
131,-0.5515313443580367,1.1952485271907275e-20
132,-0.2217736665086911,7.302226878998502e-21
133,-0.5428965207746183,5.526829189729926e-21
134,-0.21585384811396638,3.376549708848908e-21
135,-0.5534255094477295,2.555605817331118e-21
136,-0.33409235303242774,1.9145645803944465e-21
137,-0.1413210704374248,1.4222177117620256e-21
138,-0.10342311042983933,1.0489816483335542e-21
139,-0.13051538825140085,7.690123532823188e-22
140,-0.16369864977910709,5.60823878291405e-22
141,-0.18401031615260344,4.0713788163232783e-22
142,-0.21369088372928044,2.943873443475685e-22
143,-0.2305455323852557,2.121089022074128e-22
144,-0.23988315649190622,1.5234490918094e-22
145,-0.5297835640186646,9.807915638070772e-23
146,-0.24214824410428865,7.04442860052667e-23
147,-0.521308573492074,4.535180191043925e-23
148,-0.4918304988368504,2.910533565200875e-23
149,-0.2816509133946764,2.0970673203387114e-23
150,-0.4782077557807746,1.345830720548885e-23
151,-0.3738508976470414,8.606580589330438e-24
152,-0.267934029344683,5.481929535748474e-24
153,-0.20927341735202443,3.475826533477631e-24
154,-0.20552193809640465,2.192353053814361e-24
155,-0.2159024845894812,1.3744422968288951e-24
156,-0.5367306973448503,1.0137440520837608e-24
157,-0.5112366993480312,7.43179540230618e-25
158,-0.47093104558052357,5.419845731216048e-25
159,-0.4022423117729707,3.934612264556168e-25
160,-0.351746099666541,2.5061366661143025e-25
161,-0.420671033452564,1.819364711130772e-25
162,-0.3532890353125745,1.1588375944112532e-25
163,-0.2916334564781092,7.347629028026298e-26
164,-0.2663234657340065,4.6344651502995325e-26
165,-0.4904742516737126,3.39754366255936e-26
166,-0.29014429842329353,2.142976685498504e-26
167,-0.29210316256119506,1.3434869865247253e-26
168,-0.4716144206290545,9.909124193745081e-27
169,-0.43797485689597043,7.264415852559884e-27
170,-0.3451555924987127,4.5819790271877256e-27
171,-0.34009565717219825,2.8725600409992097e-27
172,-0.4163616920852122,2.118707102171605e-27
173,-0.36979928343231,1.328271762958035e-27
174,-0.3828348716575452,9.796901640441503e-28
175,-0.40521032138646074,6.1419286319179535e-28
176,-0.3814235593567884,3.8231956943695184e-28
177,-0.3681904807491471,2.3597619915316484e-28
178,-0.34444160345994423,1.441668159433071e-28
179,-0.42089638081353675,1.0911539448842347e-28
180,-0.36333394713357897,6.666273569218522e-29
181,-0.28762037343942143,4.0217463457207895e-29
182,-0.4855961836563638,3.0824848984066425e-29
183,-0.27179907654842134,1.859655510261294e-29
184,-0.49766717962228413,1.4253410170232325e-29
185,-0.27276536324340883,8.599047079448222e-30
186,-0.46177925496759775,6.590776862715427e-30
187,-0.3094551443940526,3.976199369536859e-30
188,-0.11617931135218593,2.361177627142602e-30
189,-0.6460321520734683,1.8385945884738446e-30
190,-0.11069922435017952,1.0918085347907397e-30
191,-0.6489252827288304,8.501661377103058e-31
192,-0.3059826514325429,6.516135169531789e-31
193,-0.035064987680771126,4.931860740012133e-31
194,-0.04682498617817021,3.694766158470429e-31
195,-0.12045016939065768,2.7446250313024042e-31
196,-0.18284151771834936,2.0243463891517556e-31
197,-0.5636394645728796,1.2691146144742319e-31
198,-0.5428315605595133,7.899918446633183e-32
199,-0.2401301251029333,5.868385977328849e-32
200,-0.506505040831583,3.652922289723185e-32
201,-0.2787224113056698,2.71354167591686e-32
202,-0.2343979323312372,2.001420314544184e-32
203,-0.20986453298378088,1.4672486867999576e-32
204,-0.5418728978888573,9.254567534452308e-33
205,-0.23513907489227787,6.784557927763004e-33
206,-0.5243328472418418,4.279312027930747e-33
207,-0.4419287637664222,2.6828103449321013e-33
208,-0.32986223701850426,1.6699817881718805e-33
209,-0.4414628739452547,1.2405315034966042e-33
210,-0.3237736373675576,7.721995788506774e-34
211,-0.44851880575914355,5.7362176721682985e-34
212,-0.319240565133847,3.570650852605534e-34
213,-0.45272586255936625,2.6524270516106222e-34
214,-0.31550889119224174,1.651068954244799e-34
215,-0.4561108603613076,1.2264822686647515e-34
216,-0.31306536695823817,7.63454284442795e-35
217,-0.4579634689528685,5.671254010305809e-35
218,-0.3114340817466404,3.530212611263486e-35
219,-0.45976700843504925,2.622387854365407e-35
220,-0.3094024002154116,1.6323703114482357e-35
221,-0.22409720636947209,1.0075355082485408e-35
222,-0.5407757280919537,7.548080320136644e-36
223,-0.4502351753406607,5.607026073202004e-36
224,-0.31867695291531023,3.4902323400311864e-36
225,-0.23260636607613192,2.1542495535213164e-36
226,-0.20790863454478706,1.316112811347032e-36
227,-0.2153466332122974,7.940076017929975e-37
228,-0.23281691988424238,4.715037680198491e-37
229,-0.5285535971198769,3.671491150690821e-37
230,-0.5086912834989238,2.8140302877827967e-37
231,-0.4506041809403053,2.129852303005286e-37
232,-0.32164534138835443,1.3012076050707656e-37
233,-0.269144426896957,7.850153277359311e-38
234,-0.4937733107126869,6.016783965847219e-38
235,-0.2791189993316507,3.6299108754509465e-38
236,-0.4778383675644466,2.7821609058077537e-38
237,-0.3791298500222539,2.1057313555906165e-38
238,-0.28153340049621584,1.5775354093731212e-38
239,-0.23433102192731287,1.1718585119129154e-38
240,-0.22785303043485003,8.643248240223032e-39
241,-0.23623959203265654,6.336397476329963e-39
242,-0.24336315723117682,4.620995998183459e-39
243,-0.5221226114021508,2.9299501930549747e-39
244,-0.48746939741725875,1.8480454048554706e-39
245,-0.2871857444284074,1.35480896926862e-39
246,-0.23612642026783445,9.88032529316559e-40
247,-0.21706268431723308,7.1727593374823615e-40
248,-0.2138107430266463,5.18637461230528e-40
249,-0.5591002580989044,3.3166839176518438e-40
250,-0.5494461711768781,2.1125495009548385e-40
251,-0.4857488440595154,1.3394655222800472e-40
252,-0.2854053980025463,9.76842889241517e-41
253,-0.20039814193814454,7.091526591646712e-41
254,-0.17552603425226823,5.127638018636472e-41
255,-0.5916350909367906,3.27912189597744e-41
256,-0.173884110831447,2.3710198198175054e-41
