t,lambda,delta_s
1,-1.4272189258723522,1.0271746535304407
2,0.5681735406441757,0.8950950060017039
3,0.6525132567233151,0.9088115060219691
4,-0.16229248666741414,0.6527374616007708
5,-0.004396909017714118,0.6866781598737558
6,0.15505840049118286,0.6554315845108285
7,0.08937207071984682,0.6851680421581922
8,0.30231624171094124,0.5587470426202695
9,0.07660797594490455,0.3983491716897018
10,-0.31890074133426655,0.31632536187468924
11,-0.13027122154152063,0.22065978107234147
12,0.11948010483784113,0.19981731933292549
13,0.27536780034105585,0.1954312303183038
14,-0.30837481945191403,0.1325503702845413
15,0.10731784826554562,0.11697290012005376
16,-0.5535173160343806,0.06337547870856867
17,-0.2539524136982161,0.05199991242690885
18,0.13216610223580655,0.048845837279561696
19,-0.009024917333202558,0.04256375962886836
20,-0.8203559260521484,0.02099536632077694
21,-0.044196656985168684,0.018001054444177673
22,-0.13129838346917355,0.014839208767814152
23,-0.7180567833274961,0.007654834496124846
24,-0.7143084133640962,0.004072690364433182
25,-0.15618344355756927,0.0032237197472865325
26,-0.14632075756727622,0.0026488557164697146
27,-0.7066096521019855,0.0013641473943952886
28,-0.16544464815952734,0.0011187467534380011
29,-0.1620649742456663,0.0009052405326492994
30,-0.17304251031795606,0.0007117255865443677
31,-0.1907049852111615,0.0005443035213846873
32,-0.6722786038243576,0.000300719601024901
33,-0.17574300258692804,0.0002299693495871897
34,-0.6802582590885198,0.0001270642803429062
35,-0.6027259608084221,6.831121884163729e-5
36,-0.24619209557707555,5.368506198003277e-5
37,-0.5937935105288639,2.8861484921706306e-5
38,-0.2767679218177791,1.5105751417336063e-5
39,-0.12562526538888436,7.841999666435007e-6
40,-0.7501054462764118,6.382204052123683e-6
41,-0.6958109244538085,5.15198858755758e-6
42,-0.3812627856557152,4.048893884419305e-6
43,-0.46158152154715176,2.1767166569577644e-6
44,-0.3868676805503915,1.7106576574768112e-6
45,-0.4631647678798173,9.196622837346012e-7
46,-0.38367861015637805,7.227529073948543e-7
47,-0.08993406528854261,5.52670858153932e-7
48,-0.0970713964397331,4.1357699604937756e-7
49,-0.7444041133000437,2.3350344523510474e-7
50,-0.706616503380364,1.2901590586090988e-7
51,-0.401696858900288,6.935993106886743e-8
52,-0.11580781920384527,3.630236408049951e-8
53,-0.7580854493128607,2.9304570893514187e-8
54,-0.09412051907185276,1.5337748925344446e-8
55,-0.7850196874952962,1.2381181250069353e-8
56,-0.438252919967034,9.730236779282816e-9
57,-0.0655841465858332,7.4404663606849944e-9
58,-0.07437216048623843,5.567881112328544e-9
59,-0.1533952492242919,4.096898049093601e-9
60,-0.2100160069023398,2.9744610305582993e-9
61,-0.6369264415835105,1.7309394269875482e-9
62,-0.6343330610309015,9.939015820418902e-10
63,-0.5679862853635672,5.611517239232587e-10
64,-0.2852243760353364,4.199234183534938e-10
65,-0.21946831607652853,3.0898350598909807e-10
66,-0.6191808221690701,1.7741764425975e-10
67,-0.49056113587376154,1.0016908993518328e-10
68,-0.37634665263507416,7.495895470125483e-11
69,-0.25644906137963736,5.5155486969611884e-11
70,-0.22001457359864485,4.0044405421905243e-11
71,-0.6176917875503287,2.3303193244887794e-11
72,-0.24600634181215972,1.6918761290666195e-11
73,-0.20554014384215202,1.2151152839205349e-11
74,-0.6468646636950778,7.148176645315566e-12
75,-0.5381950629677275,4.159765639197303e-12
76,-0.3295361210942171,3.0201046326473848e-12
77,-0.21080021426201037,2.1690567265068333e-12
78,-0.184433217279546,1.5439806360025214e-12
79,-0.20001787895648007,1.0908476937178997e-12
80,-0.6624197179737834,6.523318187111421e-13
81,-0.19699141022192795,4.60883150595826e-13
82,-0.6634477602298091,2.756101934054647e-13
83,-0.6597323623424035,1.6358785201595407e-13
84,-0.5313264944073677,9.623406755819311e-14
85,-0.3258324504515542,6.911586747673999e-14
86,-0.5194343266540739,4.06588935433367e-14
87,-0.24052451092791957,2.3660784656238876e-14
88,-0.6126760228390605,1.7178382522059672e-14
89,-0.30204655368972816,1.2337614318769582e-14
90,-0.12594250082290667,8.782175850842635e-15
91,-0.7395141900973359,5.212642049680159e-15
92,-0.5314418976758419,3.066448645078433e-15
93,-0.3259390853423224,2.202341265989867e-15
94,-0.10233192753115128,1.5676732779744765e-15
95,-0.75571254371324,9.304891848807191e-16
96,-0.5000482156480285,5.473802484505323e-16
97,-0.13541316053005203,3.1853907115948256e-16
98,-0.7283185615779821,2.3126815497035e-16
99,-0.36161273478498024,1.6609813505861381e-16
100,-0.08270634345676942,1.1823217948729223e-16
101,-0.10010566560372904,8.353297788167077e-17
102,-0.753394903376035,4.9953095833380986e-17
103,-0.10946074447997627,3.52926831550059e-17
104,-0.7410159865057397,2.1105182989603468e-17
105,-0.12245676665245186,1.4911158632989996e-17
106,-0.17427904647779108,1.0468252102015775e-17
107,-0.21963400188065454,7.309115613465161e-18
108,-0.6279732272365266,4.422836513101667e-18
109,-0.6289483847579488,2.6617350107301713e-18
110,-0.23860009346864675,1.8686484267854535e-18
111,-0.2461983833844455,1.3047228189761155e-18
112,-0.2544706161887247,9.066686141428909e-19
113,-0.2685270579125872,6.274413732504486e-19
114,-0.5829085564729746,3.830674894753714e-19
115,-0.5420782159810268,2.329011777048553e-19
116,-0.3289302000497712,1.6184601430334447e-19
117,-0.2820756731966019,1.120022066337879e-19
118,-0.5686352973865939,6.837994104316303e-20
119,-0.457219638890569,4.157431585267733e-20
120,-0.3036729451073233,2.515713417115716e-20
121,-0.5610092755748963,1.7565148447756173e-20
122,-0.4037023756859758,1.2206246850836124e-20
123,-0.25064592055340107,8.447082171872302e-21
124,-0.18648012590377216,5.824196786549175e-21
125,-0.6706981858896692,3.568892217616047e-21
126,-0.5476388974171771,2.1788913519170664e-21
127,-0.3096527060016978,1.5078569619427799e-21
128,-0.17722870666851243,1.0396555276289433e-21
129,-0.16148297984747217,7.1449560858556835e-22
130,-0.19725564245743815,4.895974330860663e-22
131,-0.23133683435186203,3.3460696438621695e-22
132,-0.26041265698042987,2.281372684937811e-22
133,-0.28546752700247313,1.552093242312867e-22
134,-0.5623061198282016,9.638799593862246e-23
135,-0.5502247536070918,5.972943443646714e-23
136,-0.3097817814690887,4.072392828406802e-23
137,-0.29750469106896665,2.770583443356112e-23
138,-0.3021223790598814,1.8812075475627198e-23
139,-0.5501236232955892,1.1705715048179572e-23
140,-0.3156693369686739,7.948101888452491e-24
141,-0.317729895340651,5.387013707664425e-24
142,-0.32278307102607573,3.645208619828051e-24
143,-0.3323160366002991,2.462946645089051e-24
144,-0.5192592895106,1.5401006418773513e-24
145,-0.49918081150563093,9.61615615653773e-25
146,-0.36601136817287994,6.5069252119318105e-25
147,-0.4873465899090863,4.0628259761371906e-25
148,-0.43220503091081636,2.5326214390815677e-25
149,-0.43187736970075713,1.716543974917963e-25
150,-0.42069200273527074,1.0700325580119621e-25
151,-0.44750914034418837,7.252398294028397e-26
152,-0.3875523325193957,4.9074508086374014e-26
153,-0.46277256394509864,3.064138279226998e-26
154,-0.37646967662620684,1.9100749930862283e-26
155,-0.4955847588139756,1.2945984229734062e-26
156,-0.4225225298218533,8.760106409093305e-27
157,-0.4293200053868411,5.469678337062642e-27
158,-0.3365477049594186,3.409603242345987e-27
159,-0.5207642784341855,2.3109390974089666e-27
160,-0.33115051555992114,1.4405573698911795e-27
161,-0.27653893473629165,8.963792487622347e-28
162,-0.592291664084233,6.086354887790233e-28
163,-0.5551647799611963,4.125170722568593e-28
164,-0.480807803214766,2.7913624676275012e-28
165,-0.3727818968062626,1.742884630285231e-28
166,-0.2939524252164667,1.0864523871886054e-28
167,-0.2648329503498042,6.760392852091869e-29
168,-0.5830510351676168,4.5902613358718574e-29
169,-0.28174139295326034,2.856265980008814e-29
170,-0.5756284938984196,1.9393854144058606e-29
171,-0.5443230399126822,1.3144642530347542e-29
172,-0.31660723171639155,8.19390337586476e-30
173,-0.5428955204810091,5.553611469071837e-30
174,-0.32345951563222614,3.461924176302861e-30
175,-0.5434215227612276,2.346400845682851e-30
176,-0.31935741671622647,1.4626629644879593e-30
177,-0.5392492801708421,9.913543573010047e-31
178,-0.49908383917887655,6.708157143532608e-31
179,-0.4414387054546283,4.532479442060889e-31
180,-0.37568537117367734,3.0583501776570056e-31
181,-0.3287087897421334,2.0610770493616126e-31
182,-0.5179825382242135,1.2921529500600852e-31
183,-0.4540204759420873,8.090759084043817e-32
184,-0.3734546312233415,5.059217699033984e-32
185,-0.48853858365522423,3.418345713008513e-32
186,-0.4126248776208032,2.3065737754166306e-32
187,-0.3395080477500423,1.5544414455550123e-32
188,-0.2889301640319011,1.046306057331337e-32
189,-0.5654017564618927,6.567515107469926e-33
190,-0.30151479472139264,4.4206430922248986e-33
191,-0.2707948186566137,2.972149593305327e-33
192,-0.26105272812816327,1.996105254308693e-33
193,-0.2664939650491486,1.3392167443536883e-33
194,-0.5798477483172677,8.43354469945423e-34
195,-0.5459025082222093,5.305472783399591e-34
196,-0.4597483902806129,3.333999978646714e-34
197,-0.4014566218549244,2.241562250986328e-34
198,-0.3011441639055688,1.505440438506952e-34
199,-0.5504028338712296,9.470600510417236e-35
200,-0.3071565162512567,6.360485852691871e-35
201,-0.5454508757089058,4.001328715651283e-35
202,-0.3175244297523017,2.687305272762316e-35
203,-0.2233534279737945,1.8029531312063216e-35
204,-0.201738214242024,1.2084604820933308e-35
205,-0.652547419337533,7.617476979346708e-36
206,-0.5941566819445372,4.797007868460283e-36
207,-0.3996732088613099,3.017757727603757e-36
208,-0.44787808522646855,2.0267358244244695e-36
209,-0.24394878981445473,1.3597672500445086e-36
210,-0.6066487990574562,8.562958858193384e-37
211,-0.25429654328555656,5.74501663143805e-37
212,-0.16904752993981656,3.850696642023439e-37
213,-0.17506748109767323,2.578648405031077e-37
214,-0.2162175758811681,1.7253300992852443e-37
215,-0.243628574615185,1.1534538545265414e-37
216,-0.26950853713595446,7.705402431056315e-38
217,-0.28754988272967363,5.143694425954734e-38
218,-0.30452981763877474,3.4312792459698073e-38
219,-0.31829630949518944,2.2874582229992744e-38
220,-0.5370402012500626,1.4497154814222433e-38
221,-0.32742085400638576,9.664510992171939e-39
222,-0.3290867037856114,6.438834295763503e-39
223,-0.5288675107506269,4.083255894192642e-39
224,-0.5096161083201272,2.5878327415562935e-39
225,-0.34998295391252543,1.725175615296392e-39
226,-0.5007354658992137,1.0933593333075339e-39
227,-0.42906685724911,6.924823789982691e-40
228,-0.4261115637393112,4.61944318322433e-40
229,-0.3469145142140677,3.079546296780016e-40
230,-0.512431429858839,1.9517147449122805e-40
231,-0.3523752619264554,1.301108310389557e-40
232,-0.49879547627186405,8.245994797254385e-41
233,-0.3638936327538555,5.497182611395877e-41
234,-0.4910947623835803,3.4839328018399786e-41
235,-0.3738320575979487,2.2065591808595845e-41
236,-0.28171631150324355,1.3965691954908737e-41
237,-0.5750738321907274,9.322712539131745e-42
238,-0.4892388809781171,6.219037797084475e-42
239,-0.36947378004189346,3.9388460477831634e-42
240,-0.48356690936708757,2.627543469268191e-42
241,-0.36861194856826607,1.7516487246338376e-42
242,-0.4908498600785776,1.110137115765811e-42
243,-0.374327505916621,7.031086373170934e-43
244,-0.4952186706315984,4.690329314110553e-43
245,-0.39729612081027543,3.12680245151669e-43
246,-0.46244695959617954,1.9816641352117075e-43
247,-0.4025378283715224,1.3210740357658017e-43
248,-0.4562081496886136,8.372530971269469e-44
249,-0.4084611424761249,5.581537801110513e-44
250,-0.4506422031898201,3.537394335361352e-44
251,-0.4148894816859388,2.358199720969192e-44
252,-0.44525805124081136,1.494549106690171e-44
253,-0.418727316096836,9.963393821094836e-45
254,-0.3540530882470131,6.637960460640583e-45
255,-0.5023397586699795,4.209533889412569e-45
256,-0.361654893658229,2.804538294620646e-45
