t,lambda,delta_s
1,-0.09081013134868837,0.9565866700484057
2,0.016684773111503286,0.8272994658858578
3,0.573709621106198,0.971879034543447
4,1.1225883504296383,0.8719584291037127
5,0.6361070485922499,0.7298215562596225
6,0.19755917886653587,0.574436152370221
7,0.24567050696766707,0.5979814178772622
8,0.03486419968214171,0.4166212750678533
9,0.41586071908706135,0.39887546621745995
10,0.5092214138011032,0.45026435674721116
11,0.24649293239741144,0.4658510256727951
12,0.3772617390629284,0.47430558913176796
13,-0.02243984391141216,0.3585594048435578
14,0.3020528668517814,0.3844480830938378
15,0.3243998453779122,0.39756158732817015
16,0.21755485005222996,0.41346274202012506
17,0.03464065890136335,0.44033287923349973
18,-0.34280372705661516,0.33271751873729105
19,-0.5438403504697513,0.22368359274894667
20,0.10027779231201768,0.2337566667826983
21,0.07753815324865174,0.23413948218458333
22,0.07893569991170446,0.23317844274895447
23,0.005012652557237739,0.23680113616385678
24,-0.6336881568050983,0.1589212627007209
25,-0.12198600535015112,0.15510255655195232
26,-0.34265919588512656,0.07939992080980562
27,0.06782641598386058,0.08315112343696288
28,-0.7040129402904522,0.03782048670992228
29,-0.03421046740281658,0.03612482429102194
30,0.07707134401372742,0.038792146435432
31,-0.02900116561424196,0.036999419039497855
32,-0.08598073085234255,0.0323615064272397
33,-0.11532028029736074,0.026937936316946062
34,-0.6840224355609379,0.013633012738917226
35,-0.11157699897678466,0.011536729802735755
36,-0.12930218946878627,0.00939543342629487
37,-0.16116280776585637,0.007607836206398978
38,-0.18948551787720952,0.006093792211452153
39,-0.6727510895807817,0.0032151894714652707
40,-0.6677164407629748,0.0016846565794702481
41,-0.5139058785725539,0.000889338559902474
42,-0.3251053250600477,0.0007126829414140635
43,-0.5102193856033959,0.000375961225039336
44,-0.32885812796828007,0.00030116078117920544
45,-0.5065165744546156,0.00015888417159297735
46,-0.3287134240304547,0.00012726991104808499
47,-0.5069036579586855,6.713552944771234e-5
48,-0.3348157558083267,5.377324139053643e-5
49,-0.5014624782780116,2.83661561960309e-5
50,-0.15991530925230213,1.6969491915301275e-5
51,-0.6847167485273572,1.1984825785934032e-5
52,-0.3160390928480342,9.599166833530432e-6
53,-0.08588326675154348,7.786637486676887e-6
54,-0.7854292863361735,4.055662703266866e-6
55,-0.07292315632659907,3.289882375097014e-6
56,-0.10671751502225718,2.64928325040823e-6
57,-0.17119583116853773,2.060667474624326e-6
58,-0.2188252053779494,1.5624431626309332e-6
59,-0.2491393311504396,1.1623196102844377e-6
60,-0.6113037261367166,6.601324085742528e-7
61,-0.2469836737168696,4.910805350931027e-7
62,-0.2564891518675091,3.597736036074593e-7
63,-0.26261363882664834,2.6030927697412447e-7
64,-0.5877929985497523,1.5200431188135134e-7
65,-0.5509335680491698,8.766085532855119e-8
66,-0.30094568735361726,6.422182461496571e-8
67,-0.24416810623068474,4.6466842347499996e-8
68,-0.6075438900710982,2.7133720775784182e-8
69,-0.24006222681407619,1.9632241442298077e-8
70,-0.20920115993582214,1.4060361819293322e-8
71,-0.21658244462666465,9.985071316866933e-9
72,-0.6386385450695883,5.940502801397747e-9
73,-0.6163860835509294,3.5044776641686675e-9
74,-0.4846611666058564,2.046394978793045e-9
75,-0.28010089429736734,1.1801554626769848e-9
76,-0.5745943312686512,8.646018792055289e-10
77,-0.2664151503867866,4.986156828503105e-10
78,-0.5868878170454221,3.652942940831262e-10
79,-0.2541480271261749,2.106651259809226e-10
80,-0.5913220489139025,1.5433683928849325e-10
81,-0.24849032071969315,1.1166836360272362e-10
82,-0.591192644926616,6.520731459718899e-11
83,-0.2069362787373756,3.760504163583962e-11
84,-0.6430252480686339,2.7550090417988026e-11
85,-0.20198733521265635,1.5888130091272685e-11
86,-0.06633699280445908,9.023548104651094e-12
87,-0.12092029304390836,5.0281395655878145e-12
88,-0.7436355666419109,3.812449074232143e-12
89,-0.11712346688198377,2.1243889664575614e-12
90,-0.7444938944317427,1.6107597338643897e-12
91,-0.11659664903649529,8.975543383277325e-13
92,-0.17551537457631877,4.875369961922485e-13
93,-0.21985497528047118,2.557920496053699e-13
94,-0.2538856639346351,1.3323282157380464e-13
95,-0.2745239018976562,7.028824925557213e-14
96,-0.5849381239335851,5.629086711493343e-14
97,-0.5652354147930937,4.566047955488324e-14
98,-0.47368773265099107,3.6769499391490475e-14
99,-0.3262010400671152,2.8600103419598264e-14
100,-0.5306858075520752,1.5535113492904725e-14
101,-0.3502535515440884,8.150680978543842e-15
102,-0.21462957435250885,4.245394750128579e-15
103,-0.1857877614917092,2.2396986032465807e-15
104,-0.20254434060162602,1.3402656355488145e-15
105,-0.6607485945841928,9.46272659871681e-16
106,-0.6735447045048968,7.578294966151396e-16
107,-0.6110450899040168,6.147153172400717e-16
108,-0.24130927352551693,3.2018296231989656e-16
109,-0.17373072645128576,1.689155839912194e-16
110,-0.1859174927794688,1.0108134737590254e-16
111,-0.2117244419598837,7.234620951445803e-17
112,-0.6449013994028712,4.270686926631882e-17
113,-0.6489155004922686,3.015248746483261e-17
114,-0.2053672298603669,1.804365226501971e-17
115,-0.21868264500329346,1.2914250562140228e-17
116,-0.2290446176329147,1.0221489659769554e-17
117,-0.2548952507735231,8.201478994488771e-18
118,-0.2696069815758908,6.520614391567523e-18
119,-0.5889630539150263,3.4651248751715054e-18
120,-0.5799986360056949,1.82459978857924e-18
121,-0.2866765490331625,1.4640152597599614e-18
122,-0.2616761576840058,1.1639704227347504e-18
123,-0.597895412642835,6.185464472485838e-19
124,-0.5295909934861408,3.2570246601007295e-19
125,-0.3921716381651688,1.7386124080632354e-19
126,-0.28104687818695034,1.0263245761496005e-19
127,-0.5782407222043726,7.345637424067169e-20
128,-0.28889496898378675,4.3362213342320626e-20
129,-0.5689456431894092,3.1035318116683805e-20
130,-0.28770360352377333,1.8320535137130467e-20
131,-0.570526232515879,1.3112421904298904e-20
132,-0.2969193567490102,7.740426095437623e-21
133,-0.24609213199107532,5.4650014113587524e-21
134,-0.6119548670690241,3.2703300253223963e-21
135,-0.2510371556070326,2.3089630962990745e-21
136,-0.603239757552573,1.3817144356987124e-21
137,-0.26292503908211107,9.75536908186359e-22
138,-0.2547719086642213,7.812659875015398e-22
139,-0.5894934762420591,4.1216434370873653e-22
140,-0.5407306075487097,2.466446624874434e-22
141,-0.43933148747684986,1.7652917072406645e-22
142,-0.325531547030501,1.3972092956702747e-22
143,-0.516920900869474,7.458357463091809e-23
144,-0.362340629201896,4.402761378314919e-23
145,-0.49241984876578226,3.151156028156289e-23
146,-0.32233224558423634,2.49410591835242e-23
147,-0.21603752349729285,2.0012109761170226e-23
148,-0.20356064484101657,1.5910697448838568e-23
149,-0.6463613261080555,8.455116374094424e-24
150,-0.5952262972713384,4.4521349458789665e-24
151,-0.2803779902061782,3.572286668054895e-24
152,-0.5677729983372574,1.8810270146338636e-24
153,-0.2984241287536872,1.5092911172531934e-24
154,-0.2313008572104121,1.1999671506614222e-24
155,-0.22860104421029168,9.363279398685881e-25
156,-0.24638228717638055,7.148813059962402e-25
157,-0.6195302600799539,3.9559855459447844e-25
158,-0.24690249226505886,3.0203735178341143e-25
159,-0.60463029557676,1.6714038931616717e-25
160,-0.5876458930406574,9.050019128932673e-26
161,-0.5122844910926923,4.809277856546263e-26
162,-0.35320055909820675,3.8236330819740545e-26
163,-0.5087756989034139,2.0319198943907962e-26
164,-0.386222890040643,1.0699298707184104e-26
165,-0.4775114733247854,8.584861553801115e-27
166,-0.3660654626199028,6.82542402839131e-27
167,-0.47891371335388694,3.62710400648097e-27
168,-0.3565019505646754,1.9098916898492823e-27
169,-0.2777698431679797,1.0195075986701704e-27
170,-0.2559531250567892,6.018280435787636e-28
171,-0.6032304537650074,4.307419604381471e-28
172,-0.2615583753623917,2.5427234841202764e-28
173,-0.5968704217665318,1.819884782851171e-28
174,-0.5836530357907479,1.4404191246233948e-28
175,-0.280003547290624,7.689013207546199e-29
176,-0.5790370029432451,6.085770801533844e-29
177,-0.5353514763363983,4.883077032352854e-29
178,-0.4507034669094808,3.8823073733029305e-29
179,-0.36127758656148173,3.0293436472637486e-29
180,-0.29950716923294995,2.312887451773855e-29
181,-0.5641187202533422,1.2798976909689343e-29
182,-0.5033307516450356,6.93016130555656e-30
183,-0.40738572341706514,3.682762526164696e-30
184,-0.3244218570474221,1.939199298349981e-30
185,-0.536900499164697,1.5559671673045833e-30
186,-0.3221027991558936,8.19311703552867e-31
187,-0.28252013813227683,4.373517681086232e-31
188,-0.27294012072665425,2.5817420027065377e-31
189,-0.28137510317177866,1.8227967704351176e-31
190,-0.29325556838619027,1.4598003488316642e-31
191,-0.5651207595056202,7.701316355088377e-32
192,-0.567723831377311,4.608570833706341e-32
193,-0.5568961222440709,3.2984585163634627e-32
194,-0.5154970837641629,2.610694244777026e-32
195,-0.43412625543274846,2.094758662609089e-32
196,-0.4151004977413514,1.1030183184182935e-32
197,-0.43412915881598485,8.850355349523398e-33
198,-0.3256369580873032,7.03650579381703e-33
199,-0.5442506448747333,3.7392751351736364e-33
200,-0.3164237233294428,2.972923697887694e-33
201,-0.2664208585190326,2.3197564365785776e-33
202,-0.2544622331525094,1.771121463284781e-33
203,-0.6238628721898063,9.800970944544495e-34
204,-0.22501138828398598,7.482988182378198e-34
205,-0.6484547560936788,4.140910224070047e-34
206,-0.1980758843886892,3.161562507054789e-34
207,-0.6691726716405233,1.7495345696695952e-34
208,-0.18521158056005466,1.3357601592306482e-34
209,-0.20955736940058337,1.0009895401015044e-34
210,-0.654869080199698,5.643586672749492e-35
211,-0.19042819858226742,4.2291808069288555e-35
212,-0.2045020949593655,3.1172759518619833e-35
213,-0.6559514953214912,1.7868288909274418e-35
214,-0.20699695670552914,1.317049089661688e-35
215,-0.22696900037661366,9.577362010265604e-36
216,-0.6324264842724853,5.564532403820634e-36
217,-0.6344097256538357,3.1896012471111675e-36
218,-0.21045240864714057,2.351014940614218e-36
219,-0.19917312414470267,1.709618977344975e-36
220,-0.663838721388319,9.933038124095073e-37
221,-0.6368707648366865,5.693637576171379e-37
222,-0.21793058021425735,4.196708607430168e-37
223,-0.1855166832407683,3.0517767257468643e-37
224,-0.677911554990796,1.7731093866392462e-37
225,-0.6371178719401127,1.0163498925814428e-37
226,-0.4496409137109952,5.730188457355278e-38
227,-0.23264384276244834,3.170951950022924e-38
228,-0.6205091773554199,2.4210046232326047e-38
229,-0.2422806368403616,1.3397271988846847e-38
230,-0.6105506489288971,1.0228744533157753e-38
231,-0.371814829607411,7.665198138533034e-39
232,-0.4914163650313044,4.321644565259152e-39
233,-0.2346764319686319,2.3914967829590934e-39
234,-0.148625816082543,1.2949049431505217e-39
235,-0.6905041762088243,1.0104073908002174e-39
236,-0.5748894576724148,7.714405651772916e-40
237,-0.28544489026747183,4.2689712261309185e-40
238,-0.5722070734113889,3.259336387874057e-40
239,-0.29055481989280524,1.8036403430403126e-40
240,-0.5667320970397371,1.3770696238767892e-40
241,-0.2903289907584524,1.031945952247975e-40
242,-0.148780026198431,7.606343751710972e-41
243,-0.1588730423794414,5.531206714805942e-41
244,-0.7081782465847487,3.2136802350978864e-41
245,-0.7129636992940173,1.842088021384651e-41
246,-0.5518532304869237,1.0385706334617346e-41
247,-0.30694357254022564,7.782821890350154e-42
248,-0.14241499267767993,5.736620074664422e-42
249,-0.7092535348682066,3.2882422486729385e-42
250,-0.1572914896349935,2.4237219815457175e-42
251,-0.6981589830462007,1.389282350064317e-42
252,-0.5035453475902824,7.832784501138754e-43
253,-0.22669443790103352,4.334479306018979e-43
254,-0.15689061723070352,2.346956399582839e-43
255,-0.18958753169257578,1.2471979652184953e-43
256,-0.22969022865386987,6.567258686576172e-44
