t,lambda,delta_s
1,0.06672869983454559,1.118642540787694
2,-0.08008178860092824,1.161188136906909
3,0.13059727217750233,0.9314757004589241
4,-0.011756543950754754,1.1485472403588366
5,0.471528766712503,1.448122823499902
6,0.24590679773322435,1.0866991297237132
7,0.36106128765044854,0.9782401247439
8,0.12421577942393607,0.9875412448510776
9,0.6000788329174606,0.8118964234557456
10,0.2365413292896015,0.8443887637626222
11,0.07464495648219294,0.6061740307580152
12,-0.19754214203938633,0.5565013628253062
13,0.29217743181412165,0.7317142981313598
14,0.4679259986453846,0.9510522332106968
15,0.2032174889926733,0.8662191939500825
16,0.2838370402485885,0.8081788287013137
17,0.30814879753823926,0.7063154587461711
18,0.5538017574356079,0.6639119742234759
19,0.5661106006346219,0.7027241307840991
20,0.18204358472183463,0.5691886479701451
21,0.1975429901939186,0.5500263741949124
22,0.3824696680494196,0.549995501544705
23,0.20893331067494317,0.5828912358043851
24,-0.13036190378434181,0.4115824846282102
25,-0.20324591450673185,0.33602424613759607
26,0.23160212522252993,0.4420631651625948
27,-0.3145233731176343,0.3009618008726168
28,0.029925426961936143,0.300226732429952
29,-0.07002745268273919,0.23275240425723806
30,-0.25834348695539755,0.19734883322935995
31,-0.14269382312256498,0.13559559250284292
32,0.2999591921794369,0.147071113892841
33,-0.5245678878970681,0.08183220685924693
34,0.03689719610327353,0.08198558234523944
35,-0.4851128050183074,0.04636352733459364
36,-0.037795127604132735,0.04557069827571554
37,0.16823426184532878,0.05327567094729629
38,0.12890642674279496,0.05933744665179272
39,0.06918045291550763,0.06034414409959576
40,0.053558652804031846,0.058755591642717986
41,-0.589272664804348,0.03487793214871127
42,-0.3446126060860347,0.022238647283787376
43,0.008985871086420575,0.01799379479969851
44,-0.572667735946206,0.012365550266259299
45,-0.005056134300482341,0.009973580520136017
46,0.08056804967061937,0.008974544340358276
47,-0.6817400237591702,0.005423277465961482
48,0.0951447528529849,0.0049168783237275235
49,-0.6928514961947305,0.0029618658096555537
50,-0.5555637159653546,0.0019870173248848467
51,-0.044357484587582034,0.0016275221038485434
52,0.09421301288995952,0.0014850697162640627
53,-0.693412073600727,0.0008906909739216981
54,-0.5460316854968095,0.000597018318734187
55,-0.040484329970650594,0.0005426637869002244
56,0.088460754459713,0.0005321886573103858
57,-0.6903688193027283,0.0002973088046166447
58,-0.5595315384307161,0.00017969668185024255
59,-0.054381551359584335,0.00014734208813170163
60,0.0923311483479415,0.0001347960598071076
61,-0.6914411180800014,8.068002827975695e-5
62,0.08734449850002501,7.381628286568469e-5
63,-0.6812913343303919,4.417848646823681e-5
64,0.078514247648076,4.0422645985431203e-5
65,0.02545477462033114,3.69021959581727e-5
66,-0.04125906331130222,3.308145922290258e-5
67,-0.5585088183723286,2.020598884651211e-5
68,-0.6051856308689605,1.2118494254301318e-5
69,0.0006403632304846837,1.1064815178971483e-5
70,-0.04415270310896371,9.92013740559026e-6
71,-0.08313770019106886,8.719523145070375e-6
72,-0.5183051524701642,5.4321678082757e-6
73,-0.5310071900856728,3.3177404966098954e-6
74,-0.4728762310793143,1.9896377562566312e-6
75,-0.3010823017028087,1.1903387305634984e-6
76,-0.14096103070344054,7.948179949782122e-7
77,-0.0908920879115215,7.208479902413706e-7
78,-0.5076116918353278,4.352428464979156e-7
79,-0.0959636882435005,3.947365641382806e-7
80,-0.0983036621403019,3.8712501604280155e-7
81,-0.11538439283714588,3.6421842107267337e-7
82,-0.13069668749924646,3.287703234836526e-7
83,-0.13931450863022615,2.879098222276119e-7
84,-0.15173459874345852,2.4656101692929217e-7
85,-0.4500645492152797,1.5765943291706455e-7
86,-0.44478629784040513,9.858701071329267e-8
87,-0.38742837478061815,5.980710139906141e-8
88,-0.21654235386793447,5.398624777742847e-8
89,-0.3822224340394299,3.2750368856913676e-8
90,-0.22242483554363698,2.9562869490345956e-8
91,-0.13070708589531535,2.588870406985595e-8
92,-0.09574070434388882,2.217064066191139e-8
93,-0.09465484052522098,1.865921599445701e-8
94,-0.4929039217117052,1.2140642772456885e-8
95,-0.4459548088885476,7.763135887512082e-9
96,-0.30725100536786987,4.854415160946042e-9
97,-0.29217524106137144,4.251093212973131e-9
98,-0.14018746748720698,3.6405630625770337e-9
99,-0.07519561238282556,3.0639643500737613e-9
100,-0.08029059951107582,2.5428686152148255e-9
101,-0.10686167305925474,2.086440529216558e-9
102,-0.1287618444019251,1.6958641017751147e-9
103,-0.461838328389003,1.1425348341888461e-9
104,-0.4486002689855784,7.625192316014401e-10
105,-0.39114919057872394,5.031228347128168e-10
106,-0.293886261139319,3.273575187119114e-10
107,-0.3144712655576941,2.755100642350147e-10
108,-0.2843899684484868,1.792609772569377e-10
109,-0.18986435185551492,1.1462550754405431e-10
110,-0.4069639162133763,9.816331115020901e-11
111,-0.19594098490746858,6.276892793154304e-11
112,-0.40172682015736416,5.375422918527589e-11
113,-0.2964559694939095,4.5240540663046704e-11
114,-0.19966157880161048,3.754637372622618e-11
115,-0.1396756522966551,3.080704806747923e-11
116,-0.44425477615111303,2.056039425249942e-11
117,-0.3370707278792417,1.3566089108928633e-11
118,-0.20920668045594404,8.826793306934021e-12
119,-0.13923185930846052,5.644148984728239e-12
120,-0.1256209653413209,3.5293782230885026e-12
121,-0.47008579590748945,3.090735984035211e-12
122,-0.4471735101569642,2.6468530833392245e-12
123,-0.3776272755101666,2.227639877985622e-12
124,-0.2158077803404409,1.4494167484351886e-12
125,-0.37891782099790866,1.2198555971856497e-12
126,-0.26914759447423836,1.0123918386560618e-12
127,-0.32175659083042507,6.679929250189952e-13
128,-0.28491944230876315,5.543857708480525e-13
129,-0.17990781616662888,4.548771930673885e-13
130,-0.4005158105544511,3.0358164811633137e-13
131,-0.26720589610482914,2.003082061353719e-13
132,-0.15902162253802288,1.3033079165566117e-13
133,-0.44916893585215967,1.0968877367972114e-13
134,-0.3544484738185602,9.103374163443228e-14
135,-0.23259592437306573,6.006557246701287e-14
136,-0.14261484671557156,3.9081741891223816e-14
137,-0.46387283724506995,3.289190748293548e-14
138,-0.13892315416515633,2.140116185963431e-14
139,-0.11425703301915949,1.3684623824512368e-14
140,-0.47927390161310685,1.1719276234335741e-14
141,-0.42966173715989137,9.8631568352202e-15
142,-0.1662143964652017,6.417475665922225e-15
143,-0.42368781068570305,5.401064682966596e-15
144,-0.3084861844228423,4.4824926964330994e-15
145,-0.18499181477633994,3.677914915780882e-15
146,-0.12295282973245965,2.9894184769230617e-15
147,-0.46840257016413467,2.014026207881608e-15
148,-0.1389073859198944,1.6370055579630688e-15
149,-0.44968229794970055,1.102880751435969e-15
150,-0.3090776504363786,7.360543929208302e-16
151,-0.28903924655191876,6.039374994863367e-16
152,-0.14054324802308243,4.908819157628201e-16
153,-0.08880495163160926,3.9585116156114217e-16
154,-0.09948312744181272,3.170871548894868e-16
155,-0.11142777852233858,2.5254064288575204e-16
156,-0.48353633537713875,1.7363692601748296e-16
157,-0.46421928658257855,1.1870220940841465e-16
158,-0.14098421678263118,9.508358068717365e-17
159,-0.11464181465326197,7.572829180982458e-17
160,-0.1202436623997782,6.001360584961034e-17
161,-0.4765281824451636,4.146881259505996e-17
162,-0.41956516815063266,2.8512310186280656e-17
163,-0.30096595768320433,1.9491673183092337e-17
164,-0.3163995355468037,1.5613341058007284e-17
165,-0.27604887621317953,1.0673640235061365e-17
166,-0.32572514570825495,8.54986556336479e-18
167,-0.2667211480005474,5.844885392719603e-18
168,-0.316479278971844,4.681906382498558e-18
169,-0.1493759187811001,3.7288538167974e-18
170,-0.44087628441955207,2.5638119350562106e-18
171,-0.23308003716275041,1.752681000400762e-18
172,-0.3679649782483328,1.4039434156367805e-18
173,-0.15534289229793663,1.1181555837028532e-18
174,-0.04919507544205674,8.861225689257949e-19
175,-0.04164298702084433,6.991907003921103e-19
176,-0.07891582065807712,5.495808055937078e-19
177,-0.5232024338580771,3.828768275347196e-19
178,-0.5169836942109218,2.657178175840859e-19
179,-0.40845453458340003,1.8360840387054207e-19
180,-0.20013481928220778,1.2624185348843167e-19
181,-0.07773714215851679,8.630184415601444e-20
182,-0.4972080485387893,6.913003897026518e-20
183,-0.36697389019665383,5.505787356902703e-20
184,-0.2421073005183431,3.7855609340117224e-20
185,-0.37590226744965227,3.01496915663992e-20
186,-0.23579204150532873,2.0729731674648192e-20
187,-0.3648784536297223,1.6509971101760205e-20
188,-0.22562798747900284,1.135160106503735e-20
189,-0.37288529734646697,9.040860175323886e-21
190,-0.1964854238142249,7.164754494474627e-21
191,-0.39170641988687593,4.950775032007359e-21
192,-0.21553772942713234,3.923419561174306e-21
193,-0.3827178845007739,2.7110444075272307e-21
194,-0.2163065131792385,1.864006568767926e-21
195,-0.3828582822394714,1.484567917561912e-21
196,-0.219193775082591,1.0207299970573162e-21
197,-0.37305269104335703,8.129493916569026e-22
198,-0.22764913832119807,6.4425095562829475e-22
199,-0.13500998420016028,5.08343081070713e-22
200,-0.10576309643698348,3.9956995974939965e-22
201,-0.09578615703029912,3.1300364202566894e-22
202,-0.5187194249409035,2.1880450995877117e-22
203,-0.07296323667474265,1.7140079437325636e-22
204,-0.08269311200525058,1.3385886898998095e-22
205,-0.11012229260037772,1.0425399893346683e-22
206,-0.4936275473851052,7.330111665891357e-23
207,-0.5013967131242222,5.139722946934023e-23
208,-0.42527415960071224,3.592912061500945e-23
209,-0.1791453894059209,2.8145122857410706e-23
210,-0.07765717531992691,2.1980495055773782e-23
211,-0.05849775522796186,1.7119183251677034e-23
212,-0.07704886739695169,1.3300078699994322e-23
213,-0.5261508765993098,9.374464748618343e-24
214,-0.07391857513469746,7.28312309611689e-24
215,-0.09648103774693184,5.64563891849436e-24
216,-0.12195163120313493,4.367355646288361e-24
217,-0.4768374606014647,3.0915518717675113e-24
218,-0.4872894677495886,2.1839592423906443e-24
219,-0.4661606047171827,1.5393479536492561e-24
220,-0.11829920107870863,1.195936081133117e-24
221,-0.47970211770108,8.429469394183324e-25
222,-0.12313833802742224,6.548945980284948e-25
223,-0.4732558658442946,4.61597744025479e-25
224,-0.11989455787392324,3.5862028188040373e-25
225,-0.07153291403406085,2.779907182160484e-25
226,-0.08426269998829483,2.1504817264161864e-25
227,-0.11266772341805736,1.6604514469020505e-25
228,-0.47167542951581676,1.177603793385504e-25
229,-0.13658401666772374,9.092632123235628e-26
230,-0.12685376436286716,7.008594025770415e-26
231,-0.4674676035382509,4.97912535068383e-26
232,-0.14040641255180256,3.837906088511879e-26
233,-0.44828024754173174,2.726569042034465e-26
234,-0.3237122357188261,1.9337018572977704e-26
235,-0.2746612846628934,1.493069207418073e-26
236,-0.12693551765439595,1.1508566260402417e-26
237,-0.4626504438694778,8.176046979821367e-27
238,-0.2728636884485101,5.7985097705200734e-27
239,-0.32074682401720545,4.4772033261501806e-27
240,-0.2691561486547259,3.1752639503367927e-27
241,-0.08118857621027052,2.247697234678438e-27
242,-0.053409377373740956,1.5878365796157089e-27
243,-0.0848661201480278,1.1191751851949976e-27
244,-0.1188973952476695,7.8689346836560435e-28
245,-0.46662483367002805,6.128603314127806e-28
246,-0.15046391301604525,4.309028632770049e-28
247,-0.4323648803933745,3.3560231748163865e-28
248,-0.40458718813598826,2.607330717117603e-28
249,-0.3464649707982087,2.0211175309934227e-28
250,-0.27140949794991104,1.5634969200528651e-28
251,-0.33662295503127354,1.1067639599719988e-28
252,-0.2669497673260924,7.81849207059815e-29
253,-0.3198047695899094,6.060639444806663e-29
254,-0.24404121938685622,4.688391921893118e-29
255,-0.19383949785087265,3.6200480360857976e-29
256,-0.1703602941138748,2.790330313031995e-29
