t,lambda,delta_s
1,-1.131646167470234,1.1372718697724322
2,0.06668091252618419,1.1031960195663186
3,0.762465609641684,1.1671464530431737
4,0.5540824652706433,1.0733786439983755
5,-0.08397932258963922,0.9871731997478943
6,0.1320363800028323,0.979313987745971
7,0.29367262015342427,0.9019192102381227
8,0.43005784649453,0.9627744061123245
9,0.16463242952271348,1.006940247411003
10,0.850059331323082,0.9167364291337275
11,0.7886695133239999,0.9533471805379292
12,0.6209257098094609,0.832949199846726
13,0.2419417528793476,0.9178944786761016
14,0.46039114870773656,0.9804472807737247
15,0.6054401607942568,0.74338076820227
16,-0.042015552330450553,0.7177502117368559
17,-0.08762361480877819,0.6082166605728929
18,-0.1835221893015625,0.7127485101719002
19,0.30923607697867556,0.5644656204827014
20,0.3103418357440979,0.6067888757656116
21,-0.004078811016435623,0.6583980256882798
22,0.32003241731857074,0.5588756982682666
23,0.015598190074511258,0.43206429611400526
24,0.08201333813585812,0.41813379951911583
25,0.013029640094773188,0.37940964654005277
26,0.26347362837922356,0.4995344824227192
27,0.10180652188538783,0.5852643590016828
28,0.38216405945580867,0.7176386109791509
29,0.11971987808008297,0.7800517857867867
30,0.006901907433308156,0.6590109517901217
31,0.20511916575443834,0.6332439671776892
32,0.33435551184634926,0.5130167140160496
33,-0.21307667633414065,0.4516594819877178
34,0.1882944168372633,0.5082163880255058
35,0.05364557801419414,0.3891883321479556
36,-0.023397581245720413,0.3917782068494263
37,0.7281613476132756,0.44979519446966815
38,0.6317503896343317,0.39265450707811334
39,0.6719700781647578,0.3807868912804672
40,0.23159218133627615,0.31764049635590647
41,0.4039680168499085,0.2520189532715922
42,0.07694140195097542,0.22469921138981178
43,-0.04128134047798487,0.1774784806830342
44,-0.1080312090050707,0.14235790319134223
45,0.121886345528365,0.19819414391943013
46,0.1697157999377602,0.10255873481045859
47,0.2523407212713998,0.12286878930058967
48,-0.4219376607522389,0.06390054539316131
49,0.16093628941158195,0.07608810042656364
50,-0.3020708789095861,0.04286294062055247
51,-0.11737167263694606,0.044849305363040784
52,-0.2760003435048311,0.02395833091561124
53,0.18004627173203813,0.035366110394806395
54,0.11825831440018972,0.040352996129008965
55,0.05018854627480734,0.0414060976471777
56,-0.477840799049734,0.02341120536478401
57,-0.3200182332160652,0.014576123963010747
58,-0.09408868237072368,0.015099143525767704
59,-0.041429693954123936,0.016291169151815076
60,-0.49853205785663346,0.008384928134184047
61,-0.3968519573315488,0.004939682541685094
62,-0.20422223684109075,0.004616710201391714
63,-0.1106987521530574,0.004939301199344758
64,-0.10040314964614862,0.004948005489639972
65,-0.1169802501338294,0.004685712293002951
66,-0.4623871653911463,0.0027160343631579577
67,-0.1296465308877418,0.002567033960873775
68,-0.4466503816805405,0.0014898303376218083
69,-0.14870486399593968,0.001407980583649882
70,-0.11628096139604807,0.0012795451769345718
71,-0.4751502891002441,0.0007715194086924596
72,-0.1252891850976033,0.0007012845598256501
73,-0.10109486785959593,0.0006200447675491226
74,-0.11792501600417267,0.0005361539222971122
75,-0.47697578718071854,0.00033952316504904187
76,-0.4593363483892923,0.00021031613747471433
77,-0.1481761871969736,0.0001859677506265014
78,-0.10808524281790555,0.00016084055868701534
79,-0.10949974916298666,0.00013641399828803342
80,-0.13394707505859016,0.00011388518310501178
81,-0.1526558112652689,9.388339892856144e-5
82,-0.1707565932418835,7.660083408653367e-5
83,-0.42175236329532223,5.140831512538754e-5
84,-0.18753680275789716,4.19470231455228e-5
85,-0.3971800901216495,2.8151783855498032e-5
86,-0.3381167132336169,1.869861700317342e-5
87,-0.25066562344362575,1.2262685628766093e-5
88,-0.35132278706608744,1.0239370608382031e-5
89,-0.24436855532752533,6.715039577027103e-6
90,-0.1822892272207689,4.334564571106186e-6
91,-0.41530987180028583,3.6771608516732723e-6
92,-0.18708322127204083,2.373608468971269e-6
93,-0.4290210045385432,2.0136178539024123e-6
94,-0.17630507660322042,1.2997877821606942e-6
95,-0.1463196457294591,8.228293144735786e-7
96,-0.4475095716695471,7.117638818757773e-7
97,-0.17136120209042427,4.505811561936511e-7
98,-0.42328607098420423,3.897619721239401e-7
99,-0.37165831634125746,3.3064912628539454e-7
100,-0.21360382552251078,2.1343370081681256e-7
101,-0.15600319055562878,1.3511398424057906e-7
102,-0.13412459426714612,8.368247687833843e-8
103,-0.13569454546903773,5.0517417419748526e-8
104,-0.1517194281801646,2.9585020566039375e-8
105,-0.16116773513205224,1.7146604152464988e-8
106,-0.4323447926367721,1.620075748585715e-8
107,-0.4421553007906104,1.514844405719719e-8
108,-0.43704609630964264,1.3741206469620249e-8
109,-0.17042598229608147,8.295288118665508e-9
110,-0.16563275774390812,4.858052853577439e-9
111,-0.17090206364925353,2.8155845461508003e-9
112,-0.428629134598161,2.6602697395911995e-9
113,-0.43011631041981424,2.4874728608002367e-9
114,-0.1788043762439893,1.4567637183353607e-9
115,-0.4297447615196548,1.3621401364355425e-9
116,-0.1719594093733067,7.977238135388088e-10
117,-0.427434891979366,7.459079383919051e-10
118,-0.3852998737746941,6.766156726486236e-10
119,-0.30453365836877855,5.982342581329747e-10
120,-0.22308177459713618,5.174845510591961e-10
121,-0.37350591345619116,3.2759307969138855e-10
122,-0.27857260504124604,2.0289387279316686e-10
123,-0.19334940058325595,1.2248292466926176e-10
124,-0.14122383600620364,7.173090646540702e-11
125,-0.12362406570533237,4.157312586658753e-11
126,-0.133018560607464,2.834484305663856e-11
127,-0.46686358971408237,2.2765443723655332e-11
128,-0.1372227708053221,1.5521636058503114e-11
129,-0.45948948851377086,1.2466356982857846e-11
130,-0.44624176585552855,1.1778680386068381e-11
131,-0.16064141999584142,6.826577083993397e-12
132,-0.4449783815921461,6.450005379334299e-12
133,-0.16146878250906668,3.738233611248892e-12
134,-0.4395295288056357,3.5320229457089895e-12
135,-0.15930587537989271,2.0470567255341992e-12
136,-0.14622847534087646,1.395697350537006e-12
137,-0.45451271944880917,1.1209682629003746e-12
138,-0.4410098474018996,1.0591327449446361e-12
139,-0.3976664164273397,9.903371334128032e-13
140,-0.30686621540605713,8.98338240000444e-13
141,-0.2893323180215506,5.423086142571363e-13
142,-0.1835010288723124,3.1759764550516637e-13
143,-0.41185844016480844,2.9696819716722787e-13
144,-0.1765953687854917,1.7391647067865216e-13
145,-0.10155259304159724,1.0079687659581472e-13
146,-0.09207042355126341,6.87240035204082e-14
147,-0.5069589608970632,5.5196369623862914e-14
148,-0.09952969450803661,3.763326432777868e-14
149,-0.49787896875714666,3.0225532006025986e-14
150,-0.48304880762776564,2.855821323392837e-14
151,-0.3996379299857496,2.6703224090046175e-14
152,-0.20343581002299463,1.563847756689996e-14
153,-0.11754677773457228,9.063602126393692e-15
154,-0.49206284639757314,8.563630315634281e-15
155,-0.4360498320644359,8.007382586211584e-15
156,-0.15627219977711174,4.68944396084135e-15
157,-0.4388792615841767,4.384842704209468e-15
158,-0.15592303521775513,2.567939512956736e-15
159,-0.07969766880674625,1.4883022935269852e-15
160,-0.08240708813914287,1.0147347369700897e-15
161,-0.10380859267187642,8.90189998373836e-16
162,-0.12679835682498758,8.431676435018249e-16
163,-0.46551179099539414,4.874680431095128e-16
164,-0.14252306015065083,4.617186015815993e-16
165,-0.4449305108455468,2.6693750040676914e-16
166,-0.4190779463226088,1.6662602961752516e-16
167,-0.3661863364762075,1.3382735941726796e-16
168,-0.2958960288021099,1.2644509502789608e-16
169,-0.2243564420102363,1.1823189637107107e-16
170,-0.17195960267243052,1.0724856224651406e-16
171,-0.4165287719127379,6.474378645279851e-17
172,-0.19098454265699918,5.872931268619108e-17
173,-0.3971229904089986,3.545369746155247e-17
174,-0.2628992211733522,2.0763105254501617e-17
175,-0.3466874408924294,1.9414444729946133e-17
176,-0.1973938295621169,1.7610909982922333e-17
177,-0.394483679051895,1.0631349934118502e-17
178,-0.21356111542305328,9.643734306648269e-18
179,-0.10484046346182285,8.526571987262265e-18
180,-0.08518671860863163,7.37565463413558e-18
181,-0.10732820120710136,6.257031276537009e-18
182,-0.4724685387769609,4.038908477652645e-18
183,-0.43815228277765983,2.5568269891551097e-18
184,-0.1644263782584734,2.2117062823625887e-18
185,-0.13752176650752485,1.87626943908254e-18
186,-0.45493148873931377,1.2111303602217531e-18
187,-0.4172630209635517,7.667048682915088e-19
188,-0.3431773675361859,4.74856551205875e-19
189,-0.25168195657284964,2.8666128946623584e-19
190,-0.18440725029987054,1.6788033270812435e-19
191,-0.14933957528317435,9.729850837486857e-20
192,-0.1335848320022347,6.633879201340143e-20
193,-0.4648490684365338,5.3280663186078016e-20
194,-0.4045793566869473,5.034156355657455e-20
195,-0.1944155826887269,2.9176491160696324e-20
196,-0.39768649900959624,2.7567040203580227e-20
197,-0.20562157063617853,1.597704655959731e-20
198,-0.3842527019038248,1.5095711215480535e-20
199,-0.2142762921031043,8.749030696035484e-21
200,-0.377818067054646,8.266411461597137e-21
201,-0.2201278769394586,4.790969209149031e-21
202,-0.37328222935887995,4.526686916370593e-21
203,-0.21699613442736018,2.6235347389300095e-21
204,-0.050926862811831716,1.7887440238576674e-21
205,-0.5464001655040304,1.4366476230380735e-21
206,-0.056446359756187454,9.795162274644582e-22
207,-0.04551575863834843,8.59294076733115e-22
208,-0.09064743547397554,8.1390373187485505e-22
209,-0.12192692843512508,7.464364534368952e-22
210,-0.16474459653157317,6.628828410473948e-22
211,-0.18559798215290824,5.749122939955824e-22
212,-0.3908236403909916,3.6299464375755346e-22
213,-0.37382388313190307,2.2383073440155917e-22
214,-0.24005473948978998,1.9877586692163628e-22
215,-0.3439011496373526,1.2256971015829377e-22
216,-0.2705520857066122,1.0884966472628804e-22
217,-0.3130581047549478,6.711917328268166e-23
218,-0.25053829904617786,4.0076541601239e-23
219,-0.36717570487338574,3.675445928959649e-23
220,-0.2212468061372624,2.1945914180838464e-23
221,-0.3883500911824321,2.012674190698303e-23
222,-0.3331610690316542,1.7873821401538105e-23
223,-0.24802966438284035,1.5501803679499533e-23
224,-0.1823247279785584,1.3200084610205859e-23
225,-0.1440743729660015,1.1069017846992059e-23
226,-0.1363097522708568,9.163488293411329e-24
227,-0.1419993486629735,7.505697920333706e-24
228,-0.15152683556869573,6.093844239850083e-24
229,-0.4458606796932649,4.110120181174737e-24
230,-0.156234971406365,3.336989105741905e-24
231,-0.15732867667445005,2.689335182851364e-24
232,-0.16141327358949015,2.1537396960867086e-24
233,-0.43534222070146505,1.472679946129407e-24
234,-0.1719881041933968,1.1793878575770816e-24
235,-0.42402538064771955,8.064395385004631e-25
236,-0.17947191305948393,6.4583279080921e-25
237,-0.171623677718546,5.1437784625812815e-25
238,-0.4221117292174061,3.536580362471234e-25
239,-0.3810184810501601,2.4182360510649066e-25
240,-0.3084980818871403,1.6431302312754318e-25
241,-0.23863177479046463,1.108243410571585e-25
242,-0.3559474320015379,8.997781146464264e-26
243,-0.27295401186233303,7.251461913119769e-26
244,-0.19454949636164154,5.807294485467671e-26
245,-0.15404938389212042,4.6252585383265513e-26
246,-0.4409573045714326,3.180074460242096e-26
247,-0.3611951350736372,2.1744651376887138e-26
248,-0.23035279662883837,1.7414087744285723e-26
249,-0.36903851969299784,1.1907371093983399e-26
250,-0.23564039800865763,8.090757480405369e-27
251,-0.35462665961618606,6.520476411065305e-27
252,-0.25403226338428353,4.430498796269978e-27
253,-0.15453376964905557,2.9882421995852665e-27
254,-0.12685836047091942,1.9977860757174972e-27
255,-0.4663135232904925,1.6363614284928914e-27
256,-0.40996509162590017,1.3285548887225822e-27
