t,lambda,delta_s
1,0.0361779580470704,1.2037228194758975
2,0.08610042416749152,1.0355895561200583
3,0.402208017652023,0.9507375130861344
4,0.18327556074142234,0.9059464808604609
5,0.31181885339270426,0.8279552457271796
6,0.17148999789808586,0.7536403809160894
7,0.5240355139594083,0.8304201333742588
8,0.2816284518928864,0.6181928230121629
9,0.14564370910483798,0.6232971867471868
10,0.41463903168788285,0.7567069427593376
11,0.4136306253303163,0.8458549098154572
12,0.060246887522567384,0.5894288215186293
13,0.19429339966706988,0.5799064497602525
14,0.18921005784818423,0.6547999707877507
15,0.2564415515917969,0.7084873381873482
16,0.7534456076563437,0.6451738741991679
17,0.6714632639325913,0.6399427917896333
18,0.6870766714175486,0.502449305009502
19,0.829889711184837,0.5154996937517087
20,0.3087103248215737,0.5128054141628458
21,0.39048542889699134,0.5470934333912162
22,0.2826138114625461,0.5662025391382999
23,0.17704429921896944,0.6321907298487421
24,0.07514378223342667,0.5427670373420074
25,0.37175188337667814,0.653782596167479
26,0.40350141082291485,0.7336260465414358
27,0.47912989393363364,0.9123166768457598
28,0.399771475312313,0.9978956112383727
29,0.2669574628967827,0.9513671824471234
30,0.11623768609444639,0.8234093689432239
31,0.19391665289551147,0.7409339742248435
32,0.6253536451001536,0.7488446300057559
33,0.49501836851293973,0.6027827963715612
34,0.1929106178955042,0.6691970547066675
35,0.38846702059862054,0.8791586109348741
36,0.8012367948247932,0.7428191977088836
37,0.03044576211291908,0.7484324173546983
38,0.19259095765051437,0.6399820796703294
39,0.5825940093580412,0.6346274357729159
40,0.3554770854465045,0.736742247237809
41,0.2992295957291672,0.8242193662369314
42,0.23507316393239572,0.8001198348230082
43,0.07932561930598934,0.6439237068269847
44,0.44793494031192355,0.7217664409644544
45,-0.029526945016076445,0.6513683519838454
46,0.3909852196400114,0.6090101806064571
47,0.36873409039736393,0.620990131898223
48,0.48672318740703535,0.7154247256359125
49,0.07434466304323242,0.44546766501480617
50,-0.031664088709494026,0.6034283898753483
51,0.2697441599749467,0.7469331179518773
52,0.6521356294861395,0.9347169222381517
53,0.5063626514302276,0.9518449204866387
54,0.5788070365370206,0.9149220484637841
55,0.36997212371691285,0.8051772088219787
56,0.3373014614440927,0.9061296345686577
57,0.672035691736324,0.9508230789340778
58,0.20854273316531408,0.8689499792337004
59,-0.15908834666496477,0.82072909565041
60,0.6492508919519618,0.8255351263998256
61,0.19335293942903836,0.8416201834628918
62,0.3733668752208641,0.8672424104470332
63,-0.08568681671674078,0.7264274855823998
64,-0.053741684018188664,0.673616662774001
65,-0.23072351427957766,0.5707427296454628
66,-0.2793907410188722,0.5269223344059943
67,0.17693028469091393,0.4301877558987997
68,-0.08370968938265709,0.48479733798430574
69,0.6182684314693494,0.4950294470037409
70,0.5488527955223531,0.4131304480266944
71,-0.07933145345998355,0.3820184653837909
72,0.4347803094649116,0.4700189174736083
73,0.4547008385414913,0.5529879089354975
74,0.37774069192699383,0.562705562947705
75,0.6097539131906276,0.5895175152491121
76,0.3987004051179476,0.6759192947229361
77,0.42675197255338415,0.6059672196169554
78,0.1968960378058021,0.6360626183478392
79,0.7604922994234193,0.723526358934862
80,-0.04304168751286926,0.5426608525897386
81,0.2883483356356874,0.5768422570143897
82,0.29564349352995567,0.6832556146195397
83,0.011984916823111718,0.54856756249903
84,0.10933739699896022,0.6305336819814948
85,0.29573833095762964,0.5937162633356529
86,0.24808748524968563,0.6746455948276737
87,0.4437426300355365,0.7596150969080154
88,0.07786298997191317,0.7070922345980738
89,0.08130716195452209,0.6315762424493
90,0.15388545764251996,0.7047565415867363
91,0.28390658610846764,0.7652692831352588
92,-0.03874034618019288,0.6385092678732062
93,0.26930327103650786,0.5876027777678529
94,0.6477696439443175,0.5902668103632631
95,0.27712259355696606,0.7489653996128828
96,0.6833837046501026,0.9461143727121376
97,0.7040097994814991,1.0552870043238596
98,0.31652447474276174,0.9498223482367738
99,0.512823730649136,0.9423074587182056
100,0.2004559077758178,0.9607164739174117
101,0.4239884616137125,0.9704735701121305
102,0.42178399925755566,0.9635196607711851
103,0.39420178524237787,1.0359595274932234
104,0.4565327512630479,1.0530256329513108
105,0.1918669471408328,0.9375024724053517
106,0.18180062571620004,0.8951957295727967
107,0.35438422402571496,0.8024873414018185
108,0.30590653207058666,0.6600662434511477
109,0.25607106073862734,0.623313616891924
110,0.18270463553336422,0.5463049917705028
111,0.2746053478187596,0.565037873074271
112,0.21394396651355785,0.433027060571512
113,0.4393085902542813,0.41133084602666603
114,0.5854740229682103,0.3213656526779541
115,0.4795601743900943,0.33790514158184964
116,-0.25714713448350973,0.23301523708129646
117,0.06678338095539013,0.2087391323320884
118,-0.10742962132812241,0.16708734982641651
119,0.29798920550802194,0.20526343081322862
120,-0.011029135918769467,0.13097373353960617
121,0.29760954811458334,0.15361869577510723
122,-0.3348777982674696,0.0935635192129085
123,-0.0412208255172123,0.10282569674747938
124,0.08299148412497147,0.1284961698445759
125,-0.21557177086637452,0.05990318420702517
126,0.08562785196894142,0.08113087048203196
127,-0.2523984777565702,0.04211781023853497
128,-0.13769733443546106,0.04795890606341632
129,0.14525909737825413,0.061221332459254214
130,-0.4832336181052469,0.03035328100670036
131,-0.14639249762295697,0.024709257789538967
132,0.014252284074806042,0.02565358492861726
133,-0.03349521180979023,0.02605668256417907
134,-0.02259143943182414,0.026014862553985208
135,-0.06589833793477658,0.025146327599869317
136,-0.034710693483619784,0.023984241545144995
137,-0.04952917932899724,0.02274931327288165
138,-0.08908123645356593,0.021136399545848797
139,-0.11098666667459177,0.019092243396483115
140,-0.10540006018904262,0.01688177917135887
141,-0.5115965260426032,0.010330915420658794
142,-0.06352960186431396,0.009309764086272246
143,-0.5229897121680273,0.005658420636111873
144,-0.44029606328632015,0.0035406208587593197
145,-0.15677311658357093,0.0031022686775540073
146,-0.06803086166732696,0.0028135743513965973
147,-0.06955629048088387,0.00251714905579604
148,-0.09466722007028484,0.002278132234336838
149,-0.12329061776519562,0.0020327006792883757
150,-0.14675457090547483,0.0017766935749405335
151,-0.4502642428501836,0.0011095460006582717
152,-0.15428559281244336,0.0009751146916958234
153,-0.16134232430144285,0.000839534732445233
154,-0.4397343154792859,0.0005331665195646566
155,-0.42820485455147034,0.00033097542538192343
156,-0.17574949710556498,0.00029213609750383755
157,-0.4276783459807704,0.00018116212314758594
158,-0.17802618445882373,0.00016002306446563457
159,-0.41608895081082403,9.917911088303558e-5
160,-0.35603827544488975,5.974295235470647e-5
161,-0.2547462867632029,5.4315349224827785e-5
162,-0.32487615126676017,3.2711696842649805e-5
163,-0.22116407320453535,2.0383197515059986e-5
164,-0.3892910566132213,1.791346237321265e-5
165,-0.20224436626156,1.1161957192160584e-5
166,-0.135703463566716,7.331379035696005e-6
167,-0.11882484618477625,4.9137938521262075e-6
168,-0.12650769021247643,3.600060317500115e-6
169,-0.4601967654306657,2.6907868478482764e-6
170,-0.13951920459057116,1.9713974410502886e-6
171,-0.45468231807366905,1.4734763364672288e-6
172,-0.40925144076726355,1.2038643029057657e-6
173,-0.17996388028972218,8.068766929176951e-7
174,-0.420037928693441,6.592364201941584e-7
175,-0.17955471194621847,4.4184578751802954e-7
176,-0.13087050018731444,3.2371944463712287e-7
177,-0.12689383761218667,2.820693229270945e-7
178,-0.1399360293040956,2.5404555268495297e-7
179,-0.15911415420531083,2.2831531770724292e-7
180,-0.17897182431987332,2.0271159725785657e-7
181,-0.40688952454718913,1.25025462968635e-7
182,-0.20238922524038128,1.110048634485968e-7
183,-0.20082886736600836,9.660781125487823e-8
184,-0.2003626486674646,8.245715559579968e-8
185,-0.2043876281974486,6.925589735648724e-8
186,-0.3898829109685982,4.5153539147859974e-8
187,-0.2157728665799434,3.792452918665374e-8
188,-0.20222149753908278,3.1438432775808156e-8
189,-0.18175678790369762,2.5775642255712782e-8
190,-0.18124471391419777,2.0939169811756077e-8
191,-0.43030122358658784,1.4114741791544598e-8
192,-0.4072723897613327,9.427309758293031e-9
193,-0.18526400616385086,7.72923263542632e-9
194,-0.16938301889643126,6.278940079961447e-9
195,-0.44439245711592623,4.232527806676689e-9
196,-0.15650333833229443,3.4383475855097063e-9
197,-0.4225966182523442,2.3177322241000195e-9
198,-0.348991109929046,1.548025460582503e-9
199,-0.23992999421706424,1.2691901663869272e-9
200,-0.15072550906831828,1.0310427134905848e-9
201,-0.11044449586323653,8.311267274974503e-10
202,-0.10262801962843596,6.655549791339223e-10
203,-0.4921155086235048,4.551249958809982e-10
204,-0.45319959022535433,3.091744066647257e-10
205,-0.1631722069770301,2.4922644769216173e-10
206,-0.4483584679169563,1.693039051187999e-10
207,-0.17330160880835516,1.3647640274055297e-10
208,-0.4367410633175822,9.271081845180976e-11
209,-0.27264422287122675,6.249480188529404e-11
210,-0.13894959596768552,4.1740604625778666e-11
211,-0.4577986494058483,3.422215351208678e-11
212,-0.16604027226068846,2.2857155093727155e-11
213,-0.4484604299261917,1.8740051262868623e-11
214,-0.15684196772521306,1.2516578129412137e-11
215,-0.4259269258266685,1.0262052071577564e-11
216,-0.1554641680270794,6.8540781836484604e-12
217,-0.44673889465136796,5.619499714387778e-12
218,-0.15677111058990664,3.753293213373734e-12
219,-0.44675317072296167,3.0772380435963207e-12
220,-0.3048619299993622,2.499833316359283e-12
221,-0.19641181822599071,2.015123385232828e-12
222,-0.40053329142924204,1.3689087240402521e-12
223,-0.21294427227990367,1.1034815657530905e-12
224,-0.14916894224089972,8.836530289481382e-13
225,-0.4377186439358644,6.042665054065143e-13
226,-0.16985449919955628,4.838883986519743e-13
227,-0.4158677818456879,3.308963383606438e-13
228,-0.28652359961462526,2.247836969461342e-13
229,-0.3036476093207379,1.8119883488630012e-13
230,-0.19258639690879847,1.4510156241698553e-13
231,-0.3946422661123779,9.92244819837412e-14
232,-0.21268426068198085,7.945761557954057e-14
233,-0.3700159772467269,5.4335326334299424e-14
234,-0.2513753470137137,4.351099029135494e-14
235,-0.15291405571036235,3.4644976528339785e-14
236,-0.4314119309420187,2.3826618283546448e-14
237,-0.28240665899402123,1.6293303926083967e-14
238,-0.3169557702826767,1.3047456172070096e-14
239,-0.2708765785130728,8.922213229923591e-15
240,-0.33744981146395675,7.14478699982557e-15
241,-0.1708055370414626,5.68892999794857e-15
242,-0.4208332766609428,3.912485361104487e-15
243,-0.20707580089525734,2.6754662510731016e-15
244,-0.3995128938893398,2.1424769837408157e-15
245,-0.16341610264177228,1.7059153174216458e-15
246,-0.04289699851675886,1.3516070017790967e-15
247,-0.026102853567610284,1.0662603198004275e-15
248,-0.581660716207509,7.401399941742333e-16
249,-0.5458053348572971,5.115455931542832e-16
250,-0.03828631654481564,4.0530066080981027e-16
251,0.017440454370458193,3.197349611547983e-16
252,-0.026155796890344668,2.5127227266636896e-16
253,-0.07315419744449078,1.96800343359872e-16
254,-0.10773918424302613,1.5367036606267985e-16
255,-0.491869465334311,1.0776786802386591e-16
256,-0.11403913939379287,8.414989245592352e-17
