t,lambda,delta_s
1,-0.9128485535365749,1.2025899093052332
2,-0.15660281235392592,1.1762832767204825
3,0.7422387009154671,1.2350519253183787
4,0.8744114670262221,1.0977494688021452
5,0.0591663446413481,1.0461341580845824
6,0.3417293750221874,1.0314189947161747
7,0.10374886364585416,1.1030863382078926
8,0.4456054005112786,1.1335188314738047
9,0.2712805824358929,1.045125109471909
10,0.39077902998908914,1.0724359101749783
11,0.21180424271857443,1.1588548567898436
12,0.23584226982984016,1.0593887821911305
13,0.591005982197883,1.0487649584544116
14,0.25382516542471206,0.854110685907531
15,0.15113672016854865,0.9565771090079174
16,0.19246952320988792,0.9480585355978204
17,0.3055660796706963,0.9306362464229423
18,0.3662456651887833,0.9724444945445277
19,0.17774430757234452,0.9225513309906571
20,0.44865734312875627,1.0879043312059065
21,0.15304361536362263,1.0433193750408662
22,0.3561349987541761,1.0408258023005865
23,0.5143715398790927,1.1119150644001858
24,0.4946114896527888,1.1261493480549247
25,0.5913538280739885,1.1234015823510017
26,0.46459594521011205,1.101822865368709
27,0.21247751507051535,1.0330294788252756
28,0.3172731370622043,0.9881721730925833
29,0.32856726873381303,1.119298775426181
30,0.5031431558048045,1.099445721546061
31,0.10885482659178719,1.0273643065893994
32,0.4796052192183161,1.0857467985216767
33,0.5746536427845254,0.990497836324079
34,0.51082985036375,0.98035903920569
35,0.6394757811045605,1.074998493470853
36,0.3661167912927016,1.0359040445872478
37,0.5031669463992273,1.0265390337533402
38,0.1692016397382318,1.03327473524724
39,0.31089312159536364,1.1168381841453203
40,0.43826807950989954,1.056345847339385
41,0.336266185810178,1.1431501998106366
42,0.5794432996834938,1.1151352908925032
43,0.378308453597253,1.1917875486538492
44,0.18208366999017309,1.1406360922957042
45,0.4205035373883657,1.1523502322469117
46,0.3996695917689193,1.155238631371829
47,0.6527948056987406,1.1263143430038391
48,0.6504253168432931,1.0800590266257526
49,0.5596688703053692,1.0264937661223277
50,0.3394168087042483,1.0223459479070225
51,0.3297436207101577,0.9160144843525524
52,0.6204532715041275,1.0595576101711917
53,0.5359440847653121,1.1783742745342125
54,0.37038399246420184,1.143775085098511
55,0.5264625278854297,1.1609412609895733
56,0.13598212721331884,1.056049786856254
57,0.16153196342157516,1.0028555570044857
58,0.33189905573938805,1.09096146587664
59,0.3705124159959355,1.0134406716704418
60,0.25290367345303166,0.9490988030753587
61,0.7692715461333145,0.9120959506910424
62,0.6562233899487706,1.0702974533530996
63,0.5112803873399109,1.1626813012152553
64,0.5878026945632605,1.113367217324831
65,0.15348477575082362,1.0387569315770087
66,0.38059791252707686,0.9191663963101468
67,0.5449516546457709,0.9247475103915004
68,0.6764791896853296,1.1124986141671553
69,0.6280409746763302,0.92581137217445
70,0.04147583118999533,0.9691647338411393
71,0.26744172653868037,0.870065356374477
72,0.10803032586872828,0.9552933023560229
73,0.444015456335518,1.073677226967683
74,0.41106531650391875,1.020302422579499
75,0.46671605148310547,1.0967385243764365
76,0.23174554882850656,1.0284776121529509
77,0.4778495391353352,0.9569535313768501
78,0.40932977125415976,1.002399957765333
79,0.5809090745377385,1.004565042706099
80,0.5883056919568475,1.1299324831640334
81,0.479691732383501,1.124232713829081
82,0.552493072007397,1.0791763832816514
83,0.518625981229687,1.0432444901016935
84,-0.08037619004777803,0.9889422616682305
85,0.21327645223057426,0.9849678775419
86,0.19382926663676572,0.9687050886512217
87,0.5232515206678426,0.9599647761974252
88,0.3221841706311329,1.0241697877757745
89,0.24967763534640844,0.8946710843388651
90,0.41287822836500565,0.9697487861405056
91,0.5008106478033294,1.0916635700757777
92,0.44650027240009416,1.056947866735578
93,0.37675326378076257,1.075095965235829
94,0.235737942475953,1.022873774493219
95,0.48317933294385745,1.0147099033304603
96,0.03136867510515673,0.8906838549392966
97,0.4597448739386924,1.027203620294422
98,0.5160800426225058,1.111798225369905
99,0.26629229648590597,1.0204253433349764
100,0.42495783608497933,0.9671394559566945
101,0.353183545543179,1.0938445886862798
102,0.4025437557526517,1.0855292750264316
103,0.746573991682072,1.1080385531902814
104,0.7060954944162987,0.9942321723266472
105,0.34835288004756015,1.0035921892380935
106,0.47252637199128295,1.070060212162733
107,0.668865495237117,0.9681352541974085
108,0.7388838149073734,1.1617714700632036
109,0.5042761214481494,1.0656410252692474
110,0.6531149093598773,1.1451272003586777
111,0.3089911393199473,1.1548172950025564
112,0.21371497558376495,1.0245719953593329
113,0.17210956075020314,1.1196880432174305
114,0.5031539182846316,1.0528026746732937
115,0.10899591901936607,1.0130152347653347
116,0.4185892533736304,1.1124095077771323
117,0.17559395038884915,1.0662583800691183
118,0.42719672135760295,1.0779089205086647
119,0.3994549069650922,1.133724949918607
120,0.30909388200385884,1.075219147264467
121,0.5638597450264391,1.0751531371518521
122,0.00480305482217802,0.987311999321366
123,0.5094343275137815,1.1035002316293825
124,0.5198210475748175,1.110148333227183
125,0.5434791861669522,1.0583102104278115
126,0.5924898927592008,1.056765688299265
127,0.5048830816313677,1.1036349337645002
128,0.48270920048973537,1.1489884666388719
129,0.40891628901553506,1.1899316007490088
130,0.21128025198557518,1.1372543241751525
131,0.4429182441309844,1.154916249937548
132,0.30471438030521386,1.0703738152617814
133,0.5091135140860847,1.081124983505449
134,0.8700694425258828,1.0357154460120208
135,0.5918798045302605,0.9520432291676224
136,0.1350349151764165,0.9180582569921276
137,0.32971943376103,0.8250009746907646
138,0.36111068744130986,1.0033469196894615
139,0.23966968491707905,1.052300163110814
140,0.4500019423642004,0.9576017504564579
141,0.4064049525917683,1.06411419689108
142,0.39705796287889356,1.1549822899157445
143,0.37977739846302067,1.2694452019998286
144,0.620793288487519,1.1396674575344843
145,0.6927669820166509,1.1105115051569265
146,0.31316986494962795,1.0705166474321337
147,0.525873401767881,1.0890870534519852
148,0.4725813661456003,1.1546966194628543
149,0.6430949878295279,0.9932937882215525
150,0.17907329512808942,1.0033115177472356
151,0.5619532868520716,1.158370839815019
152,0.4229599126894223,0.9559880071527301
153,0.6123533048644676,1.0410532550461098
154,0.5377450268079771,1.0176193133734954
155,0.5466110698700999,1.1048791486708904
156,0.6696816127755838,1.2243685747768203
157,0.6251480462884706,1.141418888379475
158,0.13507223209049618,1.0554139327089311
159,0.5291540922304151,1.1061215230759667
160,0.1387513932943584,1.0784593630858674
161,0.36850758246343107,1.099977033817647
162,0.39626759917756127,0.9979406523876608
163,0.08592478030248393,1.0044091679893847
164,0.4722086434953812,1.1512091103911355
165,0.8065811821186109,1.2062586884987954
166,0.479300468055344,1.1000278510806278
167,0.6086021201905131,1.1174504229653697
168,0.7021960719693618,1.1733412771579474
169,0.701215917051251,1.2157106290440747
170,0.20272754201025156,1.0921029739301449
171,0.46557234054584623,1.1432161034819202
172,0.17651239791721374,1.017129044903927
173,0.3924290834685338,0.9614773683535872
174,0.46610802725359735,1.08966081478403
175,0.543938139174843,1.1825185937041307
176,0.5553613026755201,1.1320870783548547
177,0.48887823199545716,1.122935206029896
178,0.5994890958521444,1.1682322521213317
179,0.49081703723637227,1.2086416895564003
180,0.11871986287009068,1.082153737013348
181,0.48837482711380337,1.0862481390580776
182,0.38682385174700523,1.0399110965162635
183,0.33899212697724074,1.0385375679052689
184,0.2125078455887221,1.2003836084120556
185,0.18895560336996656,1.2075862029558968
186,0.6213800037774995,1.1427712540617228
187,0.49774428153724304,1.0612313581550075
188,0.5036731284346239,1.0830397195141532
189,0.4186077776329166,1.0780701685232559
190,0.5484407707316344,1.1350599526291953
191,0.28622491214497303,0.9917088885857985
192,0.08762076428777375,1.0163139916123038
193,0.1291985697301883,1.0179517163788578
194,0.5541934790398408,1.0344988953210608
195,0.8202612366536344,1.0145422659718053
196,0.2482686018288253,1.0082858603678322
197,0.7295651310266892,1.0622707478932436
198,0.3230373112832746,1.0254308283904618
199,0.08581263295666447,0.9515233214578402
200,0.3167217908985382,0.9100731972230709
201,0.24483612470515842,0.9826217947300195
202,0.3028751481387286,1.0194174760563837
203,0.31431495940956794,0.9264722516149292
204,0.23244288734531734,0.9666795391938797
205,0.37255565943825325,1.0620760099648132
206,0.22548211258978118,0.9702552363200605
207,0.5371431359958325,0.9767179398596655
208,0.7052364881615445,0.9536558023062941
209,0.03631986042912331,0.8721066470150762
210,0.25936116595295444,0.9005848310661877
211,0.36031200675382385,1.1048861977216953
212,0.3306774782122431,0.961518714855839
213,0.4307320298972844,0.8997748013850342
214,0.1529218381820368,0.881898385394001
215,0.5767099015588752,0.8534761069959226
216,0.7893218887536185,0.9404066401543199
217,0.2439323546101301,0.8556664191083359
218,0.5098482737891984,1.0412353388154134
219,0.28591720374980245,0.9417682578873866
220,0.6025371692692745,0.9932023186183158
221,0.7225544138419473,0.9815973506643816
222,0.0628521179627515,0.9645269551384651
223,0.7588247573596723,0.8636746700440278
224,0.3552840125743232,0.9006793982720953
225,0.33224622209177335,1.080296449398219
226,0.48464509860274935,0.9869890639466737
227,0.19762368133392244,1.0615089187997928
228,0.20332996398458045,1.0228892487535
229,0.45539983459954386,1.2123802253211011
230,0.15451344693464406,1.1498407971303772
231,0.5425267723122961,1.2671952499956323
232,0.49309670358899,1.225994327508834
233,-0.07362584519871111,1.1502707533010803
234,0.519612743391195,1.2083338736583842
235,0.4866798777560767,1.2189124204745934
236,0.32427373279777827,1.1998522527842808
237,0.3872582621668774,1.14239419323667
238,0.4638183482657516,1.0294643292201848
239,0.693656429663645,1.0587851690497956
240,0.27860907216629005,1.0058129387821961
241,0.26197987550335217,1.1623712838604048
242,0.46090553048249827,1.0499492101598418
243,0.6092200768292413,1.1113200520567585
244,0.5924093114354609,1.2190739136472564
245,0.30020888542241597,1.1478516857033585
246,0.32838674828988573,1.1253101250558677
247,0.09715675697422474,1.0357343426628807
248,0.36607713401741265,1.0008470975802681
249,0.5764488644832753,1.0445720737258062
250,0.45558896462762605,1.0631366535703546
251,0.3713090241415557,0.9396080351263706
252,0.37054365419157353,0.986493895495466
253,0.49525926555651645,0.9823576333631989
254,0.37209271676432226,0.8764701806775859
255,0.31459779727111564,0.8812822769734394
256,0.5683598320475962,0.9536499663533698
257,0.31436418517364967,0.9440300392980139
258,0.4026852669028127,1.0057338391480113
259,0.5946616482135288,1.1261447634325679
260,0.3799190141010202,0.922733097108082
261,0.5497330979383865,0.9202805161123816
262,0.423004983130949,1.1213883338648405
263,0.49881123947427075,1.1994676254631547
264,0.30449598112048715,1.2260651958645576
265,0.403199304509851,1.1442905303172937
266,0.20211910834837743,1.167885754565711
267,0.5864289049017882,1.1786215281091248
268,0.1912189186659034,1.1110752751620367
269,0.3383297650753925,1.0084634377894521
270,0.20290678913998428,0.9415329336646783
271,0.5107854960972675,0.9858907382287649
272,0.44294335663012224,1.1286339245428068
273,0.43623812472024565,1.2148601809462147
274,0.6242183922505087,1.1020067161230815
275,0.39710736962205284,1.0848336644212146
276,0.43096211441586463,1.0156977479872322
277,0.539719508091337,1.0945040859257629
278,0.26839524817619564,0.9398960592131703
279,0.216208562918686,0.9513066038034288
280,0.38484001009345625,0.9330195743391606
281,0.8077725823561415,1.0882812965011672
282,0.5836984425682061,1.0324250499067718
283,0.22756285522230893,1.0502070785678261
284,0.4582532604450677,1.118881567102484
285,0.3592557606753929,1.0230206073289072
286,0.5623219622662449,1.0742084963596956
287,0.5076661328682835,0.943073720354762
288,0.19185102003109428,0.9555969767679392
289,0.2423138645005325,1.0292942154596638
290,0.4475939830534448,1.0299674923273499
291,0.5277286787230036,0.9938650648704047
292,0.6118943021006156,1.0757547641502183
293,0.17642242462134852,1.0885298490892639
294,0.24131905131604017,0.9926000761271593
295,0.506953277539342,1.0301990017182259
296,0.2588239215915777,0.9695028130542904
297,0.4459071573068576,0.9386921132867667
298,0.4942046166774023,1.001531922754565
299,0.40327820495286637,0.9543725647847264
300,0.1923555487349907,0.8967510842227518
301,0.487539537138978,0.902805015376674
302,0.5208936949149403,0.9899591827457969
303,0.5114479755280891,1.1400691953139315
304,0.26845861678869404,1.0411259205234664
305,0.5279160646705603,1.1006948708522715
306,0.10621593926457686,0.9926737328003604
307,0.686604305662351,1.0302698351724444
308,0.22245167264716714,0.9830953596458221
309,0.25928908928599087,0.9344778668798088
310,0.4826143226271087,0.964800072535491
311,0.08559781277022224,0.8359691809946993
312,-0.03188019356755173,0.7535481961799437
313,0.5605936143596186,0.7957002917200652
314,0.3759226174560749,0.9032000672296623
315,0.21141407057996725,0.8515297017843121
316,0.09460420104076983,0.7109557765021337
317,0.04357676179911515,0.7977009480605686
318,0.4901938824454528,0.9447376430301039
319,0.13705928707773748,0.7804172487401654
320,0.4495919901739709,0.8653438206401377
321,0.40510081481299326,0.8397748250651285
322,0.5996374396522138,0.9890729476410925
323,0.5079177693809397,0.8807127807289183
324,0.6478701372297595,0.914924248805817
325,0.6446784713287402,0.9545339611937005
326,0.3625168248623356,0.8858273371436063
327,0.4378091369919526,0.8478591661187479
328,0.5251007792095757,0.9542306288694034
329,0.4493626809983071,1.0458525545847075
330,0.6206522976896799,1.11373309289581
331,0.2401189636513216,1.1321688549747313
332,0.5671223659403933,1.1745132211021208
333,0.08255887394662426,1.084644305169551
334,0.2558678997904089,1.0616757745677172
335,0.31958730418425846,0.8984992497188828
336,0.31500937606614526,1.0263578457734148
337,0.3433122233391654,1.1198123212147493
338,0.61701898682897,1.1587664037167578
339,0.6050661972714806,1.2276864179197113
340,0.22404534587714586,1.1376640774663167
341,0.740541660662133,1.0657903387523038
342,0.5214626361638439,1.102071330018611
343,0.32316021580643145,1.0276900887988931
344,0.35251056183753726,0.9727925327004028
345,0.4629875837620061,0.9895286961033055
346,0.46720746606248614,1.0289151991485974
347,0.3535774775216943,0.9447646785177867
348,0.1773892334746176,0.9605747723037561
349,0.46176630992083173,0.9361919182600242
350,0.6143977242462109,1.009170185082783
351,0.3865445933827373,1.0672105286673947
352,0.2960315035034092,0.8941147646010547
353,0.326088845444168,0.9495221479944709
354,0.24163410629981,0.9037449773900401
355,0.1659976304219968,0.9578661060084108
356,0.494777567784991,0.9748137618931964
357,0.5495308062763411,0.9692595932285961
358,0.5578103648792827,1.0123712386127608
359,0.4116295495412797,1.0171813623669694
360,0.5038420167184698,0.9341936649058176
361,0.34990732162473825,0.9329024430113565
362,0.44021790327281085,0.9551084714580157
363,0.02775132970174316,0.8898560176972659
364,0.4533359180151501,0.9657768110442425
365,0.5182068302857143,0.9725472227766903
366,0.41913870867971076,0.8361145181783981
367,0.3185374468633483,0.934287715778199
368,0.45165162543592063,1.0212628715735714
369,0.43885446402948397,1.0669682827636389
370,0.48127740301366745,1.0283927517185125
371,0.3785777221248816,1.0588213249591194
372,0.37392144708672537,1.097910514511268
373,0.5503863123264878,1.0538996884949194
374,0.5872344883690909,0.9742478661926389
375,0.26419237194708434,1.078909792790384
376,0.5892760555339293,1.0440904640756512
377,0.5046947214849168,1.0854293525643077
378,0.5246198582020446,1.1161550764019197
379,0.6381159516587211,1.0582508858300825
380,0.4709954531051845,1.0348667448169866
381,0.5595301697901921,1.054142616914221
382,0.07714479246148728,1.0155266405151278
383,0.47443673163228967,1.070809502323758
384,0.26140646724287986,1.0515401282327452
385,0.47214409872004975,1.1318342084216029
386,0.526748986705084,1.2042545734152235
387,0.4208251287079233,1.12873239142508
388,0.4602558458269662,1.0695134136580668
389,0.45546455304444877,1.202558097284976
390,0.2306828683395223,1.0598380595559607
391,0.721733732144553,1.0709028119492778
392,0.34839432623690475,1.0780059452342148
393,0.7104010481717441,1.1361530058050093
394,0.601305807017205,1.0961610157324917
395,0.34604582023431935,1.099191134810816
396,0.9698158876483741,1.101158243324627
397,0.36336360744508167,1.1991546476638661
398,0.7150509181716294,1.0580818484899484
399,0.5879980101821425,1.1567502563954455
400,0.6787646069309479,1.297535285181457
401,0.59437555641851,1.2650167304612818
402,0.44027894897331116,1.2301958226155185
403,0.11226673460173484,1.1229129163102287
404,0.5763863048306165,1.1484534932112838
405,0.3278618224180842,1.1391178861572713
406,0.07736292055113476,1.049431116563353
407,0.5193252508456477,0.9675380920131971
408,0.42792006444651276,1.0361652610247973
409,0.13123582752582308,1.1416232357938476
410,0.45807045765106974,1.0189670849482801
411,0.21362512149295107,1.020993749086363
412,0.45339174563136286,1.0421436187758268
413,0.5979436305675808,1.0576389856896977
414,0.5089708173693137,0.9713691287156196
415,0.24773864440592078,1.0454124750281673
416,0.22378286418276638,1.0979494490091126
417,0.401639494512825,1.1402536251468487
418,0.40105089528132193,1.1220104941044986
419,0.22842872049689586,1.013319919340054
420,0.25936899295403515,0.9780040736776257
421,0.10694232245272993,0.8126631678098226
422,0.536806583574161,0.9462466801721756
423,0.3912659956302996,1.0992439252728943
424,0.14928174236845168,1.0674432019244353
425,0.4513543259059614,1.015239407910203
426,0.27351671667549976,0.9871776335945303
427,0.2817418120105573,0.9105607188535989
428,0.38012760343808705,1.0149761572480507
429,0.5557558206515177,1.0985603384132592
430,0.16540823957990802,1.0784796153039455
431,0.5916523373008454,1.1251778980154739
432,0.10747053977786078,0.9244351107688471
433,0.40665361631433256,0.9749475840901167
434,0.27396439378088805,0.9212256248294951
435,0.4798454844074981,0.9185727906340343
436,0.2686234224335143,0.8099177900299707
437,0.35178308173756995,0.8390762078467026
438,0.2717108786309911,0.786660191659524
439,0.3502667604982643,0.8424076337520466
440,0.36967562359794814,0.9017087808979851
441,0.4803084019681541,0.8775228729627669
442,0.3216935055857382,1.0131131284580916
443,0.46182369821636005,0.9182421085677879
444,0.39451575525618937,0.9765112447883748
445,0.45060376072586383,1.0643422973341676
446,0.3033833635774918,1.0974586211392237
447,0.2879106136760356,1.126165541837853
448,0.2653811324676514,1.114796218534937
449,0.6538734134399965,1.186149451711436
450,0.39140670389842136,1.185765516494922
451,0.3390337373381121,1.1222078146273875
452,0.8240181673941824,1.063052955986525
453,0.4346392215440141,1.071662695513502
454,0.49745105125234595,1.1225862392547503
455,0.753960565624116,1.2326740412748356
456,0.07820066280265679,1.1262777930404235
457,0.4879415343775711,1.1035746773473165
458,0.17101218251868583,1.079557061197174
459,0.38630605483069663,1.137687991073033
460,0.33687138309972564,1.1411313331111774
461,0.5845212273122212,1.1526023310711264
462,0.3541652877170058,1.170370143749249
463,0.40785789034566117,1.1692910481401821
464,0.35471886223662386,1.145199096582635
465,0.38076273624684615,1.0401821533691424
466,0.5476358720242719,1.0824249729614643
467,0.5417460893220457,1.0657900909860853
468,0.13101646617223328,1.1573178419296744
469,0.3725812956241468,1.199656061545126
470,0.2778164897676254,1.1604053670183279
471,0.44767253122432993,1.1524008475928387
472,0.3242181785475551,1.094834318111092
473,0.2525663670776961,1.1187023781881942
474,0.5430338410235604,1.2275035270919505
475,0.3781829070789666,1.265969681614858
476,0.40382989973743444,1.178059218166498
477,0.3756314356083047,1.1098781495988534
478,0.39033704225268406,1.1418440923771302
479,0.24912042691479247,1.0688076955285353
480,0.19185145617826244,1.0437779788943757
481,0.44223099901180357,1.0138902602570614
482,0.34848192842627057,1.0183108450259841
483,0.5246602057652816,1.0961907403753077
484,0.47901954099749033,1.0329018044718041
485,0.39798810835516574,0.9955430195521501
486,0.36381873607854875,1.0547009968635148
487,0.4021512995647075,1.0005420777565828
488,0.48490265341504796,0.9883302226066683
489,0.36953168869769204,1.043028882117269
490,0.45050382181525944,0.9564737467594923
491,0.5705975917115749,1.0575054501039851
492,0.5364416594747304,1.1259430060217983
493,0.506309289703489,1.1373260468846678
494,0.638301702947101,1.177255419225963
495,0.7056518328237746,1.1397817662662162
496,0.2903018992201372,1.1623782674148697
497,0.26996587924829196,1.0970602765260502
498,0.590148779676857,1.1014770829904996
499,0.14158621679170755,1.0779534134274587
500,0.307762448060029,1.0174860033619852
501,0.4625784110174101,0.95236296661342
502,-0.008293348384685796,0.9514256259963133
503,0.2877025005226779,1.1212845014924253
504,0.5532448489794118,1.013438325559793
505,0.35972725901996355,0.952115338270473
506,0.4087784036268346,1.0237760757247314
507,0.10213178562404146,0.9686336404097728
508,0.2950194465856873,1.0569452445628982
509,0.6084906540096628,1.034227930118219
510,0.7394967592323921,0.9994927299549171
511,0.03679904853077614,0.9639394484014883
512,0.14905344085890032,0.8810005552200535
513,0.518322461621563,1.0057201603070272
514,0.2521515973845299,1.1251346389046628
515,0.39608393714332646,1.090204791314137
516,0.4042712874766563,1.0278844465534953
517,0.4195865651232681,0.9992878037250118
518,-0.0075863956124015116,0.8963274181748788
519,0.3336391231588499,0.9146506487821138
520,0.6784046512003056,0.9676184838045299
521,0.39892129148615274,0.9122175709059939
522,0.39898013666434734,0.9037997988376824
523,0.18367641661459844,0.8296509258119751
524,0.21543639460443134,0.7816506757209907
525,0.20011294268988325,0.7564122862848104
526,0.3790698688874277,0.8903526887011517
527,0.41663735675977787,1.09451359986132
528,0.3661837895315149,1.087001667474378
529,0.4366864698985165,1.0767507224833717
530,0.3263625818531987,1.0384707715673311
531,0.4540214826857204,0.9999352907501932
532,0.37209973363377574,0.9483790142583856
533,0.48006300862582096,1.0197285784526038
534,0.35229394667608915,1.0794922856437605
535,0.730686784812017,1.1090013458634795
536,0.71579947862281,1.1380068983022045
537,0.5907057531069753,1.1809178060755448
538,0.6901630211120565,1.172739183832014
539,0.24982407825180225,1.1523500322542461
540,0.2606927959462132,1.0911368684676221
541,0.4741847781720566,1.1953831764905365
542,0.5478184529188808,1.1641290577098629
543,0.28945276612531795,1.1184526972483573
544,0.3274012745976071,1.1677309715116282
545,0.5547014715096978,1.041766253881699
546,0.408986344118373,1.0652177413206487
547,0.27177886448293886,1.167813903434285
548,0.46119413110302915,1.0932654924692884
549,0.2243032499454556,1.1998899912962218
550,0.18794943234086428,1.0579756805336524
551,0.535934719773018,1.0979907372353936
552,0.22132319645585788,0.9482198522465666
553,0.29648426012536,0.871043621551064
554,0.07655532072140943,0.8033614956828835
555,0.4075794866869968,0.8141472463075723
556,0.481300346816497,1.0036797640027852
557,0.506720603285398,0.8071234931677691
558,0.4303585390197922,0.8858245442919843
559,0.46582161332977684,1.0381947983562034
560,0.46016940978314474,1.0538748435555427
561,0.4139844495856532,1.115731664496134
562,0.3014606684644485,1.0549358691045039
563,0.3033476736667537,1.0598915072969513
564,0.5525327664585074,1.122872252893713
565,0.41804472077781485,1.089115378937446
566,0.48890237904456935,1.0443973833218332
567,0.44231819539465267,1.092902158972054
568,0.39527885003143304,0.9797015075503143
569,0.3479066407256292,0.9762648792705545
570,0.4647758733748519,0.8887253015941218
571,0.4164866598077742,0.8627265302857319
572,-0.23797855399431772,0.864241959236248
573,0.3299108777548325,0.9067681030357315
574,0.49123084688710866,1.008285469107944
575,0.3590773395763188,1.1382761520344398
576,0.46980868716581825,1.1242631538452386
577,0.3970519329969279,1.117682852211603
578,0.31913780386897994,1.0069682582057433
579,0.509437743951683,1.1127942236551678
580,0.6700411450650797,1.2147280671639973
581,0.6130331960891512,1.1200675461084517
582,0.11910873129792522,1.0898466583398454
583,0.4955451140072768,1.0058872138218915
584,0.12066039620802127,0.9588192533947416
585,0.5004480484246517,1.0874463628456648
586,0.3071627816964693,0.9670222594293003
587,-0.0012711982671305998,0.8741521474665991
588,0.6293848798863162,1.0226790391070613
589,0.3164403197804307,1.060282027300689
590,0.4803923441986138,1.1196579665782018
591,0.4569690492623719,1.0312086065577961
592,-0.05467406196349303,1.011527387961072
593,0.6350731723307602,1.0650862003914683
594,0.2260574923416419,0.977981611756441
595,0.25623439938317555,0.9393731958475171
596,0.47540902407386737,1.0026926306880237
597,0.5836909527114358,1.0420601913060636
598,0.5782346417762849,1.0608140292256325
599,0.5703141784083808,1.0399368221656669
600,0.11648791717550465,1.0891813046347072
601,0.1872750818599892,1.199008095679769
602,0.43710192079021687,1.2827012562862663
603,0.37939988496561267,1.1606371435457823
604,0.5361488638741232,1.1154419051501003
605,0.5738026044490996,1.1212559133916677
606,0.2748732752900913,1.0948555739838846
607,0.5390160100523548,1.1529493478767325
608,0.08463065529573191,1.1207358538604206
609,0.3415723743078646,1.134475571054183
610,0.6456245062051336,1.133257166418454
611,0.4439198385570452,1.1070554937634112
612,0.3936530219266899,1.1694512758242674
613,0.6152382108337494,1.047804527047938
614,0.28597260495302235,1.1258469991614601
615,0.2821635893650398,1.0276827174423302
616,0.2544614932895773,1.0866696927565727
617,0.526049988420845,1.0739080228833338
618,0.31039424392777043,0.9606596253170753
619,0.35095626131238283,1.031548742252825
620,0.3913787447864702,1.1567324021629342
621,0.12597415535086026,1.0799907659863879
622,0.611011485423841,1.1595316967658136
623,0.21920509306859795,1.142348956504578
624,0.5700933842486654,0.9791377396256731
625,0.22936984730063598,0.9833865519628922
626,0.5122740819283487,1.0533440143440629
627,0.2899123402251601,1.1246521459959182
628,0.39559746976931953,1.089326227344827
629,0.3028795828469658,1.0968046390054418
630,0.5107871392663472,1.1623534121686891
631,0.4223043124197114,1.1692736176948797
632,0.1643694712107868,1.069429833524612
633,0.38694035586482906,0.9973049251771892
634,0.4253530463488047,0.905380464624307
635,0.3280005005225246,0.9635213250813732
636,0.31673143486218563,0.9378591819768917
637,0.39030825580901346,1.1324739065749354
638,0.36354857242224353,1.2015461263738239
639,0.4676609401636825,1.1192431798199711
640,0.5382983055414238,1.0510665313323113
641,0.4572426534378505,1.081728462974241
642,0.11166530771351971,0.9582731412052797
643,0.530935553593846,1.0012250139626164
644,0.4449798723966034,1.0584695843284653
645,0.2866777379939075,1.05413525479571
646,0.6671427732589368,1.0078855463098442
647,0.46813916396112765,1.1488356876385246
648,0.42670977002457744,1.1499856570014464
649,0.4212936436065186,1.1989969496800503
650,0.6588192716943707,0.9809336484815258
651,0.29741457427891965,1.07669746411265
652,0.2867862211072436,1.0510658423700912
653,0.4620408604546411,1.0461443692778891
654,0.5131656750262741,0.9562193595708763
655,0.3559006666638095,0.9393019806277871
656,0.47136973130832144,1.0331789807722151
657,0.560224641959908,0.8792678146803999
658,0.19882609802526774,1.018540253207779
659,0.40801330447125606,0.9927504505516438
660,0.10350032363113028,0.9471988276071872
661,0.3152930269828603,1.008446816831762
662,0.6546814535222625,1.010826108285006
663,0.5430929253419573,0.9167185195680175
664,0.5747241866723836,1.0294138622376061
665,0.40752343836050264,1.0903180759397155
666,0.4211852298125545,1.0170001337307684
667,0.7012453570896194,1.0492969428381662
668,0.7234357617429525,1.0814957634088402
669,0.21245650171823383,1.068296312069851
670,0.7273837054173573,1.0598085600686074
671,0.8621596653664536,1.085734804704018
672,0.47804821093823596,1.0675796263758432
673,0.5833312967863085,1.0890842576414097
674,0.47840210768156766,1.0966875522432913
675,0.5161815284504743,1.0706484712768707
676,0.5756900273339068,1.0906409341575747
677,0.675415152380884,1.0946379652497469
678,0.5693932180856728,1.116678448899555
679,0.3807988585282488,1.1535055286035862
680,0.6481171124847543,1.1033948709879837
681,0.4896884005294513,1.0782540411356365
682,0.612240127039225,1.0212460560494245
683,0.6808126742578323,1.0068700092890266
684,0.32188958346579977,1.0782216892981624
685,0.6859261690179881,1.0181238823376617
686,0.5380239391547835,1.0459393954347114
687,0.3022781705997791,1.0857956245169254
688,0.2256441821252558,1.0877949290083855
689,0.20714942055207047,1.2557214495164806
690,0.5805748629899598,1.213327953033376
691,0.3944412143416513,1.1356144445376928
692,0.3741407057813715,1.0771922217215593
693,0.4687672992473272,1.2094178393354627
694,0.6200343026198941,0.9188316193625725
695,0.47369324404676927,1.0658354377825443
696,0.7030107382470864,0.9193760619655449
697,0.34394275719787526,0.870881996071903
698,0.42811728872493965,1.013813101209476
699,0.4434981226914903,1.0350468614914985
700,0.7614791191774279,1.1225922665519263
701,0.691316533102291,0.9978290281605003
702,0.24114604561895686,1.0633313825593949
703,0.0871046774872211,1.1356512481676069
704,0.8338240201078512,1.1292986320629539
705,0.23232384503685813,1.0232086166729935
706,0.47166778459732167,1.0549432952187003
707,0.23845374818766343,0.9745607276413009
708,0.5026695936198117,1.0836021931564759
709,0.4240022939437172,1.0711060391346396
710,0.540212424871257,1.0822631651938919
711,0.5088342796240879,1.1426805891930798
712,0.5777849692977586,1.1462542982163622
713,0.05230894137955421,1.0909230610998855
714,0.09409807663401605,1.2119284866794762
715,0.5822273224241954,1.1251772010918104
716,0.6392389120387895,1.2384758131290958
717,0.7798141365231553,1.273338240544898
718,0.6424014814748177,1.137880280438393
719,0.415062927636891,1.0839825943090662
720,0.6074323718675801,1.0141860052554912
721,0.33117811393181806,1.0799390052353635
722,0.8948967289666606,1.1344063442170553
723,0.33033245372344183,1.1326932679479969
724,0.5142883204986765,1.1189571924891064
725,0.7697556859966844,1.0732592867677921
726,0.48824334723903245,1.1372141155915527
727,0.47324520660777614,1.0758887430327246
728,0.16331013392063862,1.0104607982581115
729,0.22644335789679704,1.0918442500453744
730,0.07003311192558208,0.9602716127788559
731,0.25406065011182244,1.041476520746307
732,0.5247405951235277,1.0993313587497975
733,-0.050726222481689114,0.951986258688121
734,0.23631647699641523,1.036104477433916
735,0.4083977960067134,1.1009349672034134
736,0.4188622109505576,1.1006866966271172
737,0.3081145285284203,0.973469940195142
738,0.451380773183269,0.9833033729518512
739,0.11752527820520765,0.9451153024113879
740,0.33254333334483455,1.045025813539712
741,0.034515685138605576,0.9005924887530314
742,0.3298364259522504,1.0035015743897848
743,0.17800354783849107,0.9051236885276481
744,0.17575501964486293,0.8234970269691502
745,0.5731277125652526,1.0096750211899788
746,0.4512517309970442,1.0277104193686901
747,0.7738661993027902,1.0423960704546096
748,0.3422804907366271,1.0601308381039298
749,0.5080044971395513,0.9335451146153866
750,0.14105115972155724,0.9279970212844004
751,0.42121268003025847,0.8661840894300821
752,0.3244288806411571,0.9195580358447186
753,0.3491501980577164,0.9242880004266957
754,0.5072308741277691,0.8729553246975376
755,0.5675543380693236,0.9908495424732717
756,0.3829054983807664,1.0441452714740485
757,0.23176227306435038,1.0904876156792487
758,0.2820393725264802,1.0553792877391508
759,0.5581604913208887,1.1071753524701808
760,0.5073598204593504,1.2218554126506675
761,0.5210272594949658,1.0613184964767408
762,0.44957612062446056,1.1140441328902584
763,0.20873865487242135,1.0002765803616784
764,0.1639809691793139,1.0310181268661875
765,0.4665233750300704,1.0860259061838597
766,0.4506879769164106,1.13298776118666
767,0.3358775099130509,0.994272879268301
768,0.608076211968503,1.087383045515604
769,0.701057445889735,0.98157230228715
770,0.37984697532153416,1.0475199414328826
771,0.6082490740769095,1.0551339707948757
772,0.2656883281620186,1.1234513211772095
773,0.36940032490862107,1.1648055133901152
774,0.809586285211127,1.0022947931745694
775,0.2991277030593475,1.1387518117411568
776,0.425994011688361,1.1706199425513024
