t,lambda,delta_s
1,-1.2114794512987959,1.0903955212012904
2,0.2798438573792604,0.9949271194188138
3,0.5000522790427351,0.8446447586023756
4,0.11984394315431175,0.7155203668278599
5,-0.15075261704619408,0.688034162559171
6,-0.23213090802369646,0.48800011172007657
7,0.25754796397325,0.5060518309059505
8,0.07920750522094376,0.5332796055834716
9,-0.015559944561305716,0.32896890002098383
10,-0.011843765075137201,0.3331155997674619
11,0.1698464604860363,0.35856865651764225
12,0.2134388634057242,0.397078200705994
13,-0.7898254710159628,0.2395674760888691
14,0.07459522443686493,0.20151550541144217
15,-0.6830516057913723,0.14187464631723942
16,-0.07794690984837918,0.09701204653513475
17,-0.5831294902517893,0.07106970360866191
18,0.08519883537673624,0.07791645613142226
19,-0.8850166383123174,0.034181075689012935
20,0.08626779036139993,0.03545387640791466
21,-0.8941268727234715,0.0160655035752589
22,0.09267708235652826,0.016177401905513707
23,0.04561825247783383,0.016558890941024446
24,-0.06740884348511023,0.015182672525397227
25,-0.7386734342061717,0.0075236808466486085
26,-0.055347628833003405,0.006842562097923988
27,-0.7502331461087676,0.0034177130639850527
28,-0.04496604808608251,0.003080140405232958
29,-0.11613713981273664,0.0027439237682328295
30,-0.16956788756072078,0.002309385139692132
31,-0.20902956211247326,0.001871305587740485
32,-0.23896023723291077,0.0014743603646954003
33,-0.5612548867436836,0.0008393486837088287
34,-0.5848142619002168,0.00046361885918377236
35,-0.615055903681485,0.0002488383619481431
36,-0.650651424842064,0.00013447708762445867
37,-0.6683196287131858,7.853227291404072e-5
38,-0.5885791384169137,5.1857661504889055e-5
39,-0.22038664099257954,3.525132802420893e-5
40,-0.1576149582883012,2.7095604640346655e-5
41,-0.6432550057671631,1.5825248332103198e-5
42,-0.5556676346391729,1.0452708346734972e-5
43,-0.2548384195805828,7.103884751515225e-6
44,-0.5382870671797636,4.692261812009973e-6
45,-0.31552025988949456,3.3721270638034843e-6
46,-0.48694248142105606,2.1063333050875515e-6
47,-0.3029054672730361,1.5137527436787982e-6
48,-0.15664860920786172,1.2183402991564993e-6
49,-0.634136883365081,6.795189073399621e-7
50,-0.15867389412367316,5.469129714653443e-7
51,-0.12775175509043052,4.64080687096249e-7
52,-0.663081394595983,2.4550867697401223e-7
53,-0.14091765672086812,2.083256907007327e-7
54,-0.15395954199690315,1.7156822186852982e-7
55,-0.6375503469344828,9.351735796587982e-8
56,-0.16311471397696034,7.701695056120053e-8
57,-0.17449597655283736,6.152092063684512e-8
58,-0.1985329977401314,4.798491467888392e-8
59,-0.22190128178943652,3.673800580519136e-8
60,-0.5645053457058519,2.1540425416800104e-8
61,-0.5257678522292186,1.2397149383318842e-8
62,-0.4251253754905318,6.9668202156748e-9
63,-0.3005661502128061,3.7974270970420796e-9
64,-0.48246212866138316,3.1274055691200858e-9
65,-0.3250813920833905,2.498164533761641e-9
66,-0.4650651261583053,1.4038923507134877e-9
67,-0.32362485179856826,1.1214260565654435e-9
68,-0.1918022618586378,8.746870146905072e-10
69,-0.16278037114657345,6.6967421058064e-10
70,-0.17504536883724514,5.051859704121571e-10
71,-0.19974642655667973,3.765480170991989e-10
72,-0.5955783041161219,2.2677798216592114e-10
73,-0.1950177589979382,1.6903240477366893e-10
74,-0.17814220357088195,1.2474688794385855e-10
75,-0.17135048715125106,9.130271989554772e-11
76,-0.18775169418175358,6.635670486081458e-11
77,-0.6185537921746772,4.098579096323274e-11
78,-0.6189382817418754,2.5137896340771953e-11
79,-0.48101923034838817,1.5290397884202175e-11
80,-0.24061082020098948,9.208720873270684e-12
81,-0.5633479496442371,6.863859610177929e-12
82,-0.30391224094564523,5.065567908273e-12
83,-0.4897038034228841,3.0811865789969704e-12
84,-0.1855632319488869,1.8556604857248733e-12
85,-0.0918812090569266,1.1042322317190378e-12
86,-0.12880280178092215,6.474394098592737e-13
87,-0.18333216784496079,3.726204628269498e-13
88,-0.22750922098619922,2.0940134620572944e-13
89,-0.5612274336897655,1.6726932576300022e-13
90,-0.24831196495106414,9.400026431174264e-14
91,-0.5357861432905321,7.508720033499788e-14
92,-0.27414823422546725,4.2196718649546287e-14
93,-0.27606151415492586,2.3000300552747297e-14
94,-0.2737957189047014,1.2167600061032726e-14
95,-0.5210053358339095,1.0324834918128338e-14
96,-0.28147402746610917,5.4620356673974476e-15
97,-0.2723187883550521,3.0463382625059015e-15
98,-0.5266846663589392,2.4519078110947212e-15
99,-0.273434548618438,1.367501246038893e-15
100,-0.5238102447330867,1.1006614164004231e-15
101,-0.47254555125727965,9.33967862855904e-16
102,-0.38730499616598746,7.69177739824282e-16
103,-0.4206588099560865,4.1925817363601514e-16
104,-0.3679272024401647,3.452838874071201e-16
105,-0.4361783058772813,1.8820499414520715e-16
106,-0.3382387390784152,9.956405104342158e-17
107,-0.45518904854287956,8.44852218717835e-17
108,-0.33834599387924724,6.957857394491259e-17
109,-0.2600936794246246,5.557920883602547e-17
110,-0.2396810521617386,4.335052848788902e-17
111,-0.2493008070819247,3.3189850023200676e-17
112,-0.26703371553580657,2.5037617224086903e-17
113,-0.2842664652161894,1.8662167304593356e-17
114,-0.5091023474902792,1.1239386371892613e-17
115,-0.2976311503622005,8.377446903031959e-18
116,-0.3112101432986549,6.1826040442736944e-18
117,-0.4812899556098998,3.7606359147710464e-18
118,-0.47478148510515106,2.2648623474575912e-18
119,-0.33110986756347077,1.688149462140723e-18
120,-0.46336300757935006,1.0166967077737127e-18
121,-0.34173812376480983,7.578102935549705e-19
122,-0.4485141919422101,4.563951521196198e-19
123,-0.3566925236279389,3.401810407768264e-19
124,-0.3515333124962097,2.510555665510517e-19
125,-0.44116005311185064,1.5270726920471737e-19
126,-0.3660265207959203,1.126988438247671e-19
127,-0.4293875985550242,6.855029314599764e-20
128,-0.4056256716164982,4.128476709051546e-20
129,-0.38075210602360937,2.456697809275252e-20
130,-0.36089599469283423,1.4404243366144154e-20
131,-0.34801365769544906,8.290066603975751e-21
132,-0.3412655447031336,4.65876482960245e-21
133,-0.4578111969590242,3.721410898524714e-21
134,-0.3446688039580889,2.0913195320085405e-21
135,-0.4543590673738984,1.6705413523477446e-21
136,-0.34749679406346845,9.387933379186337e-22
137,-0.3424379572220163,5.117110908167221e-22
138,-0.45527939002234785,4.2142432939167486e-22
139,-0.34848293429036786,2.2970710866762656e-22
140,-0.44627635379106967,1.8917738146392282e-22
141,-0.4301881527562368,1.5111446807979042e-22
142,-0.3740779911610239,8.492172653915497e-23
143,-0.3632860280362367,4.628855741321494e-23
144,-0.4347084636230522,3.812136304342668e-23
145,-0.4221251167666596,3.045125931126495e-23
146,-0.38141350157459036,1.7112679870194234e-23
147,-0.41994058548691154,1.366957030482684e-23
148,-0.41095427625329944,1.0661956320121198e-23
149,-0.3902586231142519,6.136270109836768e-24
150,-0.41008440964100684,4.786152192102407e-24
151,-0.40256299454193195,3.664353791868326e-24
152,-0.39608159406556676,2.7642995539388374e-24
153,-0.4030795944190322,1.6449284171696917e-24
154,-0.39828671635485635,1.2408940697631447e-24
155,-0.3915515391520167,9.249191937849065e-25
156,-0.4059237888602745,5.570373479166757e-25
157,-0.3929653226377845,3.314715157072495e-25
158,-0.3830661187786795,1.943501705079652e-25
159,-0.3744194835764766,1.1185425135151458e-25
160,-0.42456793971577594,8.724379154102559e-26
161,-0.4142893157443113,6.679522621070187e-26
162,-0.38648194017102366,3.9163738022766385e-26
163,-0.3779959148778968,2.253988553348785e-26
164,-0.37210763444422473,1.2666728869985014e-26
165,-0.36697963833758557,6.904294465393271e-27
166,-0.4333808065985294,5.6860945897362745e-27
167,-0.37062877300132796,3.0993377855150397e-27
168,-0.3686518646267544,1.6396091234419666e-27
169,-0.42521810093732393,1.3912927319177014e-27
170,-0.4114906037391627,1.1458118009522106e-27
171,-0.39253803857791875,6.245513073578562e-28
172,-0.4018102752262806,5.143549174474472e-28
173,-0.40122489656730415,2.8036108187294168e-28
174,-0.3885169184963156,1.483163886960926e-28
175,-0.3780550957069206,8.272042098488828e-29
176,-0.36831487624917075,5.166758468432571e-29
177,-0.3632228520761066,3.511252515807051e-29
178,-0.4333455728306313,2.319357876479382e-29
179,-0.42092585737734645,1.6669092124374236e-29
180,-0.4033727344950953,1.3416460570597102e-29
181,-0.39662499136860646,7.482755454631595e-30
182,-0.40404154422874006,6.02264915014104e-30
183,-0.3857486331867279,5.110527789630301e-30
184,-0.40790286149750526,2.7035672034983123e-30
185,-0.3857250384045557,1.5078591057969127e-30
186,-0.4135986329657465,1.2136313176503926e-30
187,-0.39077541231643426,6.768779525922343e-31
188,-0.3778925488472388,4.227813219531514e-31
189,-0.42184305355633994,3.03850512918654e-31
190,-0.3791930933609454,1.8978653542476959e-31
191,-0.36769950341184265,1.2897611801441288e-31
192,-0.35079395542309055,9.9125764011076e-32
193,-0.4512831454988834,5.789737937666995e-32
194,-0.35425259358195627,4.449755546457202e-32
195,-0.3337410037711402,3.6977164674157833e-32
196,-0.4708921776942772,1.9974952648046378e-32
197,-0.446755834472067,1.1666970974021807e-32
198,-0.355734121420128,8.966756243708019e-33
199,-0.32214251454958015,7.451313195858802e-33
200,-0.302258370456336,6.234805538394699e-33
201,-0.2978066186094142,5.068519794193892e-33
202,-0.501364169126013,2.7988042061853815e-33
203,-0.2901719285383312,2.275258535613639e-33
204,-0.27815730837818486,1.795051346624603e-33
205,-0.2797866095869081,1.3849413653049087e-33
206,-0.5337175554921635,8.057985494997844e-34
207,-0.2564098004951487,6.217001788853736e-34
208,-0.2602996661775925,4.716612871022859e-34
209,-0.5531845646569882,2.790812103016443e-34
210,-0.5687367841149175,1.6237744072594647e-34
211,-0.2200697501133455,1.2527955530440812e-34
212,-0.20350984208325001,9.504503667413902e-35
213,-0.21577101612673122,7.121553914509369e-35
214,-0.594752503024849,4.2665716963021005e-35
215,-0.19695016126737477,3.1968655522232567e-35
216,-0.2178728358008947,2.3733678575998697e-35
217,-0.23570232464148033,1.746987968664244e-35
218,-0.2482503257030202,1.275951260602287e-35
219,-0.5590085144294343,7.842228991333792e-36
220,-0.23776647619564442,5.727745208843667e-36
221,-0.5670046215979985,3.520376594209739e-36
222,-0.5865239194103746,2.1469101669038985e-36
223,-0.20587722168949488,1.5802970531407518e-36
224,-0.6030170816645721,9.637479739231601e-37
225,-0.18723044751539245,7.093953471548836e-37
226,-0.6169532628389917,4.3262646549410665e-37
227,-0.6078790591605232,2.6159052189746813e-37
228,-0.17287070714392916,1.942060203603045e-37
229,-0.6257228582595948,1.1742798527977347e-37
230,-0.16529020079715578,8.71790825397407e-38
231,-0.6389235938944502,5.271342259209032e-38
232,-0.15237420147364916,3.913469015208961e-38
233,-0.12566975220916576,2.8806252108867075e-38
234,-0.15665802500735135,2.1039282668694968e-38
235,-0.1944716662943987,1.5263592100961483e-38
236,-0.6047488648700873,9.44453398997717e-39
237,-0.6303351602075326,5.80478271802286e-39
238,-0.17022359269843798,4.2396513081007526e-39
239,-0.194924730650616,3.075784913211191e-39
240,-0.6029408226361106,1.9031794722064285e-39
241,-0.19883027514534826,1.3807198475405038e-39
242,-0.5957739294923872,8.543372650734656e-40
243,-0.2074454585814557,6.198051395609322e-40
244,-0.5881352118319455,3.835119982914788e-40
245,-0.5589101597318551,2.3571346370284695e-40
246,-0.46716398909755036,1.4375042503467603e-40
247,-0.3329762885235817,8.691966790532841e-41
248,-0.4541228822407038,6.452956579806609e-41
249,-0.3635762992566333,3.901823892270194e-41
250,-0.27158791861971027,2.3376094013411973e-41
251,-0.5061342087773766,1.75152874524009e-41
252,-0.37535181505564413,1.3003430884742912e-41
253,-0.2524294903298184,9.57156187746467e-42
254,-0.20874405792074976,6.990801689848984e-42
255,-0.590954308271547,4.296674126793891e-42
256,-0.5347104216895038,2.6203370917359162e-42
257,-0.41244829966464763,1.5844045661691716e-42
258,-0.2935449033848804,9.492276206371904e-43
259,-0.4979923148307408,7.11239209753341e-43
260,-0.31848231276522215,4.261082789040348e-43
261,-0.25369109752423513,2.521275700337466e-43
262,-0.5360737113073221,1.9128000640002124e-43
263,-0.44702517892812044,1.433226737568396e-43
264,-0.3361837432960139,1.0640341972567266e-43
265,-0.47195729830411953,6.433754824944532e-44
266,-0.3745099970142666,3.854506553847605e-44
267,-0.4106711374476449,2.8881125409176005e-44
268,-0.3992834706404311,1.7302879920221896e-44
269,-0.2992432555694183,1.0238085681160287e-44
270,-0.4896888992583114,7.767262796187611e-45
271,-0.3191564860978909,4.595876662272854e-45
272,-0.46924345450367455,3.4867242692086194e-45
273,-0.34044200311907685,2.0630890336942847e-45
274,-0.4393276545659117,1.565190524447749e-45
275,-0.30211416820854625,1.17276915201262e-45
276,-0.5045867636908274,7.026140264245949e-46
277,-0.2864672322282059,5.264560723384651e-46
278,-0.5213109362937461,3.154034364620006e-46
279,-0.3888207571359508,1.8662369625859057e-46
280,-0.3999926076254239,1.4158460262779206e-46
281,-0.2509192822089112,1.0608680014877169e-46
282,-0.5534722475435151,6.355732811961587e-47
283,-0.4100039857365227,3.7606766847741065e-47
284,-0.3706488600339352,2.853088459289557e-47
285,-0.4345978575533946,1.688167763795097e-47
286,-0.3536072618838103,1.2807514093750823e-47
287,-0.19028208843264946,9.596440310943918e-48
288,-0.6098298436502434,5.749293076684744e-48
289,-0.45055863132421425,3.4018472876534417e-48
290,-0.3370795679643694,2.5808576621237822e-48
291,-0.4611852412245526,1.52708924742763e-48
292,-0.32628964606231015,1.158547004527366e-48
293,-0.4773887367652502,6.855103631702634e-49
294,-0.3105971067170847,5.200717503323346e-49
295,-0.13887493553514701,3.896804229875929e-49
296,-0.6668915329177677,2.3346020872418502e-49
297,-0.5216068885877524,1.3813802274997924e-49
298,-0.26937890356546473,1.0480028769628664e-49
299,-0.5341455002027723,6.201015841246569e-50
300,-0.2518424676779622,4.7044849146863095e-50
301,-0.11210499954641816,3.5249860626389254e-50
302,-0.13162043713751362,2.6169660509296554e-50
303,-0.6577007715806729,1.5823662435186139e-50
304,-0.6667360423955242,9.480064475851854e-51
305,-0.1372362189995292,7.10324206715506e-51
306,-0.6607359239927348,4.2556009432098977e-51
307,-0.14296943919697883,3.1886453639459066e-51
308,-0.15977424626844727,2.3672651515829355e-51
309,-0.6305139117188885,1.4313829038753177e-51
310,-0.17541710251216924,1.0626653265455799e-51
311,-0.6144833317163387,6.425477855496302e-52
312,-0.5857987837953947,3.8495477647963785e-52
313,-0.21973625958155624,2.88439700933229e-52
314,-0.2041975104620736,2.14138975777245e-52
315,-0.5836943833909034,1.2948058174892648e-52
316,-0.22156719966416108,9.612698622640528e-53
317,-0.5647794055349037,5.812383314709311e-53
318,-0.4651305281624081,3.4822386288577065e-53
319,-0.33244293893921656,2.60917886997301e-53
320,-0.4604359792639909,1.5631769204942247e-53
321,-0.34551737838605817,1.1712603947308844e-53
322,-0.23377283969921514,8.695491656822373e-54
323,-0.5578050374708282,5.257787911946943e-54
324,-0.25247796307648884,3.9034062047475635e-54
325,-0.5392766998512193,2.3602209936729817e-54
326,-0.27696766458130345,1.7522390453111818e-54
327,-0.514110931865939,1.0595032040598019e-54
328,-0.40674874296610314,6.347556217152323e-55
329,-0.39349626234831814,4.756109883024451e-55
330,-0.2897374674081209,3.530958102299011e-55
331,-0.24298488217479494,2.599066681897344e-55
332,-0.2300569791104926,1.898285774510495e-55
333,-0.24504418368067357,1.3771695646400665e-55
334,-0.5313696953701315,8.521404841777613e-56
335,-0.27264604169199425,6.1821141756692585e-56
336,-0.4997473735422856,3.8252586334739706e-56
337,-0.4307275441699556,2.3510736719378484e-56
338,-0.3520150959350869,1.4338079561503646e-56
339,-0.44802630250565206,1.0553969713329001e-56
340,-0.3700922539749586,7.708324957942866e-57
341,-0.4265241344069344,4.7376770043133894e-57
342,-0.3478421037620556,2.88928376151487e-57
343,-0.4392048219844654,2.1267432072362806e-57
344,-0.3667122091134522,1.2969994805440248e-57
345,-0.40835201559264184,9.546950257283665e-58
346,-0.29645817559896637,6.972826049284369e-58
347,-0.49357599811697783,4.2856259704946375e-58
348,-0.29543835337349744,3.1301016135237536e-58
349,-0.4730896537934523,1.9238174981550426e-58
350,-0.32355693851605744,1.4051026143108133e-58
351,-0.4648213742535085,8.63601674921799e-59
352,-0.33166172565242696,6.307505635641241e-59
353,-0.2056093400810702,4.575973178980796e-59
354,-0.17417229583361044,3.300651001415024e-59
355,-0.19046075375036903,2.3688682041772044e-59
356,-0.21680578656250032,1.69269696438858e-59
357,-0.23078892340340207,1.2048653647212598e-59
358,-0.5672277917975416,7.598516673140335e-60
359,-0.22104926368762567,5.408640622233736e-60
360,-0.5742531698372862,3.410974134572697e-60
361,-0.4850421223060839,2.142839853214543e-60
362,-0.3103666425189561,1.3402876865696008e-60
363,-0.1963409394118313,8.341256903261101e-61
364,-0.6057178502782464,6.016551425010938e-61
365,-0.4803100994124333,4.31806251657485e-61
366,-0.30134267673946896,2.700829934687411e-61
367,-0.4869889783935893,1.9383782636904506e-61
368,-0.30060810232716273,1.212402557681179e-61
369,-0.5009446327853351,8.701380025706433e-62
370,-0.22478003668777585,6.217652602847343e-62
371,-0.11536552708728512,4.425738586791724e-62
372,-0.6969722264212243,2.791104253418172e-62
373,-0.5799462859327922,1.7534256176499346e-62
374,-0.2858721732490077,1.096719739053972e-62
375,-0.5166737416518252,7.87112759763056e-63
376,-0.2790610409983406,4.92317490861328e-63
377,-0.11900686904725659,3.0639292671215515e-63
378,-0.1367034408309904,1.895843646423997e-63
379,-0.6543295629320715,1.3753978480108643e-63
380,-0.14824289252806164,8.510442128797324e-64
381,-0.6299291052793272,6.174160939720771e-64
382,-0.5653095536826728,4.453424373681719e-64
383,-0.3874504044916977,3.1962105033218255e-64
384,-0.4065402180497278,1.999142201345724e-64
385,-0.39114233930861664,1.4347788949411678e-64
386,-0.22864057464635357,1.0252346988967565e-64
387,-0.16488047661360972,7.297642787805932e-65
388,-0.6425672598499151,4.6022785633475405e-65
389,-0.15789185514347276,3.2759118474460826e-65
390,-0.15146414442512887,2.323806845760157e-65
391,-0.17427468289934483,1.6433683899989614e-65
392,-0.6326089868683592,1.0431568930617346e-65
393,-0.1609292832126197,7.377080702705339e-66
394,-0.19163983556412434,5.202613384093368e-66
395,-0.6144689591361041,3.311571527444427e-66
396,-0.6321892530402142,2.1020780774071077e-66
397,-0.5313939027292294,1.3302419157727167e-66
398,-0.2642248855358892,9.436228489480508e-67
399,-0.5168243513974292,5.971455959903724e-67
400,-0.21045197214144837,3.765915180469048e-67
401,-0.12120902939462562,2.365820675900739e-67
402,-0.14001887321928877,1.479756088997874e-67
403,-0.6426482056957903,1.0620169014118418e-67
404,-0.61813829055013,7.588741247736865e-68
405,-0.1925967756444732,4.767393870437758e-68
406,-0.5883902567843177,3.4065859461090785e-68
407,-0.20666150711136747,2.1400831084395095e-68
408,-0.18883647172262383,1.338563418154745e-68
409,-0.5922060560083263,9.60683307378496e-69
410,-0.22734397171960422,6.008811184096652e-69
411,-0.19279183916864862,3.739573098520437e-69
412,-0.19848636417899973,2.3139065171137368e-69
413,-0.20861551535272674,1.422169116646352e-69
414,-0.2002025114776243,8.673132700083168e-70
415,-0.19413123513698885,5.244268417350577e-70
416,-0.19366712152306978,3.14187710517677e-70
417,-0.6051264216754867,2.3541520925486752e-70
418,-0.1846494564249311,1.4103886325138523e-70
419,-0.19472828425908217,8.34524641561873e-71
420,-0.6111082782904764,6.331234571354683e-71
421,-0.6306875230507404,4.743880366935155e-71
422,-0.17280210569369006,2.842091199081117e-71
423,-0.6387974587265189,2.1295278967171912e-71
424,-0.6049376581807854,1.5809714169605702e-71
425,-0.4332579876738819,1.1637210116367124e-71
426,-0.1916192630109516,8.499493519251638e-72
427,-0.12220746590681912,6.166217935540942e-72
428,-0.6841345404864675,3.815422640792061e-72
429,-0.11022173482918458,2.7680152312643297e-72
430,-0.14454249160249946,1.996570322346068e-72
431,-0.6564805520445065,1.2425620373145576e-72
432,-0.7035349213089824,7.688504330074039e-73
433,-0.7075877246067575,4.725494885191851e-73
434,-0.0962870742484709,3.4513695937702366e-73
435,-0.698490340675323,2.1212746539626214e-73
436,-0.5046921740129613,1.2936644701247464e-73
437,-0.2968096701459049,9.52240192163821e-74
438,-0.503863439298747,5.807259806389986e-74
439,-0.22588439700357454,3.511398965878662e-74
440,-0.5595061461591553,2.6068789270884654e-74
441,-0.29864345732306224,1.9188707333356416e-74
442,-0.5042239786818541,1.170227950370012e-74
443,-0.2992188314569651,8.613810721943694e-75
444,-0.17930603932424616,6.291286973004845e-75
445,-0.1803423567678884,4.564206853350627e-75
446,-0.20572776880298746,3.29216394675907e-75
447,-0.2345901576832283,2.362777068242813e-75
448,-0.550800223115953,1.4778523957001467e-75
449,-0.5432972679134241,9.197388457089775e-76
450,-0.4988208875973427,5.690996413389238e-76
451,-0.41253669469960774,3.4977901147721705e-76
452,-0.4011538813908555,2.5546882899704295e-76
453,-0.3427780838890355,1.853376876828194e-76
454,-0.4220052220323172,1.1467995733677257e-76
455,-0.2970090944421526,7.048439183537792e-77
456,-0.5005663097872509,5.147983284847722e-77
457,-0.34406343089397623,3.734762170356704e-77
458,-0.4364504493229282,2.3109296965681425e-77
459,-0.3710111244843952,1.6765347382731248e-77
460,-0.39740953568682896,1.0373763407894393e-77
461,-0.1639021309990126,6.375904053594161e-78
462,-0.10557666906529534,3.888360483472054e-78
463,-0.1402804481377291,2.3511234964214224e-78
464,-0.18607867292643615,1.4085741798436655e-78
465,-0.5664361251932248,1.0554193375435768e-78
466,-0.44906775555034173,7.835482259406388e-79
467,-0.34021552793878135,4.7377774062331176e-79
468,-0.44084423122477273,3.5173479862475276e-79
469,-0.3580023531927496,2.1267882776580463e-79
470,-0.20959800755327276,1.2741734147368403e-79
471,-0.5636809863140123,9.547152578406972e-80
472,-0.35551562305305096,7.08785048699803e-80
473,-0.4577773105780976,4.2857167924468906e-80
474,-0.2735566548750795,2.567602265534526e-80
475,-0.17257201039734912,1.5192460509976563e-80
476,-0.14840827850638222,8.839408619711962e-81
477,-0.6440720542025,6.819895522928479e-81
478,-0.5467070961480954,5.174006393266038e-81
479,-0.25633756935033924,3.0614511002425943e-81
480,-0.5235951305054907,2.322611469937125e-81
481,-0.23681533106297684,1.7402910645744067e-81
482,-0.11622665148825706,1.2920001820710628e-81
483,-0.6585593339685453,7.812166588874512e-82
484,-0.13772972972511582,5.799788817317001e-82
485,-0.13296314827580266,4.2691069790136273e-82
486,-0.17848074788034135,3.1180366031274945e-82
487,-0.21794269700335298,2.2620751674590093e-82
488,-0.25390800261187174,1.6316355832340365e-82
489,-0.28430391400806576,1.1710203993909727e-82
490,-0.49755571720793623,7.324412133137589e-83
491,-0.3135127332591758,5.256710572866077e-83
492,-0.3148352830387518,3.756231779239224e-83
493,-0.31356075403377265,2.6736939144363644e-83
494,-0.3043624340084512,1.896616426561751e-83
495,-0.2899142886744219,1.3412644381572072e-83
496,-0.2800959364899054,9.4591351223881e-84
497,-0.512850877963311,6.020936062887704e-84
498,-0.29126160407226115,4.246205756440019e-84
499,-0.5001798600273366,2.7027981986302905e-84
500,-0.3023575375034402,1.9061217640659244e-84
501,-0.2704681744796288,1.340928265591674e-84
502,-0.24630519188647734,9.411920402411431e-85
503,-0.23808610353958268,6.592581567965308e-85
504,-0.5523746694213667,4.2250110686424916e-85
505,-0.5200049761775408,2.7021207732257966e-85
506,-0.41919544379383317,1.7242469099452392e-85
507,-0.37250944924467955,1.21298201510106e-85
508,-0.2500034659841206,8.513870927055417e-86
509,-0.541348457515164,5.4450762657886596e-86
510,-0.25208327272989745,3.821876659155177e-86
511,-0.5232698036695411,2.444294735712529e-86
512,-0.2636745307422911,1.715640432294759e-86
513,-0.509195921045912,1.0972439068613544e-86
514,-0.2780408004740741,7.7015099005711755e-87
515,-0.49377282731390537,4.925527897900622e-87
516,-0.244864233868216,3.14302245182974e-87
517,-0.5425276896392018,2.211069473367589e-87
518,-0.2900287726714076,1.5519405788910777e-87
519,-0.5017275326985852,9.925490865947108e-88
520,-0.23960351823040751,6.333542573253778e-88
521,-0.5575105647393688,4.455552849723657e-88
522,-0.24481484215121543,2.8431272611336216e-88
523,-0.5520033633516859,2.0000976742409498e-88
524,-0.25097509533690465,1.2762798275228827e-88
525,-0.1357908217291036,8.123786308624567e-89
526,-0.6758412109277888,5.729220145750223e-89
527,-0.5378477131758799,4.030421024544798e-89
528,-0.2727901595342254,2.8289359576206038e-89
529,-0.5175138938955097,1.8092559979181598e-89
530,-0.2539516142981199,1.1545020839265039e-89
531,-0.5392945381913677,8.12175017465462e-90
532,-0.2568057344181085,5.182559854746076e-90
533,-0.133703251457763,3.298807039309617e-90
534,-0.6419624828180133,2.326451118795514e-90
535,-0.15265510797945891,1.4808344799460877e-90
536,-0.623116408375018,1.044343907227306e-90
537,-0.4755197123205413,7.346803811800504e-91
538,-0.3310563460024817,4.688059799543379e-91
539,-0.16977279809967816,2.9840474786365697e-91
540,-0.6169462611666595,2.1044700440150232e-91
541,-0.41923157929038357,1.4804633257485324e-91
542,-0.20080421060550563,1.0391311256673544e-91
543,-0.13229521518524173,7.278596091843765e-92
544,-0.6742003028574586,4.6646596231207544e-92
545,-0.6010087258027164,2.9832995613221097e-92
546,-0.3443934693861625,1.903669555047233e-92
547,-0.44307109025612246,1.3392031730774956e-92
548,-0.35493528744144964,8.54557263260703e-93
549,-0.4316654928564308,6.0116830439448774e-93
550,-0.36514463926228163,3.8361075547772966e-93
551,-0.1052199872893742,2.4417621715761487e-93
552,-0.6869668117267579,1.7220286813395285e-93
553,-0.3745174273023462,1.2114215243218159e-93
554,-0.4323090349653006,7.730186750533143e-94
555,-0.08490006970269408,4.920424497265374e-94
556,-0.057089772292656514,3.123325702471032e-94
557,-0.12242691308803652,1.976510202305192e-94
558,-0.17534247093388525,1.246491613635392e-94
559,-0.6101787134640158,8.872554298148009e-95
560,-0.5994886239419046,6.293851415290379e-95
561,-0.2051791488363657,3.982889624438642e-95
562,-0.5792925792569172,2.825309900323852e-95
563,-0.22360698857050187,1.787919152410507e-95
564,-0.5587152286528838,1.2682816142553771e-95
565,-0.24944283792920768,8.025969075170766e-96
566,-0.5341817071198479,5.6933161663923895e-96
567,-0.26851611637599143,3.6028575178441576e-96
568,-0.20255402148453333,2.2721520363913215e-96
569,-0.2030321446806843,1.4274098084745054e-96
570,-0.5808710525766358,1.0199690491360643e-96
571,-0.5018572082804371,7.260161778783728e-97
572,-0.3490114837279075,5.150081695884689e-97
573,-0.4558610317899837,3.259086622496015e-97
574,-0.3076962097096075,2.0553519725395782e-97
575,-0.4773178571294337,1.463003984838462e-97
576,-0.29703819967418854,1.0377991941365759e-97
577,-0.2031852643473408,7.339191697116073e-98
578,-0.19522314978333585,5.175892536710417e-98
579,-0.21875453719250756,3.6411632944871756e-98
580,-0.5564931994233003,2.3234581597293066e-98
581,-0.5053082041752113,1.478929399307814e-98
582,-0.30468655598839023,1.043000367902486e-98
583,-0.49678873767412873,6.638914073492778e-99
584,-0.43289398826102576,4.214167085331932e-99
585,-0.3778473712295984,2.6668189717734214e-99
586,-0.4213813953881713,1.891739604605504e-99
587,-0.38299046155513344,1.197135036429089e-99
588,-0.34688798166681445,7.549765144432813e-100
589,-0.31938871799940083,4.742908329302633e-100
590,-0.2986363432774701,2.9665593640871396e-100
591,-0.292869827503794,1.8462330156862726e-100
592,-0.49261435424788735,1.331688498538717e-100
593,-0.3037443945888901,8.287740007415679e-101
594,-0.2648375322988077,5.128140327806613e-101
595,-0.23854902534947445,3.151848506452339e-101
596,-0.565605997163778,2.3020221931523886e-101
597,-0.23450928526399983,1.4148647945464551e-101
598,-0.5457416111397876,1.0333777625061071e-101
599,-0.42970600015102,7.496955529081186e-102
600,-0.2836244478881248,5.4075565583050755e-102
601,-0.5233626140852562,3.3653833370045442e-102
602,-0.3612128716483026,2.0823720330969837e-102
603,-0.4322899258590874,1.51072057998134e-102
604,-0.36293283921389957,9.34776805657236e-103
605,-0.42936679064978833,6.781624683536236e-103
606,-0.3671928574137741,4.196213080595333e-103
607,-0.15870996988545144,2.579069035828641e-103
608,-0.6366505324261854,1.8836800518792452e-103
609,-0.3497390612625395,1.3665733957452545e-103
610,-0.45552463586947434,8.455839752885934e-104
611,-0.3245579872587175,6.134547973500449e-104
612,-0.08672722434584997,4.4248515277514357e-104
613,-0.0956661639763857,3.1757038498773737e-104
614,-0.670947205248982,1.9863158508076195e-104
615,-0.13888964589349595,1.425573458209953e-104
616,-0.6613753567935771,8.916571854275406e-105
617,-0.6498597220136109,5.549212850209683e-105
618,-0.5346284876661322,3.4336432102455148e-105
619,-0.3068060031838356,2.1103796955828277e-105
620,-0.15530044476465774,1.2870201534479323e-105
621,-0.13195034999345864,7.782054508581382e-106
622,-0.6669644966238237,5.777433468827768e-106
623,-0.1229673552538544,3.493364268902183e-106
624,-0.132886174866201,2.0928984451278958e-106
625,-0.6648407303510001,1.5681712203101905e-106
626,-0.6364546256918069,1.1642176089979813e-106
627,-0.41522195273367307,8.569569817480104e-107
628,-0.15935383731320824,6.258974650978001e-107
629,-0.6362113987838316,3.8468798910668183e-107
630,-0.1621539203135824,2.809653720824024e-107
631,-0.09332591698391476,2.0383493589074305e-107
632,-0.7089692449327035,1.2612535552779049e-107
633,-0.6299002032034103,7.751894215735431e-108
634,-0.3103649806912235,4.727511406563559e-108
635,-0.09100246528820423,2.8585217843914865e-108
636,-0.09021169775436004,1.712559967242476e-108
637,-0.14437622870174352,1.0133189249185216e-108
638,-0.6334570462393743,7.687681692951474e-109
639,-0.1724121966855453,4.548788653959243e-109
640,-0.6108663605853148,3.451000311965917e-109
641,-0.5078577263427778,2.585772560108969e-109
642,-0.29324685073048135,1.5491540400415006e-109
643,-0.49901784029523194,1.1607533022329162e-109
644,-0.26963444523095775,8.617486513333734e-110
645,-0.5367897543700274,5.2106215737235617e-110
646,-0.30835127873900164,3.121719050851513e-110
647,-0.45475215136718333,2.3390480244445073e-110
648,-0.34578097071762504,1.4013396819272438e-110
649,-0.4181991110470757,1.0499986581731396e-110
650,-0.3767018419865951,6.2906138321714e-111
651,-0.40566009205492354,4.7134439765392236e-111
652,-0.10247751257507487,3.4992827348451065e-111
653,-0.08955666459075003,2.5757510860162444e-111
654,-0.15195944095014907,1.88125671392748e-111
655,-0.20698420907287637,1.3648153109948856e-111
656,-0.5671896786131511,8.444961388820457e-112
657,-0.5474227951357685,5.190427180019478e-112
658,-0.5029256721869417,3.1653945494600227e-112
659,-0.4272737854332695,1.913977248846622e-112
660,-0.3416270322734004,1.146676870711826e-112
661,-0.27936119368306844,6.784868244523935e-113
662,-0.2574087041467764,3.9476306556710187e-113
663,-0.5349062162596001,3.0457273549667946e-113
664,-0.27832085519139005,1.772091401330721e-113
665,-0.5075028760067122,1.3672270096445943e-113
666,-0.44628623774445747,1.0372653459520344e-113
667,-0.35817391756963624,6.1374820462945836e-114
668,-0.3085817008734968,3.570962825127492e-114
669,-0.27140484472311055,2.0318367485971064e-114
670,-0.25198877891892263,1.1219672545759553e-114
671,-0.5542078259993062,9.120915164452412e-115
672,-0.5388975554467498,7.195890397564593e-115
673,-0.26755835549943946,4.094378817322688e-115
674,-0.25584923542442994,2.2608897904997888e-115
675,-0.2622769592974814,1.2129388421749948e-115
676,-0.27046565688655577,6.552258982245371e-116
677,-0.5269292996821654,5.444882462523553e-116
678,-0.5160952942785597,4.55594637360259e-116
679,-0.475849184152831,3.7037088380203414e-116
680,-0.4075463517372728,2.92201850169119e-116
681,-0.3880990485210177,1.6625948973873316e-116
682,-0.4071889140554133,1.3116941054091752e-116
683,-0.3871838080866672,7.463388494371731e-117
684,-0.40696988494640435,5.888194839181788e-117
685,-0.27557697447769436,4.5429366770437865e-117
686,-0.5205513201099189,2.6432106633087054e-117
687,-0.27165010338964835,2.039324274324956e-117
688,-0.5278916289607813,1.1865372667592778e-117
689,-0.2641137427383643,9.154526667444725e-118
690,-0.5355979519620209,5.326365790482398e-118
691,-0.25785529995892054,4.109467021015938e-118
692,-0.5383588263393715,2.391005603347549e-118
693,-0.2621725688205006,1.8447397457340547e-118
694,-0.12292185712735892,1.399536870653035e-118
695,-0.12369546991923884,1.0486478440605643e-118
696,-0.6768951711570054,6.282521012361475e-119
697,-0.68144033768283,3.7173573829796173e-119
698,-0.1104305167500168,2.820223682449066e-119
699,-0.1109239482982158,2.1131429592053565e-119
700,-0.6862250245741709,1.265998411051386e-119
701,-0.6791113476954671,7.490891842466565e-120
702,-0.45721630711036343,4.35841540467701e-120
703,-0.14116205458260492,2.4798882034170457e-120
704,-0.6619483094377253,1.9564926751595097e-120
705,-0.1339522667408232,1.113221814513912e-120
706,-0.06180897974846451,6.147139645085244e-121
707,-0.7403257240283381,4.997252725352951e-121
708,-0.6550936814686005,3.942552063275298e-121
709,-0.25990384464888394,3.0418090532983864e-121
710,-0.04598569402551669,2.3077097641669282e-121
711,-0.07833385935908573,1.7291254840481498e-121
712,-0.14181901691475868,1.2837108031467504e-121
713,-0.19060991513706005,9.449134996753525e-122
714,-0.22556887914517362,6.901384512640586e-122
715,-0.5704948264366191,4.2417167000426585e-122
716,-0.5917746473940134,2.586821172321736e-122
717,-0.6083041915981874,1.5641389385418474e-122
718,-0.5961701153314872,9.370863444100487e-123
719,-0.20457695191252326,7.021419695114355e-123
720,-0.5769132560752706,4.20658060005671e-123
721,-0.45503062953096207,2.4890268444708105e-123
722,-0.28907800671756534,1.4481871010467215e-123
723,-0.5050115737767487,1.1173241504829471e-123
724,-0.3410762385631254,8.476731466799538e-124
725,-0.45295480909910774,5.01566811151795e-124
726,-0.3517372940126328,3.8052047554463135e-124
727,-0.44238994379572955,2.251533415260408e-124
728,-0.3716124888044344,1.7081564147198498e-124
729,-0.24935533011742542,1.2798909261878756e-124
730,-0.5322327590154791,7.667914145677408e-125
731,-0.3796699062228335,4.5370922286455733e-125
732,-0.420675181771974,3.442126659994589e-125
733,-0.2730367857657822,2.5791236920413957e-125
734,-0.21103053816572678,1.9147534269022872e-125
735,-0.5889908053302126,1.1577686253573824e-125
736,-0.21561906008470852,8.595328133364368e-126
737,-0.5804279205136533,5.1972233592292904e-126
738,-0.5250564221730498,3.1136920888389416e-126
739,-0.40692118265091737,1.842366504146393e-126
740,-0.3996638002876816,1.397736378679801e-126
741,-0.2864901345581748,1.0472987677585594e-126
742,-0.23019375276983559,7.775194771558318e-127
743,-0.22021507866783127,5.723163257831362e-127
744,-0.5721167227612627,3.4902849329525295e-127
745,-0.23067868858488583,2.569127986440499e-127
746,-0.5565253296970032,1.5667889064023906e-127
747,-0.503899108749086,9.473695217902657e-128
748,-0.40278716139670856,5.675755651269367e-128
749,-0.29579169120758325,3.3583353135979176e-128
750,-0.5065241728279641,2.5478467118548195e-128
751,-0.2908977435008922,1.5075567222741054e-128
752,-0.5129782214971349,1.1437283889516286e-128
753,-0.39428242004043673,8.569751425736667e-129
754,-0.27042170145532535,6.362223324443284e-129
755,-0.22011432454816296,4.683103618415691e-129
756,-0.21028707095153434,3.4204081954940226e-129
757,-0.22402106901579535,2.4814399015840992e-129
758,-0.24507447369125354,1.789863440139086e-129
759,-0.25829615114734866,1.2845800999096835e-129
760,-0.5351765418893406,8.034696982784356e-130
761,-0.5162205457008113,5.000379571104928e-130
762,-0.4519860068965122,3.0940459172197807e-130
763,-0.35694959657023095,2.2446703894690026e-130
764,-0.2868454129240308,1.6190815109842258e-130
765,-0.5093388356631475,1.0076325378326354e-130
766,-0.38761382594519567,6.23484936574518e-131
767,-0.4136667998330903,4.523262462330701e-131
768,-0.28170131623614436,3.262630743670597e-131
769,-0.5072143239081534,2.0304925193402517e-131
770,-0.3410468067151653,1.2563920398590442e-131
771,-0.45824394854585787,9.114880919318392e-132
772,-0.28597095265986244,6.57456668940262e-132
773,-0.504933071930923,4.091670044682027e-132
774,-0.3072994892523571,2.5317708018636426e-132
775,-0.18546131744574576,1.5560724766567842e-132
776,-0.16967206637830318,9.489745574574575e-133
