t,lambda,delta_s
1,-0.8895038492050648,1.0609377210991162
2,0.04090577533493298,1.0417697744017167
3,0.1725403648350153,0.9132409880769916
4,0.17536639606751023,0.7562986302763057
5,-0.10084613665007378,0.6936371564144166
6,0.09742382868542032,0.6297546453968557
7,0.0039355745131924875,0.5599110059007575
8,0.16841782248915046,0.6018921007029236
9,-0.5672048797769229,0.3943897880019792
10,-0.21604400707078303,0.32055412849362713
11,0.009055401073741335,0.33630471273207374
12,0.15111650762128032,0.36022850692586317
13,0.0030838204661830615,0.3325875799441033
14,0.014967869789701889,0.33970522937831044
15,-0.5828003447410067,0.24125840377127436
16,-0.002633982874761561,0.2527930192088589
17,0.03897145328086855,0.24576086805386782
18,-0.4102440542581599,0.18238126268531435
19,0.10184153296565886,0.20297543536078114
20,-0.2940689195589499,0.13279443021003498
21,-0.10699781753179591,0.1313468981703487
22,0.4018147086891265,0.15857924847716412
23,0.31664865557077054,0.17523708516718745
24,0.378665764745747,0.20692952355968156
25,0.41618810585138766,0.2707738391533397
26,0.2891471673272274,0.29531435623999536
27,0.016730412414606346,0.2583304162152187
28,0.3066301449030139,0.24222514549071333
29,0.5436463745879071,0.2635074201040816
30,0.1510560959976401,0.2891760262201492
31,0.6022931239603834,0.25094000323244303
32,0.3759013335135977,0.2526023187863127
33,-0.06785353609443484,0.1486109268346419
34,0.185126910687554,0.1300712989374673
35,-0.18463208274788534,0.10903271982376735
36,-0.2334857026421212,0.09047847686629834
37,-0.16054061256385754,0.06523699332614108
38,-0.23861902126478585,0.05147956801098328
39,0.29800385572879495,0.05676071903534397
40,-0.6223732423184134,0.028315703979333924
41,0.06769497986993757,0.02750673195229994
42,-0.6016914321753284,0.014236408001008687
43,-0.2068444854541522,0.01580303199826313
44,0.011436604546574698,0.016482160094723367
45,-0.8211984167715181,0.007476357962122399
46,-0.5277926481386007,0.004404709638151624
47,-0.27283926647536316,0.0033600441441248192
48,-0.5004801985183274,0.0020114800014795625
49,-0.05327075400501119,0.0020523969284751884
50,-0.027976683721674216,0.0019200516265312204
51,-0.10034746480642784,0.0016620522432029138
52,-0.15562266759184257,0.0013704693833364921
53,-0.6455403078394016,0.0007441769317076456
54,-0.15315867939453037,0.0006153934105852644
55,-0.1897004076606216,0.0004917208689216751
56,-0.21776371708218312,0.0003833130760263028
57,-0.23867122827005102,0.00029333796662184047
58,-0.5585790783662334,0.00017190559347399212
59,-0.23630276233200145,0.00013168959010219055
60,-0.2403919181653955,9.93942498629936e-5
61,-0.5550963297482205,5.909600375847331e-5
62,-0.23989295252258902,4.4620779381563014e-5
63,-0.23392812197536092,3.328829868472616e-5
64,-0.24145962340608498,2.4589881558524497e-5
65,-0.5511953026139972,1.4941705655758447e-5
66,-0.2438617244439981,1.1038534870086073e-5
67,-0.5385890815378617,6.707026149142425e-6
68,-0.2536601171671139,4.9552304486337135e-6
69,-0.5422729699752702,3.0107331975882037e-6
70,-0.24932907990741177,2.2244085535622734e-6
71,-0.5360319235410138,1.3515065980987049e-6
72,-0.40652290548167846,8.129742338249251e-7
73,-0.38260400956650037,6.06691955152924e-7
74,-0.3997951434270096,3.649433197456785e-7
75,-0.22800572490421034,2.1686488937483868e-7
76,-0.1620743956716841,1.2691533082243633e-7
77,-0.6276562291196174,9.735065963332458e-8
78,-0.5025738843668827,7.35402286067421e-8
79,-0.27710675583266814,5.4880486986884494e-8
80,-0.154952659327162,4.054773158942502e-8
81,-0.1397806785478677,2.9708228977534288e-8
82,-0.6502804829167288,1.8201874793537022e-8
83,-0.14393852936088095,1.333602417110382e-8
84,-0.6467236181211496,8.170821163106171e-9
85,-0.5185559359977321,4.9643976381100745e-9
86,-0.2460789174331596,2.98622788435837e-9
87,-0.5356002473372118,2.2285181076064637e-9
88,-0.22632682672396434,1.6465120923654668e-9
89,-0.09033119319583424,1.2063552305566584e-9
90,-0.7004546917728164,7.391192763765372e-10
91,-0.09277705014146682,5.415328633571268e-10
92,-0.08788632525382083,3.9395534891522316e-10
93,-0.7238386441365781,2.430941022512406e-10
94,-0.6789969272300018,1.4894081942037592e-10
95,-0.33699904246361123,9.049291593346325e-11
96,-0.46406120661711003,6.685953384410709e-11
97,-0.1206765915264248,4.8986186705707924e-11
98,-0.6737216862196169,3.001324474089928e-11
99,-0.2978463298458478,1.8235336981497197e-11
100,-0.06464575040704908,1.0969079153631926e-11
101,-0.0861720534409208,6.518284619559563e-12
102,-0.13345384839710478,3.814674868089727e-12
103,-0.6680649843593224,2.926057965730229e-12
104,-0.7137800363798995,2.2103924128626456e-12
105,-0.6564879402565499,1.6495390817045559e-12
106,-0.3460460702247104,1.2187408588656925e-12
107,-0.09859760948095929,8.92938730385073e-13
108,-0.09487269458172709,6.495967525183356e-13
109,-0.1362250381673831,4.69697489684218e-13
110,-0.1798816117781936,3.3783301062318016e-13
111,-0.21404919605907546,2.4187344440654233e-13
112,-0.5914293415793362,1.5165323846871174e-13
113,-0.6227358699203708,9.464930948013239e-14
114,-0.17502539493923963,6.80771387486099e-14
115,-0.1917700575068165,4.8740210449243975e-14
116,-0.60873281051424,3.055982758424945e-14
117,-0.5903005372366044,1.9072896879001675e-14
118,-0.20055146655660966,1.371830660256976e-14
119,-0.5886957748829178,8.561823408983756e-15
120,-0.41133847977874816,5.315467627203307e-15
121,-0.211614839610545,3.279962650097238e-15
122,-0.14548555438796681,2.009593486915457e-15
123,-0.15676375422806513,1.220981428186354e-15
124,-0.6489258802313546,9.021065162763495e-16
125,-0.14865259848286702,5.480985631128538e-16
126,-0.6566839601015501,4.049556151564537e-16
127,-0.14648884346658145,2.4604144498136e-16
128,-0.6662423807194494,1.817845756437321e-16
129,-0.6742648530518957,1.3318868157975196e-16
130,-0.11949208692148822,8.160309600647135e-17
131,-0.6626415423414636,5.97883991611507e-17
132,-0.5104121936100201,4.3494977440081056e-17
133,-0.2361689406561283,3.1449482526376044e-17
134,-0.5627777487901554,1.9524895372852387e-17
135,-0.23595812758527845,1.4117672706090206e-17
136,-0.5538383038973034,8.764725532873435e-18
137,-0.25633650995375695,5.408361860592087e-18
138,-0.5489316326059779,3.934485291706886e-18
139,-0.22454540615522664,2.844869309388213e-18
140,-0.09257250315705319,2.0461909734014204e-18
141,-0.10923139843835389,1.46498193808087e-18
142,-0.1495967330116431,1.0446310177882053e-18
143,-0.6545452470379954,6.576303920045024e-19
144,-0.14153165222664582,4.689348638851252e-19
145,-0.17806605955751983,3.331885272840561e-19
146,-0.6261753126006613,2.105048603980329e-19
147,-0.168085853806096,1.495683298978128e-19
148,-0.6373925064455862,9.449563183267695e-20
149,-0.15687131238386995,6.714122329112818e-20
150,-0.17051864881893167,4.755367443512396e-20
151,-0.187465850116661,3.358465568515396e-20
152,-0.20960621350830427,2.3658282572849286e-20
153,-0.5947915716029947,1.5076151937065612e-20
154,-0.610332377134065,9.582598475367898e-21
155,-0.185853098057439,6.767684604548752e-21
156,-0.19052722229775898,4.767409147776775e-21
157,-0.20529224819634442,3.350549407546825e-21
158,-0.2200341864282438,2.3498042725326717e-21
159,-0.23225039104955916,1.6447786648638563e-21
160,-0.24474297684700974,1.1492401676403117e-21
161,-0.5591763072077438,7.38341142657385e-22
162,-0.5701792831693804,4.735119022212284e-22
163,-0.2244619004631444,3.3144133893890025e-22
164,-0.5773704662542397,2.125594929071095e-22
165,-0.21791666000760312,1.487840170496723e-22
166,-0.5831789740826351,9.541795636600147e-23
167,-0.21228084120972968,6.67891452535979e-23
168,-0.5875223549579834,4.2833120612698067e-23
169,-0.20603677035924822,2.99816473043401e-23
170,-0.18006154665848623,2.0948784240841663e-23
171,-0.18930827297082256,1.4613307581629693e-23
172,-0.609766322000102,9.403909245713815e-24
173,-0.1885584734189372,6.559913773393566e-24
174,-0.20157408176800415,4.56905175647971e-24
175,-0.5948850887446933,2.9447452928763723e-24
176,-0.20502221350484073,2.0510473334837424e-24
177,-0.5927355787938535,1.3218961619722032e-24
178,-0.20710695755882635,9.207151480008525e-25
179,-0.21004822048365368,6.403799970621937e-25
180,-0.2231692575692385,4.448119066624193e-25
181,-0.23640607509401074,3.0858794287795085e-25
182,-0.24744385955734557,2.1383545573423196e-25
183,-0.550966050314711,1.3852512755791212e-25
184,-0.25025179234088807,9.599073607909681e-26
185,-0.25818271199207404,6.644458436983519e-26
186,-0.5405828052419462,4.3090241425906564e-26
187,-0.2554150534832958,2.982697392361903e-26
188,-0.5419459463014519,1.934320937608945e-26
189,-0.5095689498451053,1.25307589286431e-26
190,-0.29231947531345626,8.683166688926559e-27
191,-0.2549105146748652,6.010469605986918e-27
192,-0.24221520425599727,4.156203201224007e-27
193,-0.24461493110840787,2.8712395062109346e-27
194,-0.2547075289253568,1.981756822441683e-27
195,-0.5428556567133724,1.2888994143380885e-27
196,-0.5445057398045321,8.375215360845236e-28
197,-0.5282732323818232,5.436973566335238e-28
198,-0.47912862545459006,3.525953331209599e-28
199,-0.3205844604499594,2.44065743392789e-28
200,-0.48200147242610536,1.5828004503799887e-28
201,-0.326206971586235,1.0956111220902296e-28
202,-0.27772828715368536,7.576084318590179e-29
203,-0.25782232799060106,5.233803917843827e-29
204,-0.25415151804775726,3.612421255375077e-29
205,-0.26237982787763753,2.4912062310589293e-29
206,-0.2720000469529307,1.716609949441002e-29
207,-0.2803326708189441,1.181960420993854e-29
208,-0.2864135308674922,8.132440385532666e-30
209,-0.5107996530403832,5.305820329841412e-30
210,-0.28998186969953355,3.650652489065614e-30
211,-0.5131301963584366,2.38178274606581e-30
212,-0.291361185712885,1.638777902341554e-30
213,-0.2907666651154603,1.1267840336561108e-30
214,-0.29129177386755783,7.7424554054074166e-31
215,-0.2971162346150181,5.316770705527283e-31
216,-0.5040972502453414,3.4755882314873887e-31
217,-0.5054843293290926,2.270596140307236e-31
218,-0.2896081387677022,1.5601915571146893e-31
219,-0.2868193937005415,1.0713888981633565e-31
220,-0.2830977568830002,7.352928295299457e-32
221,-0.28725062170741283,5.043469397882259e-32
222,-0.28894203757043396,3.4575256953384163e-32
223,-0.28867908592960634,2.369074801122225e-32
224,-0.29356164696503,1.6224792584631444e-32
225,-0.30063500959444744,1.1106459428802453e-32
226,-0.4987226288010731,7.283309391241055e-33
227,-0.3011184322649758,4.985689637589423e-33
228,-0.30190694079912345,3.411350430152301e-33
229,-0.4993158756065648,2.238076078313892e-33
230,-0.3031192085472182,1.5313552080953676e-33
231,-0.4963982192008353,1.0046723515551067e-33
232,-0.3054678845342029,6.8742535291401084e-34
233,-0.30677464338639115,4.7015303857720695e-34
234,-0.49417464111959797,3.0858524092309945e-34
235,-0.3052397082978624,2.1105169901730826e-34
236,-0.30424301703996515,1.4428549628358234e-34
237,-0.30732488227159604,9.860154043315345e-35
238,-0.30989685975263653,6.735635645416598e-35
239,-0.4898746932970672,4.426223150044259e-35
240,-0.3109114039709098,3.0236268412275105e-35
241,-0.4892751589586663,1.9869315720548676e-35
242,-0.31231984290354375,1.3573060890270294e-35
243,-0.31195038576745115,9.268572224766521e-36
244,-0.31304247663675777,6.326943770877607e-36
245,-0.3150185593378426,4.3174450922268287e-36
246,-0.3168865844820851,2.9452129347001663e-36
247,-0.31800364604207243,2.008485213744781e-36
248,-0.48129296804855737,1.3221060863869045e-36
249,-0.3203462009715952,9.016090124500324e-37
250,-0.3173872049620117,6.146629313391571e-37
251,-0.48217637389725926,4.047322856888195e-37
252,-0.3230236849292222,2.7592218987814772e-37
253,-0.3169229840457585,1.8805148946150347e-37
254,-0.48301889158670225,1.2386147103630055e-37
255,-0.4698179653534963,8.155809261521974e-38
256,-0.33098526873191053,5.560141434819533e-38
257,-0.4684768710955364,3.6611427774972127e-38
258,-0.4397743801034097,2.409984955894028e-38
259,-0.39705840520338026,1.5858936525612014e-38
260,-0.35526342247368947,1.0432558243768565e-38
261,-0.4433133753738396,7.119076606347235e-39
262,-0.3543099228847636,4.68317539562771e-39
263,-0.31548874209157507,3.0797034001446915e-39
264,-0.2932036973348199,2.0245264579445514e-39
265,-0.49512589638269755,1.3824788563249518e-39
266,-0.45716323095820277,9.437123406151688e-40
267,-0.3471509704896829,6.205947586042711e-40
268,-0.3144797779617368,4.0796477621742065e-40
269,-0.30298091289014034,2.6808800712445435e-40
270,-0.48605151407031144,1.8313538804400012e-40
271,-0.46711262000506354,1.2505680072600455e-40
272,-0.3360925240389239,8.220947569295168e-41
273,-0.45586172897917016,5.613799784590345e-41
274,-0.34532538057898393,3.6903833638566004e-41
275,-0.4553530997951775,2.5200347233026064e-41
276,-0.3438884898875813,1.6566130920352284e-41
277,-0.45515786336278113,1.1312435872905401e-41
278,-0.3477640824263929,7.436536170146139e-42
279,-0.33341885840434415,4.886809543333976e-42
280,-0.4637162765614618,3.3382610867786037e-42
281,-0.44531305493816015,2.2795826407965738e-42
282,-0.3575941572020896,1.498545401854915e-42
283,-0.3443769545916344,9.847469041167773e-43
284,-0.4527424651056531,6.726970308926716e-43
285,-0.4287403141044063,4.593614562419132e-43
286,-0.39975861509066196,3.1357085359759944e-43
287,-0.37608867577799465,2.13977710559382e-43
288,-0.4190901704605971,1.4076195617996246e-43
289,-0.3884825830925522,9.256648287467e-44
290,-0.36138181942138764,6.085108510444091e-44
291,-0.34348588993931106,3.998738883357921e-44
292,-0.45266764052129227,2.7316052103383515e-44
293,-0.3507904251202593,1.7950338847393709e-44
294,-0.443567886626059,1.2262175789208864e-44
295,-0.3590926210893578,8.057907108595037e-45
296,-0.4382003008466186,5.5044907117758595e-45
297,-0.36564125404889547,3.617194501048311e-45
298,-0.4290612395657998,2.4709658805161833e-45
299,-0.38544974670587345,1.6873368441834175e-45
300,-0.3513244033551265,1.1518155198868809e-45
301,-0.4370060313558161,7.57445509353936e-46
302,-0.3708305032689566,5.1704998687722086e-46
303,-0.3411325401540206,3.528298984660263e-46
304,-0.32131269089122727,2.4068845312752194e-46
305,-0.3049599008276565,1.641372661141547e-46
306,-0.2934459360764835,1.1189894038166902e-46
307,-0.5064136666165089,7.368121875864403e-47
308,-0.49175361466852957,4.850142142275524e-47
309,-0.31311505098959863,3.3075499100755323e-47
310,-0.3036047827384451,2.254889087402799e-47
311,-0.49682985073808195,1.4847591546329067e-47
312,-0.4743481320537806,9.773580117619335e-48
313,-0.33035680767171777,6.665083845147118e-48
314,-0.31303559664075786,4.54385428418334e-48
315,-0.2995292968062274,3.0968098883749217e-48
316,-0.4904790831905291,2.0397361881699012e-48
317,-0.3157396558445007,1.3901579588915033e-48
318,-0.4573535762711556,9.156375748694687e-49
319,-0.3737845779361826,6.029127016527461e-49
320,-0.4324435632117131,4.110297073589044e-49
321,-0.34371373180561493,2.8013241238735713e-49
322,-0.4422463113947367,1.8451123563341228e-49
323,-0.35778594313288026,1.257514399206846e-49
324,-0.2546039928563438,8.567986866301123e-50
325,-0.19438271937592738,5.83612233209737e-50
326,-0.598721817502233,3.846169304282575e-50
327,-0.1985674356963969,2.6198353148785105e-50
328,-0.16596336856349117,1.7840345072471437e-50
329,-0.611226813796128,1.1760440728489636e-50
330,-0.17904829712099407,8.00853090303243e-51
331,-0.5915725337562119,5.279261843018998e-51
332,-0.1962408464755714,3.5950295223712585e-51
333,-0.5692058133281078,2.3698606413312278e-51
334,-0.34368985485461834,1.561805036879668e-51
335,-0.1687684891359987,1.0289886847237896e-51
336,-0.12110588235776411,6.77750825237083e-52
337,-0.6701853587092522,4.619130205725093e-52
338,-0.6093902570337286,3.1472122276571644e-52
339,-0.37301686199515294,2.143737595808118e-52
340,-0.42686807176705227,1.4127835689953008e-52
341,-0.3611946643578358,9.623238067582642e-53
342,-0.428674014519695,6.341985441219908e-53
343,-0.36328839786687517,4.3198715685378485e-53
344,-0.13790744967351531,2.941711603542054e-53
345,-0.12157967589173074,2.002703811975836e-53
346,-0.6466054505730169,1.3205343388300287e-53
347,-0.5250605296311404,8.705025468206598e-54
348,-0.28303455852573683,5.927878647007997e-54
349,-0.16955587244328738,4.035672684228634e-54
350,-0.1702514343493872,2.7467774500556896e-54
351,-0.6101977113560768,1.8116134679502343e-54
352,-0.19171119612485232,1.233028397329999e-54
353,-0.17860965278524257,8.39024987742207e-55
354,-0.6125399249568075,5.535064475614367e-55
355,-0.53148361613143,3.6506042197894786e-55
356,-0.26253837584965833,2.4846904431032887e-55
357,-0.16380585187492408,1.690729405001675e-55
358,-0.6471622373015529,1.1153775399090667e-55
359,-0.505484414405475,7.356376735608841e-56
360,-0.27969452774782994,5.0069297766518e-56
361,-0.5150610545983035,3.302277516614808e-56
362,-0.2875192562925604,2.247610776738993e-56
363,-0.5010509222777053,1.4823923772083876e-56
364,-0.20984592661864526,9.77453593495817e-57
365,-0.11060479009173146,6.443420799575544e-57
366,-0.14384658722044896,4.246396131487031e-57
367,-0.1926036896652867,2.7977202448295623e-57
368,-0.5806565187036417,1.9062072234245282e-57
369,-0.23244470580967502,1.2558966179039911e-57
370,-0.24590562611562128,8.272053734248538e-58
371,-0.5288919983732017,5.6377199177710166e-58
372,-0.45466085244744525,3.84122124103017e-58
373,-0.3570796084832509,2.5307724710874092e-58
374,-0.4315493890918136,1.7243242150984445e-58
375,-0.380913024920849,1.1360637622711384e-58
376,-0.282911902931333,7.482765980151582e-59
377,-0.21834821161594573,4.9271183017708635e-59
378,-0.5510942374197237,3.3590136484900456e-59
379,-0.4002505870926745,2.289295833724094e-59
380,-0.2381257228798414,1.5597957883263602e-59
381,-0.5763435901510024,1.0276648997587464e-59
382,-0.4186475640747473,6.768789047137438e-60
383,-0.2307215940638991,4.456991503334633e-60
384,-0.5526724302060174,3.0385094032599967e-60
385,-0.25160795503182376,2.0007434858469167e-60
386,-0.5322865807252305,1.363986871123412e-60
387,-0.2621611648375686,9.296090424404377e-61
388,-0.5224076881868857,6.1229370644729986e-61
389,-0.24960704420796348,4.031722407326302e-61
390,-0.12349068906512044,2.6539228154984544e-61
391,-0.6628578809511015,1.809840188648777e-61
392,-0.4743574544494955,1.2338404566158025e-61
393,-0.33437651568894317,8.124372606844359e-62
394,-0.12629504865431293,5.347951977977005e-62
395,-0.6361349414210085,3.647030863212433e-62
396,-0.15603052886431507,2.4006956429138785e-62
397,-0.1048616327620475,1.5797808083893553e-62
398,-0.6761850191130175,1.0776722741040402e-62
399,-0.12944622127762415,7.091636048859818e-63
400,-0.6365416279191802,4.837670838453036e-63
401,-0.4294017988545278,3.299045116066083e-63
402,-0.17734174112815035,2.2490910291046936e-63
403,-0.10987599665637611,1.5328412627647802e-63
404,-0.6530675615456243,1.0096169629650971e-63
405,-0.14510933211260393,6.8809244285511e-64
406,-0.6443875819266611,4.5321705467503216e-64
407,-0.5574205148463984,2.9842628390187894e-64
408,-0.34951622982532515,1.9644217621541138e-64
409,-0.19441257822382513,1.2926902285983765e-64
410,-0.16101878478468482,8.503764473250277e-65
411,-0.6279910681787747,5.802886436178116e-65
412,-0.5283797248803586,3.958530062420078e-65
413,-0.3033612999735395,2.699515883847067e-65
414,-0.1725943014657902,1.840367968209516e-65
415,-0.6244216915969378,1.2118126802589484e-65
416,-0.16862715374323764,8.261411809292514e-66
417,-0.6309249884733329,5.439827121682418e-66
418,-0.17582389726091766,3.7085477611914114e-66
419,-0.16044236507737186,2.52751665438417e-66
420,-0.1838927005164535,1.722105887040328e-66
421,-0.22005088575556628,1.1730200783945962e-66
422,-0.5575241723473875,7.730533326924031e-67
423,-0.5469752529572113,5.093229393201057e-67
424,-0.47877385836295483,3.354692306738423e-67
425,-0.36844607283627984,2.2089379656112094e-67
426,-0.2693640050761144,1.4540561756691073e-67
427,-0.2272847276343821,9.568435080150155e-68
428,-0.5692977117635045,6.5272581725786235e-68
429,-0.23410450688615667,4.295270507479403e-68
430,-0.5682950037342681,2.930086193670545e-68
431,-0.23217993379208796,1.928146930807504e-68
432,-0.22531771275509097,1.2684018960354976e-68
433,-0.24419102302763457,8.341138868335965e-69
434,-0.5526327827515423,5.69385611130335e-69
435,-0.5479423136354616,3.885432210848066e-69
436,-0.2491795567603247,2.5559720083640737e-69
437,-0.5465154274165257,1.7441705194496976e-69
438,-0.25612990157832183,1.1473758345546327e-69
439,-0.2568785806673697,7.545259274766351e-70
440,-0.5398076613153335,5.150570121315747e-70
441,-0.2532592512576926,3.3870668884426146e-70
442,-0.24059019753656866,2.2265801733237796e-70
443,-0.5499809398290865,1.5204543262218896e-70
444,-0.23585390618098442,9.995118398050447e-71
445,-0.5589274694007443,6.8253194704100656e-71
446,-0.2554047124629238,4.486808648884847e-71
447,-0.21176781755329893,2.9484398142923303e-71
448,-0.5759767598084713,2.014128402484408e-71
449,-0.20491317524190794,1.3235546326358276e-71
450,-0.5908962018034352,9.041422398752507e-72
451,-0.2234039375706797,5.941436745902231e-72
452,-0.5850350624196254,4.0586945148000016e-72
453,-0.22804943958440915,2.667110955235512e-72
454,-0.17269316768518805,1.7519821068647834e-72
455,-0.6148582305598249,1.1972661078052212e-72
456,-0.18032727961143324,7.864647677716013e-73
457,-0.17390193315864058,5.164104859888777e-73
458,-0.629045962206339,3.530440342526718e-73
459,-0.17801765761777552,2.3181666716040727e-73
460,-0.2081558859958862,1.5215301447836325e-73
461,-0.23846442059229203,9.982264470325e-74
462,-0.2623299796612055,6.54609338184106e-74
463,-0.5330567985152782,4.48103852072889e-74
464,-0.27144673429650623,2.938541319108452e-74
465,-0.2865691133662471,1.9261097379884008e-74
466,-0.5072536399660668,1.319111198147784e-74
467,-0.2986663340889216,8.646306613829933e-75
468,-0.30732816786443495,5.664569123279029e-75
469,-0.48415294078988036,3.8813270389482577e-75
470,-0.4666471918633579,2.6581569366330983e-75
471,-0.43865920873292946,1.8196049051542283e-75
472,-0.3483193433897367,1.1932466488545976e-75
473,-0.31182178990832154,7.821309080241805e-76
474,-0.48543262514884605,5.356484206708289e-76
475,-0.3247486871199667,3.5109856461205477e-76
476,-0.31045913951530857,2.300198428248974e-76
477,-0.3057654068950298,1.506186953424482e-76
478,-0.30282397451729304,9.857332988841956e-77
479,-0.4847727652251895,6.761273233922503e-77
480,-0.45572230230873345,4.635157685165493e-77
481,-0.3557830851845879,3.0351355547078128e-77
482,-0.4341513192568857,2.0807222848707903e-77
483,-0.3801961723499232,1.4256977872548743e-77
484,-0.33411125220956245,9.764001911472331e-78
485,-0.3063791575546386,6.683813708363681e-78
486,-0.482100897260976,4.383060458059929e-78
487,-0.3178980084458064,3.000363973684458e-78
488,-0.4770832645643197,1.967555839623102e-78
489,-0.44614758633673934,1.2896631529699908e-78
490,-0.3567839926971468,8.832358164068105e-79
491,-0.33908815821420046,6.046069747775634e-79
492,-0.3305440774161056,4.136892613471525e-79
493,-0.3273095513514724,2.829358306682261e-79
494,-0.3257494953176735,1.9342908365321766e-79
495,-0.46606113815449873,1.270098943869667e-79
496,-0.33511939825723835,8.683031565192939e-80
497,-0.315722679199316,5.9337931393672466e-80
498,-0.3007932540232681,4.0534730397185366e-80
499,-0.502340006645409,2.6636797402619572e-80
500,-0.2985260316568773,1.8196040475296508e-80
501,-0.49675979607558224,1.1957258354035929e-80
502,-0.3020927711734812,8.168202569360607e-81
503,-0.49621656514808404,5.367613275126729e-81
504,-0.44897102651488396,3.5258984618289046e-81
505,-0.3504550339621885,2.4095215992043886e-81
506,-0.2939957209637598,1.6459843832769659e-81
507,-0.5043690426676304,1.0816342458828504e-81
508,-0.4335258297786247,7.105080653802815e-82
509,-0.3416912050993421,4.66535603853782e-82
510,-0.46997456642061275,3.1894707054920826e-82
511,-0.38026027635673837,2.1796142566529076e-82
512,-0.4222457794510791,1.431753399695397e-82
513,-0.3223980253915701,9.401215404065627e-83
514,-0.4712048035536158,6.427141011232637e-83
515,-0.353331720985273,4.3921670619137814e-83
516,-0.2527756715691775,3.0003625595390694e-83
517,-0.5435158674189338,1.971643794093096e-83
518,-0.25241953479419676,1.3468627529770885e-83
519,-0.20183602998763542,9.19725830727296e-84
520,-0.20176260132426957,6.278263226008232e-84
521,-0.21996208974165504,4.284225960345078e-84
522,-0.24065615175032606,2.9225519824916963e-84
523,-0.5545487118003147,1.9231890335989065e-84
524,-0.2484604774216793,1.3119335849405227e-84
525,-0.2595420717132939,8.946718845768194e-85
526,-0.5372308835797814,5.889269862798008e-85
527,-0.5325557213948412,3.8754414921924627e-85
528,-0.27373907673013737,2.6436932414100257e-85
529,-0.5215452315123553,1.739685685845197e-85
530,-0.502044482044636,1.1444255555294922e-85
531,-0.4662319016108378,7.525857942171409e-86
532,-0.4200971319479115,4.9473265905873664e-86
533,-0.37984144463135444,3.378357630240747e-86
534,-0.3447516988336324,2.3061457844967017e-86
535,-0.32425382225267846,1.5736915262412385e-86
536,-0.47005560310302597,1.0352288426605694e-86
537,-0.44110242330430416,6.807769338825456e-87
538,-0.40844647068710854,4.475271594462078e-87
539,-0.37841562349275454,2.940858409944232e-87
540,-0.4181039585069487,2.0089494187540277e-87
541,-0.3857995470485376,1.371841836867618e-87
542,-0.35925713600892417,9.364512628176139e-88
543,-0.3388062478689949,6.390252632513456e-88
544,-0.45534952873368517,4.20372971878827e-88
545,-0.42351351350713035,2.764415084758163e-88
546,-0.3820188351818793,1.887054270764055e-88
547,-0.36122379345602734,1.2877075401834723e-88
548,-0.4357316340527032,8.470986621459844e-89
549,-0.41326907307702054,5.570606286718705e-89
550,-0.3880263886759258,3.802625894373324e-89
551,-0.3748480090428476,2.594875045484953e-89
552,-0.42245666966531414,1.7069987639841854e-89
553,-0.404695553870347,1.122539613270293e-89
554,-0.39789543598394456,7.66271745152501e-90
555,-0.3870029693484067,5.2289641021447774e-90
556,-0.3731808349312164,3.567019934184385e-90
557,-0.42769242838382704,2.3472819854527917e-90
558,-0.37697389767338785,1.6012352484553711e-90
559,-0.41469165843167366,1.0536948832697582e-90
560,-0.39222869305497265,6.931570236831152e-91
561,-0.41183999011505695,4.7300363309979444e-91
562,-0.39030598317344933,3.2266685241089245e-91
563,-0.3730376621990643,2.2004235904213938e-91
564,-0.42197359797736445,1.4484515004724957e-91
565,-0.39113929847293055,9.531553444033564e-92
566,-0.3610652099172213,6.270186295145386e-92
567,-0.44304855783632713,4.278714341026669e-92
568,-0.41480054858366755,2.918792144865284e-92
569,-0.38832135777500504,1.990467580760217e-92
570,-0.3633715763160684,1.3569813755532318e-92
571,-0.4291950563612674,8.935208970032615e-93
572,-0.3875801651619714,5.8816933685029886e-93
573,-0.35091254455324195,3.870455770525716e-93
574,-0.45451921604697326,2.6402921531209917e-93
575,-0.42403343650267084,1.8005447711541262e-93
576,-0.37095861874553315,1.1852271475360134e-93
577,-0.3306578568144596,7.799402255701193e-94
578,-0.47431652578289757,5.320484665289164e-94
579,-0.3265238127029779,3.501151672584265e-94
580,-0.30450830901442294,2.3031789480659068e-94
581,-0.4986695562947214,1.5716669858230768e-94
582,-0.3012458807068332,1.0338970297867861e-94
583,-0.2903644432871364,6.799011202968369e-95
584,-0.28904757383136076,4.469514196602236e-95
585,-0.5087264015884304,3.052076129012499e-95
586,-0.2904097679049584,2.006364922854744e-95
587,-0.5085829724012897,1.3700769743137117e-95
588,-0.4975736767563895,9.35246526438471e-96
589,-0.4784938905860738,6.382031628256236e-96
590,-0.4429841119319406,4.3536030452470895e-96
591,-0.34535889932854535,2.864893997924224e-96
592,-0.3010455404874234,1.884626591909133e-96
593,-0.4933602094246747,1.2860509156681839e-96
594,-0.4401013350196441,8.772998175074259e-97
595,-0.3685670052969355,5.982737922696385e-97
596,-0.30124673750264014,4.0786717725964413e-97
597,-0.48128724564869535,2.6856510534984074e-97
598,-0.35931473907554695,1.767857477587006e-97
599,-0.2707252821717162,1.1633408521830504e-97
600,-0.5331796876181608,7.935912216888071e-98
601,-0.2611647279141907,5.2222370854497146e-98
602,-0.5527478520530391,3.5624309941610545e-98
603,-0.24465296682445054,2.3442622276583767e-98
604,-0.22322806780201646,1.5421369641788667e-98
605,-0.22930307952061946,1.014124830025481e-98
606,-0.5569073601657996,6.922652832198931e-99
607,-0.2480662728203159,4.552406361984386e-99
608,-0.5501825671198972,3.1075788563741015e-99
609,-0.2592858455445931,2.0435752158947913e-99
610,-0.271500707749416,1.3433995277546445e-99
611,-0.28677319439367077,8.827950920344602e-100
612,-0.5021787517695241,6.030520480090603e-100
613,-0.4881499377747467,4.1180331448097065e-100
614,-0.3199299377102059,2.7071006435126714e-100
615,-0.31754249656576655,1.778931071779255e-100
616,-0.3197996815583208,1.1685510874547922e-100
617,-0.470037212207347,7.985621581217077e-101
618,-0.4372870559653751,5.4551112626601724e-101
619,-0.3709244095724356,3.584745527808347e-101
620,-0.4249330294871043,2.4487994458081514e-101
621,-0.38346672296060763,1.6091922674331663e-101
622,-0.35126432291763054,1.0570524085298615e-101
623,-0.43989341705172696,7.223664088507485e-102
624,-0.3725568530173382,4.745108261890549e-102
625,-0.33096746174480546,3.115744994573449e-102
626,-0.2972911562424846,2.0450211759027048e-102
627,-0.27728911297642117,1.3416718883462384e-102
628,-0.5215320298755073,9.18010005862724e-103
629,-0.27464982343036287,6.022765106786267e-103
630,-0.2584956716299049,3.9495630398413223e-103
631,-0.255596313088004,2.5887986608762346e-103
632,-0.5464908209448766,1.7729588485847698e-103
633,-0.5348280600957963,1.2136546842142796e-103
634,-0.48857753517507846,8.304169994529629e-104
635,-0.31091848574230246,5.448095877437904e-104
636,-0.48581593750951463,3.727741910544351e-104
637,-0.3173555549842729,2.445650239381875e-104
638,-0.2701205820327712,1.603789890951914e-104
639,-0.2562489736745645,1.0512274598837553e-104
640,-0.5411225976480646,7.19941282048314e-105
641,-0.2622105092817043,4.718960067418178e-105
642,-0.5345886588181945,3.2318164151148828e-105
643,-0.2675284743996925,2.1183411742640206e-105
644,-0.25996881274417094,1.3878168499267883e-105
645,-0.5360718694916533,9.509233531271187e-106
646,-0.5110541110745214,6.5124723630766235e-106
647,-0.46146698778052325,4.458023713056348e-106
648,-0.39478765202281746,3.0503064203003487e-106
649,-0.4136422476844187,2.001206844790996e-106
650,-0.3817451863631556,1.3692825520728266e-106
651,-0.338061761910966,9.364978317992306e-107
652,-0.46282252244559124,6.146709376254918e-107
653,-0.343682073473178,4.2039387669467474e-107
654,-0.454330758140792,2.759257839000833e-107
655,-0.3508651506427491,1.8871481124823946e-107
656,-0.3461543786278344,1.2901488272208495e-107
657,-0.340913307659593,8.816593838508831e-108
658,-0.45289623532965223,5.7914780853943944e-108
659,-0.34681432917373367,3.957768974106615e-108
660,-0.32449043194799665,2.7036179821540563e-108
661,-0.31151401265364287,1.846206890130099e-108
662,-0.30694135622593455,1.2602639219930336e-108
663,-0.3056996957258971,8.599918826470974e-109
664,-0.2979304195791624,5.86656960865481e-109
665,-0.29462971105625013,4.0007016727254853e-109
666,-0.5055240025061216,2.6335030973251445e-109
667,-0.29167022780302015,1.7959149808864703e-109
668,-0.5095315708207308,1.1821795403892577e-109
669,-0.472513385305528,7.779347438272893e-110
670,-0.322933610097928,5.3068039568073755e-110
671,-0.47319059272273967,3.492149065040702e-110
672,-0.37800274457796307,2.297256720721574e-110
673,-0.28647314228316245,1.5106992021730998e-110
674,-0.2364787933581258,9.930990447493978e-111
675,-0.2356384324205968,6.526003206761571e-111
676,-0.24596290690612313,4.286826097408787e-111
677,-0.26996288332386004,2.814826600033505e-111
678,-0.29547119998354515,1.847513199439733e-111
679,-0.48783172480985126,1.2635756607550401e-111
680,-0.32095666217820135,8.29348675228496e-112
681,-0.4459254730727446,5.672191141129378e-112
682,-0.3874271919438285,3.877793534114471e-112
683,-0.3224550392067478,2.6499989658968643e-112
684,-0.2779254146065883,1.8102584824334453e-112
685,-0.26116070325455376,1.236162692083561e-112
686,-0.5138325871841205,8.12625032764374e-113
687,-0.29966360829783556,5.549134324763106e-113
688,-0.4772857569693073,3.6478737720792747e-113
689,-0.33048604129778547,2.491006398386159e-113
690,-0.4460926169598564,1.637530536286386e-113
691,-0.33511229773138285,1.0760789256092405e-113
692,-0.48119562684924133,7.350874577389591e-114
693,-0.40824773655441254,5.019657134565372e-114
694,-0.38319521435758336,3.299807597790187e-114
695,-0.42891625641817505,2.2533240877063952e-114
696,-0.35647241042202044,1.4812836306480158e-114
697,-0.2785518001192176,9.734035869676766e-115
698,-0.5054047989238505,6.649482217978942e-115
699,-0.4226977427680953,4.540700634358619e-115
700,-0.3369636620612255,3.09958825343231e-115
701,-0.27123100847296455,2.1151289749567357e-115
702,-0.21755303960218692,1.44286842855682e-115
703,-0.5632012547092231,9.494813968580787e-116
704,-0.40978222096078076,6.246017794509314e-116
705,-0.3977004232419423,4.262221990495915e-116
706,-0.3733413109636752,2.8038373879552314e-116
707,-0.16319222588342283,1.843831761073972e-116
708,-0.12768893616086624,1.212092756762672e-116
709,-0.6804881794705968,8.276960775461059e-117
710,-0.7012906136419222,5.6500466469009834e-117
711,-0.5827040973821697,3.855537057053956e-117
712,-0.2632561080540423,2.6301151185675652e-117
713,-0.08610627467435711,1.7936045519327923e-117
714,-0.10841993731384764,1.222771973583577e-117
715,-0.6896234796525005,8.051490833626307e-118
716,-0.1159476897453265,5.489023389416678e-118
717,-0.6740778344111943,3.61431423521485e-118
718,-0.6405982258002253,2.3791595854384965e-118
719,-0.418165457547162,1.5656089784914665e-118
720,-0.3966352618957962,1.0680047379033416e-118
721,-0.19738030422288905,7.283248348583693e-119
722,-0.14136489590221793,4.965281754944339e-119
723,-0.6441409330316362,3.2694501836792196e-119
724,-0.15660299925277474,2.228914979794514e-119
725,-0.6280478323308558,1.4676561874536018e-119
726,-0.4460008593361263,9.660998073956317e-120
727,-0.3547593100910125,6.588308625479218e-120
728,-0.18708272822419636,4.491513545655181e-120
729,-0.5994001377588376,2.957491741977622e-120
730,-0.3950979981949678,1.9467994116906073e-120
731,-0.4090292014045878,1.3276180429737548e-120
732,-0.3840029091526941,8.739182559079134e-121
733,-0.4077801775279445,5.959677394909186e-121
734,-0.20664406138301142,4.062950488301168e-121
735,-0.13946765294305796,2.7690556213358317e-121
736,-0.6492537943519381,1.8238584741983945e-121
737,-0.1579968486356708,1.243029068417655e-121
738,-0.6309681069905994,8.187300690676595e-122
739,-0.47224208762270364,5.391027753926458e-122
740,-0.3268090485410217,3.675279280044724e-122
741,-0.16401460495138012,2.504842916420145e-122
742,-0.6131254730771575,1.649832868812077e-122
743,-0.41720447109139974,1.086352525837303e-122
744,-0.1990664851415363,7.151027433721468e-123
745,-0.599107835119265,4.876636488483653e-123
746,-0.39922678730782224,3.324598176920929e-123
747,-0.2084030939726067,2.2658403780684607e-123
748,-0.5875544212705032,1.492412121619805e-123
749,-0.2059495160706935,1.017135745714932e-123
750,-0.5787312439898585,6.699438013951307e-124
751,-0.3562371605372881,4.411326471745444e-124
752,-0.4385155277867236,3.007377724462742e-124
753,-0.20532397088909118,2.049642548532683e-124
754,-0.12762530134902922,1.3965096898704661e-124
755,-0.14295569620649035,9.51238781667498e-125
756,-0.17434559568349953,6.47766980423823e-125
757,-0.19936763257980078,4.4099679907603195e-125
758,-0.5933443373467324,2.907825975122542e-125
759,-0.2150179445108498,1.979634631052308e-125
760,-0.5601289351839,1.3053230802325096e-125
761,-0.2383807478357938,8.886579858793808e-126
762,-0.5472888938721667,5.8595953071637356e-126
763,-0.4308171481945165,3.862673228735298e-126
764,-0.36717728250264525,2.630372333385801e-126
765,-0.2349714037659052,1.7907454601071706e-126
766,-0.18082960830680422,1.2188251212330757e-126
767,-0.16627887074594802,8.293602439464236e-127
768,-0.6289873475053932,5.471305969215277e-127
769,-0.5452273645880549,3.608552844682027e-127
770,-0.2480668419216415,2.4560692495807374e-127
771,-0.15828355290099277,1.6712538628353898e-127
772,-0.13873852276040702,1.1369509692116566e-127
773,-0.16127318726037265,7.732886168626156e-128
774,-0.1991375702083998,5.258295690558129e-128
775,-0.604783249298884,3.471292601096281e-128
776,-0.2047183334441215,2.3604489354915465e-128
