t,lambda,delta_s
1,-0.9241326074275478,1.087600672315237
2,0.2637554696336388,1.060460171606851
3,-0.16813245246828384,0.755846605609309
4,0.01780750595048629,0.7161854384974887
5,0.46161145347580346,0.5005777562241616
6,0.6914689910786544,0.42507517772163084
7,0.22961141314499753,0.4747081804242922
8,-0.08134880390717178,0.2946316562365957
9,0.13763985894284608,0.24238120555169376
10,-0.4090814778352258,0.15113398697732622
11,-0.24803669626857824,0.16836597382029997
12,-0.0755321848680674,0.07302719956144271
13,0.0666230522875491,0.06323813710591317
14,-0.17492264973656224,0.06631482618216895
15,-0.1472051110633266,0.063468336906045
16,0.033466743570944646,0.05693270508303923
17,-0.7291821583499258,0.029924598173315487
18,0.08990588536111557,0.025970959565584033
19,0.07959791956347345,0.022275979622276638
20,-0.8476773031752373,0.01209327565399712
21,-0.6712893419189095,0.006880822645885156
22,-0.1007553707655405,0.005448434267859662
23,0.0827909104854269,0.004561866940243556
24,-0.022833057414370875,0.003869570752592574
25,-0.8008622069029577,0.0020518334880273484
26,0.0075544237567278065,0.0017404331582352123
27,-0.8155288651661698,0.0009227558823496139
28,-0.9431028923134229,0.0004980777272415591
29,0.15296880116439499,0.00041440089352873835
30,-0.9091004377848536,0.00022363698306109383
31,0.11908109753051747,0.00018605997581379622
32,-0.8855747792950732,0.00010041035251884245
33,-0.11704770390363237,5.9504054175529424e-5
34,0.09370845760933091,4.472055702149159e-5
35,-0.05370042110998388,3.667329862429082e-5
36,-0.15326802127602224,3.0377429268133966e-5
37,-0.6269804059884567,1.646250160114086e-5
38,-0.6650720744641986,9.01116343018975e-6
39,-0.14450288268569392,7.389997726450868e-6
40,-0.1955702938788167,6.121386821209767e-6
41,-0.23648966410462105,5.016975519682585e-6
42,-0.5507992879071183,2.7478886639004736e-6
43,-0.26329928144773646,2.252120380224218e-6
44,-0.2818605057638234,1.8064055894141235e-6
45,-0.2952539246313186,1.4217665291324496e-6
46,-0.46919170948199185,8.108960278511167e-7
47,-0.3879273761088733,4.538270961412425e-7
48,-0.3060585832211341,2.485672290940297e-7
49,-0.4788430008962462,2.03722991756159e-7
50,-0.3002756279217669,1.115818235096803e-7
51,-0.22724366625675727,6.046838021545295e-8
52,-0.5551887166203763,5.008908033887419e-8
53,-0.4422433972522675,4.1052466787722945e-8
54,-0.34608595676867754,2.2484987988902534e-8
55,-0.45050946365861816,1.8428452345468747e-8
56,-0.28619110340659504,1.478131449883683e-8
57,-0.49851164626357053,8.272532228360002e-9
58,-0.3002321196068591,4.530977107165982e-9
59,-0.1905524557840944,2.4554252281261354e-9
60,-0.5946861355462599,2.033955620946778e-9
61,-0.20423681815298664,1.1022403851088734e-9
62,-0.5779457140303974,9.130426779645925e-10
63,-0.22820734681427576,4.947957090229065e-10
64,-0.18105038779303284,2.708291096242262e-10
65,-0.18375729747547914,1.6173276103180892e-10
66,-0.611571145446221,1.2157518731394862e-10
67,-0.19238287786446215,7.260183643000683e-11
68,-0.20980896548981964,5.497746927148898e-11
69,-0.22953731288610296,4.572444881842235e-11
70,-0.2398585203279282,3.876334814650467e-11
71,-0.5568327747035194,2.0525705074666325e-11
72,-0.5338538195419238,1.1078576356409177e-11
73,-0.4616101799366626,6.56744466761968e-12
74,-0.33058810497226626,4.973172926399076e-12
75,-0.4603787346851921,2.9481259112989393e-12
76,-0.3305820527091244,2.2161184765725996e-12
77,-0.45226901979287165,1.3234137215830335e-12
78,-0.3178881600401779,1.0021500939424824e-12
79,-0.4707637717533449,5.940804196187496e-13
80,-0.330356285889011,4.4986517717079887e-13
81,-0.22846812511611223,3.7415031175808695e-13
82,-0.19098739240914292,3.171895816954137e-13
83,-0.18134021741079123,2.636463761567903e-13
84,-0.17999481577395415,2.1253326276643982e-13
85,-0.18131043701079363,1.6687506852955722e-13
86,-0.6213671420979625,9.540618165585537e-14
87,-0.1864209560580653,7.491021826291674e-14
88,-0.6123124432376216,4.282783494531424e-14
89,-0.19493219132155287,3.362719697822303e-14
90,-0.17407942726149517,2.5860586893892675e-14
91,-0.19376024383151802,1.956688823264321e-14
92,-0.21698049967484107,1.4614455045082034e-14
93,-0.5836774170156568,8.783576127633568e-15
94,-0.5957721648999801,5.211198156298546e-15
95,-0.5368858957431633,3.041861835528462e-15
96,-0.39044920383687665,1.7390999471024196e-15
97,-0.23323399923484792,9.68431805237496e-16
98,-0.18754445582601445,5.230169423327856e-16
99,-0.19548922275441902,2.7694438227211413e-16
100,-0.2247426634603024,1.4947839668832845e-16
101,-0.5683517409002459,1.2432033320195206e-16
102,-0.5892344380438321,1.0539377689997989e-16
103,-0.5881416846155146,8.76027743427881e-17
104,-0.21585335687862753,4.731126645040097e-17
105,-0.24588341586954499,2.5051940771128536e-17
106,-0.5548462548069617,2.1238027509584995e-17
107,-0.2557784691404893,1.1245816212159605e-17
108,-0.5203345281399446,9.533750549052708e-18
109,-0.4950222615697076,7.924405240564597e-18
110,-0.4312448618079603,6.388101083774832e-18
111,-0.388186664180536,3.557265512489448e-18
112,-0.32449341917551305,1.921157608977776e-18
113,-0.4595723356027432,1.5968564885565131e-18
114,-0.35246398501739024,8.624076506701238e-19
115,-0.30911211522101856,4.566562471500475e-19
116,-0.4885862271729171,3.8713479438581863e-19
117,-0.38144512772991146,3.217844832053742e-19
118,-0.2876472602570196,2.5940013710855073e-19
119,-0.5144333623699613,1.4444905451089244e-19
120,-0.274265170390637,1.1644472154802843e-19
121,-0.22520557955031592,9.142908096030582e-20
122,-0.2290901177422137,7.031242283839104e-20
123,-0.5759680537401652,4.104251444308128e-20
124,-0.57065918494743,2.346491673725629e-20
125,-0.5275585241205555,1.3066627776897031e-20
126,-0.25950806187903397,1.0533401123354348e-20
127,-0.5510791708131383,5.8656092090490776e-21
128,-0.23775069068397234,4.728443764273769e-21
129,-0.5669967597853236,2.6330719739421314e-21
130,-0.43083039059135536,1.4220322435771696e-21
131,-0.252911928834737,7.5298486414599775e-22
132,-0.5388622750638559,6.383502741417915e-22
133,-0.3163971034763404,5.305935194861675e-22
134,-0.48042577020449956,2.8655543806225016e-22
135,-0.30572368939301664,2.3818343089734056e-22
136,-0.15276640112528936,1.9200681778158312e-22
137,-0.6512477973080655,1.0692054212981625e-22
138,-0.49448769275203586,5.774413305600409e-23
139,-0.2977023009764017,4.799663136207451e-23
140,-0.5050568146537979,2.5921341328840248e-23
141,-0.21353878883187646,1.3725692766205977e-23
142,-0.10033411048414037,7.408327012436553e-24
143,-0.12266144580980005,4.391699453850947e-24
144,-0.16295713579497909,3.301258696578848e-24
145,-0.20059984602042957,2.7074456453029953e-24
146,-0.23002183149515346,2.2427171558689406e-24
147,-0.5632902770457177,1.215372350176515e-24
148,-0.24073334280152545,1.0067557312695675e-24
149,-0.256659116166353,8.251260818308109e-25
150,-0.2723298531961151,6.618270425657088e-25
151,-0.5108375906478257,3.7039909813385114e-25
152,-0.48196710105786533,2.0287256558256542e-25
153,-0.4278109751330813,1.0994061652990287e-25
154,-0.36286647329316224,6.017659154729198e-26
155,-0.4263579097238793,4.9352342760273404e-26
156,-0.3325974986782996,4.0881096166347115e-26
157,-0.26767299389419974,3.350570317404486e-26
158,-0.24287027999085392,2.687465701188377e-26
159,-0.5419420181376001,1.5040710154828736e-26
160,-0.26738355456212765,1.2064033532634628e-26
161,-0.525155514038109,6.751774788502621e-27
162,-0.283877056962487,5.415544652799685e-27
163,-0.2604070971538709,4.262404521260607e-27
164,-0.24898983954699264,3.290597820519495e-27
165,-0.540350912084109,1.9133933895938864e-27
166,-0.2665903194955733,1.4771493616312011e-27
167,-0.24465201265032557,1.1220536128512283e-27
168,-0.5530778494629289,6.63092348436246e-28
169,-0.2505442874974547,5.036898668089166e-28
170,-0.5375917952058646,2.9766215521303095e-28
171,-0.45932494967484633,1.7308247047552215e-28
172,-0.34839727206682447,1.3362054147512963e-28
173,-0.4406885492766445,7.76967209964619e-29
174,-0.3060229305192342,4.4313879609347395e-29
175,-0.22097332468667133,2.4800771178044887e-29
176,-0.20210258985309779,1.3583715788362732e-29
177,-0.21802014783435192,7.361281621549696e-30
178,-0.5816302874331529,6.09773001739603e-30
179,-0.5903757828665813,4.997633409020953e-30
180,-0.5853522091047938,4.0085618570934036e-30
181,-0.5396361466564759,3.15501270487996e-30
182,-0.43480273716485035,2.4356857446554302e-30
183,-0.30820990325712644,1.850164959989468e-30
184,-0.23809890772190323,1.387008538410228e-30
185,-0.22543470749260264,1.0285982692418821e-30
186,-0.24423392020401707,7.559600252193284e-31
187,-0.2611802314017643,5.513821821306351e-31
188,-0.2704678494568117,3.995738694124549e-31
189,-0.2745947590716885,2.8795670027896465e-31
190,-0.2806122348548895,2.0652087593632174e-31
191,-0.2814337689286471,1.4749370907801693e-31
192,-0.2832463820002909,1.0494944285040883e-31
193,-0.5114560116341427,6.62099260051218e-32
194,-0.4759246244431496,4.1616271600188095e-32
195,-0.40594671696162704,2.6048097241958787e-32
196,-0.31763399043759305,1.622540331646362e-32
197,-0.24442632066874506,1.0050802863439673e-32
198,-0.20564375357617234,6.185808389508938e-33
199,-0.6007784336777156,4.5118054053980696e-33
200,-0.19461393297753413,2.776809386050562e-33
201,-0.18286402950791716,1.696065547903075e-33
202,-0.6056768997369867,1.2465097333980975e-33
203,-0.18776420494049748,7.613638244536904e-34
204,-0.5965892212419885,5.595582193224059e-34
205,-0.5662116806927315,4.081306176336585e-34
206,-0.4550729843520479,2.9576278559349437e-34
207,-0.30478315193165295,2.131442577314913e-34
208,-0.504114087829229,1.3276791445291962e-34
209,-0.3374953149480712,8.224289459740593e-35
210,-0.21781966270245826,5.061673124927135e-35
211,-0.5782886681759861,3.691883538477552e-35
212,-0.46365356773958477,2.675422309058433e-35
213,-0.3084899974054581,1.9280684723003079e-35
214,-0.21048950844029335,1.3827995298560974e-35
215,-0.20275307522940328,9.875719858591948e-36
216,-0.600554687082519,6.207387089524022e-36
217,-0.2068695360960923,4.433210644521926e-36
218,-0.5736523000244386,2.7864960644873327e-36
219,-0.2297878710748477,1.9900682583258936e-36
220,-0.22685411567270405,1.4160370381296135e-36
221,-0.5679466111386242,8.933416411624938e-37
222,-0.23482445991642548,6.356590264163835e-37
223,-0.5660685370023896,4.0102106271784335e-37
224,-0.23672846172880044,2.853473369583147e-37
225,-0.5559556771751509,1.8001835505403991e-37
226,-0.483007796857215,1.131505985427092e-37
227,-0.3221377558329684,8.081023958375855e-38
228,-0.2506809113856593,5.750068714074774e-38
229,-0.22355522229808902,4.077852650210303e-38
230,-0.5766773460845052,2.5812058457481654e-38
231,-0.5275218381515905,1.6284169158913086e-38
232,-0.27861704753548394,1.1587033041563516e-38
233,-0.5131466623740469,7.309963535436082e-39
234,-0.29255284783475516,5.2014191323578626e-39
235,-0.4993577784418259,3.281442631057258e-39
236,-0.3510163380217259,2.0625518863130997e-39
237,-0.44941916775426877,1.473039597081604e-39
238,-0.3059842192723713,1.0481442630785835e-39
239,-0.22319237160523545,7.43326397219494e-40
240,-0.5770987544187257,4.7051195969597606e-40
241,-0.4685017859975052,2.9683399158582637e-40
242,-0.31374260864021675,1.8657510677550223e-40
243,-0.4981126226619634,1.332487788228775e-40
244,-0.2997073285732859,8.375356543152296e-41
245,-0.4838540113515262,5.981537681358971e-41
246,-0.3297963318810149,4.256175066526374e-41
247,-0.4635587904705182,2.685112265162043e-41
248,-0.3345131142461424,1.9105969873636894e-41
249,-0.4611417211291186,1.2053468958312413e-41
250,-0.34320929090810803,8.576669876275606e-42
251,-0.2204095559760281,6.082430962840587e-42
252,-0.17826195604728906,4.3006020857630704e-42
253,-0.6312150091200478,2.7304032592191402e-42
254,-0.6103716146081781,1.728295124538847e-42
255,-0.46195670057539034,1.090337301493203e-42
256,-0.2656191156164522,6.853318831869282e-43
257,-0.5260421451495216,4.894524146402987e-43
258,-0.27651291270849676,3.076454823626121e-43
259,-0.513829360441005,2.1971518893203025e-43
260,-0.2851396847497969,1.3810205703257665e-43
261,-0.5031751112066408,9.863014831158836e-44
262,-0.2882480659591643,7.018047873539557e-44
263,-0.5094804360998358,4.4275073577072025e-44
264,-0.30372930108526347,2.7829112616123534e-44
265,-0.18560108821531116,1.7418557783031473e-44
266,-0.6000081938827916,1.249248865337786e-44
267,-0.20183428664052858,7.819190588802827e-45
268,-0.15013189374192273,4.870586889059158e-45
269,-0.1484814482899204,3.017078077899949e-45
270,-0.15983254101617347,1.8568732408397837e-45
271,-0.17243698928436815,1.1341717391307252e-45
272,-0.19701828645797106,6.865335607016995e-46
273,-0.21489193999294479,4.11095473371839e-46
274,-0.5921804308740859,3.081849153989929e-46
275,-0.19006569312013272,1.8454075799661854e-46
276,-0.6075437603934761,1.3834420852260788e-46
277,-0.18369520724685012,8.284034626468208e-47
278,-0.17503152119479268,4.89555927816464e-47
279,-0.1926245939063006,2.846634949671981e-47
280,-0.597959975258477,2.197616559968107e-47
281,-0.19908551263450813,1.2778544289077528e-47
282,-0.5878495634138557,9.86510073769683e-48
283,-0.2135287159612885,5.7362885313669e-48
284,-0.5796006550181597,4.428443721152109e-48
285,-0.4664774720937161,3.363878701568742e-48
286,-0.305124660832222,2.5217905333580183e-48
287,-0.49628005347074516,1.5100451491342086e-48
288,-0.31792536677795386,1.1320317704244146e-48
289,-0.22203249479874615,8.395088332477058e-49
290,-0.561682189948817,5.081690617435198e-49
291,-0.42565041256948727,3.0429102515666488e-49
292,-0.3827098263282623,2.28117091816666e-49
293,-0.2368006523999089,1.6917044079343345e-49
294,-0.17268185589173918,1.2433045486536358e-49
295,-0.6195879025492926,7.594061087217228e-50
296,-0.5254057299964695,4.596815119365747e-50
297,-0.31910546882078844,2.7525673844218396e-50
298,-0.18904795772435787,1.6266659188657645e-50
299,-0.6096120871767285,1.2356274988669647e-50
300,-0.1877124781289012,7.302103309788416e-51
301,-0.156532702815095,4.2459750371058825e-51
302,-0.6344934820361302,3.27791417576402e-51
303,-0.5821563030062322,2.4899279240595556e-51
304,-0.4245634155102287,1.8666180396781043e-51
305,-0.3693550231433041,1.1177286451103353e-51
306,-0.44319925617559697,8.379248380115009e-52
307,-0.24322280513251873,6.2140067221309204e-52
308,-0.5486512350946625,3.761444597833628e-52
309,-0.2553938933627089,2.789467617564571e-52
310,-0.539390486536299,1.6885124799675162e-52
311,-0.2622541208426568,1.2521920135247358e-52
312,-0.15593893292868638,9.202884492711507e-53
313,-0.15634302582951046,6.712400608769271e-53
314,-0.1840062029207951,4.864320921521915e-53
315,-0.617386214745135,3.0131966332765263e-53
316,-0.6449239489522978,1.8544843896165323e-53
317,-0.1573698089944331,1.352623968677833e-53
318,-0.18444951798489673,9.802151947241961e-54
319,-0.212293466948219,7.064013806786841e-54
320,-0.23542196780179575,5.0662697467729665e-54
321,-0.5624906085949152,3.171035797866613e-54
322,-0.2373523269247697,2.2742484893263844e-54
323,-0.5628196168065202,1.423477969662323e-54
324,-0.5653052163510154,8.866868069222209e-55
325,-0.23491789162687618,6.389992605814167e-55
326,-0.23590497829813134,4.582865649248319e-55
327,-0.24358221368514063,3.2730049674120494e-55
328,-0.5505171768520215,2.0572483899475717e-55
329,-0.24969649703623997,1.4692519298712686e-55
330,-0.25368491625430023,1.0454491409210878e-55
331,-0.26054809173671123,7.414150616200285e-56
332,-0.5389078918113317,4.6930211935947635e-56
333,-0.2593951569476426,3.328212211612308e-56
334,-0.5321062903951614,2.1066972138046895e-56
335,-0.4881379871717344,1.3290615257483606e-56
336,-0.4036451794391298,8.353820758631495e-57
337,-0.31519494281878563,5.22875132960598e-57
338,-0.478827319224362,3.7500301385496783e-57
339,-0.32556662192051744,2.3471864718601252e-57
340,-0.4677716771232905,1.6833885291949506e-57
341,-0.3344601422472827,1.05365200721801e-57
342,-0.2727330512921766,6.563215966798217e-58
343,-0.2515719223066727,4.065574737703711e-58
344,-0.252628173468051,2.5021748672579716e-58
345,-0.2611309497017091,1.5283197357745893e-58
346,-0.27933560507469635,9.251180874037574e-59
347,-0.285813213400683,5.539596020293384e-59
348,-0.5123240592866222,4.152855094355467e-59
349,-0.2903046583074205,2.4867246535096993e-59
350,-0.29275838405460575,1.4695626586148576e-59
351,-0.2942591846775821,8.545108305407475e-60
352,-0.30515481645065895,4.873653557553668e-60
353,-0.31482708392611813,2.7275961334799744e-60
354,-0.3231242842872478,1.4939410712933275e-60
355,-0.47618283340041867,1.2244179043191604e-60
356,-0.3158359817935958,6.706301469035748e-61
357,-0.48363873324227946,5.496411972488712e-61
358,-0.3165271483754811,3.010458729450148e-61
359,-0.48296145562559845,2.467339334450182e-61
360,-0.3073134100542377,1.3513949236501713e-61
361,-0.49022760926095266,1.1075886272346868e-61
362,-0.46164339763485,8.883879950997015e-62
363,-0.4184285345297546,6.992221927279302e-62
364,-0.3782697912099001,3.98797371000256e-62
365,-0.3318115266225222,2.231915244563009e-62
366,-0.2878034170273347,1.2224499846479386e-62
367,-0.5065738980235784,1.0019067532843345e-62
368,-0.4631312654108839,8.036214077508053e-63
369,-0.3938710198300031,6.32505083308293e-63
370,-0.3971195448457114,3.6074564993933666e-63
371,-0.31775215623540737,2.018954421614978e-63
372,-0.26482645684463163,1.1058084789377142e-63
373,-0.24202065181457716,5.992592718946431e-64
374,-0.2373877000527665,3.2800780615891095e-64
375,-0.5612747009081589,2.6900748715350533e-64
376,-0.5516479576444224,2.2283280461899834e-64
377,-0.4979329364849846,1.8263135065224002e-64
378,-0.3002895434697449,1.0002964599346837e-64
379,-0.5000418591131774,8.19832133077906e-65
380,-0.404462304941489,6.5758080853701874e-65
381,-0.3937648640886921,3.68022644538672e-65
382,-0.42212062772913894,2.951880249522678e-65
383,-0.3765095100322701,1.6520536513340987e-65
384,-0.2964659789456247,9.048519945506947e-66
385,-0.2607739721084887,4.903570172908822e-66
386,-0.5360175435611239,4.061880603538067e-66
387,-0.4922732914710151,3.3290733026525233e-66
388,-0.3086276776944749,1.8233782029282389e-66
389,-0.4955146319781779,1.4944210055607186e-66
390,-0.4071004554601447,1.1986631573489928e-66
391,-0.3134428232438771,9.434299943795226e-67
392,-0.2526327042490058,7.283327210810658e-67
393,-0.231553680638583,5.532469378345861e-67
394,-0.22866055309211988,4.147512482509948e-67
395,-0.24266766640418422,3.0757735392592555e-67
396,-0.2629151530003862,2.2605150249971805e-67
397,-0.527295190250376,1.3807147417734801e-67
398,-0.5247576930800055,8.357702588406839e-68
399,-0.27688457793789,6.198028475821152e-68
400,-0.5189522704564793,3.751772691935831e-68
401,-0.27338788003197495,2.782294982796116e-68
402,-0.5265997152807655,1.684170761409994e-68
403,-0.4725355436561248,1.0084794335373827e-68
404,-0.37263572731152783,5.959741925652734e-69
405,-0.28995437052214235,3.465428297897921e-69
406,-0.24444446792765012,1.9764871724106232e-69
407,-0.5580414879968092,1.5556307629263767e-69
408,-0.525042151482578,1.2009548067260126e-69
409,-0.27205213103842124,6.983226494776504e-70
410,-0.23793441583252747,3.9828432166194364e-70
411,-0.5653413942411253,3.134770373505174e-70
412,-0.5257177386383631,2.4200585625867494e-70
413,-0.4285415736603237,1.8382944365648877e-70
414,-0.31386584305190945,1.3781095928019485e-70
415,-0.2461225900061735,1.0219988577766535e-70
416,-0.5352626364866548,6.186333962087947e-71
417,-0.2671760291922873,4.587752872559399e-71
418,-0.5289121860918435,2.7770453155812795e-71
419,-0.27210979760180903,2.0594422644919134e-71
420,-0.5168186120211484,1.2466156421644362e-71
421,-0.2876028808044698,9.2448363253042e-72
422,-0.4923838196220575,5.596057617676157e-72
423,-0.34267818070428596,3.3509125948676587e-72
424,-0.2286055399355939,1.9802658950397224e-72
425,-0.19216604265203918,1.1514709119357055e-72
426,-0.1994199345260081,6.567348365641828e-73
427,-0.22257747432803066,3.675491866174449e-73
428,-0.573009039897407,2.9480826813366165e-73
429,-0.5714098139927334,2.320342967439676e-73
430,-0.23160422691796537,1.3233943156520074e-73
431,-0.22616460550225695,7.406528132979715e-74
432,-0.5668913008039543,5.9407170829618624e-74
433,-0.5297864813990721,4.675751189837595e-74
434,-0.43353849284882695,3.609703536542939e-74
435,-0.31761872321037116,2.7419575837795963e-74
436,-0.4817621953949867,1.6203959175541256e-74
437,-0.3748568726025964,9.422162799231138e-75
438,-0.4162184648957543,7.273957273900471e-75
439,-0.29971176324396476,5.525351904761029e-75
440,-0.2395591382209385,4.1421767438879565e-75
441,-0.22949636922477676,3.0718165834369074e-75
442,-0.24098637980867993,2.257606892140358e-75
443,-0.5458649354844586,1.3789384643048274e-75
444,-0.5241042142734208,8.346950476947223e-76
445,-0.4744207682574453,4.998143942190854e-76
446,-0.3276539783894414,3.746946069101608e-76
447,-0.47034202024673394,2.243666815649475e-76
448,-0.32747810910156827,1.682004090419713e-76
449,-0.2799948182288685,1.247365425916201e-76
450,-0.25883919623160806,9.167411875273017e-77
451,-0.25361436799843645,6.686527588296467e-77
452,-0.5351716389458137,4.1152511908100575e-77
453,-0.49188034196680447,2.5135811628853915e-77
454,-0.3218464729061641,1.8473362595546346e-77
455,-0.47453817156462585,1.1283465840192523e-77
456,-0.41309921145477757,6.830074946375034e-78
457,-0.3533034579521477,4.0898406923841324e-78
458,-0.31330030304628964,2.416945178360823e-78
459,-0.29526076526021344,1.4053880721759933e-78
460,-0.49785120754690665,1.0849666905661737e-78
461,-0.30538712841966914,6.308787055998034e-79
462,-0.49445857262033405,4.8704154739515537e-79
463,-0.47047036465263725,3.699603723620115e-79
464,-0.43707700789780707,2.773472671012311e-79
465,-0.3594300373246035,1.66075211153307e-79
466,-0.4463178259310325,1.2450118820174264e-79
467,-0.35274157642093773,7.455116228671954e-80
468,-0.32167831861225393,4.405699042645213e-80
469,-0.30640237855443453,2.561794508028522e-80
470,-0.3036427666017259,1.4611048182822639e-80
471,-0.4922970141982015,1.1499895546540033e-80
472,-0.48219824694954616,8.877977449792785e-81
473,-0.46595824724432844,6.743777529275217e-81
474,-0.3354070518458548,3.9853240772119817e-81
475,-0.46421044946799883,3.0272817328916464e-81
476,-0.4418457068382876,2.269454725657504e-81
477,-0.356982058047511,1.35894676989506e-81
478,-0.3323664563193209,8.0308747704112e-82
479,-0.4668086943221592,6.100312050058927e-82
480,-0.33427966133136705,3.605059684437588e-82
481,-0.3190159174066114,2.0962444350629628e-82
482,-0.47749562873443546,1.6183112923440334e-82
483,-0.4561096249909768,1.2292812625849548e-82
484,-0.34525810044429406,7.26459939133237e-83
485,-0.3273709276059594,4.224167525653042e-83
486,-0.47065239601731257,3.2610786667691003e-83
487,-0.45125822151326356,2.4771395465382204e-83
488,-0.34872067035435267,1.4638982135126492e-83
489,-0.44894342339949167,1.1119879424410074e-83
490,-0.35253684227355025,6.5714390804582835e-84
491,-0.4492756317622435,4.991713873617684e-84
492,-0.42201272329084616,3.742125655675552e-84
493,-0.378258690556433,2.2407803578669773e-84
494,-0.42168396025332294,1.6798402068327557e-84
495,-0.38857558654119706,1.2457607011789358e-84
496,-0.35360762019027175,9.155618079880505e-85
497,-0.32220322053523875,6.67792542889361e-85
498,-0.30145787513042926,4.83933755885978e-85
499,-0.5005807130542608,2.997720725030342e-85
500,-0.2975718423439979,2.1723786301721552e-85
501,-0.5042163996575184,1.345676833466121e-85
502,-0.48171463802538683,8.282023992632369e-86
503,-0.31712586249643776,6.040743305429416e-86
504,-0.48346510701910905,3.71780057029267e-86
505,-0.31561774753094607,2.711689669807265e-86
506,-0.48604225639178444,1.6689206760043804e-86
507,-0.31206427440644263,1.2172774927764815e-86
508,-0.27386545254770933,8.821327451276845e-87
509,-0.5269947667158613,5.464358665073625e-87
510,-0.2731323306065353,3.9598938928781775e-87
511,-0.26262766992537956,2.8537351066643124e-87
512,-0.5291135434934674,1.7775963685130137e-87
513,-0.5035378815264897,1.1011295264729712e-87
514,-0.44810861101194843,6.776947429313581e-88
515,-0.37141776380690134,4.1393359992769e-88
516,-0.29960284626939127,2.5056109092458623e-88
517,-0.2579458421897689,1.5003568096063244e-88
518,-0.5363448841035909,1.1247687371604677e-88
519,-0.4806698487160713,8.341226058108473e-89
520,-0.3900852641025168,6.1303170050007034e-89
521,-0.3003333925065494,4.471331095039235e-89
522,-0.4983530005601419,2.7518993035448165e-89
523,-0.39432940290235774,1.680850555852969e-89
524,-0.2848934696429919,1.0174476027780515e-89
525,-0.22870418366609205,6.092464051831321e-90
526,-0.5654986470348926,4.567322288870674e-90
527,-0.23749555504316808,2.7349071128670786e-90
528,-0.5560644639540989,2.0502709754740454e-90
529,-0.24705846763572786,1.2276998029660318e-90
530,-0.22652034974610674,7.255253547598537e-91
531,-0.23619475138534035,4.2187331709868533e-91
532,-0.5464486902996241,3.2568833175169827e-91
533,-0.5108424951493086,2.473952728124467e-91
534,-0.2968562132527654,1.462014921233374e-91
535,-0.26691645066973235,8.501220259526978e-92
536,-0.2565100222767546,4.848622262069187e-92
537,-0.2610153080775523,2.7135870817545688e-92
538,-0.5277694350798723,2.1765465334428577e-92
539,-0.2714755678300158,1.2181292409996262e-92
540,-0.5014552921768187,9.77051738862499e-93
541,-0.29419941197154,5.468182162847322e-93
542,-0.479105987775364,4.38598525575376e-93
543,-0.3009287708262674,3.452070767183586e-93
544,-0.4987523489458554,1.968868781307862e-93
545,-0.2846011928003923,1.1019000041357814e-93
546,-0.1418754755263568,6.035254458791443e-94
547,-0.6600006933953266,4.946429118565525e-94
548,-0.13437689658325516,2.7092257265514794e-94
549,-0.11654390088605916,1.4681824811572292e-94
550,-0.1545743463033079,8.036176280806818e-95
551,-0.1973944822036362,4.7990150668584435e-95
552,-0.23461267428309368,3.634036221345056e-95
553,-0.5581663493800697,2.154277863512756e-95
554,-0.5683500526734668,1.619379606118683e-95
555,-0.23802832546746905,9.670553329308757e-96
556,-0.2528701109786193,7.322990361470708e-96
557,-0.27648790058735506,6.0904894750172706e-96
558,-0.5158118051825846,3.287290373264201e-96
559,-0.29300354094341136,2.734020725335253e-96
560,-0.4968597486795899,1.4756646485582998e-96
561,-0.4772429233075771,8.747826088483074e-97
562,-0.45130263705310775,6.575777157392018e-97
563,-0.4186203385595727,5.3929609478088e-97
564,-0.37985428709221575,4.4672682753815595e-97
565,-0.34880626847919505,3.661324643172751e-97
566,-0.45802961217718985,2.0053567288187824e-97
567,-0.4411746008521527,1.0867420860756987e-97
568,-0.3508006883884907,9.002046355667518e-98
569,-0.31930382755662506,7.377979590485595e-98
570,-0.48740734568276406,4.041018609059147e-98
571,-0.3077708084697767,3.311975038168985e-98
572,-0.4992390664000694,1.814013253606652e-98
573,-0.4898194748372998,9.83049309413719e-99
574,-0.305744897271175,8.14310549544026e-99
575,-0.29213253467259975,6.674000974312284e-99
576,-0.5138818333965446,3.6554400569031336e-99
577,-0.28098235290694196,2.9959590373687843e-99
578,-0.2754871922693909,2.403034824629817e-99
579,-0.2753169469430174,1.8913529770184114e-99
580,-0.5275795575316494,1.0787223327763248e-99
581,-0.2727627603203779,8.490283513835647e-100
582,-0.2804124189012773,6.55454175849961e-100
583,-0.5206243484799845,3.811288269360822e-100
584,-0.2795420332209597,2.9423337953904734e-100
585,-0.5210069482026513,1.710887304116073e-100
586,-0.2791346037468794,1.320813640750784e-100
587,-0.5221255298135058,7.680173108177052e-101
588,-0.5209684703134919,4.380342723989645e-101
589,-0.5090558499451894,2.451509065258323e-101
590,-0.2815065677499993,1.966335848798952e-101
591,-0.5224267835879267,1.1004824193944612e-101
592,-0.47406900951395475,6.027490156587381e-102
593,-0.39324931994289103,3.266414963700177e-102
594,-0.31258102280830824,1.787889910923733e-102
595,-0.2619545545299157,1.0676857152697703e-102
596,-0.2434265134730266,8.085010170311895e-103
597,-0.24568074335229434,6.724257020297755e-103
598,-0.2559796261690926,5.70055457512446e-103
599,-0.27402076747207027,4.738272132967575e-103
600,-0.5219305301699705,2.5589789487733703e-103
601,-0.28197311448908013,2.127010360489144e-103
602,-0.29742529119247785,1.7146469389888125e-103
603,-0.49553664847571505,9.548149508235767e-104
604,-0.3025479790953475,7.697050109120779e-104
605,-0.4902700895185448,4.286164314247037e-104
606,-0.4426164591368271,2.314810957105675e-104
607,-0.3585552502478066,1.924059160665495e-104
608,-0.30380861869958187,1.5510418809195603e-104
609,-0.2689330812288324,1.2178339371521342e-104
610,-0.5081808395882628,6.9626270034479095e-105
611,-0.28842659424498174,5.466856543875933e-105
612,-0.5037704677121371,3.125523261847767e-105
613,-0.38958286594229263,1.7404727887124472e-105
614,-0.2733465313004453,9.39969909334567e-106
615,-0.21989722146471255,4.977264880444364e-106
616,-0.5734704316867542,4.219524923002872e-106
617,-0.5136495693554219,3.507247776255198e-106
618,-0.3963205104853847,2.8272977769832476e-106
619,-0.4048913667497132,1.574403526760958e-106
620,-0.2639010426709997,8.502815728594657e-107
621,-0.20192114715931192,4.5023532871157826e-107
622,-0.2043152609166038,2.4301072481088517e-107
623,-0.22518435926950683,1.4405817475933495e-107
624,-0.2466446429774615,1.0828912753137379e-107
625,-0.2694407075107536,8.88106488208007e-108
626,-0.2984682858296084,7.356645038462859e-108
627,-0.4706492450220668,3.986710025565745e-108
628,-0.3434446454972482,3.3023979577659783e-108
629,-0.340223126748751,2.7066095606938244e-108
630,-0.4200167619775788,1.482446443241148e-108
631,-0.3846030951375783,1.2149970317954584e-108
632,-0.3946407912811148,6.654702083709512e-109
633,-0.27427127349326097,3.606313390896101e-109
634,-0.5254608597003706,2.9872957653772006e-109
635,-0.2622505431913481,1.61887408117326e-109
636,-0.20484383991421543,8.860994910171714e-110
637,-0.6030187944157559,7.267125750386762e-110
638,-0.5516644124033532,6.019735843090361e-110
639,-0.43363781512420346,4.93371022939394e-110
640,-0.36404932595000467,2.7022594199632627e-110
641,-0.24781782920337952,1.4644073031825952e-110
642,-0.21524326370896865,8.01551263981877e-111
643,-0.5797661302592277,6.573724383986671e-111
644,-0.5451478341554672,5.4453556545069555e-111
645,-0.2503566687399583,2.9509448759716175e-111
646,-0.2145339581670693,1.6152156508201746e-111
647,-0.5924985941464153,1.3246791548236589e-111
648,-0.5769575397110629,1.0973002068200384e-111
649,-0.22133876734953267,5.946484726003406e-112
650,-0.5615251693984512,4.925780628415153e-112
651,-0.4709138565648392,4.0371163964042357e-112
652,-0.32463280902076236,3.238138829883218e-112
653,-0.4780303362756841,1.8122615503458614e-112
654,-0.325906332092053,1.4536005207345769e-112
655,-0.4743671553855766,8.135242099502575e-113
656,-0.32992164906410615,4.455781465658351e-113
657,-0.22461452373780527,2.4146752423142425e-113
658,-0.5526929835178241,2.0002002999340342e-113
659,-0.25047899019251124,1.083947716274864e-113
660,-0.21155858826623494,5.933046497256177e-114
661,-0.22481901033048565,3.5430755296778376e-114
662,-0.555156103452032,2.6633445726182985e-114
663,-0.51730732232897,2.184276158832845e-114
664,-0.2971673108550074,1.1955753786483545e-114
665,-0.2698778718223821,7.139694371067724e-115
666,-0.2711260549488615,5.406506875332312e-115
667,-0.5086386610829076,3.2050088031723014e-115
668,-0.4452309149147523,2.409218411976381e-115
669,-0.37406324767914984,1.9758608753833695e-115
670,-0.4360668230869071,1.0814981451361973e-115
671,-0.37079801959589737,6.458452019879022e-116
672,-0.405787871356187,4.854845173516392e-116
673,-0.39608734740342366,2.8991991117236937e-116
674,-0.32621635322928183,2.195407690560205e-116
675,-0.27228076578023636,1.825908102116295e-116
676,-0.5155769167775461,9.855185122924762e-117
677,-0.28864017171988,8.196501470400052e-117
678,-0.22601903557182643,6.948664189376028e-117
679,-0.1972475364399397,5.7756945321677416e-117
680,-0.1872156443634705,4.655960842540702e-117
681,-0.6170338742005231,2.5927092754900996e-117
682,-0.17419651141583584,2.0900608222165225e-117
683,-0.18525784109586801,1.6410562676091793e-117
684,-0.6201134541393013,9.38228303092997e-118
685,-0.17268662432920576,7.366701585297608e-118
686,-0.6228268450026605,4.211706852584463e-118
687,-0.15605151934643222,3.3069123416400968e-118
688,-0.6410483370052767,1.8906352061251662e-118
689,-0.16920384658885534,1.4844729501622398e-118
690,-0.16294491591134638,1.1416158695642655e-118
691,-0.6409549120203524,6.663799073278295e-119
692,-0.6069495960589419,3.8098418805488163e-119
693,-0.4426299020442604,2.1215411202769816e-119
694,-0.35446661621211983,1.7102380201783642e-119
695,-0.15848166903681998,1.342830214453188e-119
696,-0.13873091652497382,1.0326872461923964e-119
697,-0.6569209219779941,6.0279648326803596e-120
698,-0.14156337266472513,4.635733048157669e-120
699,-0.6514831893649377,2.7059534133902138e-120
700,-0.5381293618805645,1.5470536442924843e-120
701,-0.2484327988926283,1.2147024872708677e-120
702,-0.5250574455641756,6.944723809228963e-121
703,-0.2596131168081269,5.452799465358924e-121
704,-0.5314237566067529,3.1174865179628824e-121
705,-0.2671603493528654,2.4477616799996217e-121
706,-0.5060162497053153,1.3994396979135378e-121
707,-0.29709040523111535,1.0988002181518304e-121
708,-0.1075791961090311,8.450189451991774e-122
709,-0.6807131928376939,4.932514179283566e-122
710,-0.47860912087482393,2.8200278684859147e-122
711,-0.1991194346525677,1.5703552196917112e-122
712,-0.12206362451424117,8.480952204766435e-123
713,-0.15218950429950373,4.490776262337403e-123
714,-0.6446453479629063,3.8070994447196516e-123
715,-0.15275826192043473,2.0159094641632602e-123
716,-0.18170096354417534,1.088070146430602e-123
717,-0.6200208398994269,9.049417584628875e-124
718,-0.17219205061978213,4.884346887326972e-124
719,-0.6246602767012065,4.0622835537399025e-124
720,-0.5898001105931836,3.4438405652583804e-124
721,-0.4322784339824609,2.8625028610292377e-124
722,-0.3811178105452815,1.5459400297444873e-124
723,-0.21685374570367474,8.185956742772282e-125
724,-0.5662802749817375,6.939724793523005e-125
725,-0.34703074124524036,5.768264151544638e-125
726,-0.1627863664243037,4.6499709895397074e-125
727,-0.637226746486855,2.5893737776283884e-125
728,-0.504234589550315,1.398432340209821e-125
729,-0.2825426316364109,1.1623698887773832e-125
730,-0.12836325831319567,9.370212805670437e-126
731,-0.6780013769434745,5.2178784307216776e-126
732,-0.552970027987337,2.8179979297881276e-126
733,-0.26441513350812257,1.492167141715072e-126
734,-0.5251343264663935,1.2649992706818908e-126
735,-0.20384134345111404,1.0514609962076265e-126
736,-0.09378631572712173,8.476142909801948e-127
737,-0.12062176182026899,6.655226153911701e-127
738,-0.6666034706279733,3.804940552210094e-127
739,-0.13621666605227,2.987531020490963e-127
740,-0.6700779463958105,1.7080378138871115e-127
741,-0.705024963684756,9.511346063074694e-128
742,-0.09624931849464645,7.667381746539244e-128
743,-0.7006879123843748,4.2696432477142313e-128
744,-0.10173908079289884,3.441887666021468e-128
745,-0.12636014027233047,2.702472227933142e-128
746,-0.6686436527847702,1.5450633732770365e-128
747,-0.6723192925256295,8.603809771152247e-129
748,-0.13086302861560636,6.93578948264062e-129
749,-0.13234064194779827,5.445784486422033e-129
750,-0.17884013040142466,4.1880143327952304e-129
751,-0.21898867302315309,3.168776049157015e-129
752,-0.24719726947175463,2.3667501223357155e-129
753,-0.25926368958001883,1.7492488296919763e-129
754,-0.2656369987679697,1.2816973050593258e-129
755,-0.5359384864846072,7.852377996487281e-130
756,-0.5395232220078356,4.769266809195181e-130
757,-0.5032309743638023,2.866423548626192e-130
758,-0.41797425677540495,1.7006172536920855e-130
759,-0.31809323938843354,9.926781837291584e-131
760,-0.2539390184292286,5.675361571815719e-131
761,-0.5437466167055384,4.456132366760194e-131
762,-0.4915042845748502,3.426934405383692e-131
763,-0.3020124329028103,2.0003578194386512e-131
764,-0.25169948525060815,1.1436489775240874e-131
765,-0.24470947094922513,6.368501394684028e-132
766,-0.25867640912821455,3.439410094418444e-132
767,-0.2825003016625342,1.8212130944184895e-132
768,-0.5069450884126435,1.543951191384439e-132
769,-0.4960061259453428,1.2833244219294662e-132
770,-0.31586696407455095,6.930796898124749e-133
771,-0.31780449828575225,3.6699485432411425e-133
772,-0.3221982135478525,1.980823801774549e-133
773,-0.46726130215339506,1.6474399010609485e-133
774,-0.34288024107083487,8.89191804616595e-134
775,-0.33819184913088307,5.271180870050564e-134
776,-0.3357431363419639,3.962368525295055e-134
