t,lambda,delta_s
1,0.28704320941736455,1.0245918454265466
2,0.4473412443532149,0.9242317393363428
3,-0.19524682381434494,0.9459000019453534
4,0.2345825953885117,0.8729882149555659
5,-0.0028057504990395042,0.7749826929596915
6,0.1887344724576948,0.7259994661385702
7,0.019253857558473073,0.6369194746958303
8,0.08108309511514912,0.5141182648680259
9,0.26149737618603247,0.4425458940703105
10,0.5569265401157246,0.5123237634959802
11,0.32227440045258965,0.5436643882777121
12,0.5540303718019224,0.5924517829215921
13,0.19373494632356744,0.4293339900605371
14,-0.25063387090126993,0.3227179590953963
15,-0.0009058193808966366,0.2740211931106392
16,0.4459371755723596,0.30513951288454627
17,-0.30226562862401046,0.16187343593523637
18,0.19648602618487793,0.16289373341391777
19,0.24249942416298664,0.17138345911750394
20,0.20005072251192554,0.1822297339024587
21,0.3066823602490371,0.20187246454854924
22,-0.3570606680366412,0.13277703109326983
23,0.24796202633653314,0.10106500306236872
24,0.24847746511065502,0.10783983508475835
25,0.04612093296169854,0.10841624166470427
26,-0.2761977157929228,0.06093852298537733
27,-0.18336445752483155,0.051984839777104254
28,-0.40993347950999265,0.03205094310492384
29,-0.31344347096635206,0.023790126400009458
30,-0.5023481973955812,0.014448207035679643
31,0.1556606450329287,0.014822005630696623
32,0.03502922266449311,0.014551968699860413
33,-0.8258945579045373,0.006754115048606755
34,0.025021010542287465,0.00655224943898158
35,-0.08390970149602973,0.005889658002123983
36,-0.718832129102698,0.0029243935030193067
37,-0.8319173543701964,0.0013954364707761584
38,-0.8633610428634177,0.000769680221506296
39,-0.21797152218297441,0.0006336606815964116
40,0.08359495560043852,0.0005875028508911363
41,-0.8881180664473163,0.00028464813651795745
42,-0.6220784794166512,0.00015549506038615402
43,-0.18974257121055135,0.00012779143772347835
44,-0.6345544848517156,6.979910020972625e-5
45,0.028782924269953627,5.679125970970278e-5
46,0.04099076653184486,5.352003024882823e-5
47,-0.06232169908641236,4.8464756091090564e-5
48,-0.13247657281466776,4.131220578299511e-5
49,-0.6760508146371889,2.1756460654998403e-5
50,-0.11387816528902978,1.8544878599128358e-5
51,-0.6893181355467298,9.766602787522184e-6
52,-0.6835213340496418,4.842811851392055e-6
53,-0.11152970086903628,4.384235432176025e-6
54,-0.08907031872803507,3.737003745984034e-6
55,-0.1227921923915123,3.049002106905631e-6
56,-0.6844875104998491,1.677540586523369e-6
57,-0.10661509946640442,1.3686982250940322e-6
58,-0.13601976975954014,1.0824450153035067e-6
59,-0.16952413298690489,8.366956686328611e-7
60,-0.6378615528854197,4.85909437928384e-7
61,-0.6795836637468373,2.758077933922706e-7
62,-0.11823000386220425,2.1812481633148597e-7
63,-0.1453178547119078,1.6860364853412358e-7
64,-0.6614378974473547,9.791623591597837e-8
65,-0.12147077194695369,7.568617355715768e-8
66,-0.1459584038418395,5.7486754866687696e-8
67,-0.6570296955376527,3.397552272709277e-8
68,-0.129376163629642,2.580580376104604e-8
69,-0.6656779646793093,1.525161228210073e-8
70,-0.12691012450125203,1.1584225325287241e-8
71,-0.15087661001058397,8.678132598959656e-9
72,-0.19059499905916463,6.4292805761866375e-9
73,-0.5972771299884332,3.895613721484562e-9
74,-0.6076573208291406,2.334351247791694e-9
75,-0.19458465885840304,1.7487410018001762e-9
76,-0.6096334535334532,1.047890274689036e-9
77,-0.1928707111111127,7.850098359027393e-10
78,-0.6053089365852589,4.703979443881526e-10
79,-0.1904261391364242,3.5239091526959166e-10
80,-0.20221539220824636,2.610723047482404e-10
81,-0.584593085823584,1.5818828188323255e-10
82,-0.5684529871055256,9.479045898572642e-11
83,-0.5087030082773445,5.6022564261613476e-11
84,-0.27436966356739506,4.255143703828558e-11
85,-0.5260788842358014,2.5148529098014872e-11
86,-0.35633661984460596,1.4604958970143533e-11
87,-0.18812615129581164,8.289941204993931e-12
88,-0.6092739013315188,6.556166081678614e-12
89,-0.4172315600371509,5.0677105281897465e-12
90,-0.3971408679431352,2.9430629540605927e-12
91,-0.38400117662419764,2.274895256103418e-12
92,-0.4197471734919339,1.3211409600790695e-12
93,-0.3673935364817429,1.0212004804652514e-12
94,-0.4452290162237575,5.930601769792939e-13
95,-0.33551564888652013,4.584168956808124e-13
96,-0.4617964984507077,2.662247134461182e-13
97,-0.17673675980849446,1.5111218225917456e-13
98,-0.11196084803744631,8.314085600334676e-14
99,-0.14874995568839658,4.3786139448878506e-14
100,-0.2033029407702762,2.1712273223300923e-14
101,-0.5750487926414883,1.9655597998601784e-14
102,-0.5463976871147751,1.675381449367021e-14
103,-0.4695636040056296,1.3669363533191953e-14
104,-0.3639087300326997,1.0810525109725245e-14
105,-0.4290181438929452,6.136177290049896e-15
106,-0.3123707218576896,3.3760814307350606e-15
107,-0.45278830400666914,2.754529985503403e-15
108,-0.28155704660498965,2.1784419955961296e-15
109,-0.19605573124155581,1.6838672630623576e-15
110,-0.5820507251534737,9.779026118231034e-16
111,-0.2194006411618705,7.558880143886929e-16
112,-0.556041116775553,4.3898048244739116e-16
113,-0.25106944955389715,3.393181296590842e-16
114,-0.1696092294128334,2.5772604698626284e-16
115,-0.629754139616465,1.5231990840396293e-16
116,-0.48929365642896755,8.845948818435765e-17
117,-0.3244549152747251,6.837640688253897e-17
118,-0.45667704417214755,3.970946424595816e-17
119,-0.2226094996928573,2.2539544585756872e-17
120,-0.14731453391088348,1.240109832820363e-17
121,-0.6407007629064889,1.0118001564546264e-17
122,-0.5788505297473302,8.00190218865477e-18
123,-0.22033201682069647,4.541970902324818e-18
124,-0.16158012901808028,2.498960329445291e-18
125,-0.17812198668993165,1.31607768697867e-18
126,-0.21885228243734603,6.526046525781862e-19
127,-0.25575489372523313,3.1137827617765577e-19
128,-0.27429770549517124,1.7215136347277735e-19
129,-0.5062073172969725,1.397777081761497e-19
130,-0.30591368599541957,7.727874706292978e-20
131,-0.30022042334745713,6.353671050673344e-20
132,-0.28888497259987694,5.877903030098356e-20
133,-0.27468428408708284,5.2586864424372163e-20
134,-0.26581533746461666,4.4572308110981084e-20
135,-0.26277924574470385,3.63090611166308e-20
136,-0.5314046667300371,2.000850911101941e-20
137,-0.26637017331516516,1.629913753525557e-20
138,-0.246817781592296,1.2874912227091258e-20
139,-0.23821651665495766,9.942190564260694e-21
140,-0.24213171248499044,7.546028838108927e-21
141,-0.24880918656518708,5.650110409131123e-21
142,-0.25293282587957966,4.18455903108794e-21
143,-0.25848512609316115,3.0714768755583206e-21
144,-0.27257054880317166,2.237647080597548e-21
145,-0.2868852333049107,1.6198578304851978e-21
146,-0.5201135142515461,1.0044797744802391e-21
147,-0.2845339080009214,7.271541801048053e-22
148,-0.28362969075729083,5.235283157444491e-22
149,-0.28304016838450596,3.7513856701911795e-22
150,-0.2885858079628012,2.6769074285185297e-22
151,-0.2883100689285979,1.9031609868273727e-22
152,-0.5114201265843463,1.2016637446619678e-22
153,-0.28590350550127414,8.543289669868075e-23
154,-0.2782700933369211,6.054283287842637e-23
155,-0.27217750021362525,4.280584140996394e-23
156,-0.27271380258832056,3.019482107228151e-23
157,-0.5289060386855459,1.921554220893282e-23
158,-0.2734917673650893,1.3554455179347172e-23
159,-0.2743319682959084,9.537476442719786e-24
160,-0.5253157503105169,6.084594930008948e-24
161,-0.5140070800714661,3.8721471613281255e-24
162,-0.2881559110615282,2.731374664081017e-24
163,-0.26854327145487766,1.9219084183189605e-24
164,-0.5323944409368575,1.2261140867059687e-24
165,-0.27081705885556107,8.627446889833814e-25
166,-0.5257150674938639,5.504026135223095e-25
167,-0.4853315471048099,3.502681677340282e-25
168,-0.4169710820368803,2.223872969289996e-25
169,-0.3415910229721121,1.4087112245968653e-25
170,-0.28464820684455333,8.894661129631289e-26
171,-0.26459956176260624,5.595480344967975e-26
172,-0.5302948824750154,3.9928133810914863e-26
173,-0.27120680217421955,2.5118111268561248e-26
174,-0.2659102885371209,1.5735663009459467e-26
175,-0.27411514843138735,9.811174061465397e-27
176,-0.2878883167955481,6.0839449754026986e-27
177,-0.5075237137715877,4.404236036191818e-27
178,-0.29782290056056604,2.7310828994582716e-27
179,-0.49632448902084664,1.9770615566465067e-27
180,-0.4840568805502847,1.4234226181922814e-27
181,-0.4606979624736228,1.0199653107433962e-27
182,-0.34472454501613686,6.389744133065154e-28
183,-0.32466673374698324,3.9840006652432125e-28
184,-0.4671225570765875,2.868356141332947e-28
185,-0.3370240946372096,1.7884178986276777e-28
186,-0.3095097139267281,1.1090044901976783e-28
187,-0.48361235016689047,8.028207946939648e-29
188,-0.3233942570516878,4.978321156497377e-29
189,-0.4598942522443272,3.6038625473812085e-29
190,-0.3432741189280582,2.2347683671516728e-29
191,-0.28850785372195514,1.3770121733182584e-29
192,-0.2575698386417551,8.421507384883317e-30
193,-0.538161785388074,6.1814076460256635e-30
194,-0.47900182159237054,4.503308777344579e-30
195,-0.32287823029339335,2.7748338923009203e-30
196,-0.4686515530242318,2.0215353101499818e-30
197,-0.33317543819614226,1.2456229342538835e-30
198,-0.23403257140323105,7.617959334608309e-31
199,-0.1938616339351131,4.617378656568765e-31
200,-0.19755250843947778,2.7682583758886046e-31
201,-0.21461432551606122,1.6372682896411343e-31
202,-0.23391344089321944,9.517692071343263e-32
203,-0.2519184509782746,5.408808465834548e-32
204,-0.5440444537195644,4.272491970825991e-32
205,-0.25457017763815815,2.42801412031313e-32
206,-0.5386636852518643,1.9179216457037877e-32
207,-0.25831341600988733,1.089935538608564e-32
208,-0.5392234201584623,8.609550267564303e-33
209,-0.5061264889718705,6.648417319117097e-33
210,-0.2945701112307143,3.864827115109615e-33
211,-0.5119133824927405,2.9844745345516655e-33
212,-0.44630192501009425,2.265188014529195e-33
213,-0.3433352321998424,1.3397306185602425e-33
214,-0.25714113486072643,7.788059884065483e-34
215,-0.22353439110674456,4.425875928492263e-34
216,-0.5738079710178432,3.496060081956995e-34
217,-0.5253293787356795,2.6997073802012295e-34
218,-0.4141369504057098,2.049052431029203e-34
219,-0.37900869116172603,1.2118986429723317e-34
220,-0.42767260050846617,9.198196362890091e-35
221,-0.37061247502829076,5.4402130083028e-35
222,-0.2537581179636589,3.1624793897945147e-35
223,-0.2133723782074523,1.797205159436697e-35
224,-0.21816917276002873,9.903697507201468e-36
225,-0.2382059835064969,5.245164637424695e-36
226,-0.5525622356702296,4.4457698109827406e-36
227,-0.25640283512919726,2.354554405739947e-36
228,-0.26862527642093714,1.1814177086798532e-36
229,-0.28416282625107075,5.732649521059198e-37
230,-0.49760257350663933,5.303384094263861e-37
231,-0.4663012534366631,4.744691073114877e-37
232,-0.3400636667396947,2.380689119915048e-37
233,-0.3192714223191716,1.1551931414945596e-37
234,-0.47893777559808304,1.0686913459298646e-37
235,-0.4544496150923483,9.561084392195774e-38
236,-0.42183570203580223,8.103917281794283e-38
237,-0.38096138674373725,4.291970783656684e-38
238,-0.4044143996876042,3.6378484677974527e-38
239,-0.36319188505415834,2.9634288182118575e-38
240,-0.3297041772713567,2.3408530569904295e-38
241,-0.46777758755539134,1.3302831964953032e-38
242,-0.33883919361443315,1.0508089372830041e-38
243,-0.325990051850565,8.114496251953238e-39
244,-0.4703530357585444,4.717081319463406e-39
245,-0.33379447494559644,3.6425973675018085e-39
246,-0.46247450876565954,2.1174978043071233e-39
247,-0.34168639188124433,1.635161958271562e-39
248,-0.4546061683163521,9.505447643534675e-40
249,-0.3495573699594551,7.340242030681042e-40
250,-0.4467744846513216,4.266995447182718e-40
251,-0.3573808570827308,3.295034647572721e-40
252,-0.4390053701515936,1.915454256240322e-40
253,-0.41820170989245686,1.088533346047755e-40
254,-0.3792114025366672,8.598474156262806e-41
255,-0.3558783244211306,6.639864188243028e-41
256,-0.4380368632549229,3.8598550487463735e-41
257,-0.4061562541450516,2.193516716874319e-41
258,-0.39615040096937504,1.7326889313822476e-41
259,-0.39857679610222563,9.846696542048819e-42
260,-0.4017885776288408,7.77804061297491e-42
261,-0.3982338636535584,4.4201820777257153e-42
262,-0.40209250321712414,3.4915624311644374e-42
263,-0.39801571689360543,1.984219734691074e-42
264,-0.402263327963934,1.5673623753497163e-42
265,-0.3979272524934983,8.907162389028229e-43
266,-0.4023036524647905,7.035889702944878e-43
267,-0.3979650762169792,3.998425196434774e-43
268,-0.37546687914090054,2.2033763614986673e-43
269,-0.4239359541947178,1.7948930706795697e-43
270,-0.4023388688378307,1.417810647466963e-43
271,-0.40163531329264784,8.057274994280591e-44
272,-0.3979445995413512,6.364551996479196e-44
273,-0.3845559561795821,4.914797684755785e-44
274,-0.41532139397473966,2.857047391219511e-44
275,-0.3852202270514172,2.2062526806868723e-44
276,-0.413883214825408,1.282528573918439e-44
277,-0.39874621573499236,7.288480606733614e-45
278,-0.4005308927413477,5.757270768319874e-45
279,-0.3838402555742258,4.445846472509553e-45
280,-0.3687250640018322,3.374355528042187e-45
281,-0.35697371913675674,2.5265582337581165e-45
282,-0.34897028979220346,1.8712080488827068e-45
283,-0.4490466481411011,1.1341719911340186e-45
284,-0.43579458929213416,6.799704654259701e-46
285,-0.41965570047647227,4.021640792749699e-46
286,-0.4039728870711517,2.3378415699563904e-46
287,-0.3930548132714659,1.8053145518653404e-46
288,-0.3723714122102919,1.3702167125225043e-46
289,-0.42908838506596353,8.104057023323513e-47
290,-0.41242101170210504,4.711012835502119e-47
291,-0.38468371838369636,3.6379111977699237e-47
292,-0.41822080371758635,2.114773661856902e-47
293,-0.3782670205249076,1.6330583366789194e-47
294,-0.42338397643334774,9.493218968075637e-48
295,-0.3719943990513763,7.330798873351671e-48
296,-0.34771124345121224,5.564007182033091e-48
297,-0.3317893008036454,4.166066095178592e-48
298,-0.4626449112221859,2.4976828240146555e-48
299,-0.4411162871164961,1.4772381512357323e-48
300,-0.4176175833649848,8.587412294281857e-49
301,-0.39683989646841983,4.880139845748138e-49
302,-0.3784454098478796,2.68925495630555e-49
303,-0.4120498162047255,2.1906947767563407e-49
304,-0.3735155633703653,1.7304598421896145e-49
305,-0.3419233821549289,1.3362857323910894e-49
306,-0.46257747634249374,7.768034231589175e-50
307,-0.4399695631315133,4.4144955520485e-50
308,-0.411701937558274,2.43265652587365e-50
309,-0.37835241648040085,1.9816670533145723e-50
310,-0.4284106953266774,1.092019514464681e-50
311,-0.3656326617922092,8.895703402329115e-51
312,-0.3189903588923822,7.026838092229684e-51
313,-0.4849816423965259,3.9932812573055396e-51
314,-0.44561078639743346,2.200541737033904e-51
315,-0.3917948188549227,1.1654438853644754e-51
316,-0.33606740380904876,5.847713865883446e-52
317,-0.2905770909466601,2.837514102442847e-52
318,-0.2636817680307473,1.549255262059509e-52
319,-0.5371310357942869,1.2737600805865944e-52
320,-0.2611242076691945,6.954606871385137e-53
321,-0.5395279037106432,5.717909001753223e-53
322,-0.25969789809467214,3.121923024564788e-53
323,-0.5382114912579282,2.5667693508870227e-53
324,-0.26206825095049635,1.401431245727134e-53
325,-0.22877532671942555,1.1378872855988862e-53
326,-0.22523580224343778,1.070559243929325e-53
327,-0.2340150038467614,9.691514985992406e-54
328,-0.2459606720507142,8.260743033587017e-54
329,-0.25739499958178413,6.739903896097515e-54
330,-0.5410913134695142,3.7082475477772126e-54
331,-0.25855312300651995,3.0255428589581747e-54
332,-0.5458335860271031,1.6646323241971912e-54
333,-0.554842312512395,8.766787663994921e-55
334,-0.24556424528491774,7.472534503321191e-55
335,-0.2527331250769619,6.096808024155212e-55
336,-0.54769897806508,3.354420738540883e-55
337,-0.5528154058198247,1.76660598998469e-55
338,-0.5456021686380763,8.760085363829953e-56
339,-0.25534082713573836,7.930294289041276e-56
340,-0.24694482748889798,6.759533818724671e-56
341,-0.25074995068114764,5.515073902600584e-56
342,-0.2605587124026536,4.361640156930678e-56
343,-0.5365564482873618,2.4757166748774015e-56
344,-0.2648284144203779,1.9579402664461818e-56
345,-0.2693174706790207,1.5134263498248955e-56
346,-0.5294395786057791,8.789193856076914e-57
347,-0.272112402405953,6.793770884363957e-57
348,-0.274326868845717,5.160147840955816e-57
349,-0.2760338941509619,3.865640234732111e-57
350,-0.5224798097744842,2.3163903658050655e-57
351,-0.27948834555860763,1.7352859013712446e-57
352,-0.27681220833689196,1.285603771223892e-57
353,-0.2753389305045606,9.438083433151198e-58
354,-0.27476323090590066,6.876296554315131e-58
355,-0.27471275174913057,4.977655642802886e-58
356,-0.52530767679685,3.086769523232063e-58
357,-0.276119146023774,2.2344696180542158e-58
358,-0.2737214886730635,1.608579573384708e-58
359,-0.5282240076231105,1.0030534115445374e-58
360,-0.2725128689252076,7.220913704923957e-59
361,-0.5271581295979916,4.50270676442343e-59
362,-0.5109416555899231,2.79224177200148e-59
363,-0.2921177599648985,2.0212650665496776e-59
364,-0.5053933435598588,1.2534373314514637e-59
365,-0.2906638884868262,9.073458883741506e-60
366,-0.5058159772883137,5.626680180885624e-60
367,-0.2977915841031237,4.073075692911562e-60
368,-0.27002810530098204,2.9321796579953935e-60
369,-0.2649172024822258,2.1007575066334878e-60
370,-0.5340232941301369,1.3162554484741324e-60
371,-0.26813059341487455,9.430300447277729e-61
372,-0.26657162843250054,6.728031843453945e-61
373,-0.27495111273713363,4.782356824440947e-61
374,-0.2865974566577334,3.3881765867926395e-61
375,-0.2975715319372863,2.3933751689334178e-61
376,-0.4978779103656965,1.5209524698112166e-61
377,-0.4997508509660607,9.636985103448533e-62
378,-0.4957501059791483,6.086068757403587e-62
379,-0.30768517592795813,4.326042612938047e-62
380,-0.4898749425799935,2.7320362651984705e-62
381,-0.3161180767431923,1.9419605289478888e-62
382,-0.4751670716993253,1.226411079447594e-62
383,-0.32952024100368005,8.717460814447075e-63
384,-0.32095712495261003,6.176096370902782e-63
385,-0.3149868462135165,4.3627347384072943e-63
386,-0.3122130533122498,3.073634862066754e-63
387,-0.312070761669643,2.1602512336949153e-63
388,-0.31590606991889686,1.5149896705254715e-63
389,-0.32008835466489116,1.0603546283953387e-63
390,-0.31912191446210364,7.408002439797355e-64
391,-0.3141423943221303,5.1668209808936746e-64
392,-0.3146951979080944,3.59810732621635e-64
393,-0.31709260141054185,2.5020884514083132e-64
394,-0.4797271898310223,1.6151903787385195e-64
395,-0.3223685525452437,1.1231875058371919e-64
396,-0.47759383889143414,7.2505896101572154e-65
397,-0.31526203237769673,5.041988713703157e-65
398,-0.4888577732650329,3.2547896759995744e-65
399,-0.44809296322651637,2.0980789960624215e-65
400,-0.33847760353078454,1.4610750855562092e-65
401,-0.4605851242584204,9.418276613324212e-66
402,-0.3236236136594436,6.558766059061824e-66
403,-0.477468406397015,4.2278643717212385e-66
404,-0.36872806184105145,2.7211241362592615e-66
405,-0.4390522262204574,1.8978883164656644e-66
406,-0.3380412615823105,1.3216648846684806e-66
407,-0.46372130292210567,8.519620652614371e-67
408,-0.3192381248979587,5.9329536672768084e-67
409,-0.48502779609232943,3.824457710958592e-67
410,-0.36790927271197543,2.461484870470304e-67
411,-0.2842894250130983,1.581600508054286e-67
412,-0.5051148752937066,1.1049605583541198e-67
413,-0.30245180795891485,7.09980468065569e-68
414,-0.4955736216982753,4.9601679464516445e-68
415,-0.38698765862482676,3.459542572070712e-68
416,-0.42140882741124447,2.226619391162143e-68
417,-0.3251867017432126,1.4306902319625922e-68
418,-0.2540878335327169,9.176007350222422e-69
419,-0.2304046956569855,5.873513188387134e-69
420,-0.23268348708473857,3.751418927388517e-69
421,-0.24202339063289482,2.390296112660616e-69
422,-0.5576158724497366,1.6840119565047058e-69
423,-0.5665316107753072,1.1835787495428495e-69
424,-0.23522595058343237,7.559529672749623e-70
425,-0.5681560278584094,5.313085006697852e-70
426,-0.5596888378995067,3.7260799939474866e-70
427,-0.24523064332267275,2.3850438595066668e-70
428,-0.5517964756935783,1.6726373092830265e-70
429,-0.25754822184095105,1.0706461885325424e-70
430,-0.5336812598548227,7.50846888137151e-71
431,-0.27476461104857003,4.806130740322582e-71
432,-0.5212514609965132,3.3705516808476698e-71
433,-0.48299325207246857,2.3590788403150546e-71
434,-0.41867725691873237,1.648133684404735e-71
435,-0.37864820342865396,1.0589904914174278e-71
436,-0.31844922923119434,6.79203947575148e-72
437,-0.47787795886137063,4.753808315972836e-72
438,-0.41605006603436,3.321174129861563e-72
439,-0.350236008152812,2.3164020685499976e-72
440,-0.30347858742190315,1.6131124504086954e-72
441,-0.49471050594540983,1.0398328885720942e-72
442,-0.30547223383932903,7.241261789884637e-73
443,-0.49603420364409323,4.667809836800132e-73
444,-0.43712434425420826,3.004280386888135e-73
445,-0.3618724601838111,1.9303679024165374e-73
446,-0.3018825055768725,1.2380786326407732e-73
447,-0.49862563836220936,8.665421513947837e-74
448,-0.4352246468218746,6.053961759410964e-74
449,-0.3521481243679676,4.222425261094839e-74
450,-0.28588829272030714,2.940442357598101e-74
451,-0.25366547518909516,2.0447546996088853e-74
452,-0.24552046123331447,1.4200110899335096e-74
453,-0.5548644530331308,9.178903846544285e-75
454,-0.542888246756325,5.925320974148461e-75
455,-0.2545619744481118,4.1204099367137305e-75
456,-0.2374516216854197,2.861481529459204e-75
457,-0.2402136328744249,1.9847378629971414e-75
458,-0.5618267710510887,1.284519058574237e-75
459,-0.5747686927710043,8.303087920432074e-76
460,-0.22412906270961763,5.766206053939752e-76
461,-0.23421532124135105,3.9994692830536836e-76
462,-0.24817902574792616,2.7708441700745526e-76
463,-0.5531022850644244,1.7953617611627982e-76
464,-0.5703525291252501,1.1619551590387247e-76
465,-0.2296231501080006,8.059378945859803e-77
466,-0.5717905612651654,5.2160167089248356e-77
467,-0.5868303119310201,3.3716156283984542e-77
468,-0.21389435326376313,2.341469900636359e-77
469,-0.5850663014937981,1.513518255588066e-77
470,-0.21449789951447848,1.0510858383956613e-77
471,-0.2260685008922611,7.290383807293786e-78
472,-0.24192367854359229,5.050799503733748e-78
473,-0.25851877240755167,3.49542362676578e-78
474,-0.27293671658507385,2.4165671286089887e-78
475,-0.5287407238898875,1.5690956660551582e-78
476,-0.5376852935608041,1.0177927194647875e-78
477,-0.26134447037447195,7.04367044492161e-79
478,-0.5356447716701078,4.5688715176774316e-79
479,-0.5165343922286364,2.9603892211243324e-79
480,-0.28919746810370933,2.0509664242853987e-79
481,-0.2753317546373183,1.419378554197392e-79
482,-0.2739741194394666,9.812898015739727e-80
483,-0.27357676918036233,6.777701403859998e-80
484,-0.5277873692263939,4.405009919265565e-80
485,-0.5217027100928523,2.8602068990436708e-80
486,-0.5026545494677298,1.8552710462379606e-80
487,-0.3008866344670155,1.2839468769807036e-80
488,-0.28590139596723413,8.876588788932064e-81
489,-0.5132538053599804,5.7636375307663785e-81
490,-0.48781639006639416,3.7385791340537747e-81
491,-0.3145784413077255,2.5872968875610283e-81
492,-0.482520672647059,1.6782481732767403e-81
493,-0.32330707150225146,1.1614375728261454e-81
494,-0.4744021745316241,7.533656049839284e-82
495,-0.3303693093220537,5.21369326441657e-82
496,-0.3043184310939596,3.6044957941469614e-82
497,-0.4968528455636387,2.3404269063965985e-82
498,-0.45727950352650615,1.5181161463269355e-82
499,-0.39648356816529956,9.836596758329689e-83
500,-0.33666090171547464,6.36622913441252e-83
501,-0.29894817425437215,4.1151090652804366e-83
502,-0.28365723975492246,2.656454677275498e-83
503,-0.2820006060679538,1.7123846138143614e-83
504,-0.28658641837789,1.1021193428946827e-83
505,-0.5132724694453404,7.6868945314126685e-84
506,-0.5073846390430229,5.353053963279453e-84
507,-0.29561693384076515,3.450646955151147e-84
508,-0.5005810623159119,2.4029859241161474e-84
509,-0.4667818215898182,1.6710127810307076e-84
510,-0.3360884566691016,1.0787003813357386e-84
511,-0.3004713379859287,6.953440432153236e-85
512,-0.27851867700977684,4.4753504195949536e-85
513,-0.27077538614405267,2.875588057545095e-85
514,-0.5168152431589251,2.0089848033561748e-85
515,-0.2835796636686393,1.2908514790319932e-85
516,-0.5001219374086364,9.01833278226587e-86
517,-0.296829519239248,5.7946322893746186e-86
518,-0.24045127218485005,3.7164990220278445e-86
519,-0.5518863574229117,2.601210434700267e-86
520,-0.44558865236616807,1.8172951511370628e-86
521,-0.35286967681706344,1.16768336413695e-86
522,-0.4373703015815826,8.157837933454277e-87
523,-0.26909400071936806,5.68980484764188e-87
524,-0.19456005745451413,3.9623065290527126e-87
525,-0.5949729958112664,2.55415339610644e-87
526,-0.21055030184980505,1.778679400891763e-87
527,-0.5745435533793288,1.1465594595121815e-87
528,-0.4719536887317983,7.379448214571722e-88
529,-0.3245641544179423,5.14690541375018e-88
530,-0.22712894176406637,3.5842383827577425e-88
531,-0.5377318850895345,2.310445840232457e-88
532,-0.40226117547939183,1.4870415388506883e-88
533,-0.39142107143664107,1.0371591376803499e-88
534,-0.40533224686771163,6.67532946790074e-89
535,-0.38863831165614043,4.655807369047093e-89
536,-0.23866123515239956,3.242244054122985e-89
537,-0.522021518802992,2.08999192796524e-89
538,-0.3181547577946267,1.345153718225335e-89
539,-0.18837783953322143,8.643139877393644e-90
540,-0.16175762206516495,5.543444225181388e-90
541,-0.6131341095879541,3.879905490962006e-90
542,-0.19386794352932246,2.4884521126839257e-90
543,-0.5895041575142086,1.7416895748928454e-90
544,-0.21873149758088067,1.1170661533838145e-90
545,-0.15998404071257413,7.150280654517656e-91
546,-0.15914398032604254,4.5668916239997874e-91
547,-0.642849886547771,3.209760985812977e-91
548,-0.5870170013754411,2.2510135221841806e-91
549,-0.2101102303437112,1.440861706531446e-91
550,-0.5771030968528383,1.0104799701084788e-91
551,-0.22133195054706747,6.468028200619658e-92
552,-0.5649734102611749,4.536044585816963e-92
553,-0.22855467498951323,2.9034978592581646e-92
554,-0.5562686653025837,2.036230414573234e-92
555,-0.2363926212179383,1.3033801890209903e-92
556,-0.550626721706832,9.14063833101925e-93
557,-0.17929869467087664,6.39761336288342e-93
558,-0.6223816806215495,4.1032325467945415e-93
559,-0.15926158251334394,2.871888638598368e-93
560,-0.6356016620453516,1.8419410902560707e-93
561,-0.20797549960544764,1.1790166324996426e-93
562,-0.04519248294050589,7.530391384171866e-94
563,-0.0970449269558149,4.79814854080541e-94
564,-0.6865734250184473,3.380392692354751e-94
565,-0.12679246145817322,2.1538888799675495e-94
566,-0.6635110680620809,1.5174582795980479e-94
567,-0.15321700936362084,9.668807182174329e-95
568,-0.6235468031457589,6.811870217115639e-95
569,-0.19381859363616402,4.340327544078057e-95
570,-0.23352297310331277,2.758210239515868e-95
571,-0.5509505265955033,1.9483730345366402e-95
572,-0.5136076960718183,1.3726682098139353e-95
573,-0.44562696441791094,9.647561687631404e-96
574,-0.3714347166825808,6.1619075938547555e-96
575,-0.31333888293408113,3.9261900772085016e-96
576,-0.2624671563787202,2.4950323594857544e-96
577,-0.5240528476456777,1.7624667256588965e-96
578,-0.30283840115986377,1.1200200261731556e-96
579,-0.2675889058859083,7.09661644399345e-97
580,-0.2536894035938611,4.4817435286487736e-97
581,-0.5318618459197367,3.185671121708659e-97
582,-0.2722684719178299,2.0118546700104342e-97
583,-0.23818740023830368,1.265854244194487e-97
584,-0.20624502776017645,7.931365427155853e-98
585,-0.2060945913423784,4.945719367289526e-98
586,-0.22207627957777118,3.066965035132788e-98
587,-0.5747150328808135,2.2201334239762682e-98
588,-0.22553966513637191,1.3767606042711081e-98
589,-0.5724290267512311,9.96617894022947e-99
590,-0.21936733234212327,6.180278352573007e-99
591,-0.2127556018097095,3.80791157586427e-99
592,-0.5691549876398421,2.7743269524700236e-99
593,-0.22160529254465416,1.7093715064054707e-99
594,-0.20649396871349096,1.045224043485657e-99
595,-0.5795306512634015,7.673368692254158e-100
596,-0.505762949545086,5.590579811278466e-100
597,-0.358995798205059,4.046943136372888e-100
598,-0.22287519620735086,2.9133670071950495e-100
599,-0.17075930120245253,2.0872791997088993e-100
600,-0.6230902838449395,1.3078104495298576e-100
601,-0.5323697103367377,8.155044082116959e-101
602,-0.2720085184198389,5.870761107939533e-101
603,-0.15822285553599377,4.2061015714117213e-101
604,-0.13102078398951028,3.0008360250525023e-101
605,-0.664508678990258,1.888118995406722e-101
606,-0.12918668582155138,1.3470752916460686e-101
607,-0.6499112103305709,8.475766170380773e-102
608,-0.1435527132732804,6.047020984199204e-102
609,-0.12415408656382663,4.298287039092939e-102
610,-0.6717901568167729,2.7145077198070222e-102
611,-0.6037689666951384,1.7079618966704965e-102
612,-0.3428637600155291,1.0701445289044373e-102
613,-0.4451588154558277,7.667040954153861e-103
614,-0.16597861036331654,5.470037351726542e-103
615,-0.09069554437023408,3.8881609165432867e-103
616,-0.697859866531839,2.4554997671900457e-103
617,-0.10854483424654407,1.7453954354362817e-103
618,-0.6757414517499354,1.1022738454916114e-103
619,-0.11501544900717424,7.835080109673472e-104
620,-0.6656389068994518,4.948107292411844e-104
621,-0.12437876916175918,3.517167461232421e-104
622,-0.0841829705831916,2.4918225221242583e-104
623,-0.11962702220560387,1.7601993275937354e-104
624,-0.16678450963139763,1.2400960273495037e-104
625,-0.6089666752981554,7.901534781568276e-105
626,-0.5835699864497805,5.021301715385113e-105
627,-0.21981023637495903,3.5469989634460005e-105
628,-0.5740577924064344,2.2540623400363772e-105
629,-0.23388091769815506,1.5922478346909098e-105
630,-0.5794126135643121,1.0118485844423297e-105
631,-0.419387943166817,6.411225813273801e-106
632,-0.38731453435652663,4.5421882955616185e-106
633,-0.4130609561314066,2.87799926757861e-106
634,-0.28717791386929986,1.817549911950441e-106
635,-0.4994647023608917,1.291933871216038e-106
636,-0.3820362155479341,9.153018594864597e-107
637,-0.4302140888636522,5.799491147888796e-107
638,-0.3525557972151539,4.108790047234719e-107
639,-0.45424979864124054,2.6033915762872805e-107
640,-0.333586284190896,1.8444358522036645e-107
641,-0.23020000977609872,1.3028916457786046e-107
642,-0.5652440086446026,8.279672540542255e-108
643,-0.44658134108746717,5.246125866414573e-108
644,-0.33807105195227377,3.716745003449418e-108
645,-0.19021668027824262,2.625472720397381e-108
646,-0.6102039616758346,1.6684468320484442e-108
647,-0.18070978578139865,1.1785747041863844e-108
648,-0.1402165652163067,8.303297164612288e-109
649,-0.651254501444462,5.29062184709268e-109
650,-0.5829824572625296,3.3621073994674872e-109
651,-0.20392140529960534,2.374960147159905e-109
652,-0.12851159010501714,1.673207458630592e-109
653,-0.6573799803691636,1.0661196100600815e-109
654,-0.54088000138446,6.775023302166469e-110
655,-0.28915577813075366,4.292757330319399e-110
656,-0.5021606602489864,3.041307960342528e-110
657,-0.30703583686794655,1.9270187655803787e-110
658,-0.13899335166063498,1.2169748711069809e-110
659,-0.1269817253782269,7.657177372860736e-111
660,-0.16386805903987417,4.7976986421018636e-111
661,-0.1928559523822532,2.9916754322553777e-111
662,-0.21948099575604504,1.855213218905609e-111
663,-0.5844836133753378,1.3429631015394395e-111
664,-0.6085805750703559,9.66790058585304e-112
665,-0.19397199227313072,6.0285613628105435e-112
666,-0.20837454883342751,3.73846260549664e-112
667,-0.593844032817522,2.7062211957656533e-112
668,-0.2159379996226257,1.6781958636074426e-112
669,-0.5672500462386442,1.2148226947792018e-112
670,-0.5102573762882998,8.745426459669937e-113
671,-0.29529351767078554,5.453339076863838e-113
672,-0.5054540405964871,3.925821937745833e-113
673,-0.30299514592732246,2.448003911604177e-113
674,-0.24609591174701836,1.5180688278463705e-113
675,-0.21892456211740305,9.3534166792152e-114
676,-0.5803811313259605,6.814610968202357e-114
677,-0.4806087975841998,4.93300230312091e-114
678,-0.30880779484344406,3.551235011720569e-114
679,-0.20100952437891265,2.5442791639145082e-114
680,-0.5780779708049422,1.5941493967613638e-114
681,-0.43919832178209983,9.940552630346813e-115
682,-0.3389813399883098,7.156136642061761e-115
683,-0.4598965987750932,4.462314075762685e-115
684,-0.2600652353795442,2.7671932493099463e-115
685,-0.5359705085347684,2.0031327886098702e-115
686,-0.31299433557288164,1.442041753667203e-115
687,-0.1695661948997699,1.0331495311465173e-115
688,-0.623461329972093,6.473325432212077e-116
689,-0.47809342421632434,4.036537120234491e-116
690,-0.33407427359496583,2.9058757865200005e-116
691,-0.20945579489591695,2.0819121213226738e-116
692,-0.19728694368421223,1.48533666831105e-116
693,-0.22523127001803298,1.0557931528223975e-116
694,-0.5619902417881879,6.667676304048305e-117
695,-0.554445369073619,4.19528630681399e-117
696,-0.5147391786936227,2.6286082243266977e-117
697,-0.44604671154835146,1.6391072537847932e-117
698,-0.3685173240391553,1.0164516550290134e-117
699,-0.3080666576647551,6.262756792952477e-118
700,-0.2713727326986466,3.829468289349334e-118
701,-0.5351472845524468,2.8113515243563678e-118
702,-0.2627704355213842,1.7190483150889162e-118
703,-0.24627116176453945,1.0416014816269197e-118
704,-0.5599388959151418,7.716807886434147e-119
705,-0.23517120672695077,4.675749051023243e-119
706,-0.5683388026040291,3.464075060220289e-119
707,-0.2259267863804146,2.0989437490043345e-119
708,-0.2267668870722205,1.2577407061517033e-119
709,-0.5743749231602758,9.422158489280453e-120
710,-0.22089811845575566,5.6459980299150016e-120
711,-0.5791986994624897,4.229606945837998e-120
712,-0.5591248836408251,3.133546256595086e-120
713,-0.4884716720477088,2.300449926591926e-120
714,-0.3733961151260678,1.6760368792710523e-120
715,-0.4290959308746409,1.0326719720471158e-120
716,-0.3066447230863859,6.314446977574466e-121
717,-0.5055331484561345,4.6356644825195035e-121
718,-0.37897504187632847,3.3774021954653387e-121
719,-0.25703036328824413,2.4448545759305614e-121
720,-0.1970547856026058,1.7600342823916682e-121
721,-0.6092313977807783,1.0974952191352294e-121
722,-0.18668402514472968,7.9007938936562e-122
723,-0.6179230780902838,4.926656038698045e-122
724,-0.5484132917490028,3.055143385358234e-122
725,-0.35485543058194896,1.8823935103485037e-122
726,-0.4469943678695767,1.3714538656873113e-122
727,-0.2315992799543422,9.927764196118503e-123
728,-0.1416282848626113,7.146930334708541e-123
729,-0.1485610320207893,5.1204118782714594e-123
730,-0.18048204082424416,3.653149161175991e-123
731,-0.6212452809567027,2.2985528921560585e-123
732,-0.6614255887735918,1.4401865795328237e-123
733,-0.6890033638392269,8.980494877362028e-124
734,-0.10637371107997064,6.464997555522845e-124
735,-0.6926834956870767,4.031344150447813e-124
736,-0.5886239790552116,2.4999379535734864e-124
737,-0.2779635901913816,1.5403096963086923e-124
738,-0.10704034420642697,9.418483477482533e-125
739,-0.6808184554461073,6.91445022672972e-125
740,-0.4828294768360468,5.037655219495171e-125
741,-0.3182094433613094,3.1038967067789694e-125
742,-0.12063520199964518,1.8979300019125128e-125
743,-0.6785134334443578,1.3933392316730805e-125
744,-0.12607821025259913,8.51980777858527e-126
745,-0.12116538235487373,5.162300749465532e-126
746,-0.15746364150188388,3.0933824658618066e-126
747,-0.6358080413239618,2.3173568064350772e-126
748,-0.6363150110977539,1.7168367744301307e-126
749,-0.17171380700767863,1.0402614704087064e-126
750,-0.6207596930075764,7.706880280416857e-127
751,-0.5254930410192403,5.657900258540425e-127
752,-0.3409043055146193,4.122171659958555e-127
753,-0.20916047597408677,2.983982854974246e-127
754,-0.5934599516043049,1.8504428581553953e-127
755,-0.47409851428587674,1.140130327157794e-127
756,-0.30424616125420473,6.97151921736678e-128
757,-0.20316303196981572,4.224165593405201e-128
758,-0.18912808420853217,2.5312279182667213e-128
759,-0.2047221341528567,1.4959931647129625e-128
760,-0.22294989985780003,8.687950975314733e-129
761,-0.23322335852735865,4.931380014448524e-129
762,-0.24331010358599603,2.7132104741618858e-129
763,-0.5598752126517692,2.2136964884859426e-129
764,-0.567583067781109,1.7507195134563516e-129
765,-0.22699529264187607,9.937283536813396e-130
766,-0.2171886774536723,5.467423256330354e-130
767,-0.21808867807544313,2.8794189600128123e-130
768,-0.5814487219010053,2.4543262997666955e-130
769,-0.20767922269088196,1.2925711711497514e-130
770,-0.5878195200481589,1.1017470759652698e-130
771,-0.5347297296169993,8.989105918947782e-131
772,-0.39667341977426185,7.109106068823137e-131
773,-0.2625976746595141,5.495115776839127e-131
774,-0.2102025763700654,4.1737659827357223e-131
775,-0.5865959345179065,2.4667574722230847e-131
776,-0.21887120162698764,1.873603549650065e-131
