t,lambda,delta_s
1,-0.17977964888512887,1.0495144783257848
2,0.6375804331356736,1.05434092382976
3,0.4370815828987621,1.1274678494640025
4,0.7713372759592704,1.0329825541765207
5,-0.12459879234462895,1.0279790731268545
6,0.5867208787064729,0.9335303657129177
7,-0.019398865135067396,0.7285581287171348
8,0.4444329807912593,0.6888064088739977
9,0.6535474212087176,0.7476466507879662
10,0.2937324705993036,0.5893177742715946
11,0.4095045163435382,0.6344057044524387
12,0.5870158432098919,0.6455444236612012
13,-0.2052821034073884,0.4699139377020449
14,0.19939425145841563,0.5112681970055735
15,0.3968257389165533,0.5526112341566934
16,-0.22113032060674573,0.3457966430464957
17,0.5297319760823888,0.3372939497490554
18,0.17832434619330143,0.38832617803181624
19,-0.1465216568732714,0.21550624987996903
20,0.0045751635110607945,0.22287668679890127
21,0.06715557156852457,0.13634419081393503
22,0.3088984222954434,0.1370772125742661
23,-0.3261457793244021,0.08743176103814858
24,0.0948626701513772,0.07319898162270917
25,-0.44981611887098655,0.0443520764384607
26,-0.029462502279733644,0.03282284266872109
27,-0.5870324054036916,0.019515018585258965
28,-0.07070415585946625,0.014702858716963977
29,0.10742387244637423,0.01548632266799672
30,-0.04301145193678588,0.014831646484787162
31,-0.1368761305417638,0.01291840440806833
32,-0.601304281265003,0.0067346761397561235
33,-0.5736073893137501,0.0034662046909987197
34,-0.47647198790018375,0.0020261186551373193
35,-0.3110567256543437,0.0014935671815605278
36,-0.1950109379971625,0.0013368440745179725
37,-0.6198900636226261,0.0006715143885534253
38,-0.506127304017756,0.00041053400666261403
39,-0.29253993942313544,0.0003152277521811638
40,-0.1549048104473683,0.0002746595823891483
41,-0.6406756931537234,0.0001416097771940689
42,-0.5091098388571957,8.29783067524878e-5
43,-0.2770929049811294,6.356195243439718e-5
44,-0.14160357642543853,5.5323736777614774e-5
45,-0.6243832847671889,2.8537559497214022e-5
46,-0.447753512749782,1.6731183529842436e-5
47,-0.35637222179576894,1.2810403582768173e-5
48,-0.17186286488279354,1.1148057243849835e-5
49,-0.1327952072749903,9.578273017836006e-6
50,-0.6306471021831904,5.00442700582377e-6
51,-0.16916508015358583,4.299685702227187e-6
52,-0.1702192421705348,3.550672549358244e-6
53,-0.19788460141738365,2.8496549512031903e-6
54,-0.5905284882401024,1.5938967936122426e-6
55,-0.5809978728260794,8.664422135609303e-7
56,-0.21498397437205677,7.155005579799718e-7
57,-0.21153034106022403,5.742375543363751e-7
58,-0.577329454118254,3.2118819593465755e-7
59,-0.5291709698810315,1.7459809035637725e-7
60,-0.4060375817604242,9.122668507462445e-8
61,-0.3878954448000166,7.837708241557291e-8
62,-0.2648120124282887,6.472300598455663e-8
63,-0.21497311296695182,5.194457237323229e-8
64,-0.21300760161985702,4.092322077245822e-8
65,-0.5795077245856973,2.331791758216592e-8
66,-0.548044767233412,1.3042411850289957e-8
67,-0.2554856064723668,1.0467412973409366e-8
68,-0.5406611439347507,5.854738688992238e-9
69,-0.4602528964884874,3.1826411085182874e-9
70,-0.3438423555961953,2.6281921859798044e-9
71,-0.25544858913326685,2.1093010417037305e-9
72,-0.5263143947693353,1.1797954717620271e-9
73,-0.43904926141808953,6.413378648778811e-10
74,-0.32137873144170165,3.350963297819243e-10
75,-0.46438120739339545,2.8789656746893303e-10
76,-0.3273927999205878,2.3774201278273707e-10
77,-0.2379557542961137,1.9080395942936986e-10
78,-0.2216568219344397,1.5032009836523286e-10
79,-0.228599250287841,1.1621432672027675e-10
80,-0.2520330680333852,8.833968696370468e-11
81,-0.2748824301050503,6.62336814523687e-11
82,-0.2899677298985128,4.910795615574184e-11
83,-0.4984087713780835,2.9732299603683635e-11
84,-0.47826133917915375,1.7801437210057345e-11
85,-0.33274433085867683,1.3346829292142065e-11
86,-0.4616530725720595,7.991065163513967e-12
87,-0.35416497241757927,5.9913916692781176e-12
88,-0.4334288657880555,3.5871891518931984e-12
89,-0.386537737188395,2.118398681309362e-12
90,-0.40529921175242506,1.610289210284202e-12
91,-0.37096051766532495,1.2073325848590956e-12
92,-0.4274028095742616,7.228588264959172e-13
93,-0.3631177533680883,4.268810815318044e-13
94,-0.4542446579410248,3.2449132721412877e-13
95,-0.3479650238125854,1.9162691749957686e-13
96,-0.4625511947688736,1.4566415678644489e-13
97,-0.42815377259372794,1.0921335236646175e-13
98,-0.3857647095376841,8.09745797341351e-14
99,-0.35038230400936077,5.948781021789014e-14
100,-0.31962177709576556,4.336798592484418e-14
101,-0.4675089467887647,2.6704078006810527e-14
102,-0.3676471370099587,1.6317285541466416e-14
103,-0.26998904468203466,9.879263166322556e-15
104,-0.5077391435846985,7.324829479564264e-15
105,-0.28564354845632733,4.4348012353621865e-15
106,-0.22889612581509572,2.655221317584592e-15
107,-0.5846654276227393,1.9907822745540896e-15
108,-0.5607388746378523,1.4760352514706772e-15
109,-0.49856016496094185,1.0843662937517047e-15
110,-0.39099470249628915,7.905280425107575e-16
111,-0.39406116213213244,4.867720292651401e-16
112,-0.40946964280238024,3.548680382830791e-16
113,-0.3882575336692164,2.1851196393712145e-16
114,-0.4204400341958243,1.5930026238527423e-16
115,-0.36283168592762866,9.809002061137382e-17
116,-0.2197035875950725,5.993702065564297e-17
117,-0.19788902310352646,3.628873190688726e-17
118,-0.21523969103305718,2.1726929671383416e-17
119,-0.24688925645109971,1.2830742181619546e-17
120,-0.5344460857207967,9.753218729484017e-18
121,-0.5256686702116733,7.31258627592246e-18
122,-0.4978806542996532,5.4218059205394016e-18
123,-0.3099053334660105,3.282619979261592e-18
124,-0.48040035219997457,2.4338486777301377e-18
125,-0.3259666280828656,1.4735681086905286e-18
126,-0.4638269673876455,1.0925546714330594e-18
127,-0.42063305544245194,8.026430660125159e-19
128,-0.38534458672082916,5.851453106444454e-19
129,-0.35426002284076336,4.2381554191766625e-19
130,-0.43312303245806877,2.626717299482916e-19
131,-0.3660023487410675,1.6174157543029197e-19
132,-0.43860001201339527,1.1791333957378809e-19
133,-0.37464991356126637,8.540358266863465e-20
134,-0.31214442633353334,6.151264078077242e-20
135,-0.46418728726417935,3.8337668259950095e-20
136,-0.340002022975154,2.7613024446488745e-20
137,-0.2466407453263895,1.9792534389924824e-20
138,-0.18791625464459782,1.412706978585249e-20
139,-0.617049027650965,8.884868687637252e-21
140,-0.18253084068372621,6.341641626869181e-21
141,-0.16764637935955698,4.509554283703772e-21
142,-0.18380779274565678,3.1961607485944228e-21
143,-0.6179808972376266,2.0243389179546235e-21
144,-0.6418720092139807,1.2779118776167778e-21
145,-0.6186580059803708,8.0371084726767235e-22
146,-0.16935626551555863,5.7365464186217165e-22
147,-0.632593493266979,3.6078579933845806e-22
148,-0.4147739105891188,2.259496171523728e-22
149,-0.38016406337149616,1.6195674532303386e-22
150,-0.4141392606668428,1.0142878313970019e-22
151,-0.3810990805878149,7.27023829755099e-23
152,-0.414128246266035,4.5531380751411415e-23
153,-0.11068840629359902,2.837737005774455e-23
154,-0.7109930525184295,2.0439036819308588e-23
155,-0.08871275157888296,1.2738601418921529e-23
156,-0.6990428092909059,9.175083628187621e-24
157,-0.3941754702095992,6.576539943795676e-24
158,-0.40602970677982614,4.1186950406934254e-24
159,-0.0965905497925029,2.566970985634596e-24
160,-0.6848607473484177,1.848882203767279e-24
161,-0.12951735547971785,1.1523132754513701e-24
162,-0.6583455176807218,8.299632212711316e-25
163,-0.15108862660081512,5.172734293501201e-25
164,-0.11088512674806411,3.205949124208314e-25
165,-0.16829115898129063,1.9740809648639926e-25
166,-0.6224709206619469,1.439150561857112e-25
167,-0.19537935676307602,8.861649451274463e-26
168,-0.577188762930363,6.460346872176578e-26
169,-0.23962633621605742,3.9779944386771076e-26
170,-0.2431472417439525,2.4307175526413957e-26
171,-0.2409811028339672,1.471672376175477e-26
172,-0.53757245180167,1.091149109380723e-26
173,-0.455717431889873,8.016104727110953e-27
174,-0.32740976524371634,5.843925263076529e-27
175,-0.48593324919468217,3.598429412000105e-27
176,-0.30224190211182433,2.6233380505950544e-27
177,-0.5143605463376666,1.6153349630468476e-27
178,-0.37993592139851057,9.87035831397255e-28
179,-0.2542009030914015,5.975985839178394e-28
180,-0.5247204021349884,4.430803847142278e-28
181,-0.3015061265749453,3.2550810295887566e-28
182,-0.17223007724193867,2.373029159392069e-28
183,-0.15574760023520237,1.7187639050999563e-28
184,-0.6338647069368285,1.0652527896510998e-28
185,-0.6187205749128178,6.559353169204762e-29
186,-0.1701202125723177,4.78191977274379e-29
187,-0.6183152490353484,2.944493637656019e-29
188,-0.4828439094860264,1.7992062279180958e-29
189,-0.2907484619934303,1.3217831939437868e-29
190,-0.15387665647286072,9.636104395285263e-30
191,-0.6691532921470711,5.93348475761366e-30
192,-0.13894571427918773,4.325647263043555e-30
193,-0.6754867953883247,2.6635413076927724e-30
194,-0.1312985118795534,1.9417830563802517e-30
195,-0.15992451454893306,1.4064161898862017e-30
196,-0.6300960497706201,8.71666414009095e-31
197,-0.1778337884699435,6.313402276399159e-31
198,-0.6035234865236504,3.9129105324868295e-31
199,-0.5653796948203834,2.4093963753419094e-31
200,-0.23377167756674305,1.7565055380333377e-31
201,-0.5503698563221464,1.0815780328909832e-31
202,-0.40914490084665656,6.608884827837393e-32
203,-0.2561777350977516,4.0013341854072696e-32
204,-0.5258527759441176,2.9667283992162065e-32
205,-0.28576619743010334,1.7961989158293237e-32
206,-0.17997844290664508,1.0754271496776141e-32
207,-0.15983278871283996,6.350887447664318e-33
208,-0.6417990672692373,4.827592474902811e-33
209,-0.5752344477511152,3.619542169294552e-33
210,-0.3492464479229696,2.6836545132792526e-33
211,-0.4620555040120834,1.6248124797963242e-33
212,-0.3163145399103723,1.204692511011057e-33
213,-0.48010217332325034,7.293783221805704e-34
214,-0.19508882611611147,4.366962050509472e-34
215,-0.0975223392980699,2.578890116296675e-34
216,-0.1234247481602593,1.497406878821063e-34
217,-0.674897574134043,1.1576637732055774e-34
218,-0.1281889862844233,6.721859479027754e-35
219,-0.6716889375786361,5.19675267791984e-35
220,-0.7040840367344228,3.9502832208250584e-35
221,-0.5993774717638257,2.961769613480237e-35
222,-0.19905559637991002,1.773282137828369e-35
223,-0.08249954826553017,1.0472039201983672e-35
224,-0.1142839857431778,6.080485336402078e-36
225,-0.1646484989064881,3.464640538368617e-36
226,-0.6224334494784716,2.7295298675108932e-36
227,-0.18661566503438237,1.5552771376736726e-36
228,-0.21818253431570417,8.699132520743832e-37
229,-0.5668625049236773,6.9816390710171154e-37
230,-0.561897072204748,5.500308663332598e-37
231,-0.24343173073746271,3.134057778979584e-37
232,-0.24757042558706446,1.75297272020544e-37
233,-0.5235414989738885,1.4068785369839355e-37
234,-0.4882144085499042,1.1083738541216349e-37
235,-0.4300010334617364,8.568975314812821e-38
236,-0.3716138752290615,6.513659876405487e-38
237,-0.42846795233510715,3.846613018819477e-38
238,-0.37981512368294484,2.2334975647641419e-38
239,-0.4249629862452951,1.7267445841480632e-38
240,-0.37029740331578775,1.0026170568226237e-38
241,-0.33307377556649065,5.712879001173516e-39
242,-0.4746554737671458,4.500747968076758e-39
243,-0.33116543301395995,2.5645113836267916e-39
244,-0.31441583415009183,1.4344083016930746e-39
245,-0.306201239567341,7.797456279959286e-40
246,-0.303041725404255,4.0741380476387385e-40
247,-0.4895569289579956,3.500278124073725e-40
248,-0.46585972818950344,2.8904935250821652e-40
249,-0.44204369010723943,2.3198155081686327e-40
250,-0.4110148553925947,1.8276082746647006e-40
251,-0.3781530353086838,1.4129465552180769e-40
252,-0.352669739651596,1.0740436220325803e-40
253,-0.33297328125407394,8.052763777843631e-41
254,-0.3264068831302937,5.970599276370276e-41
255,-0.32046579295814004,4.386288608177507e-41
256,-0.31711723956428645,3.1977055790926087e-41
257,-0.3233608310612069,2.3160696979758724e-41
258,-0.3292590417248135,1.6681684644026606e-41
259,-0.3265545047072006,1.1957140647110892e-41
260,-0.47189393456103307,7.488408236703542e-42
261,-0.32860454959171664,5.367560436488081e-42
262,-0.3169686646205727,3.831136496832228e-42
263,-0.3099165607384792,2.7243289698905625e-42
264,-0.2947120725930751,1.930876705773097e-42
265,-0.27866623879087815,1.3644748254265566e-42
266,-0.52524613131783,8.667705532215432e-43
267,-0.2674723127521339,6.125127491339815e-43
268,-0.5410015925076773,3.890933013411507e-43
269,-0.49238098048579193,2.4643839111243878e-43
270,-0.30191941586401755,1.7466398297204258e-43
271,-0.4972054716168155,1.1062619377037375e-43
272,-0.29812563773119577,7.840666195614993e-44
273,-0.2124979865305724,5.540691234454654e-44
274,-0.5871203678936603,3.5196750552115713e-44
275,-0.4706809579795139,2.2292418164362481e-44
276,-0.31881710811926245,1.5799821322844743e-44
277,-0.47256933204790114,1.0007066513982317e-44
278,-0.27035963543205516,6.31719770088705e-45
279,-0.1538596960256069,3.973044155443622e-45
280,-0.6387446946931608,2.8357900479281975e-45
281,-0.16445733384998834,1.7834995213786422e-45
282,-0.6288351720990584,1.2729861525149682e-45
283,-0.174366895126992,8.006129351468723e-46
284,-0.15805198969739453,5.014005166372146e-46
285,-0.6267322897358535,3.5939514658743116e-46
286,-0.5691408782640531,2.5652097990653576e-46
287,-0.22748838970045487,1.6133248130309786e-46
288,-0.5450517678210234,1.151522678800439e-46
289,-0.22797712294319428,7.242215085696059e-47
290,-0.15396001745325738,4.535587955370323e-47
291,-0.16222742357297326,2.826798917909004e-47
292,-0.18555180863662799,1.7519889870564593e-47
293,-0.6244245292565689,1.268950034249352e-47
294,-0.6284759354537195,9.139718169481e-48
295,-0.1702719388788888,5.696316703745339e-48
296,-0.6280300767290468,4.102819486280021e-48
297,-0.49863738916282113,2.940829460214272e-48
298,-0.28978044145581033,2.0990390717161578e-48
299,-0.1654864255256941,1.4926309612661504e-48
300,-0.6001405414435724,9.422586392933834e-49
301,-0.20081181509193263,6.700420385123752e-49
302,-0.5858084998035425,4.2297990317879984e-49
303,-0.22198185531878922,3.007818710882053e-49
304,-0.5643727633504108,1.898756785369632e-49
305,-0.23550350640106393,1.3502098193149537e-49
306,-0.5514195037926699,8.52351920952428e-50
307,-0.2864598209935786,5.360655116818126e-50
308,-0.5147151064160189,3.82620777315545e-50
309,-0.2902858477447238,2.406398081939658e-50
310,-0.12474690453976922,1.5070568917275877e-50
311,-0.12552782220750258,9.392711226597787e-51
312,-0.1677956833323726,5.821399790181544e-51
313,-0.220187150750287,3.5845592270583745e-51
314,-0.5616569444364432,2.613226365812495e-51
315,-0.24961732740139103,1.609108637026505e-51
316,-0.2723668188912294,9.832312911497959e-52
317,-0.2860899876612019,5.95295133736987e-52
318,-0.5004325253039609,4.413725265971433e-52
319,-0.3065530530061987,2.672279855345335e-52
320,-0.2808565695384681,1.5999577121713485e-52
321,-0.5236579847188954,1.1995864270645207e-52
322,-0.2803477552230432,7.182210169937184e-53
323,-0.2549164329513703,4.241422436509513e-53
324,-0.549197561949893,3.224094145284802e-53
325,-0.25146340434670716,1.9039745317491211e-53
326,-0.23043746492887096,1.1055238619609586e-53
327,-0.5684810442167384,8.546941673021804e-54
328,-0.5203183739068153,6.496911123702565e-54
329,-0.39986067053799423,4.8711327446655935e-54
330,-0.27073631596231995,3.6116273173720143e-54
331,-0.5363148399646501,2.1866514890803848e-54
332,-0.25348460860353683,1.6212595027682985e-54
333,-0.5295805464117131,9.815878534481847e-55
334,-0.27131509379747437,7.277833907926892e-55
335,-0.21080920979360163,5.346645870019693e-55
336,-0.5585362744302051,3.267019641268382e-55
337,-0.49741264298283466,1.9780095606964642e-55
338,-0.31047081959441786,1.4665651169653766e-55
339,-0.4885874909671538,8.87928491796643e-56
340,-0.3085501235041352,6.583410810057577e-56
341,-0.48224116712350745,3.9859109996751305e-56
342,-0.4002049559342497,2.386460022591723e-56
343,-0.33548419305469446,1.4093134068982644e-56
344,-0.462339161783986,1.0712819041414245e-56
345,-0.3996417976036409,8.032057484968454e-57
346,-0.3502679924918644,5.955246910317143e-57
347,-0.32335866326936596,4.3750100236987375e-57
348,-0.3088830348648586,3.189483230831077e-57
349,-0.29453385729997383,2.310114324291925e-57
350,-0.287396458823207,1.663879056971625e-57
351,-0.27865259416516874,1.1926394922659123e-57
352,-0.5128269861835333,7.469153086745628e-58
353,-0.4522572442098796,4.655139327263986e-58
354,-0.353062752783053,3.352902820640111e-58
355,-0.43438744652084804,2.089692044008803e-58
356,-0.2961582890120465,1.2951460481494277e-58
357,-0.5093214867823129,9.380627585555516e-59
358,-0.3244636719550282,6.756475043996021e-59
359,-0.4786172121655952,4.210963723155872e-59
360,-0.31631421969254364,3.0329816472498136e-59
361,-0.4791516189566839,1.890301615324671e-59
362,-0.31736282475727706,1.3615054614504418e-59
363,-0.4794168039443843,8.485563951192449e-60
364,-0.20712449083421872,5.259169478686998e-60
365,-0.5948836718738744,3.8091696576902915e-60
366,-0.29818983811789185,2.7435861295848696e-60
367,-0.11341728717767602,1.9665546933028677e-60
368,-0.12082733543074743,1.403643153659356e-60
369,-0.16940222936226448,9.981335068757261e-61
370,-0.5997693274287729,6.300954116776851e-61
371,-0.20784150438905605,4.480621312365134e-61
372,-0.21294944313741979,3.1756544143726725e-61
373,-0.5707256778958278,2.011350907120709e-61
374,-0.24117135943100623,1.4255512666118926e-61
375,-0.5416571309495093,9.028954222064863e-62
376,-0.4642689764826601,5.699741155247345e-62
377,-0.3372951428536788,3.5847102396711627e-62
378,-0.250262977865072,2.2449994089042614e-62
379,-0.5481472978259443,1.6091764265883846e-62
380,-0.26129857407974033,1.0077802346571233e-62
381,-0.5080151128298925,7.223592978955265e-63
382,-0.2886271105953037,4.5239254733758255e-63
383,-0.49269616077396006,3.242670888253016e-63
384,-0.3573132963765242,2.3144806535852965e-63
385,-0.2666322858935452,1.645831909154709e-63
386,-0.24314738629476443,1.166488529882846e-63
387,-0.24869884823371813,8.243116861968174e-64
388,-0.5355117184272183,5.2363670106440936e-64
389,-0.2757217444530429,3.7003351593375125e-64
390,-0.509582804638509,2.350605151078135e-64
391,-0.4234106726734721,1.488792918242516e-64
392,-0.3131757485520189,9.398357837511585e-65
393,-0.24581135443178087,5.910863082827043e-65
394,-0.2302872540114836,3.701801049414255e-65
395,-0.24232764429041828,2.3071423823693086e-65
396,-0.5381474707225035,1.6617384910820592e-65
397,-0.49776371391652513,1.1911051719648083e-65
398,-0.42451220402373985,8.501602450266396e-66
399,-0.35623206915249944,5.346871116950024e-66
400,-0.2658518764043248,3.3485893404152e-66
401,-0.5008164556242694,2.4002104443988667e-66
402,-0.3678625527350303,1.7131681966921465e-66
403,-0.2634358216330162,1.2182373957186564e-66
404,-0.4953631573917868,7.690412034951045e-67
405,-0.3228842723242587,4.836693109054535e-67
406,-0.20307627437963005,3.02907974282318e-67
407,-0.18398487560490395,1.8878697587893044e-67
408,-0.20614848151926607,1.1700609496632998e-67
409,-0.5647452778252979,8.474647347205191e-68
410,-0.49286690633003577,6.103935241627879e-68
411,-0.36575198643307055,4.375194336930241e-68
412,-0.2666669507589875,3.122827754486214e-68
413,-0.24110958435331128,2.2206491798346526e-68
414,-0.25740276832793696,1.5738920741312327e-68
415,-0.28048351691440404,1.112207789689301e-68
416,-0.3000244464493671,7.838668515104817e-69
417,-0.3126845465223678,5.511301041895059e-69
418,-0.46853325722603584,3.5187782964305527e-69
419,-0.34618972529274944,2.4740230377066923e-69
420,-0.332358396926414,1.7356627462227814e-69
421,-0.45139538358191533,1.1105889416265342e-69
422,-0.3832683759519904,7.090732722354594e-70
423,-0.3101809229610699,4.5163163411953984e-70
424,-0.25540626373271547,2.868949973010796e-70
425,-0.22979556425244785,1.8170948024390468e-70
426,-0.22722240325977905,1.1470841222273146e-70
427,-0.23810488339432095,7.214299889613179e-71
428,-0.2567427829034228,4.51810548272526e-71
429,-0.5285105160309533,3.2384992204473565e-71
430,-0.2827516457035971,2.028177551195369e-71
431,-0.5021330626068019,1.4537623000588183e-71
432,-0.4799023493994578,1.0376337390843036e-71
433,-0.32814513241242627,6.525938964964034e-72
434,-0.4669797902080351,4.657937854749438e-72
435,-0.4446986256763889,3.31226910034041e-72
436,-0.356004520113527,2.0909483029970234e-72
437,-0.43776608783571697,1.48687759914281e-72
438,-0.40323964154353575,1.053829163897196e-72
439,-0.37065755012798507,7.446997315462026e-73
440,-0.34328284023933103,5.248528551044351e-73
441,-0.45628112350717764,3.342957094910904e-73
442,-0.42176218656932907,2.123583899502124e-73
443,-0.3845050551004636,1.5006534399055047e-73
444,-0.3581139506753332,1.0576373390404937e-73
445,-0.43691123966296996,6.7364332917358125e-74
446,-0.36761538485465217,4.7477340149527776e-74
447,-0.34127088771089403,3.338091331815932e-74
448,-0.3233724594441053,2.3418540085595555e-74
449,-0.47613727645294707,1.4984691988521721e-74
450,-0.3249856622153207,1.0512582644423843e-74
451,-0.31089913647236217,7.360415118678978e-75
452,-0.30216547954092166,5.143960926582151e-75
453,-0.29831339001027396,3.5888740686812e-75
454,-0.4962798240228652,2.309124059942728e-75
455,-0.30273617697023797,1.611045569430991e-75
456,-0.48934872381775407,1.0365657905082907e-75
457,-0.30851305943360885,7.231983561175716e-76
458,-0.48150464501863394,4.653143833591718e-76
459,-0.31542653889438227,3.24643742061178e-76
460,-0.4728708660960936,2.0887962668993222e-76
461,-0.37137362006302094,1.3416842935522388e-76
462,-0.4190239633224627,9.37660644211106e-77
463,-0.37002764754686585,6.022820793756001e-77
464,-0.26832276014315404,3.861505527385389e-77
465,-0.5310752634685524,2.703644254317069e-77
466,-0.4149902641503859,1.8894913098435945e-77
467,-0.38581091662698486,1.2136659057629326e-77
468,-0.28258033441243147,7.781366512451182e-78
469,-0.23578839912878208,4.979020041928165e-78
470,-0.22752782831296825,3.1789349788458134e-78
471,-0.2216690938940617,2.0247662060785577e-78
472,-0.22583032437306846,1.286214807252566e-78
473,-0.5653622225016685,9.089175499086645e-79
474,-0.23445759652851175,5.773818269756765e-79
475,-0.5558768094447495,4.0801308815399945e-79
476,-0.24064654336960745,2.5918670212938124e-79
477,-0.19959960167644533,1.6415999363222214e-79
478,-0.6092322217723152,1.1634891058587923e-79
479,-0.5555465205890499,8.221921108974915e-80
480,-0.3917032152856249,5.794682857652107e-80
481,-0.4107961082476518,3.690820385818839e-80
482,-0.3715907675653836,2.6012331348000306e-80
483,-0.17407167865746978,1.82890485270682e-80
484,-0.6412751822489212,1.1676935542117337e-80
485,-0.4388869657607525,7.437416818390212e-81
486,-0.16685058756245913,4.72455319078533e-81
487,-0.6292781572669647,3.3386564097753677e-81
488,-0.27769295906335023,2.353033410184071e-81
489,-0.06467309581275371,1.6543977411689221e-81
490,-0.7553732182251922,1.05627669783163e-81
491,-0.041389102378923924,7.426591460107293e-82
492,-0.08153274824900883,5.2101609129205934e-82
493,-0.7049224727316591,3.333796906442164e-82
494,-0.6969319278795891,2.1285159547485614e-82
495,-0.4394970467601508,1.3557204544770772e-82
496,-0.09935954978116353,8.612094165779156e-83
497,-0.6915394539288261,6.085829120147598e-83
498,-0.10700357748439869,3.865969071018263e-83
499,-0.6964375414159999,2.7319286920342577e-83
500,-0.10134127584345745,1.7354335159800983e-83
501,-0.6966946836063861,1.2263627898541787e-83
502,-0.21566025487705476,8.643215303870052e-84
503,-0.0028393538087844892,6.076971033760492e-84
504,-0.07030981088414197,4.263328219833456e-84
505,-0.14855307625527925,2.9849815736571286e-84
506,-0.2035524285420202,2.0861090487265573e-84
507,-0.585440630467608,1.3399582284146853e-84
508,-0.6098692294898314,8.591084282057857e-85
509,-0.6413314968237024,5.497129682018498e-85
510,-0.16310764336404077,3.856537734215773e-85
511,-0.6347297976434502,2.467661514258104e-85
512,-0.1705724786246909,1.7311997888894603e-85
513,-0.21309161349612268,1.2121045351643184e-85
514,-0.5723506406124327,7.77135585232479e-86
515,-0.5701632450840548,4.972614576085827e-86
516,-0.2298225301879399,3.488561642108598e-86
517,-0.2314659101623151,2.442526515274495e-86
518,-0.5496275608802276,1.5660153211425504e-86
519,-0.2575944155347949,1.09645015270672e-86
520,-0.5335985168320752,7.029842776608907e-87
521,-0.48805853709335006,4.49814669702712e-87
522,-0.3196612806303892,3.15569642241974e-87
523,-0.2847099843038729,2.2094699697661614e-87
524,-0.2744725872389592,1.5441285592834348e-87
525,-0.5131386347247087,9.918310694280297e-88
526,-0.47516666492391896,6.359082044744733e-88
527,-0.33357978685242334,4.4523296706624273e-88
528,-0.45239278982860337,2.85459192988591e-88
529,-0.3540345670981755,1.9986507891603637e-88
530,-0.4423750765726582,1.2814263173257849e-88
531,-0.3943714526180898,8.19939184976068e-89
532,-0.3540136738024823,5.2350328652972184e-89
533,-0.44082898489919753,3.680707001357569e-89
534,-0.39498522049978885,2.5822176773016293e-89
535,-0.3499600864788528,1.8079471690824174e-89
536,-0.4342512411479989,1.1591575153407018e-89
537,-0.3551397103379592,7.417037214990358e-90
538,-0.2920910536751571,4.735526035963312e-90
539,-0.49171975067737367,3.329508005809171e-90
540,-0.3106455876050593,2.12577763754393e-90
541,-0.2626968349723318,1.3539763319409587e-90
542,-0.24910615888317705,8.6010147817748e-91
543,-0.2498897770636025,5.447588630924375e-91
544,-0.26000118633806585,3.43891932031928e-91
545,-0.531927417589377,2.4454225364219524e-91
546,-0.5210609559915529,1.7332008959033267e-91
547,-0.4851722954979951,1.2247850848249608e-91
548,-0.30840594153301076,7.780338821710032e-92
549,-0.48421510441661875,5.498060245779251e-92
550,-0.3072088158052912,3.4925940970656347e-92
551,-0.24694121424581347,2.212089663643423e-92
552,-0.5346618787819509,1.567825490172763e-92
553,-0.2616293851154757,9.93007050009533e-93
554,-0.5290058251159332,7.037968625385535e-93
555,-0.2756299919844683,4.457608647492795e-93
556,-0.2221815820044108,2.8139710133883767e-93
557,-0.20861176860532088,1.7697769830379966e-93
558,-0.20846313792126003,1.1083596762836655e-93
559,-0.2102773087481184,6.907836347574095e-94
560,-0.5855561869780372,4.975426586837374e-94
561,-0.5445271253007667,3.5662990128213627e-94
562,-0.41283159093425004,2.5454726534157397e-94
563,-0.26541723638435716,1.8100907909438e-94
564,-0.193902605598016,1.2829075277601957e-94
565,-0.6011321429166683,8.125497560546715e-95
566,-0.5473342880805532,5.129412744117166e-95
567,-0.24352967610853385,3.647535854929421e-95
568,-0.5617586209556796,2.3025933808341962e-95
569,-0.23394841734690883,1.6373788452778176e-95
570,-0.5713048151306112,1.0336341686564708e-95
571,-0.4104303292785394,6.50078466290641e-96
572,-0.23106236198063906,4.0712517190727145e-96
573,-0.553037775925661,2.918202235178688e-96
574,-0.24931537328529765,1.827584896691741e-96
575,-0.15809736828784593,1.139039758282725e-96
576,-0.6297415091297651,8.204028601249228e-97
577,-0.4724522583764341,5.880504634355621e-97
578,-0.3267493211350828,3.682788439100779e-97
579,-0.15689383952170693,2.295292799296595e-97
580,-0.13783542188695003,1.422572960871311e-97
581,-0.6490895978532272,1.030356937604242e-97
582,-0.5399323709646511,7.421231545372094e-98
583,-0.2653025459949308,4.625272292905442e-98
584,-0.14421759812422888,2.866643986584605e-98
585,-0.141807970640363,1.765151943375255e-98
586,-0.17087439352195916,1.0785801433317612e-98
587,-0.6295298587926309,7.923767073811521e-99
588,-0.586235413566209,5.776608983758878e-99
589,-0.40828996788685257,4.183946487073276e-99
590,-0.22109048417091326,3.0135222582393297e-99
591,-0.5673635441118613,1.8781735780471934e-99
592,-0.33099864366016835,1.164051466014122e-99
593,-0.460436389547873,8.431121191853853e-100
594,-0.3577225578229081,5.225427030937395e-100
595,-0.4295157707977333,3.7847303030231964e-100
596,-0.16411467283996978,2.7259834811060126e-100
597,-0.10769756944395528,1.9539374218392977e-100
598,-0.14013539893799773,1.3946374815730359e-100
599,-0.6548037184622576,8.771225086636607e-101
600,-0.150673343125321,6.260527654781361e-101
601,-0.6541358250271369,3.937402941391175e-101
602,-0.6220438385409507,2.4658805552026878e-101
603,-0.17105677003972816,1.7675001803904993e-101
604,-0.13864507707809956,1.2615665029534543e-101
605,-0.6690756669147095,7.934308309772949e-102
606,-0.6133496960094388,4.969025743943654e-102
607,-0.4076721035378955,3.0969384199484777e-102
608,-0.18535682228199057,1.919415622726804e-102
609,-0.13687988608051907,1.1818908216215804e-102
610,-0.6504847220382711,8.616256730420623e-103
611,-0.15600842430300643,5.305507898259274e-103
612,-0.15718888248498575,3.241882655387785e-103
613,-0.17399272114020997,1.9627904301559428e-103
614,-0.6124625681437086,1.455281124003577e-103
615,-0.17996033904762518,8.81096624097003e-104
616,-0.20769856476745974,5.275335725306971e-104
617,-0.5903472317487836,3.9552427455714444e-104
618,-0.5825401692847949,2.93255460188121e-104
619,-0.2155618665279633,1.775508468487022e-104
620,-0.5754755045656884,1.3164237607844749e-104
621,-0.442683824876799,9.671080369294973e-105
622,-0.2846362168606844,7.050440683518297e-105
623,-0.21440100986025462,5.1065714527435284e-105
624,-0.5921005542356311,3.164942822831364e-105
625,-0.503012259058545,1.9488311072238776e-105
626,-0.30371035243005523,1.4207428331689999e-105
627,-0.21913255763797826,1.0290313923938068e-105
628,-0.5744070749368086,6.377714578095639e-106
629,-0.23089918253952615,4.6193219204557965e-106
630,-0.5576935150452663,2.8629560741071326e-106
631,-0.24981009516303637,2.0736136100926077e-106
632,-0.2198253792191157,1.4935374504211822e-106
633,-0.5711923377801239,9.308451495705717e-107
634,-0.5309527080988646,5.769177426701781e-107
635,-0.4143346604916708,3.5524030169341536e-107
636,-0.2866989932452281,2.1706637604525292e-107
637,-0.2358381115415726,1.3142234031888174e-107
638,-0.5595160776911754,9.744109620671403e-108
639,-0.4975950789649083,7.158490303500517e-108
640,-0.3011659331711763,4.374130808719393e-108
641,-0.24317369673570763,2.6483074818689656e-108
642,-0.23673454179846531,1.5856048801706703e-108
643,-0.5559278841891842,1.1888252286109788e-108
644,-0.5178012443289303,8.814363919633239e-109
645,-0.4358134842422052,6.475454516271311e-109
646,-0.3655908743334108,3.9567679635233623e-109
647,-0.2816895118259431,2.39561610295925e-109
648,-0.233997524983766,1.4343125221951006e-109
649,-0.21831283782660543,8.470269135354543e-110
650,-0.58098679965597,6.438628912133805e-110
651,-0.5259452090759167,4.827434996028033e-110
652,-0.3862837848342451,3.5792282859845235e-110
653,-0.4102674528133455,2.1670355697169844e-110
654,-0.26473038395388837,1.297455902825067e-110
655,-0.5234466144363864,9.727822672459544e-111
656,-0.3516505917079464,7.212546227749674e-111
657,-0.2246469211318279,5.2986824086383516e-111
658,-0.19394102590181114,3.8628617069004844e-111
659,-0.2184674702355193,2.7978363628343484e-111
660,-0.5676260005139779,1.734038620227628e-111
661,-0.24561518299112867,1.2559487432763392e-111
662,-0.5370527457591556,7.784099366201823e-112
663,-0.2767533533783633,5.637953908567487e-112
664,-0.5048045692819213,3.4942822054879973e-112
665,-0.3074204118850713,2.5308775095559455e-112
666,-0.29069999522544504,1.8228855774059493e-112
667,-0.27510141265296895,1.3066125932573475e-112
668,-0.264910411964084,9.326045328190212e-113
669,-0.25454166210044477,6.631769837255619e-113
670,-0.5462862220099987,4.1864617478245864e-113
671,-0.24610077516688839,2.9770014799440486e-113
672,-0.22783046170682084,2.109959140105942e-113
673,-0.22596191925493508,1.4910253568989615e-113
674,-0.5707876782214769,9.471606579935576e-114
675,-0.2235325970169517,6.693212827119441e-114
676,-0.5762731954208623,4.25180419373308e-114
677,-0.5303429028173466,2.6929473759045743e-114
678,-0.2587859181854056,1.90863490256678e-114
679,-0.5339050868408103,1.2088640770435637e-114
680,-0.36107787596793034,7.631240741244503e-115
681,-0.20535162957225986,4.799478797620555e-115
682,-0.5839572465932936,3.4256639687446575e-115
683,-0.3946302558035504,2.4359966289058174e-115
684,-0.18956735177789905,1.726520254374779e-115
685,-0.5882817079900893,1.093518886715822e-115
686,-0.1990628373898287,7.750349421888383e-116
687,-0.5902330928412909,4.908806282467324e-116
688,-0.19400145304626223,3.479131855485696e-116
689,-0.09061735100604675,2.4585660062894118e-116
690,-0.11895457096118678,1.732759303114705e-116
691,-0.6716731123689502,1.103650280223317e-116
692,-0.1286191973143098,7.778356511681912e-117
693,-0.1591620402993421,5.46889618618992e-117
694,-0.629145104157574,3.49170423809401e-117
695,-0.5752491475812633,2.2239790338463978e-117
696,-0.2253328360516009,1.5674260324804018e-117
697,-0.5555800840892469,9.98344188293648e-118
698,-0.24320992267512473,7.036175459804524e-118
699,-0.5267657801296949,4.481567061250187e-118
700,-0.2705156391617727,3.1585391639062504e-118
701,-0.509069589693829,2.011775453795209e-118
702,-0.20761492567607975,1.2779625468710795e-118
703,-0.5824174244304324,9.030860012086693e-119
704,-0.2172870292825507,5.736773872904277e-119
705,-0.10412563236491124,3.633476388674296e-119
706,-0.6776190813427901,2.5752377915467305e-119
707,-0.5329553108886899,1.819819528376205e-119
708,-0.2606801687548466,1.1560242446253279e-119
709,-0.12080860261710406,7.321862235881876e-120
710,-0.6462180734636042,5.189392834123096e-120
711,-0.45174183033267684,3.6671403514471844e-120
712,-0.20384680712627065,2.584543812751896e-120
713,-0.5697679996061678,1.6461793037646417e-120
714,-0.2323868892662664,1.1602017175443262e-120
715,-0.10773985582857049,8.157279418550561e-121
716,-0.11960851503461578,5.722778560070376e-121
717,-0.1574908619436836,4.006819947021922e-121
718,-0.18737122400371437,2.8002395129895752e-121
719,-0.6097026527666091,1.798661474218141e-121
720,-0.18392984219727354,1.2570275173810206e-121
721,-0.1943959049138322,8.770116113119357e-122
722,-0.21560191959172909,6.109234720518411e-122
723,-0.22940475676339275,4.249510605297472e-122
724,-0.5687962486704713,2.7424354660407154e-122
725,-0.5522164886465903,1.7672767097951793e-122
726,-0.47093260942833354,1.137086755642017e-122
727,-0.3237536905288354,7.933305150270562e-123
728,-0.22209875303176496,5.5263148910877865e-123
729,-0.1818071394946714,3.844038543652174e-123
730,-0.6084281449384347,2.4807627546093077e-123
731,-0.1899842909370152,1.7255889022454627e-123
732,-0.6002809482101508,1.1136144005441182e-123
733,-0.1983277346775462,7.746168582179876e-124
734,-0.5912094688498375,4.999015044042549e-124
735,-0.19684463642399247,3.4772550765405477e-124
736,-0.58954209009198,2.2440578532707003e-124
737,-0.20580931613537023,1.5609398038590519e-124
738,-0.13553264791068534,1.0843100486871723e-124
739,-0.1391632458189155,7.522741562155964e-125
740,-0.6427360055605487,4.867467808556718e-125
741,-0.156093879589315,3.376958687251811e-125
742,-0.6463130096935533,2.1850062992611102e-125
743,-0.16364792686377871,1.5159167547073385e-125
744,-0.6258083025758597,9.808493277383124e-126
745,-0.16249029090959752,6.804950311881242e-126
746,-0.14759516481464083,4.715623810672089e-126
747,-0.6435781103628709,3.05474219500349e-126
748,-0.15854394245009285,2.116843528610701e-126
749,-0.6330408373829204,1.3712737713370671e-126
750,-0.16909430965089792,9.502510599933442e-127
751,-0.6226593982010428,6.155647959532093e-127
752,-0.4753737271591507,3.9829120854768954e-127
753,-0.33992178367067943,2.7632703690339576e-127
754,-0.45443768116835925,1.7879292351705775e-127
755,-0.32368414325403705,1.2404320686593436e-127
756,-0.16134513230478142,8.595817354137529e-128
757,-0.13879704902574072,5.950119323086366e-128
758,-0.1696649154169881,4.114510917315124e-128
759,-0.6313436071706074,2.671008564133471e-128
760,-0.16944058801621448,1.84700395078276e-128
761,-0.19124424969483905,1.2759730127929216e-128
762,-0.5945409404331027,8.291200735063809e-129
763,-0.20880869808946959,5.72784285442743e-129
764,-0.21407313292846658,3.9533984242692977e-129
765,-0.5701603137074298,2.5712286573524728e-129
766,-0.22316709635184115,1.7746805526544874e-129
767,-0.22444026276177043,1.2238497598590705e-129
768,-0.5705652871098265,7.966541000865999e-130
769,-0.24289498038309534,5.49386157200737e-130
770,-0.5525034122832666,3.576180255288745e-130
771,-0.5193632908598412,2.325891845306749e-130
772,-0.42633579962218104,1.5113514145001672e-130
773,-0.3223203168155459,9.811208798977664e-131
774,-0.4809440472222704,6.784456499691249e-131
775,-0.32276918167356766,4.404251629861074e-131
776,-0.48390596734248875,3.045542522711403e-131
