t,lambda,delta_s
1,-0.13220355369019599,1.1115996968684472
2,0.323047078292201,0.9918615751209958
3,0.5832963450949078,1.0204441321861375
4,0.08470582956903924,0.8789052082306162
5,0.45656159266069074,0.7913761978173889
6,0.326756922126765,0.6275758206219584
7,0.5554422942224218,0.5485106641696468
8,-0.2187168773804744,0.4396582009645369
9,-0.07820991712441062,0.4000292062636632
10,0.03976086633934434,0.43563849351766226
11,0.09466214405040364,0.26549290018218175
12,0.19079134659944835,0.27548879225741635
13,0.2979636790967247,0.31046262081337794
14,0.29724945973495603,0.3453648226623605
15,0.3004161307648467,0.38331624160624655
16,0.13892399517111287,0.28956309430484695
17,0.4584392723682166,0.32017315670963725
18,-0.35144293476686905,0.24493043209990029
19,0.23410041457182038,0.27010956579495893
20,-0.26422441249713563,0.1786557811540511
21,-0.14799107698034009,0.14820143432938884
22,0.2581422088594339,0.19583108432085253
23,-0.4693223544936507,0.11879243616674978
24,0.0928251827131316,0.13390198962496147
25,0.06161331587663074,0.14200637344087763
26,-0.6262892405156748,0.08996163406581192
27,-0.09394833149305916,0.09618687042939805
28,0.009859349744328557,0.10621046968771701
29,-0.0744850952076108,0.12060125714158736
30,-0.12679343865722284,0.12430112156565211
31,-0.15111506883408787,0.1336953376849493
32,-0.16601407452272351,0.1455625922458934
33,-0.6318051132519029,0.11118141511014669
34,-0.5975338190016694,0.1302998032255228
35,-0.1851185492969772,0.07604286887175025
36,-0.13399732367970113,0.0888952000726271
37,-0.6531927833390847,0.04051734686707714
38,-0.14454102074675987,0.04152186419955163
39,-0.13906602946174232,0.043831578563039236
40,-0.655990469596032,0.019908610201144337
41,-0.14121175929624075,0.02051649891994213
42,-0.1521760881183144,0.019645898781252516
43,-0.6436617382355228,0.009665635819987254
44,-0.15434172434484464,0.009000890908041598
45,-0.17210393099384313,0.008012633006796074
46,-0.2006909656376891,0.006794786066777048
47,-0.6023029956186287,0.0036443810729177495
48,-0.6115805863413717,0.001963109102761124
49,-0.1910224589481628,0.0016429560123396886
50,-0.192052012079026,0.00138293390530599
51,-0.2098638872897723,0.0011332777542828263
52,-0.23248589997748115,0.0009023946986296225
53,-0.5480509266984549,0.000509005609138555
54,-0.258923601612901,0.00040515368837126646
55,-0.25555342368148826,0.0003149687588268984
56,-0.25249574313383466,0.00024052596061370962
57,-0.2533838092203956,0.0001811635284401542
58,-0.2656550957400371,0.0001349707127834634
59,-0.5286815520004682,8.13097809830953e-5
60,-0.49980954549037393,4.845278963903844e-5
61,-0.41826193450731164,2.8485331070880257e-5
62,-0.31612845523966776,1.6459768270893578e-5
63,-0.25507673946050724,9.328489045086665e-6
64,-0.5453369625537768,7.388875021589332e-6
65,-0.48885400385222816,5.740245802957407e-6
66,-0.30894608375853977,3.3168759840343837e-6
67,-0.5044100495305407,2.576804235013415e-6
68,-0.40718912433619475,1.9676232351464343e-6
69,-0.30832348756887845,1.4823224019086843e-6
70,-0.4787547517821273,8.832651144379785e-7
71,-0.3330504255469041,6.654143922245939e-7
72,-0.45505878101724867,3.964975227355586e-7
73,-0.2936168360269201,2.3309339070567264e-7
74,-0.20457135511972077,1.3468834338892693e-7
75,-0.19532118820212685,7.634224611358423e-8
76,-0.5903499701036617,6.046160229472113e-8
77,-0.22452296717798645,3.427004021522276e-8
78,-0.245234851299605,1.9269429755928648e-8
79,-0.5369576512501555,1.5383821368004717e-8
80,-0.5245385554326818,1.2183691607623359e-8
81,-0.5084122847291282,9.465172155950698e-9
82,-0.2976396524999293,5.469259192448289e-9
83,-0.2930894156985368,3.1000127265712097e-9
84,-0.48159069786939285,2.455150453600246e-9
85,-0.4389024052451537,1.907338293630469e-9
86,-0.36185531985568514,1.1021170390627191e-9
87,-0.3242218736968203,6.246873247565643e-10
88,-0.3114064204429058,3.5125055840827606e-10
89,-0.30781722944784,1.965082663763062e-10
90,-0.4621995414511391,1.5767637566669106e-10
91,-0.3707160467217248,8.82125607906795e-11
92,-0.3570891386740187,5.41340650543983e-11
93,-0.32288915752084557,3.480922275012137e-11
94,-0.4460571302409106,2.4300781803346248e-11
95,-0.2826260915305489,1.777581986268679e-11
96,-0.5257438055350255,1.0908620951625796e-11
97,-0.3220052673187123,7.014448595714665e-12
98,-0.4622043124896304,4.896879945219049e-12
99,-0.33412179793252217,3.1487859746218073e-12
100,-0.12493565821051475,2.428802708870592e-12
101,-0.6755074509789537,1.4134900240114387e-12
102,-0.11052546079685865,1.0902895360112998e-12
103,-0.06932397042942928,8.945202177282069e-13
104,-0.12267647823143323,7.241939669334807e-13
105,-0.6747949012196078,4.015501257382042e-13
106,-0.7165668784823429,2.1970556365214997e-13
107,-0.08494285215880983,1.8025585144385134e-13
108,-0.7160535723790561,9.862582752345934e-14
109,-0.6528488113348329,5.739726113006983e-14
110,-0.1439427871520186,4.427313397527929e-14
111,-0.07674103214240295,3.632357473402641e-14
112,-0.128194291734173,2.940717622530184e-14
113,-0.18005067188500748,2.3274283841471393e-14
114,-0.5962580487107746,1.3200881407538373e-14
115,-0.2117475051572519,1.0447826016436423e-14
116,-0.5714881431144445,5.925875663843996e-15
117,-0.5365659681481229,3.28577180503513e-15
118,-0.26573991703102917,2.6601255854995652e-15
119,-0.23309739583334174,2.105354062441564e-15
120,-0.5355935945407612,1.194130375330758e-15
121,-0.42514091228295636,6.621198522165206e-16
122,-0.2939432618132343,3.622746103469387e-16
123,-0.21814133856149598,2.108329119564352e-16
124,-0.5379961935993536,1.626250725847408e-16
125,-0.3385886961633123,1.334245725851722e-16
126,-0.4581867601481806,7.300239508329019e-17
127,-0.25741032823805243,4.248519519616476e-17
128,-0.1594557378055876,2.965948035500668e-17
129,-0.6263329411207863,1.907160412355836e-17
130,-0.4448547885764787,1.4710800966131858e-17
131,-0.1994415518686721,1.206937097764499e-17
132,-0.5902616859401895,6.603678553696592e-18
133,-0.20284864076993162,5.417940631864836e-18
134,-0.12290236478856806,4.386306582050395e-18
135,-0.14895374219887927,3.4715384987734215e-18
136,-0.19571038102596414,2.7014723194514157e-18
137,-0.5764648972711737,1.5583736320993892e-18
138,-0.23722596573085133,1.2126909242017403e-18
139,-0.5351121278041491,6.99553923449416e-19
140,-0.445414429668294,3.9677819710951508e-19
141,-0.36310098427555393,3.1402975623644287e-19
142,-0.42908357825323457,1.7811373268246137e-19
143,-0.3002761879654155,9.876027006580289e-20
144,-0.4854283360194471,7.995525460115689e-20
145,-0.35373343550074277,6.328051615521065e-20
146,-0.43552171221227093,3.589191379045934e-20
147,-0.26547386254571764,1.9901301520886725e-20
148,-0.5207185617603347,1.6111880100537195e-20
149,-0.3465837547154272,1.2751733379861051e-20
150,-0.42898487083983,7.232622977131146e-21
151,-0.22673321939961016,4.010335350048724e-21
152,-0.5935990796731265,3.246724454434173e-21
153,-0.4377621886366198,2.5696172229731903e-21
154,-0.34000146757711364,1.4574546075955004e-21
155,-0.1679054576041286,8.081275288940921e-22
156,-0.1483267326544848,4.421617697470953e-22
157,-0.6483166954486457,3.6276844772055802e-22
158,-0.6524201268119738,2.9369344149664458e-22
159,-0.14936541226518,1.6284675618175853e-22
160,-0.16514024313917808,8.910055323747858e-23
161,-0.20562331993284508,5.185383838518768e-23
162,-0.2419071860093178,3.619985488629696e-23
163,-0.26759571130602805,2.6479892899172184e-23
164,-0.5068261602847269,1.6250114858458705e-23
165,-0.45889974499347286,1.0449129716143614e-23
166,-0.35670918321659006,7.294676559962112e-24
167,-0.44025860096052155,4.690614329576871e-24
168,-0.380827972043279,3.61808547221548e-24
169,-0.4250375847876458,2.105616772547057e-24
170,-0.366003832160396,1.6241585684775292e-24
171,-0.31641716697560573,1.332529230366614e-24
172,-0.4945469743362394,7.2908478138956305e-25
173,-0.314054891626286,5.981723715115731e-25
174,-0.484347380508838,3.272861583657748e-25
175,-0.30840543544324595,2.6851957757154523e-25
176,-0.4741282707179865,1.4691875649039636e-25
177,-0.32519575329280304,1.2053843837186664e-25
178,-0.4729585312199462,6.595182978853893e-26
179,-0.3157736307842129,5.410970498513096e-26
180,-0.27058774973313354,4.3806636369028056e-26
181,-0.2566710317370627,3.467072394783679e-26
182,-0.5346180798781333,1.96647990660567e-26
183,-0.49635855380440913,1.0903712124296774e-26
184,-0.30963615233385844,8.827528300752854e-27
185,-0.4833708186166194,4.894676372596822e-27
186,-0.32273596195359094,3.962677454207956e-27
187,-0.28628988373097103,3.1362575969493228e-27
188,-0.2700520473343791,2.4405643456989897e-27
189,-0.5215377681438056,1.4078660352705513e-27
190,-0.2864015518139012,1.0955693347842764e-27
191,-0.27870682632004695,8.405117461634947e-28
192,-0.28183805936900586,6.353887743570033e-28
193,-0.2886230563196698,4.743759440716505e-28
194,-0.293233102208783,3.5053827653040105e-28
195,-0.2989821609333345,2.56818992171072e-28
196,-0.49405578403605865,1.5735663233449706e-28
197,-0.3033536776424513,1.1528604558559425e-28
198,-0.49090829339981257,7.063739225495574e-29
199,-0.31938949328760324,5.175190586337325e-29
200,-0.2895299158314609,3.7642865343670833e-29
201,-0.507169974282756,2.3231430542068255e-29
202,-0.4518947466471263,1.423422638454076e-29
203,-0.34150226388354704,1.0428589170334443e-29
204,-0.4493243719240641,6.389744224020348e-30
205,-0.35994262030469243,3.881685005458156e-30
206,-0.4216902062796873,2.8683561821627357e-30
207,-0.3829618969559856,1.7424883989501663e-30
208,-0.3140232968357863,1.0476986418668124e-30
209,-0.2879186875373692,6.2214302385414795e-31
210,-0.2798760609591181,3.640289489694716e-31
211,-0.5074806789883737,2.7928000340812705e-31
212,-0.4672986501749532,2.1112302103793803e-31
213,-0.4189503875294793,1.5762268151728312e-31
214,-0.40495978800019444,9.47731241439304e-32
215,-0.38224343261887544,7.075682173310841e-32
216,-0.41844276317461404,4.2543655428210357e-32
217,-0.36018607552977056,3.176273727599237e-32
218,-0.4509844510298198,1.9097846921723635e-32
219,-0.3787622738423646,1.1340658237194902e-32
220,-0.3068520861370889,6.635657301327972e-33
221,-0.4882890533969818,5.090821482676791e-33
222,-0.3193156794237774,2.9787465625661263e-33
223,-0.24566562409212878,1.7183222890665757e-33
224,-0.21539018951031247,9.746108156281829e-34
225,-0.21491352647496068,5.404009332177096e-34
226,-0.5914628022898637,4.375027951354913e-34
227,-0.1999142328656492,2.425859789214299e-34
228,-0.21133290626829662,1.3272935510873818e-34
229,-0.22827450933973134,7.724448702843386e-35
230,-0.5689801227969556,5.958220750831258e-35
231,-0.23488708093842908,3.467505022706396e-35
232,-0.24936499627724104,2.420711417871309e-35
233,-0.2634236206490527,1.7707302774105841e-35
234,-0.27716281309498403,1.4208172386721743e-35
235,-0.519736206097279,7.948808215296112e-36
236,-0.5255328432593271,4.878004868760632e-36
237,-0.2771368463991658,3.568220007846425e-36
238,-0.5239802935869753,2.189736385586648e-36
239,-0.5044831419648373,1.4080417114863745e-36
240,-0.30144606307485033,9.829726634898468e-37
241,-0.49294752688194465,6.3206992428623365e-37
242,-0.4163616936878162,4.8754445575802735e-37
243,-0.3168937043518717,4.000023464517665e-37
244,-0.4845084453491165,2.188587061897784e-37
245,-0.3631613958709967,1.273691752475273e-37
246,-0.24634873088444315,8.89181168556444e-38
247,-0.20656132880406078,6.504286325260452e-38
248,-0.21282170663631778,5.218977872623178e-38
249,-0.5900420451052923,2.9197741314094166e-38
250,-0.61042499828599,1.7917997318502302e-38
251,-0.1889025211976026,1.3106866075896873e-38
252,-0.20335293002398758,1.051682546075523e-38
253,-0.594387058161959,5.883672181470107e-39
254,-0.2047504950438203,4.721002949333022e-39
255,-0.5875057715165055,2.6411804422619313e-39
256,-0.20507746511614966,2.119258223955594e-39
257,-0.5812890439496837,1.1856259005313812e-39
258,-0.46858182514899865,7.2759195575903535e-40
259,-0.32561819617932275,5.322274667485371e-40
260,-0.46622904592428827,3.26616028940231e-40
261,-0.25395251275333697,2.1002025422556894e-40
262,-0.5479424840138699,1.4661793539126974e-40
263,-0.2541039140386854,9.427809212185788e-41
264,-0.15534822089224504,7.27210065648388e-41
265,-0.6601185284579515,4.2321435553502016e-41
266,-0.13849583905854615,3.264445984695613e-41
267,-0.15499719198734943,2.6782912580004116e-41
268,-0.6476214614149592,1.465409802529861e-41
269,-0.15503550775889344,1.2022849457163853e-41
270,-0.19696453468430097,9.73356987317288e-42
271,-0.59976934151518,5.3970571213208527e-42
272,-0.626864056472907,2.952965024536535e-42
273,-0.1718459975575033,2.4227389417609306e-42
274,-0.19746201297943478,1.961423442762614e-42
275,-0.5981746277922053,1.0875675109564821e-42
276,-0.20056546909291217,8.804829834561377e-43
277,-0.5925124383116728,4.88209055668365e-43
278,-0.2042564632377606,3.952488112734603e-43
279,-0.20341633115663743,3.1281932515735007e-43
280,-0.22292305778298535,2.4342888555049514e-43
281,-0.24545570385582796,1.867566306982916e-43
282,-0.5487840292258457,1.0927522672361728e-43
283,-0.542915773800314,6.303660072384108e-44
284,-0.5085172947884674,3.5753568022017634e-44
285,-0.2907027709412692,2.829713006493225e-44
286,-0.5033246763206828,1.604977668508372e-44
287,-0.42135655431884694,8.899259231968113e-45
288,-0.3239750042653643,4.869172340694857e-45
289,-0.26229277554700686,2.8337116488050477e-45
290,-0.5273917572216972,2.1857714637379218e-45
291,-0.289989075245426,1.272053159148586e-45
292,-0.24827260174351842,8.880372447411395e-46
293,-0.5266569450422192,5.710246631418003e-46
294,-0.4455323544779182,4.404574524412998e-46
295,-0.3429916339122765,3.613701528299791e-46
296,-0.4721015382223776,1.977213504008995e-46
297,-0.3376562913422964,1.6221906160537763e-46
298,-0.4683147132196246,8.87571141949638e-47
299,-0.3241779786612693,7.282013675465403e-47
300,-0.49264875086956034,3.9843068562119263e-47
301,-0.39831293300986004,2.318746587895542e-47
302,-0.3206152725637012,1.618747861564135e-47
303,-0.272853660839367,1.1841006031548507e-47
304,-0.2623749928048454,9.501111325349698e-48
305,-0.2662661908170785,7.585246223113409e-48
306,-0.5233728616006512,4.2650488739494804e-48
307,-0.4818073323639222,2.3860954530346386e-48
308,-0.413810264147275,1.464293126966201e-48
309,-0.34525543171880874,9.41568041789129e-49
310,-0.46650005550163803,6.5732118469512766e-49
311,-0.4123453996716075,4.8082498191650814e-49
312,-0.38303540089197885,2.9507147980964286e-49
313,-0.3239429969177882,1.8973651539825805e-49
314,-0.288499659767719,1.463524565604505e-49
315,-0.2678552334253239,1.2007382166235728e-49
316,-0.5226031271598277,6.569761774998623e-50
317,-0.4611850648863649,3.8234034799086616e-50
318,-0.32784477060660083,2.9491660607968825e-50
319,-0.2764174593153987,2.4196221092505836e-50
320,-0.5298395186889985,1.3238806446917208e-50
321,-0.46731297909257985,7.704586615546054e-51
322,-0.34732089202766997,5.942900214021134e-51
323,-0.46008222883182126,3.458588931718625e-51
324,-0.35336148213940183,2.667767906074088e-51
325,-0.44360081459352513,1.5525605714484902e-51
326,-0.3582577367963714,1.1975610130366579e-51
327,-0.4387929763921771,6.969444405232274e-52
328,-0.3706109574275371,4.8654619207435804e-52
329,-0.3155538508016432,3.5590449456486726e-52
330,-0.2892260501162879,2.8557440263468093e-52
331,-0.2871855499679688,2.2798934617502267e-52
332,-0.28981818065690984,1.8056317446350303e-52
333,-0.2974361133726365,1.402745222360626e-52
334,-0.3121424232647247,1.0711222130709381e-52
335,-0.46933219267375886,6.296923303176849e-53
336,-0.33393745652322665,4.808267614475442e-53
337,-0.45669601431599655,2.8266888707960885e-53
338,-0.3474645457836553,2.1584313321380264e-53
339,-0.42680731948500655,1.268900634100364e-53
340,-0.36648808704202274,9.689198249967601e-54
341,-0.4046445987165846,5.696094946476536e-54
342,-0.30744341949598564,3.291373805219488e-54
343,-0.2488892212837584,1.865572733001244e-54
344,-0.22852361093766912,1.0489783258336886e-54
345,-0.5525471565944713,8.374555998442586e-55
346,-0.46809630451617484,6.632487180520835e-55
347,-0.33708296178820896,5.152595335392841e-55
348,-0.23617219460848685,3.934470230750217e-55
349,-0.20240342881647452,2.9640656907774852e-55
350,-0.5842269794649357,1.7661836865837726e-55
351,-0.21728058340836054,1.330569088590013e-55
352,-0.5575584982267602,7.928398569074556e-56
353,-0.24397324109580626,5.9729246386805695e-56
354,-0.19874816795671313,4.4514256265694775e-56
355,-0.2128853241542013,3.287820898592841e-56
356,-0.5932740124587961,1.9982449637670387e-56
357,-0.212971265661133,1.4759028013783266e-56
358,-0.5911876778495483,8.970121642350236e-57
359,-0.21320670281802187,6.625327675387308e-57
360,-0.5806382299008536,4.026687605251023e-57
361,-0.5423152861208049,2.425411636249859e-57
362,-0.2657531279229837,1.8075800659971844e-57
363,-0.23410465280807055,1.3350777965137838e-57
364,-0.5600301614217027,8.114226916261361e-58
365,-0.5107157399952945,4.887476335687891e-58
366,-0.2933588089546337,3.6424764627097266e-58
367,-0.26196891509170606,2.6903314221962652e-58
368,-0.5409402460582518,1.635107684110396e-58
369,-0.4721917396631707,9.848812702508335e-59
370,-0.32652272482516537,7.339998393971567e-59
371,-0.4689429931511712,4.421132022155992e-59
372,-0.33236348824823475,3.294925279053838e-59
373,-0.46301309306638094,1.9846461647458252e-59
374,-0.33764356358466474,1.479091957767268e-59
375,-0.44837581250865644,8.909076633544011e-60
376,-0.32153630497650953,5.308609003386405e-60
377,-0.2252817527874774,3.1208300353551177e-60
378,-0.574655009906115,2.3830345816201575e-60
379,-0.5057461260098937,1.7952788124081802e-60
380,-0.2963706243409448,1.069744223689289e-60
381,-0.5077994909541071,8.059006588900323e-61
382,-0.3499094718200865,6.0061143618326004e-61
383,-0.21215757305225275,4.436113275779923e-61
384,-0.5965941390691635,2.6961447370266543e-61
385,-0.20160098190179054,1.9913712494976077e-61
386,-0.1562500485383576,1.4595088297879023e-61
387,-0.6465554485522421,8.939265538994766e-62
388,-0.5900879850722033,5.433033882933732e-62
389,-0.20824670536964074,4.01283630045475e-62
390,-0.13570922773467953,2.941073902962442e-62
391,-0.6586988354491564,1.8013622152741376e-62
392,-0.13532650426727663,1.3202480750398406e-62
393,-0.675378178746219,8.086314984365603e-63
394,-0.12114771332660283,5.926593608853845e-63
395,-0.13736492521639904,4.314553419393695e-63
396,-0.17895969178273044,3.1225059681471937e-63
397,-0.6105353354034465,1.9368030299658297e-63
398,-0.6134031420806271,1.1942750492984058e-63
399,-0.5541083591875022,7.314749711946556e-64
400,-0.39717088513880244,4.4456989063392735e-64
401,-0.22849580996025676,2.677796470885245e-64
402,-0.5644463852126477,1.9956742390556996e-64
403,-0.3600669518803804,1.4740040653015018e-64
404,-0.4437232715410222,8.958581659121036e-65
405,-0.3443659234356314,6.6168042491384415e-65
406,-0.15101062039920912,4.849564956324468e-65
407,-0.12966642823374755,3.5304777829921144e-65
408,-0.6641952427870016,2.176969708894053e-65
409,-0.13905702355995966,1.5848314767851603e-65
410,-0.17097238440525372,1.1469659229447215e-65
411,-0.6077592679660565,7.114308499288584e-66
412,-0.5796866768079365,4.386838001725886e-66
413,-0.4702766467836665,2.686870334294562e-66
414,-0.312093408301146,1.6330041323409882e-66
415,-0.4744898719458457,1.206136093064829e-66
416,-0.3392617173745216,7.330555550078696e-67
417,-0.43780468642567816,5.4143449217680186e-67
418,-0.3710542380098218,3.290686386430327e-67
419,-0.22710991871204894,1.9820929347707774e-67
420,-0.1778030133765411,1.181060263805032e-67
421,-0.186101264518064,6.943228146009481e-68
422,-0.6135925075355423,5.30177952422079e-68
423,-0.19351074881064786,3.1168151147436558e-68
424,-0.604443826574226,2.3799688284227127e-68
425,-0.5653044847546206,1.7929692018796988e-68
426,-0.4289903748330854,1.3362413785050186e-68
427,-0.2795676571571901,9.8694726102816e-69
428,-0.20648734071467537,7.233499240129083e-69
429,-0.5960035126975061,4.430406254755409e-69
430,-0.5539299282295156,2.692676170346144e-69
431,-0.44662179750509456,1.621890932808807e-69
432,-0.3409709912210052,1.2087423328683835e-69
433,-0.4695877006758366,7.280668397378737e-70
434,-0.33732870028508793,4.338297154103686e-70
435,-0.24821442084983364,2.5504021961658364e-70
436,-0.20171172362006226,1.4736985707071146e-70
437,-0.18825322226079244,8.353022272384403e-71
438,-0.1913218692410469,4.696755673975354e-71
439,-0.6062275145727128,3.749671698073358e-71
440,-0.5646350502069497,2.9696678215846122e-71
441,-0.23351905721823132,1.6832276252651306e-71
442,-0.1671818921160387,9.464489189371393e-72
443,-0.1641831948486601,5.294939234574893e-72
444,-0.18304267711005573,3.249385148876161e-72
445,-0.6085303899402618,2.37689822240067e-72
446,-0.5701561819702539,1.9072006685821488e-72
447,-0.23129328105441485,1.0669896120356609e-72
448,-0.1761869736618805,6.547875331060656e-73
449,-0.17775946959863206,4.210407082985944e-73
450,-0.6076838890776515,2.939341236113128e-73
451,-0.5450054415650546,2.1501036777873657e-73
452,-0.2561332035201532,1.3194702808911836e-73
453,-0.17319615499842955,8.484442258850682e-74
454,-0.6177050208624447,5.923102090920524e-74
455,-0.4934742922291736,4.332699937363824e-74
456,-0.3009883556990573,2.6588805286142233e-74
457,-0.15860491266114823,1.7097102257561345e-74
458,-0.6310961239860043,1.1935714692949253e-74
459,-0.4284519935216683,8.730876069451085e-75
460,-0.3632496186278007,5.357942325664919e-75
461,-0.14546309626412005,3.4452577634149193e-75
462,-0.11896941063019832,2.657484965934855e-75
463,-0.15067870135493408,2.1803144502617649e-75
464,-0.6525773230662592,1.1929450012081566e-75
465,-0.154786344901589,9.787431567225065e-76
466,-0.19581751920923526,7.923799543353529e-76
467,-0.5877548308267109,4.393578030527331e-76
468,-0.2202428076749958,3.5569936150113986e-76
469,-0.23558256898443306,2.8151794780909004e-76
470,-0.5335210752636901,1.5967344337786168e-76
471,-0.26793724217255177,1.2637340677150049e-76
472,-0.5185405591911538,7.16774087323221e-77
473,-0.2866395339761449,5.672902229972658e-77
474,-0.2438363452484306,4.414523517639251e-77
475,-0.22546630732998807,3.3867859865038938e-77
476,-0.5644577739307486,1.981679607068261e-77
477,-0.5076332201344138,1.1431533925734888e-77
478,-0.3975044854134697,6.483822431992013e-78
479,-0.40640040892510304,5.131615579262392e-78
480,-0.37410651032063347,2.9105878897212146e-78
481,-0.2622379669383829,1.613858974880871e-78
482,-0.5352127935426704,1.3065629036958534e-78
483,-0.24963252323740448,7.244612938240232e-79
484,-0.19518164065537047,3.963843283854778e-79
485,-0.5774038334211054,3.2521067479760403e-79
486,-0.22525284201017765,1.77936925012241e-79
487,-0.566495091486477,1.4598707191664446e-79
488,-0.4775122630380935,1.1818956647035792e-79
489,-0.33848386712926454,6.5533596583381716e-80
490,-0.4794927551763393,5.305529638854367e-80
491,-0.3346723986235695,4.199056781173888e-80
492,-0.4618834477079073,2.381652254881726e-80
493,-0.3435416129127184,1.884956589068959e-80
494,-0.4428159220003524,1.069123697216407e-80
495,-0.3238836817261964,5.928063124648617e-81
496,-0.4720871270758728,4.7992962768044515e-81
497,-0.3554947736979431,3.798398830607587e-81
498,-0.25714611135661386,2.9558275971153933e-81
499,-0.22779721379826848,2.2676865225503027e-81
500,-0.23473446652315466,1.7142682023968505e-81
501,-0.25071365092358006,1.2798583004979303e-81
502,-0.5433522177041021,7.695349960559461e-82
503,-0.25957043034439925,5.74528391093521e-82
504,-0.533311420200796,3.4544425972951436e-82
505,-0.5012129872751547,2.05131254096346e-82
506,-0.4321017639693847,1.2002660476184748e-82
507,-0.34548822849620775,6.923864985196719e-83
508,-0.27583527089590204,3.927129237314189e-83
509,-0.2474796023305871,2.177509494744594e-83
510,-0.5572907580058117,1.76288831463034e-83
511,-0.527892116117771,1.3952364110436228e-83
512,-0.2667580856308365,7.913605644375597e-84
513,-0.5332929050193222,6.263216249174823e-84
514,-0.2629967250878101,3.552417573760206e-84
515,-0.20631448079916911,1.9697398605223263e-84
516,-0.19703201411436777,1.077730471404457e-84
517,-0.6078418269358455,8.842162233884726e-85
518,-0.5682040983612705,7.158519637136836e-85
519,-0.2182538110700723,3.969246626790852e-85
520,-0.14494953170583613,2.1717477134658252e-85
521,-0.1438977067095864,1.2638917588683246e-85
522,-0.6530553774590736,9.74897548574809e-86
523,-0.6256177875902539,7.998476905530433e-86
524,-0.16699102542413935,4.376315095552318e-86
525,-0.13665441478973936,2.5468835763858443e-86
526,-0.1685306177140735,1.7780133303265167e-86
527,-0.20844060817924748,1.3006019694893537e-86
528,-0.5846523202676885,7.981501839835731e-87
529,-0.6006112962310332,5.13225591206639e-87
530,-0.6003260657916658,3.9587438340543543e-87
531,-0.20498124558048766,2.303869678926603e-87
532,-0.2113737480963415,1.6083620933625248e-87
533,-0.22918324451747554,1.1765035000582208e-87
534,-0.24931278513954375,9.440152888136743e-88
535,-0.5339610544432462,5.281324211761353e-88
536,-0.5094075394742175,3.2410299155161556e-88
537,-0.2869102212049072,2.3707864386596718e-88
538,-0.4918429283427934,1.4548983290752022e-88
539,-0.39764346575455606,9.355270099148902e-89
540,-0.37457762956649054,6.531038599218581e-89
541,-0.41123645332956194,4.199580747507943e-89
542,-0.35913654085958463,2.9317832271892218e-89
543,-0.4216224896978332,1.8851917975563152e-89
544,-0.22878132854802924,1.454134698747144e-89
545,-0.14720290780145692,1.1930343678125466e-89
546,-0.6441256101403345,6.527610662675931e-90
547,-0.1550447621485396,5.355531277110523e-90
548,-0.6439822461232587,2.9302444264752257e-90
549,-0.48149298136053376,1.7053140008521331e-90
550,-0.3202371660145675,1.315386723044729e-90
551,-0.16588886375840992,1.079199587843387e-90
552,-0.14633369573153665,8.737084027209429e-91
553,-0.6572225500604232,4.8445269498289644e-91
554,-0.6521604472804347,2.650651701786783e-91
555,-0.4956981090762298,1.5425994560722873e-91
556,-0.23383798299149056,1.0769092162991912e-91
557,-0.1351541845939121,7.877501387589434e-92
558,-0.13945788993896338,6.320832659798594e-92
559,-0.17792999146064012,5.0462593709167494e-92
560,-0.5826912221806059,2.8374217809835897e-92
561,-0.23167348534368568,2.265265831604529e-92
562,-0.21869505295975322,1.794046943071726e-92
563,-0.5574097556220963,1.0168778318072733e-92
564,-0.4287388940109007,5.717722963663583e-93
565,-0.36886610573839645,4.56476458698285e-93
566,-0.4232949496289885,2.5666858383885825e-93
567,-0.23604639138020087,1.4359407334706988e-93
568,-0.15909410063531587,8.812045402784754e-94
569,-0.6329171669283846,6.445937952549969e-94
570,-0.16666098328745899,3.9557271813100766e-94
571,-0.17122546853522977,2.543607032886205e-94
572,-0.6121164493076359,1.7757259316900939e-94
573,-0.19657946944241855,1.1418251970626177e-94
574,-0.21527048296262613,8.807420237584332e-95
575,-0.5670623243250872,5.125653309614092e-95
576,-0.5391032080683321,3.578286811232482e-95
577,-0.26950485838353794,2.3009057706857664e-95
578,-0.5159988877883822,1.6062929495622612e-95
579,-0.4412193424717805,1.1749899385703066e-95
580,-0.3528173492007819,9.428008213810831e-96
581,-0.43715596882913876,5.2745298342421075e-96
582,-0.36701402513663883,4.232232887179682e-96
583,-0.29019534273177583,3.378818269097007e-96
584,-0.5019881569534002,1.899849343054959e-96
585,-0.30109270547082406,1.5167515209976463e-96
586,-0.48990174817242116,8.528423700973713e-97
587,-0.3841986132360377,4.771254355076649e-97
588,-0.28455147870917685,2.928011513647047e-97
589,-0.2421504966372359,1.8827665147569265e-97
590,-0.5524426423259331,1.3143843684761596e-97
591,-0.24977206087643455,8.451738884743843e-98
592,-0.24008045620928042,6.519212948511345e-98
593,-0.548729339425031,3.793985585361511e-98
594,-0.2553315424707641,2.926474692586743e-98
595,-0.5368124268414414,1.7031201292687825e-98
596,-0.26670114853572996,1.3136944895021889e-98
597,-0.5254467284936082,7.645306260287566e-99
598,-0.46382580268944845,5.337290079238665e-99
599,-0.3451752200886795,3.4319779802430885e-99
600,-0.2865485569586516,2.6472416614991836e-99
601,-0.5073167184584414,1.5406149153311228e-99
602,-0.43487614624326615,1.0755237819883794e-99
603,-0.3562608214579063,6.915820354921409e-100
604,-0.4344272340238413,4.828026257345836e-100
605,-0.3313457101206253,3.5316610690973623e-100
606,-0.25571373620776755,2.8337714626186603e-100
607,-0.2239450619750802,2.2623515868764554e-100
608,-0.22257541687313911,1.791738917332398e-100
609,-0.23673711165010536,1.3919522701533148e-100
610,-0.2511876129716971,1.0628808227816817e-100
611,-0.5638770131825249,6.248473740718229e-101
612,-0.6093750691995817,3.6105547723574157e-101
613,-0.6577562863996104,2.046486644463141e-101
614,-0.6627565353316309,1.1507029965518457e-101
615,-0.13416569446153512,9.186678546995039e-102
616,-0.6784917330433309,5.165505751521236e-102
617,-0.5010990820153544,2.8898589794858896e-102
618,-0.1916319898119506,1.773441475772058e-102
619,-0.5988401713808638,1.2972576958912164e-102
620,-0.1934255348866203,7.96097878474077e-103
621,-0.09997489688747763,5.119059201352239e-103
622,-0.13487749577424818,3.948564607206639e-103
623,-0.6626372079980414,2.29794567548702e-103
624,-0.14085959128537934,1.7725106521750607e-103
625,-0.19029480865966383,1.45424363174927e-103
626,-0.6035623384524396,7.956800317613848e-104
627,-0.6225141168156128,4.630618135816569e-104
628,-0.6104041143639135,3.232696166197377e-104
629,-0.19299631747045873,2.0786844811680582e-104
630,-0.1826738270364749,1.6033844597307518e-104
631,-0.19739139904810865,1.3154852620761002e-104
632,-0.21819592636143145,1.0650027484056483e-104
633,-0.5769749088090259,5.9052133414596154e-105
634,-0.22227534190066997,4.780797337592958e-105
635,-0.5723721073167176,2.6508502689812215e-105
636,-0.22875837095134693,2.1460999248454787e-105
637,-0.2199755261195839,1.6985289039766953e-105
638,-0.23102430275238336,1.3217565697463617e-105
639,-0.5661440602056443,7.624696249951387e-106
640,-0.22838358439223802,5.933365241591419e-106
641,-0.566886202148987,3.422726146603178e-106
642,-0.23137587113934505,2.6634876569503884e-106
643,-0.5622774111606984,1.536461767210167e-106
644,-0.4740878811567724,8.714618122864857e-107
645,-0.3343924985457014,4.83207008450518e-107
646,-0.23092050144708706,2.6438360081986645e-107
647,-0.5309222852738414,2.1691162609343748e-107
648,-0.3904273664358819,1.7560932426264264e-107
649,-0.4177581939158322,9.737162895334412e-108
650,-0.2898893791419868,5.32762593053683e-108
651,-0.4993124890094578,4.371012423715619e-108
652,-0.31160743443524413,2.391571280217983e-108
653,-0.24423361202706048,1.3918224539027447e-108
654,-0.5392370994071759,1.0735763476898526e-108
655,-0.4546272689129328,8.80808002427967e-109
656,-0.37101844519042765,4.819284224779749e-109
657,-0.42291771520513916,3.953947122899145e-109
658,-0.3294044150555264,3.201073150977341e-109
659,-0.49117169922495063,1.7749268634694265e-109
660,-0.42142758182303003,9.711397954692796e-110
661,-0.3631970816459708,7.967646690114257e-110
662,-0.2525109412629437,6.450521239519569e-110
663,-0.5602950249658787,3.5766765991922896e-110
664,-0.22667084414869737,2.8956389844203344e-110
665,-0.19478577151602397,2.291750935536604e-110
666,-0.2065791023528366,1.7833884652630193e-110
667,-0.22879523911642347,1.3682009028859936e-110
668,-0.25128117760162827,1.0342978533339553e-110
669,-0.5480894423055657,6.141853853055227e-111
670,-0.2535187861461467,4.6429630636161265e-111
671,-0.5453475009251135,2.7570781946364915e-111
672,-0.25694907382880705,2.084226119257279e-111
673,-0.2724941516378026,1.556065786623331e-111
674,-0.28667127553840266,1.1498488189116054e-111
675,-0.3006470853321344,8.424273027894723e-112
676,-0.3133620128867153,6.127576751367382e-112
677,-0.4753526617457017,3.7816561622219413e-112
678,-0.3346747918721246,2.750669203688817e-112
679,-0.45426914043482597,1.6975854512214296e-112
680,-0.43312333264954156,1.040134638976793e-112
681,-0.3737201330038442,7.620461090532997e-113
682,-0.36450711080798787,5.542906795450702e-113
683,-0.423761497971655,3.4208249835402647e-113
684,-0.3834195064129993,2.48821086047782e-113
685,-0.3661779324459929,1.7987293625691795e-113
686,-0.41932968270266063,1.1169578552684939e-113
687,-0.3637300866820677,6.893345816314288e-114
688,-0.3171660941027983,4.223650571955218e-114
689,-0.49126414523082484,3.0944229369434842e-114
690,-0.3045205938226083,1.895996741750698e-114
691,-0.4931386681842752,1.3890864563939304e-114
692,-0.45163033253479967,1.01038200538544e-114
693,-0.33998573775459995,6.235609102752354e-115
694,-0.47055782324731815,4.5356048221752425e-115
695,-0.3983819356864315,3.278791882248395e-115
696,-0.38677826119198827,2.0360330046744664e-115
697,-0.28386009267220563,1.2565451353826419e-115
698,-0.5221669162264153,9.139752157983682e-116
699,-0.42050119503704947,6.60713319530052e-116
700,-0.2909928453185089,4.7509718891555057e-116
701,-0.4956934264983074,2.9659420913704024e-116
702,-0.30264345957525607,2.1327112810419054e-116
703,-0.48306623687473754,1.331411404816174e-116
704,-0.28206108919440487,8.267671936368305e-117
705,-0.16452681689838738,5.1024236486992465e-117
706,-0.6321978273737824,3.711357932235733e-117
707,-0.15898900156865853,2.290477975901091e-117
708,-0.1497851500477569,1.40340828253094e-117
709,-0.18190948038978072,8.525519482231446e-118
710,-0.2203753300595494,5.12610309952393e-118
711,-0.5707648204339042,3.827105695573697e-118
712,-0.23550580736911536,2.3011076813762926e-118
713,-0.25800611453822214,1.3664407243618884e-118
714,-0.27804743876582955,7.995331646363609e-119
715,-0.2940820259989073,4.6121938499495804e-119
716,-0.3001144562412616,2.615978410183151e-119
717,-0.4942082826555326,2.0704138192423672e-119
718,-0.3134498610003713,1.1743127083312164e-119
719,-0.4792182771587093,9.294087634578989e-120
720,-0.32229251623210364,5.271489747698832e-120
721,-0.30094665662403,2.922928756200909e-120
722,-0.2904646615143138,1.5992616331918633e-120
723,-0.275893867625018,9.307221027251705e-121
724,-0.5352263822869336,7.1790854713982745e-121
725,-0.5169059676516112,5.890029104058402e-121
726,-0.4670810096159169,4.768504341973064e-121
727,-0.3357114704952581,2.6440340648118174e-121
728,-0.4642757918072601,2.1405815991117085e-121
729,-0.3568045926787092,1.6941614299127643e-121
730,-0.26446870927433835,1.3183579007430363e-121
731,-0.5390156422789871,7.605090658878401e-122
732,-0.25901517171582095,5.918108616435491e-122
733,-0.5409469417004692,3.413925196770514e-122
734,-0.45306802243018535,1.9363354835637616e-122
735,-0.3299114962880063,1.0736567720787804e-122
736,-0.4714535674196793,8.692209985717727e-123
737,-0.3339861246942372,4.819645249861645e-123
738,-0.24829390344220137,2.637037839990834e-123
739,-0.5436982771263267,2.163538752662893e-123
740,-0.43597116470988767,1.751577751796062e-123
741,-0.3712506389378605,9.712125460703726e-124
742,-0.4231819048420487,7.862832527812525e-124
743,-0.30554271337222033,6.2230319105851085e-124
744,-0.4939283449017161,3.5296255217350424e-124
745,-0.3057360775460768,2.7935190246616554e-124
746,-0.4969248626981253,1.5844488967068607e-124
747,-0.2969888662254914,1.2540106901706175e-124
748,-0.2521167548395888,9.75842603787639e-125
749,-0.5465378103135664,5.629253988175901e-125
750,-0.5055458471587557,3.1928421435856476e-125
751,-0.4255868286925739,1.7703629452320466e-125
752,-0.34972016266043954,9.686426770162271e-126
753,-0.29800941888660293,5.63720863697931e-126
754,-0.4886197587611501,4.348236977125844e-126
755,-0.41119540693444717,3.567479792328734e-126
756,-0.3939671967755994,1.951923579031792e-126
757,-0.3264317901662775,1.1359607334601517e-126
758,-0.4595103141592175,8.762184946273714e-127
759,-0.3555573507818051,7.188871696027122e-127
760,-0.27596322028705345,5.820033363294005e-127
761,-0.5359951670830977,3.2270845043465743e-127
762,-0.2573281469669595,2.612612976782678e-127
763,-0.22883821181764186,2.0677502499281272e-127
764,-0.23141328422048127,1.6090762253373363e-127
765,-0.5688771655313777,9.282130871927366e-128
766,-0.2298738545040648,7.223143175539302e-128
767,-0.24488197203108195,5.54153579376782e-128
768,-0.25870100597907264,4.189149827030131e-128
769,-0.26894678197768146,3.127584219702397e-128
770,-0.2796286990923381,2.3111163113966097e-128
771,-0.5188482745701526,1.403972556224406e-128
772,-0.5014407991175654,8.441606505161326e-129
773,-0.4537768851221351,5.012783626358424e-129
774,-0.3522662262868703,3.789437160166921e-129
775,-0.4358168047701307,2.250238569872297e-129
776,-0.3697463801006567,1.701078341198931e-129
