t,lambda,delta_s
1,-0.6358079328903987,1.1420248456950157
2,-0.009425738384429278,1.1149818288654127
3,0.25622958313462746,1.132897082407083
4,0.31539310026583145,1.1797511114007757
5,0.03632933627342176,1.1888210469795013
6,0.3040202469843958,1.1803543555603224
7,0.17919343503009147,1.066316249209378
8,0.29530784906456453,1.0228264492168857
9,0.30168743594066977,1.0397434672979373
10,0.31826711878267694,0.8931748263304414
11,0.3858208640064336,0.8015855013120976
12,0.440666887467709,0.7894462948988413
13,-0.0857346451679218,0.6262856406695433
14,0.19954035976737114,0.7479280481521486
15,0.30942884194574494,0.8576815056768348
16,0.0758079805124301,0.7948866541351878
17,0.43385762688149104,0.8064052196297851
18,0.5369859678283778,0.9099599464238444
19,0.45247179945172317,0.755299473286995
20,0.21166796573074978,0.7236943045971711
21,0.3555944685127361,0.6420607929192912
22,0.17078903560646327,0.65918974771322
23,0.7576396569742107,0.7043700816623906
24,0.2173854101467025,0.8073567628098787
25,0.29876982692665077,0.6983395000655648
26,0.4299638293157424,0.7092645520217191
27,0.09293461469191557,0.5789293383917156
28,0.7520466425990083,0.6476742459880169
29,0.8266645971502614,0.5713548665377755
30,0.8242362965689436,0.6233717965213526
31,-0.006387993516018374,0.7840800760192111
32,-0.07908415408411801,0.9197226627778573
33,0.1432062562116667,0.7829693046835453
34,0.38396563964223135,0.8111935343651168
35,0.16795598109054632,0.8693458248111331
36,0.23985116414405097,0.7871765689114469
37,0.40966639466428484,0.8047026741258427
38,0.16206291746769763,0.7869970305221632
39,0.3069639451505454,0.7252256623637187
40,0.423304047769925,0.7782635996697731
41,0.7842353274224939,0.6457103758956352
42,0.54719715321213,0.6667814429888929
43,0.7667219705135971,0.6612255398535565
44,0.6958120540539885,0.6767220911929765
45,0.35210343636991276,0.7590625853314887
46,0.059226266292784505,0.6485505437937302
47,0.5559475076083059,0.6192879861982298
48,0.17684943894342195,0.49958459116449816
49,0.29156919066149695,0.4600793063085908
50,0.34803596064027265,0.6420858605775147
51,0.058545781845055746,0.4379636117178071
52,0.42149921032236437,0.4882852995868952
53,0.3434548096698638,0.5561124551540721
54,0.5407679240381877,0.7244764230398302
55,0.34125019352531005,0.8141194439230589
56,0.39142643651265135,0.888363460543318
57,0.5255319912376987,0.8988087123458238
58,0.26955611144127267,0.9749681735703111
59,0.2711981247361392,1.0673342141224353
60,0.5145923570494308,0.8737950422163007
61,0.24667331158956676,0.9242381655039207
62,0.22279517937862378,0.7828545073298121
63,0.18907437637317165,0.8740389748837966
64,0.737615975280647,0.6573938171155412
65,0.2962256675282056,0.736687178321309
66,0.5082506677455674,0.899106028581832
67,0.754290536249239,0.8445635363331208
68,0.6721063693240472,0.9259645226422341
69,0.06919705113896073,0.863168487353628
70,0.10817589287741401,0.7557163413518757
71,0.32673911780945475,0.9077030893478989
72,0.5260789019324931,0.9796648477013831
73,0.60877037124849,1.0450217204794232
74,0.11971301079766897,0.9832185548953323
75,0.4796734732351497,0.9874428043663059
76,0.654347135991718,1.0370300604779463
77,0.5372472259850348,1.0775244419990015
78,0.08400397381070175,1.0601374465723512
79,0.5133056071597427,1.048212273319591
80,0.4267568539028097,0.9339292972405429
81,0.5899645637556572,0.972743709470972
82,0.24882262990323828,0.8087973306587424
83,0.33695238599001137,0.7444895047675227
84,0.4049269919837644,0.7979692492927175
85,0.5007815314399572,0.8882089900538208
86,0.5438725322121879,1.0813505701153379
87,0.15279832978125715,1.0814415202331196
88,0.3672840971543014,0.9127112772459292
89,0.22624283908561263,0.927307956419651
90,0.4376401867881081,0.9464020821677386
91,0.2771499351728718,0.8465402031306428
92,0.7655514694926007,0.9896498221566944
93,0.8657678389653625,1.018366741550395
94,0.6858513867426468,0.8648430183516286
95,0.6221510858736984,0.8624675741243979
96,0.5658540676544123,0.9384808734500039
97,0.04275153451504249,1.018978207536538
98,0.5055508172454375,1.0469877800429437
99,0.40672655579766454,1.0551517846181067
100,0.34349085035563387,0.9520053224291786
101,0.4151358377543401,0.9313027789622248
102,0.4387177985473772,0.8387130416885946
103,0.34929418460518386,0.9490747912301685
104,0.5255267046796387,1.0562803706267558
105,0.6625998728955454,1.0982497150989665
106,0.05928636546451255,1.0734440101326834
107,0.12389824946151379,1.1286920668429954
108,0.36501105308337894,0.9848386781886534
109,0.26997438325138806,0.9741901307897793
110,0.37711629758995746,0.8181761316661988
111,0.4519436408446233,0.7486709522753865
112,0.5766321227029908,0.7155264232509937
113,0.6432711987330823,0.8160948498375947
114,0.6840369351641998,0.9452209855262161
115,0.40748845306887893,0.8742132628468997
116,0.30296794279584405,0.8941971471722544
117,0.46562038509860043,0.9687551659065382
118,0.5163383437867839,0.9931142728551473
119,0.44812429807978155,1.0584159403226026
120,0.5205116213886603,1.1474702437296773
121,0.5278973313833514,1.1338415632199308
122,0.25359928721438246,1.111012479873176
123,0.6516644157906343,1.1277808713538027
124,0.00878035243912939,1.044705420333857
125,0.44552412826559906,0.9526682348412537
126,0.2660302498113449,0.9224690540052862
127,0.16302256473860433,0.7773173688614545
128,0.5136302983379372,0.8221361063900157
129,0.021465921882730027,0.6696054609822566
130,-0.007208041130404741,0.560124782961688
131,0.3772834452914905,0.6433595496327823
132,0.10876306228423585,0.6122017002497059
133,0.31118929692231323,0.5410178097228738
134,0.11885269274030723,0.5882996591507642
135,0.3400383086544311,0.6721780965915278
136,0.30930593024005953,0.8021945586295058
137,0.4417681382893095,0.7577503167733162
138,0.34387982465729916,0.7258677934848069
139,0.34973461015363766,0.814624657208305
140,0.3717301951208516,0.706509281139481
141,0.6077032057388913,0.7203604853908858
142,0.5400788737025037,0.8779443228710433
143,0.3677289036455801,0.9246053665723332
144,0.4273717044371885,0.9569924892509261
145,0.21079446598694793,0.794694326602783
146,0.6514409726746249,0.8570965529993576
147,0.29377938332298226,0.778747851285851
148,0.45547989906015635,0.8158227229442623
149,-0.055096134473894866,0.8456180116177164
150,-0.035448915797437495,0.7454640121815698
151,0.046208071568348885,0.7996338771214277
152,0.34632196757118544,0.8666652579015737
153,0.2468261253209988,0.7693747281771139
154,0.7771682902192855,0.8044857822969882
155,0.09507063537570347,0.7041071443261107
156,0.3235307819751108,0.7232298711822966
157,0.2234060713077058,0.6146393773640701
158,0.21281598823402567,0.6258107950848877
159,0.18225129716329883,0.5368767060126798
160,0.3834066001887126,0.6529747667561455
161,-0.04537660306741148,0.5552871272247645
162,0.36958182173252946,0.5552622666346161
163,0.5525193954138814,0.5825884767602679
164,0.12471476940916718,0.47277856223702913
165,0.7222300118387815,0.5567250208025093
166,-0.09132129884011331,0.4173461286657763
167,0.42978649928901536,0.47694705449909364
168,0.29164264380702515,0.4890117837577814
169,0.4281769038640035,0.5322435314847815
170,0.23188301413167095,0.43337265556306775
171,0.40514759177490073,0.5031706476656697
172,0.472619717164534,0.6138965459027117
173,0.16214717004868173,0.5576826458102371
174,0.7237324414064862,0.6354368255806001
175,0.6109629410999321,0.7517810396720132
176,0.590459669903185,0.5673392565820725
177,0.6207150716677932,0.6527262726911585
178,0.6952178703592254,0.5342942713058988
179,0.07550020991569224,0.5022055730756471
180,-0.06649041238014912,0.4529625759604381
181,0.6798771043163128,0.515158306208627
182,0.23078704583520385,0.6340449702760267
183,0.8261435095768018,0.5165052839591443
184,0.457632466132582,0.5717901879661129
185,0.7327169731088001,0.44332508239551394
186,0.191348861224492,0.441638739374298
187,0.5018634819779222,0.35994722941195323
188,0.46050260643324403,0.46178377835146484
189,-0.08481743794373964,0.3722404690605678
190,0.20528568547628437,0.35360615709077475
191,-0.23423726156202967,0.27121037955560445
192,0.36859108622763376,0.3253689423511457
193,0.43379719453973054,0.39003566486654984
194,0.8412822048556449,0.2998051991328916
195,0.30463212656841626,0.28608297653208753
196,-0.014301968708764282,0.27207906925284536
197,0.6684155037137893,0.31986183002489593
198,0.2114320152320448,0.273630693085027
199,0.20950580877950373,0.28441195322430796
200,0.49075141061766536,0.31656542542163096
201,-0.10104026426559243,0.22470943174480823
202,0.3161442016366442,0.23053448404614824
203,0.19759214888965246,0.27553549649802056
204,0.6002385391860073,0.3477348667536023
205,0.6419620013899858,0.42653728802286406
206,0.47651946288599667,0.4449496850576464
207,0.4858936873858984,0.4127570184972351
208,0.4774949542775293,0.4794961813759233
209,0.46139278763425795,0.41757637506738127
210,0.7318546107974826,0.5106546297981287
211,0.26272008374233247,0.5650794427569832
212,0.23559875106105047,0.5794460390061571
213,0.45959924230240795,0.5894591642196604
214,0.28204165497794736,0.46717582165693855
215,0.19465314938213546,0.46910546777023915
216,0.33542609789860395,0.411586820226036
217,-0.13624237445517862,0.40122697751176833
218,0.3826508167847069,0.5093707474241933
219,-0.050389094120647196,0.4294379326601685
220,0.24150061065081302,0.5132474278205252
221,0.19208656927782347,0.6428897881691701
222,0.500981486760386,0.7369849509986437
223,0.46660641605029596,0.8213142971161851
224,0.09813405080464886,0.693408298274166
225,0.10987750158639481,0.761467457684208
226,0.3082795818933358,0.769546200978165
227,0.2714389727002791,0.8455903889491423
228,0.4771189795428916,0.9501592541504945
229,0.5217519047547805,0.9001361956177533
230,0.5453327956099026,0.8447198990437664
231,0.36429918140650136,0.8703930900453353
232,0.017350286723401106,0.6645631289319328
233,0.31622618373762956,0.7335418239633287
234,0.3483254292999056,0.8994474585114645
235,0.6110552040928394,0.9500164602686145
236,0.2867129304508912,0.9600534694651806
237,0.47711289419638275,0.9397376996471679
238,0.6603134464578024,1.0051006098480335
239,0.32371068991691504,0.9634843246312633
240,-0.02285978059823475,0.9152680887044107
241,0.3986918141336001,0.9959942284079633
242,0.24395711634124195,0.8874230000876487
243,0.8682991445005371,0.8203461717552817
244,0.1151440110765066,0.7304621470406667
245,0.30299948794834874,0.7563403925607513
246,0.2500616465583531,0.8570858216792024
247,0.30546592718483806,0.683334613321804
248,0.8314902823010814,0.9015732039270201
249,0.5540013513550819,0.8482212652035737
250,0.700877987133893,0.8043716541574552
251,0.3859362028061413,0.749518119995162
252,0.4980481090860101,0.8615954458230936
253,0.5835791714158068,0.7870317280508413
254,0.7056493819388596,0.9379635186826356
255,0.6370136618237361,0.739098310605818
256,0.4558621127312887,0.7375208416840822
257,-0.0035271240467735754,0.8184016223834304
258,0.2052005290550789,0.9186319596480153
259,0.29791489597601434,0.7731730333686557
260,-0.17420451493400313,0.8405226389567989
261,0.2818887026787502,0.9886992254850864
262,0.5381261804850654,1.00461651053237
263,0.34857565696736165,0.9459514904657078
264,0.6988323296468122,1.0186864163790015
265,0.6342358799169974,1.1265757248447221
266,0.36137519961850556,0.943745012535981
267,0.4196820857745791,0.9150567044021032
268,0.09211564492048961,0.7760530773378316
269,0.17035615710355861,0.7033995454690153
270,0.5267029840715235,0.8220911879779053
271,0.6966226905213607,0.9439366810904596
272,0.09713493154425112,0.8057184701906361
273,0.6105025240178088,0.9141610366075913
274,0.4247265924771641,1.0081711891697966
275,0.6433116109903683,0.8358421484118546
276,0.6183359219696665,0.8809074787812574
277,0.32305327804704925,0.9029034654575533
278,0.2901732506138358,0.7388582909145611
279,0.3446042413859136,0.7925071177505844
280,0.561436232365672,0.8439776172994128
281,0.5474559756745071,0.9483727992819132
282,0.5621926105918592,0.8501911836440894
283,0.7249886092545581,0.8731635586812541
284,0.035705451368101035,0.8880337878747134
285,0.16646265583133846,0.9300553964574253
286,0.4249614312970451,1.0076815399909589
287,0.7674966340004356,1.0579062758487165
288,0.5556205240120673,1.0377524842283201
289,0.4982014184911676,0.9999105845218911
290,0.3753904488151541,1.0983791406789647
291,0.45894107954114366,1.19163504947054
292,-0.04335663093880984,0.9147881684467428
293,0.427915002907533,1.0171383323234506
294,0.27168474460434217,0.8878028527697203
295,0.5987487386343068,0.9270398732445347
296,0.3694121072373275,0.990848780649834
297,0.2997237463063586,0.9320728210893459
298,0.41994270510782084,0.8990891380242756
299,0.643135974033498,0.740107212890105
300,0.4182571664134185,0.7865620771721152
301,0.5327289056265401,1.0071853968007116
302,0.08725293201074977,0.811751100552477
303,0.30462372078017375,0.8366123842072574
304,0.2157327797055083,0.6791219319516131
305,0.2445430310902488,0.6844511810970945
306,0.4298612731721961,0.6159236504915812
307,0.5376847164758478,0.7490545787045182
308,0.19016148711737815,0.6173683860979144
309,0.3097108705265416,0.578847447746596
310,0.4733958470120468,0.7111355226142513
311,0.32286567586734155,0.5700065309080278
312,0.027197157672030067,0.6200865015608635
313,0.23262746140078358,0.536752461815549
314,0.6082712609898837,0.6456119486911193
315,0.4331102052162592,0.7223784280137308
316,0.41567232627388956,0.8129357569455804
317,-0.04498118985333094,0.7418034526624236
318,0.322292377354629,0.751625648900859
319,0.2019660325943617,0.7470732669425989
320,0.5830907293625636,0.8091418850931815
321,0.5854420010948642,0.900676793721421
322,0.34001067213259395,0.7321763594720612
323,0.1794951708574423,0.7571477408686954
324,0.7190879761230657,0.8701647022048417
325,0.49980907615351156,1.0354176014352032
326,0.07986263763311179,0.9026021371543924
327,0.34638992986590883,0.8657598401600106
328,0.5826277436962026,0.8815754733151491
329,0.49953949782064866,0.86408846405228
330,0.0417758481319535,0.9162462613035137
331,0.330439986297072,0.9343918504612083
332,0.03019650795923225,0.8119264170701131
333,0.27761338580211753,0.8629818498173134
334,0.3873784870900312,1.0079178701396085
335,0.5308681349697039,1.0277227824794557
336,0.3998159184571121,0.9412817667248835
337,1.0132526340661674,0.9341389269326636
338,0.4063748169650409,0.9452744511266138
339,0.3425322552943025,0.9678027032398836
340,0.44600646621093454,0.9796085050874664
341,0.43544143294382,0.7342128673941075
342,0.46262573661450307,0.8986453310892294
343,0.2973596496387794,0.7345301689246162
344,0.6620654508496673,0.9096733611809079
345,0.182982847137594,0.6666407176274807
346,0.11029692347702026,0.7154317192637868
347,0.30672483155351926,0.6227504543878624
348,-0.06104903068229075,0.6022005761941257
349,0.4128588747971668,0.7351165901320871
350,-0.35209559709889293,0.6826889196634983
351,0.2803757561879142,0.6454981113580569
352,0.37597238771335906,0.798479875264606
353,0.7038840648779712,0.8711870209104077
354,0.032186026091601184,0.7277614898994056
355,0.13517873494681076,0.7395484200824736
356,-0.21459887099298885,0.5961203918117233
357,0.1139709056035927,0.5884691179053333
358,0.6164797232343161,0.6828335697997728
359,0.039973470959587094,0.565472713896599
360,0.2884877767064781,0.6204643882371291
361,0.10196751458961782,0.5906061612638958
362,0.41834747339626815,0.5837407597488619
363,0.8070621410482811,0.71940902777379
364,-0.04982211949035198,0.8079495900029465
365,0.07509250566655319,0.8450220551919634
366,0.42152218621413273,0.9096095032315755
367,0.10111438342178139,0.8481164866299664
368,0.4635690367273681,0.938046366136941
369,-0.05673724009201868,0.7189273659843547
370,0.17132113746240626,0.7729325167582926
371,0.0779951168992748,0.5719866704535973
372,0.6116544443454917,0.7083995231946643
373,0.20102523512077353,0.5796515143405964
374,-0.013942051128954414,0.5543618467354744
375,0.3817861010583709,0.6141867293087855
376,0.4715016595728241,0.7126192485874704
377,0.3194878027091235,0.7541906927305583
378,0.18055479032355187,0.614364974432588
379,0.3685190334864096,0.724203946289077
380,0.18415734255251642,0.7429063107715561
381,0.36579926022006576,0.6079039033849774
382,0.16337659154919684,0.6275060593113951
383,0.3205421525429709,0.720151348940464
384,0.685598529347166,0.6683751284219275
385,0.12596169218976158,0.5343435802489626
386,0.37583262119756733,0.5150776264065328
387,0.41194555225409846,0.6411816904084536
388,0.5259607128462471,0.7144904270180179
389,0.5305821010857036,0.8235698301923079
390,0.2930233484487801,0.7805063587108629
391,0.2137816435906278,0.7549876656304298
392,0.27690726536248095,0.9030655010965312
393,0.4957480761931719,0.9805329189012176
394,0.5657401147293526,0.8937552546710467
395,0.326475417236004,0.8460410879634617
396,0.36557856447239284,0.8558449957507075
397,0.42237477742920576,1.0079608787368595
398,0.3127609804058205,0.9982859652892538
399,0.5643312382044342,1.0699028118207683
400,0.12057079037718194,0.9844325134973951
401,0.25826435058020153,0.935046080787675
402,0.3172577744016328,0.8927669982765645
403,0.3541529750556283,0.9045506635033967
404,-0.1790269952065942,0.8711722763636407
405,0.18271698551675272,0.81436360975936
406,0.08692758679130945,0.8018494382772106
407,0.38768338542248676,0.9425964211867188
408,0.4254519687148391,0.9774807072291738
409,0.4568646123048573,0.9689130550596426
410,0.47188244381693306,0.8725996375683694
411,0.2878400179287047,0.744396298322073
412,0.05254307560751966,0.655139527693842
413,-0.10582256830773569,0.8192417900022416
414,0.0753078479441684,0.6793961970205571
415,0.12480675205935755,0.6462169038122052
416,0.17036630253404,0.5501686046050535
417,0.47151212510957063,0.7365578877267084
418,0.07347457534063201,0.5228178326926907
419,0.5974574653852747,0.6006418230915173
420,0.181340131504672,0.5127639256719947
421,0.24190962843759353,0.5506368630625694
422,0.6983478851391636,0.620753354751771
423,-0.01364438525291823,0.43670756477338263
424,0.2780925864944896,0.47735305151153334
425,-0.038712587733326295,0.39542198945739304
426,0.2500627129718909,0.4736285267022174
427,-0.0848718901182655,0.2910076313018679
428,0.24045983471040505,0.31326468264963325
429,-0.375055061496726,0.17850250386053287
430,0.25438202352347694,0.22879577662664874
431,-0.20913509517582346,0.12749105177058911
432,0.18240144158824786,0.14898180841380326
433,-0.6255514176993059,0.07931865752069621
434,0.21194531338111114,0.088582430612123
435,0.23017136106473607,0.10420482208382825
436,0.16763207433680616,0.11622400400216339
437,0.1616033194389443,0.12651406865587206
438,0.2754464930316481,0.13548535283614793
439,-0.1006533255465456,0.08727361532051628
440,-0.00607361740233992,0.08951211130472143
441,0.2764763510602682,0.10374961026634032
442,0.20128402861116496,0.1183773221406806
443,-0.1935475590629911,0.06794418621965088
444,-0.07481797393105227,0.05837522255330938
445,-0.21961974205914575,0.0411812067498169
446,-0.21545618530204091,0.03568118698579215
447,-0.28472191217680776,0.02610916299263651
448,-0.13821707063160174,0.02160779961298183
449,-0.08140502221324208,0.024630032125645428
450,-0.36480987449758107,0.012885246785145488
451,-0.20058988798695415,0.010640590346103707
452,-0.05424594751105383,0.01247424223911098
453,-0.5076269350918099,0.006199835657376524
454,-0.35761057229738336,0.004557583868482931
455,-0.13909866218755057,0.003617130135733495
456,-0.37819809474247446,0.002656603594299457
457,-0.14265173812738283,0.0021094511511496024
458,0.04946442410237399,0.002481558950990308
459,0.04333537507722454,0.0026793476434924047
460,-0.006191101111210494,0.0026760792650953763
461,-0.04304894269938152,0.0025371838583410403
462,-0.5050833237359879,0.0015490843860413613
463,-0.027369530688911695,0.0014761422121483219
464,-0.04564964180042764,0.001353896077313556
465,-0.05728026658768651,0.001208778875295994
466,-0.490261627558854,0.0007855352259316115
467,-0.4733149189469336,0.0004955509883529872
468,-0.05745926908384159,0.00045682502360302807
469,-0.010240536386922922,0.00040921784910516
470,-0.5325213099578164,0.0002654259946220775
471,-0.4220523825488992,0.00016716598654890164
472,-0.12325793077264093,0.00010105130991319825
473,-0.4178146360543943,9.71982025613799e-5
474,-0.07973285768153746,8.975382125547395e-5
475,0.05927512337265957,8.050215116119705e-5
476,-0.5958871441542947,5.217676766351394e-5
477,-0.39647846549759813,3.284341001955611e-5
478,-0.13603056381125328,3.0336421436818263e-5
479,0.08669435293582463,2.7215487186533723e-5
480,-0.609256834881983,1.7637035253178825e-5
481,-0.32684429143926774,1.110070991764922e-5
482,0.05602529247897859,6.707068626474919e-6
483,0.08596362421969085,3.846658868545308e-6
484,-0.6425781190271344,3.8995450332555345e-6
485,0.10392811702448779,2.236468149673676e-6
486,0.029239132999843452,1.2574981292666804e-6
487,-0.5693573730468094,1.3002983569013689e-6
488,-0.6461457828944034,1.318182306901912e-6
489,0.10506133856327925,7.560012081151645e-7
490,0.025139084628910752,4.250788080911148e-7
491,-0.03841867055848157,2.800132066043959e-7
492,-0.48791045973814356,2.471434715116947e-7
493,-0.06124462115718939,1.6280146720350306e-7
494,-0.10060695750769148,1.4085087960373915e-7
495,-0.43376974556616105,9.465377919308086e-8
496,-0.11552416638965803,8.189158299263204e-8
497,-0.41735568611487656,5.503229465028369e-8
498,-0.1302221944755683,4.761228129673469e-8
499,-0.40798013043117376,3.199611911590485e-8
500,-0.1370061468754213,2.768207899481042e-8
501,-0.3966911073359219,1.8602743311956694e-8
502,-0.1454473350761538,1.6094534093640673e-8
503,-0.13872939207990215,1.6095297232076762e-8
504,-0.3907433901929018,9.357462473565917e-9
505,-0.16596977658630757,9.357906373301702e-9
506,-0.3635407110777584,5.4404870884549095e-9
507,-0.3154097954970553,3.656082714298392e-9
508,-0.24680974351194637,3.226907726564894e-9
509,-0.2880022096292615,2.125669351130554e-9
510,-0.2176736981508313,1.8390654394941901e-9
511,-0.1714657052498723,1.8391527204630926e-9
512,-0.15239519672248256,1.8375606608453038e-9
513,-0.1471035513431592,1.7645186267675528e-9
514,-0.14594254621509065,1.6345694667776797e-9
515,-0.37789252292230224,1.0259021578385417e-9
516,-0.17046760007165396,9.503489038207493e-10
517,-0.142313222785738,8.5739473435879e-10
518,-0.3909690612703002,5.525387921344259e-10
519,-0.15147913847656472,4.984946575268977e-10
520,-0.12104467381303421,4.3984331470884394e-10
521,-0.41173454009430327,2.898279094035074e-10
522,-0.3477502932828443,1.8677647099821141e-10
523,-0.23646509039001828,1.1722621019322235e-10
524,-0.3054500218943247,1.0859300759523297e-10
525,-0.179094081861397,9.797146365652601e-11
526,-0.35282973614668744,6.313665331826499e-11
527,-0.19977766321825605,3.9626354169691726e-11
528,-0.3405683944789109,3.6708044843771475e-11
529,-0.19452507531740315,2.3039009978341674e-11
530,-0.06970228461612084,1.39495096586021e-11
531,-0.03931288058656499,8.117358708361932e-12
532,-0.49781721077476454,8.110332099964263e-12
533,-0.044528618088151284,4.719483086504128e-12
534,-0.49324590472102425,4.71539777250081e-12
535,-0.049536024039232206,2.743936963252842e-12
536,-0.4876822746437213,2.7415617361700633e-12
537,-0.4044893257976262,2.632586179423438e-12
538,-0.13649542381281357,1.5939611281675226e-12
539,-0.4041349137502853,1.5306020583816906e-12
540,-0.12984000877711138,9.267389621737075e-13
541,-0.04944150143609966,5.392786390998847e-13
542,-0.49800754431015487,5.388118247266722e-13
543,-0.04851768939145783,3.1353997126403733e-13
544,-0.47481825811361533,3.1326856246994394e-13
545,-0.07036393836588825,1.8229409891770025e-13
546,-0.05837457052126588,1.0598189363251319e-13
547,-0.47245606095099374,1.0598692844887037e-13
548,-0.07640800463963557,6.161853534477472e-14
549,-0.45539984837569797,6.162146261847641e-14
550,-0.4210461344978014,6.156812139124571e-14
551,-0.3334366833032637,5.912082275213654e-14
552,-0.21070286565152144,3.579609057762722e-14
553,-0.13477823472287973,2.083010189459552e-14
554,-0.40101260329124977,2.081207078739879e-14
555,-0.3134180256063771,1.998480252966979e-14
556,-0.20590599867226786,1.851300839639838e-14
557,-0.3353849606963939,1.1619289095765667e-14
558,-0.20614681592430323,1.076357878796847e-14
559,-0.33585114120968873,6.755527300834963e-15
560,-0.20716707961660005,6.258011979692336e-15
561,-0.3338621175781464,3.927705794751045e-15
562,-0.2391621060762311,2.378121714926318e-15
563,-0.1598922341497108,1.3838527291753075e-15
564,-0.38278439643131945,1.3826548283188804e-15
565,-0.16017063128100228,8.045806258220802e-16
566,-0.12400695090913039,4.677659826118545e-16
567,-0.12151750381751389,3.143451895502173e-16
568,-0.4217286577159286,2.7196206582792353e-16
569,-0.11727580317283481,1.82762257861931e-16
570,-0.42923587071406993,1.5812044483526613e-16
571,-0.11253072092344606,1.0625911898503833e-16
572,-0.12364305059710834,9.378572100237112e-17
573,-0.4210233189847137,6.177971589739494e-17
574,-0.4299893587013202,5.34499643075773e-17
575,-0.10446298053824947,3.591911294596976e-17
576,-0.10587425156597854,3.170268996750953e-17
577,-0.11865469836561918,3.278154717715623e-17
578,-0.4196893239707484,1.843214208892234e-17
579,-0.41901241322299965,1.2141853679466279e-17
580,-0.4077870367558581,1.0504769022783164e-17
581,-0.36387625704103194,1.0505268066365707e-17
582,-0.17478855762383905,6.1075383646525234e-18
583,-0.3654720421499231,6.1078285117104374e-18
584,-0.26229614267915236,6.1025414079234335e-18
585,-0.283098034766882,3.5511296706366456e-18
586,-0.2533734762271887,3.548055715450484e-18
587,-0.2835143074679937,2.0646489850685877e-18
588,-0.25590456079893575,2.062861768311132e-18
589,-0.12872466428712653,1.980864158441588e-18
590,-0.07834261413508957,1.834982094164379e-18
591,-0.07272495426080536,1.6555014502207277e-18
592,-0.085425951596062,1.4607202596488844e-18
593,-0.09952687118138452,1.2662485460110454e-18
594,-0.11233557829106146,1.0824486521483989e-18
595,-0.1216001425369812,9.14993282355964e-19
596,-0.4251938991463968,6.293424116631549e-19
597,-0.11213599231069715,5.319828130697721e-19
598,-0.1172237003735358,4.455458862830665e-19
599,-0.12249203117613666,3.702630065058016e-19
600,-0.4156698781997337,2.5904316294676406e-19
601,-0.41094832145093224,1.798278672972848e-19
602,-0.11839351748115402,1.50609313957017e-19
603,-0.4138468875206927,1.0455304597081198e-19
604,-0.11326473234219371,8.756519644282194e-20
605,-0.07823520505351694,7.276950343020733e-20
606,-0.4520200695901286,5.091095249433444e-20
607,-0.08838374400392121,4.2308644103718993e-20
608,-0.08286262867338826,3.492744913042519e-20
609,-0.0991389053045464,2.8669882939114097e-20
610,-0.42709753279516,2.030703722098627e-20
611,-0.39514086505339857,1.430172751918165e-20
612,-0.3193061857623341,1.000576527245787e-20
613,-0.211594722548906,8.315113765449204e-21
614,-0.32476844909800856,5.817414465439958e-21
615,-0.19982131888782406,4.0384514480292716e-21
616,-0.10129858189347431,2.7776911838556467e-21
617,-0.43415566119580556,2.3479809122057684e-21
618,-0.30711961581970554,1.9664793876850985e-21
619,-0.24576407217600768,1.3651307772371343e-21
620,-0.12120715877080762,9.389519159855236e-22
621,-0.06412214423519198,6.386085138617242e-22
622,-0.4659641033001533,5.459125124034583e-22
623,-0.357893784877824,4.614595626423775e-22
624,-0.1859954403489036,3.1739694666457313e-22
625,-0.05964058861793836,2.158708970746028e-22
626,-0.47190540601425035,1.8453656852169944e-22
627,-0.29781106280744984,1.55988665338767e-22
628,-0.09527456944732238,1.3064352163452002e-22
629,-0.026581427722206324,1.0856898153509355e-22
630,-0.04003873987171185,8.962796279674973e-23
631,-0.07354953701657398,7.357030832279413e-23
632,-0.45992181538141963,5.2110257744797776e-23
633,-0.0876520697915287,4.277423707329952e-23
634,-0.4454322306094901,3.029722954193632e-23
635,-0.4391715524608855,2.1337564745637941e-23
636,-0.107788227867371,1.761499861336642e-23
637,-0.42534111046311895,1.2405793502893558e-23
638,-0.3728223369290326,8.67933315342863e-24
639,-0.17007470278925044,7.212805878791707e-24
640,-0.11740272209321607,5.954454834372359e-24
641,-0.41082360550865754,4.193570417966241e-24
642,-0.12816445685274677,3.4619572560468044e-24
643,-0.10441124388045174,2.8417165221670525e-24
644,-0.10856814701394642,2.321093230563822e-24
645,-0.11991486358324331,1.887702138160211e-24
646,-0.4096381106967209,1.3494981110824972e-24
647,-0.3673873438592102,9.605946077392087e-25
648,-0.29147020783973004,6.803944925434556e-25
649,-0.21405023986206798,4.791844586689426e-25
650,-0.3325630246133985,3.9558561043034344e-25
651,-0.2100066760035469,2.7860083917298996e-25
652,-0.16558436023635048,1.949145372638333e-25
653,-0.14428217430426105,1.3530974970605818e-25
654,-0.3948579553622841,1.133245301810506e-25
655,-0.14726074626864497,7.866993416503788e-26
656,-0.13832061521199113,5.411004326209397e-26
657,-0.13684033794019404,3.6801814581027167e-26
658,-0.40815005085097233,3.1459917340351813e-26
659,-0.4068413818755175,2.6593051756093306e-26
660,-0.13461868585590325,1.8290992566163926e-26
661,-0.12628378965028356,1.2440236162118741e-26
662,-0.12294278963093662,8.343656457961512e-27
663,-0.4254762586549745,7.23283105613185e-27
664,-0.10978266382124091,4.851054012511685e-27
665,-0.1146926479088967,3.196526571611187e-27
666,-0.4294315672993923,2.820433121961872e-27
667,-0.10577804187987652,1.8584805270258165e-27
668,-0.4416689890220594,1.639817444815644e-27
669,-0.09086410690252936,1.0805321939161036e-27
670,-0.08559548416051473,6.963373209009376e-28
671,-0.4567038976833198,6.282281708690348e-28
672,-0.4348482352953012,5.543127834458905e-28
673,-0.09797687263557703,3.6525578496932468e-28
674,-0.4328850983385687,3.222809167503373e-28
675,-0.2886556411773043,2.793743288946467e-28
676,-0.24024325246249004,1.8737613925437582e-28
677,-0.08327161359776711,1.2346859187049455e-28
678,-0.031483216573419896,7.956800265887027e-29
679,-0.033813568559339466,4.9939135005518915e-29
680,-0.4960590425386227,4.626133404588378e-29
681,-0.03219489620889907,2.9034925211802485e-29
682,-0.5018292919396184,2.6896628747614616e-29
683,-0.05047264969600857,1.688108698642453e-29
684,-0.48843419541591254,1.5637868057792808e-29
685,-0.3771324012903243,1.4108319274813194e-29
686,-0.1834617620350317,1.244837797729914e-29
687,-0.3625461679517815,8.202665003371856e-30
688,-0.17317373710241726,5.286119011405712e-30
689,-0.06621790093392081,3.317718205113209e-30
690,-0.04946861195818634,2.0087904033265755e-30
691,-0.48278928481445027,1.9289421001916017e-30
692,-0.05269840640761319,1.1679232954340919e-30
693,-0.05586372810218913,6.796262065602308e-31
694,-0.4675141951011383,6.790379034859772e-31
695,-0.06987730303307292,3.951389241579092e-31
696,-0.4508718248601873,3.947968810736441e-31
697,-0.0832362172460251,2.2973624012368445e-31
698,-0.44691948166316753,2.295373741367233e-31
699,-0.09682902235188463,1.335700858594108e-31
700,-0.4338123648133459,1.3345446393167926e-31
701,-0.2572544904656493,1.281497230920747e-31
702,-0.29789221748658135,7.75912594202779e-32
703,-0.12752689191393296,4.515112722572633e-32
704,-0.4144732307034139,4.5112043172320933e-32
705,-0.2337283484259301,4.3318864505051136e-32
706,-0.08407011708051333,4.0128617789136347e-32
707,-0.03580453933889582,3.620361482356645e-32
708,-0.4982329271205921,2.333102918646505e-32
709,-0.41190268181099954,1.4643215581969766e-32
710,-0.23515505850208748,8.866078767500182e-33
711,-0.08914506515574701,5.159259604956129e-33
712,-0.44095905907595256,5.154793608416903e-33
713,-0.2707844942115139,4.9498934247235296e-33
714,-0.24881399452224146,2.9970292213936403e-33
715,-0.27319768364081803,2.877898973968165e-33
716,-0.24472596078976278,1.7424915207508957e-33
717,-0.05306349731970751,1.0139731837193478e-33
718,-0.4745022601803451,1.0130954607365755e-33
719,-0.2597607898655109,9.72825478701815e-34
720,-0.04808040142603044,9.011810964206308e-34
721,-0.47727910556920217,5.656068134764769e-34
722,-0.24315979939213866,3.4245992839795807e-34
723,-0.04020308822723866,1.9928084570783927e-34
724,-0.005511490464485047,1.1585762522308363e-34
725,-0.03916059274995205,7.785792151501615e-35
726,-0.49156009266041834,6.73603474148585e-35
727,-0.054549140832611816,4.526708218083985e-35
728,-0.4729597001078772,3.916372698917006e-35
729,-0.07676060612539598,2.631856449920392e-35
730,-0.05698217116295607,2.3229117377237003e-35
731,-0.46616580076364034,1.5301777890865267e-35
732,-0.39214180053449804,1.3238641036607844e-35
733,-0.15617499160925385,8.896549301860888e-36
734,-0.08488070115105624,7.852213519911146e-36
735,-0.4465151361358591,5.172509367535056e-36
736,-0.31477720795884206,4.475100557835627e-36
737,-0.14224949365543088,4.475313153677558e-36
738,-0.06800412710041945,4.471439199934838e-36
739,-0.47075482927037854,2.6019750382553425e-36
740,-0.06913560108706278,2.5997226973371136e-36
741,-0.4604402754134201,1.5128045495856442e-36
742,-0.08577793505796567,1.511495024498656e-36
743,-0.07708124981857654,1.4514139365447765e-36
744,-0.09426072732661286,1.3445235875617138e-36
745,-0.11826276816877027,1.2130149695428023e-36
746,-0.41653321315555475,7.817144170808025e-37
747,-0.13028598986493387,7.052544846357449e-37
748,-0.4039443242574554,4.544936478058852e-37
749,-0.3941453009651962,2.852531027357466e-37
750,-0.14991355834464745,2.642454474196405e-37
751,-0.3827694762059489,1.658479367624551e-37
752,-0.1618850541439853,1.5363395466382527e-37
753,-0.144149283170542,1.3860693003924446e-37
754,-0.3903874585290946,8.932374145376469e-38
755,-0.15655045975091222,8.058693541812945e-38
756,-0.3678286771011928,5.193338155460286e-38
757,-0.30216246322043905,3.2594863086704787e-38
758,-0.22868677236485957,1.9735325340592637e-38
759,-0.29575367762805044,1.895085711650445e-38
760,-0.23969323814552132,1.1474241498803938e-38
761,-0.283050710095163,1.1018146770392665e-38
762,-0.16522306405167786,1.0206707990744749e-38
763,-0.10728022908263524,9.208384067830449e-39
764,-0.4040696414066241,5.934243817743938e-39
765,-0.1399119470278946,5.3538120494370455e-39
766,-0.08062466240112827,4.7238990493921434e-39
767,-0.44797300501813925,3.112739786868007e-39
768,-0.0916612344847268,2.7465044316856494e-39
769,-0.44545082213504056,1.8097663667087276e-39
770,-0.09849429789438699,1.5968348422347356e-39
771,-0.41787611931993646,1.0522094766442456e-39
772,-0.19501784796291796,6.78085051161299e-40
773,-0.049928352893739335,4.255854085008035e-40
774,-0.4837439742218291,3.9424288677674886e-40
775,-0.3586995047271783,3.5568176543724207e-40
776,-0.16888210424855044,2.2921527839004415e-40
