t,lambda,delta_s
1,0.16454581437313417,1.108842145826828
2,0.7319470403783469,1.0251235624561676
3,0.5322572525309932,1.1363513815857489
4,0.4707543700296237,0.9580451887114306
5,0.47805683935448373,0.9403656299299811
6,0.3092530835008557,0.868364819324837
7,0.13256438945759544,0.8979765289124712
8,0.4337233257388804,0.920364906559879
9,0.46891821974634645,0.9409549187078342
10,0.48499174560047426,0.8062609610715545
11,0.8248112141953613,0.765072114797212
12,0.49446758286425724,0.7420715366677211
13,0.355704678619549,0.67375987450414
14,0.21386618016326736,0.7589126982611131
15,0.030109280067362496,0.7971387410476783
16,0.09800455133588988,0.6745374998675696
17,-0.011220408005251948,0.6003748718579761
18,0.09810100806126311,0.5150151502889095
19,-0.263369899289716,0.4636241211100088
20,0.11642940962066602,0.448190342710158
21,0.39567692764401596,0.5208338510659231
22,0.14284342358403407,0.4079408407097783
23,0.1571216186049101,0.478164789317787
24,0.1715725073085001,0.5360803166353805
25,-0.15593801963457946,0.4307679150766949
26,0.2758075308037119,0.5100407041569639
27,-0.03463358835852829,0.3259215973529744
28,0.441861771074485,0.35980536249688194
29,0.22006563495409595,0.42925892736063986
30,0.11211938993958885,0.28900516936238696
31,0.1270546835268802,0.273981004484854
32,0.29877168987910885,0.3567028713914467
33,0.20713606018894118,0.2769281500616743
34,0.27784403830477317,0.33111448818552436
35,0.3607471315327153,0.43765851638268094
36,0.48423266608100407,0.5565920161211202
37,0.5721701738773548,0.7007017060356586
38,0.47323848095060517,0.648197231896789
39,0.09319341854798806,0.6500709231061386
40,0.5384790120402588,0.6723243178727595
41,0.43409618942440903,0.5133953883986367
42,0.29605979005564037,0.6398207197271667
43,0.6549038180324153,0.6142320699319255
44,0.32539801726214657,0.7219993415376047
45,0.24334326500646206,0.5789567577472732
46,0.23972754039237315,0.5451260176482584
47,0.5767976788056871,0.5814239879282302
48,0.38849655476025335,0.7699354360897795
49,0.20799432218503314,0.943486396626804
50,0.4405959045352491,0.9135218220877325
51,0.6725386625257597,0.8796999707794129
52,0.6229349653665195,0.8791071392006538
53,0.6278454267712225,0.8704605174663769
54,0.5019516385532428,0.8604165388749279
55,0.5344766162443559,0.9322385788783526
56,-0.39184394413526624,0.8564430908844937
57,0.4406081813464407,1.0113832167664483
58,0.47376925753996724,1.082765224717555
59,0.05773213216303706,0.912469110413586
60,0.19136515408226976,0.8470007276536676
61,0.3886664067144042,0.9052195928984647
62,0.12403507916011206,0.9757837485876597
63,0.4605705712558255,0.8814632902795575
64,0.6262628392580586,0.8769795096978144
65,-0.08436846292046668,0.7412493579351171
66,0.20492553183720452,0.6197940226604428
67,-0.0383451158246506,0.5914103343983652
68,0.22423099687002832,0.6199297075308582
69,0.3046639750405134,0.6454497060602411
70,0.19746269429885566,0.6727218195718494
71,0.2299141422152024,0.527835084711306
72,0.3857421010581654,0.547002033783802
73,0.2622566565884141,0.4572821926710609
74,0.46561088530250394,0.5312054925934876
75,0.2533763135726247,0.5747880497758345
76,0.3091368304117123,0.7126170096517574
77,0.22529099735517072,0.6982404012544617
78,0.3635243091171762,0.6803618801104314
79,0.16328057723604814,0.7146840762757588
80,0.44803755023736197,0.58733954590829
81,0.4193964255696698,0.5043714299742349
82,0.3060508461179069,0.5836695954343519
83,0.3683421728415674,0.5311654483123605
84,0.21055726640969258,0.48788472152589113
85,0.3464561819522915,0.5029112899417436
86,0.24618542642428223,0.5284356123448102
87,0.1867580783742355,0.4215426647771666
88,0.2871210998253131,0.4697905790228907
89,0.44797077515408906,0.5345916497098055
90,0.7610701281477037,0.6155553596563438
91,0.4441477824687625,0.6799267993297441
92,0.6103287616776336,0.7489130117771353
93,0.4258590882104039,0.7081644615273531
94,0.09390821719204293,0.7135202698981318
95,0.10742001770924016,0.5667883346485653
96,0.210305426952639,0.47788635446980443
97,0.14426989472875962,0.5080312018987099
98,0.2135051901080207,0.6715133167677555
99,0.3631903382536705,0.7649248017106042
100,0.26757902134629674,0.6895773569664556
101,0.47646728224782725,0.7470306243810154
102,0.4953994059721526,0.9597213413469848
103,0.7199837736689412,0.9693647200283071
104,0.6809397874535709,1.0462535796560681
105,0.20866999726532276,0.9171643539005958
106,0.13929870279165163,1.0674887757660976
107,0.16912413207238744,0.8395329979348304
108,0.3387524388298646,0.9556406039357994
109,0.5216751986376269,0.833874357147303
110,0.11726925006768922,0.906915765982143
111,0.7320621095048908,0.9588794304460216
112,0.22479012132208956,0.8058990895891436
113,0.40725641416499764,0.8578761610242865
114,-0.035482297021052066,0.6635848891817991
115,0.3243505496606356,0.8387605951069739
116,0.06829066370180938,0.9284825208920684
117,0.33847865617923756,0.8332257653380141
118,0.627892437695421,0.9203315675590202
119,0.35806141707429945,0.6995619203432226
120,0.5258292996853645,0.8569529837152822
121,0.4198001131508131,0.9653354960866325
122,0.04943100319425198,0.8194789955025475
123,0.3867064608901643,0.8389302989356806
124,0.5261623916406273,0.9038102655291612
125,0.4954700097020585,0.933923346199675
126,0.07986627646828126,0.7069232939968351
127,0.3268937752570948,0.6703994484451792
128,0.3020661104004468,0.8558365081695092
129,0.4231548964112218,1.0149685145857779
130,0.5386454628720556,0.9022660131849775
131,0.20030381649172088,0.8204621760175703
132,0.513334660821604,0.8292158295134259
133,0.40106952086518605,0.6762323431380164
134,0.09431977908919961,0.6623636139279493
135,0.5107657981790865,0.8264658866893119
136,0.8541592835144058,0.9511722515534446
137,0.44647511594636885,0.9587640656039752
138,0.12839125784561964,0.9068305738368763
139,0.045403816411201746,0.9942196811995327
140,0.447606530107415,1.107923079777072
141,0.48666753435992943,1.1248176532660847
142,0.38112025679600176,1.0232687425792633
143,-0.001598811854258705,1.1230002168836668
144,0.540777958963569,1.0964312611907345
145,0.6210180510095422,1.167115604863297
146,0.5392543444481642,1.1360598449048094
147,0.8751143269380995,1.1376381161662803
148,0.4290886617125902,0.9872162100347583
149,0.29858800544682224,1.0895686032244851
150,0.39545622756938614,1.0553239900801628
151,0.35131672627027877,1.0427128554807956
152,0.7682671141697532,0.9318976323264928
153,0.5399182062711393,0.9562027709649823
154,0.7224578028002315,1.0187936454072157
155,0.9976359778883478,1.0243208103853325
156,0.2735997622985482,0.9014163720409588
157,-0.13656565418561756,0.9729798880738559
158,0.18228533310557365,1.0370734138646318
159,0.613412057869363,1.062089819636249
160,0.5308236157667263,1.0248309324441445
161,0.07769188181510583,1.0370938244302503
162,0.33933832267660885,1.007494241410144
163,0.14482515050488307,1.0042630310277343
164,0.3138882886135173,0.9321802470240238
165,0.2494845233628556,0.8966560098080888
166,0.004976339109535294,0.7951331800112277
167,0.0971848483773345,0.6888835612790235
168,0.5522002354230103,0.652885543152637
169,0.7959606838994135,0.7457343353608478
170,0.5359789030497512,0.8304223000876196
171,0.25828118140441453,0.721598226492675
172,0.39309979589552685,0.7262718749891074
173,0.39762838487268326,0.8494230180590139
174,0.017614261174664733,0.6544312254021278
175,0.22607755324047435,0.7453614136843059
176,0.6441512516009332,0.6470570969611619
177,-0.09199907615217565,0.6886941211323657
178,0.1832519037590802,0.7660295954148302
179,0.6697539401214152,0.9315131299496268
180,0.06820966394313299,0.8955597825216124
181,0.06620454102999872,0.8868552078377313
182,0.22739519065283953,0.8205797992877046
183,0.4434492021294149,0.9468749313773387
184,0.2797812437439982,0.8268143038838575
185,0.40127588034953676,0.9367555298765996
186,0.4128619057787759,0.8192160771550664
187,0.6203424219228142,0.8217345098082305
188,0.4274632117639036,0.832293966615544
189,0.4729993360162791,0.9500930125724486
190,0.24615674829489811,0.7829011808657976
191,0.043712017386795525,0.8231175416312614
192,0.3812918110017468,0.94637204610533
193,0.3768980838835967,0.745754315164388
194,-0.056001927498984326,0.7355248763072928
195,0.24748752266033,0.6793140992293397
196,0.10654882100935825,0.601850596988605
197,0.3635058748368096,0.7008381669464796
198,0.4259232743628095,0.9080015332874755
199,0.48896935495524574,1.0016162355941527
200,0.5680062485026287,1.0926561187738872
201,0.46901060280464646,1.0335790652524672
202,0.7716068436075875,1.0709693691878899
203,0.3174327989669036,0.8578426763120061
204,0.38033160286025014,0.8414957530700256
205,-0.033775192996034584,0.6212198544186099
206,0.13960455066641667,0.6192994225131198
207,-0.009102320628040296,0.5038412738030341
208,0.6256831720884042,0.622480178903111
209,0.10776963211141465,0.41914934692911754
210,0.21877855540072727,0.4166547768165009
211,0.2964993761350415,0.4005915420302516
212,-0.07201169311791773,0.3171229068026418
213,0.39030590362945317,0.3830296437199484
214,0.38087296972827506,0.2536664970866036
215,0.24824508457209316,0.23833944418205982
216,-0.17571020809636811,0.2246315118537523
217,0.3664164700588371,0.17391568500161192
218,0.29912076874099597,0.23331957024225136
219,-0.08240008493013662,0.1409966504810933
220,0.5136080870923386,0.1587320218619116
221,-0.49247414392110794,0.09544211938948322
222,0.5311676708090661,0.11940019011624232
223,0.2994131766265105,0.1432613560277283
224,-0.33472328520131084,0.085806482043231
225,0.2117132830845533,0.08635096443630784
226,0.31517173514486485,0.09693800031308285
227,-0.5842569771441803,0.0500131083080932
228,0.14941362217299206,0.0399713726708871
229,-0.49579176252251644,0.02837177723400289
230,0.08473751083892003,0.022730839471330106
231,-0.5343033226408037,0.016678465773390355
232,0.16440937227018498,0.01883767411296277
233,0.22321583228194336,0.020404642190969026
234,0.11207687316382119,0.020916892053714272
235,-0.6257132075363293,0.011492306881145229
236,-0.3928255362299086,0.005758984700529516
237,-0.12959521969481275,0.006608063786462866
238,-0.42201807237745137,0.0032839535714432413
239,0.015788768380281315,0.0020569852035904313
240,0.0758332013327009,0.0020813496058516836
241,-0.6386627291494796,0.0011809195642699703
242,0.08149777990295397,0.0011941134103069244
243,-0.6377978139868269,0.0006778229639112622
244,-0.5819885499417261,0.000620872508264418
245,0.026560176068871528,0.00038899746539379704
246,-0.5687236783534,0.00035624363113136734
247,-0.13531186744503446,0.0004113974127472907
248,0.0853622618360752,0.0004347690276246189
249,-0.6128287347744145,0.00023601110360341524
250,0.05622081785740214,0.0002495129096926719
251,-0.5870509889144386,0.00013540403679126816
252,-0.1826209292097465,6.731839265228976e-5
253,0.07541697635960286,4.2611867928628994e-5
254,0.04677221342968775,4.3223190318674614e-5
255,-0.5836897019365215,2.445155403282764e-5
256,-0.5308187199257075,2.2164645808248668e-5
