t,lambda,delta_s
1,-1.6007349399199944,1.1801735957742105
2,0.40856027300620956,1.093431193732151
3,0.408905043638023,1.1173003223697
4,0.24031860294278626,1.128915098853335
5,0.7328229538281099,1.2234105334436989
6,0.1319634153395221,1.0685081253615565
7,0.5749215363394387,1.0575485852314583
8,0.27623814968523425,1.0792037286008092
9,0.47967946287915136,1.099166317226367
10,0.27685699089471505,1.0824624040282165
11,0.3178165238966634,0.9380917852875396
12,0.6042128670118977,0.9623525499897261
13,0.5291265441496565,1.0646416693322434
14,0.698843759221635,1.107856462432262
15,0.22056874582344269,0.9757438755797847
16,0.4294079530311464,0.9769828497964893
17,0.46998814711863784,1.1239850309396409
18,0.17686306240179264,1.0875721770873759
19,0.6049514199928019,0.8947537834698428
20,0.3813415960366713,0.9185048219072882
21,0.3441528797123181,0.8486402297728426
22,0.6240731218343537,0.9604040418427716
23,0.8126534619406833,1.0018922376162918
24,0.7268097382725021,0.867220290261891
25,0.007243861113161835,0.8805311844323327
26,0.20311539175368182,1.032299962369874
27,0.0955802860697454,1.0590714671335342
28,0.31965364046923744,1.169848449682516
29,0.5478641113922281,0.9051640994952114
30,0.0694117754046317,0.8328685458766418
31,0.4221826068276401,0.8967427886520746
32,0.3303566716204851,1.0826102317939739
33,0.4297146942783663,0.8779232541453333
34,0.1721426955747664,0.8543529632513246
35,0.3331115835270584,0.8835832624270877
36,0.35394975779166593,0.8031627212880145
37,0.40338293393784863,0.8237613567830683
38,0.31831634877239373,0.903236370650489
39,0.5869099706521156,0.9556856765922864
40,0.3127590097159023,1.0445952984970777
41,0.4474618588514541,1.0224253209761955
42,0.4276559879825821,1.007551248938229
43,0.5778572750961802,0.9662471865041152
44,-0.013366732581616352,0.8089491998578465
45,0.2923034213013031,0.8995558924433656
46,0.31027775586353995,0.8307793728775646
47,0.3603547083840404,0.6847247865573137
48,0.3975440730938428,0.7499935737306752
49,0.551631908580274,0.767001524675749
50,0.7739776238769838,0.7767705715448208
51,0.43963586024057555,0.886407821053315
52,0.7195632552288012,0.8948203301256551
53,0.3756338387583724,1.01513639114342
54,0.14736066709403237,1.0882983717609411
55,0.1942104757558658,1.1074680374673609
56,0.2131002100564561,0.977539660804426
57,0.2781339169964759,0.9384272879599141
58,0.6108539348658788,0.9718944407184583
59,0.4812588042475733,0.9726146551325571
60,0.5746204988047118,0.9268121746655948
61,0.5252828381546932,0.7541722128403561
62,0.1651765482753197,0.843804306822646
63,0.5975389942170971,0.980170646230361
64,0.5210668001744311,0.80698029920215
65,0.08085406848816068,0.8522943668425049
66,0.6283948482294128,0.6638239022641448
67,0.2864633895767637,0.7621522798604501
68,0.3296744265965074,0.9415595143908531
69,0.233873793774379,0.9226482269803222
70,0.45757907080955645,1.1735754335700967
71,0.3097454357858531,1.005730160907399
72,0.5389758776803342,1.1043715549920947
73,0.49941755826871537,1.1078523325313403
74,0.4534599530566124,1.0754543741505962
75,0.330010885557883,1.1132179950693415
76,0.26984542084732976,0.9926024239999238
77,0.34047784667620107,1.0127678488963063
78,0.4957440621520102,1.0581524458171965
79,0.16488284393041644,1.1903709794540456
80,0.2916001584877233,1.0400923362220016
81,0.6957331269064808,1.076648927211546
82,0.39297038238795906,0.9752752260830809
83,0.42027759850403623,0.8316566677021578
84,0.5331993972196769,0.7656071832846705
85,0.5253516550797226,0.8659203962859183
86,0.2081554887909048,0.8658620213261153
87,0.17239673303932504,0.8324030458528522
88,0.24966525901296654,0.6029836220321805
89,-0.06435436191037139,0.5581472596639535
90,0.494158050820624,0.6593041176989693
91,0.19461700605695426,0.6306637067103817
92,0.3745991300792187,0.6881538041883468
93,0.09913888555518087,0.5765200524771962
94,0.34809996194742276,0.5717869861990623
95,0.09128498266589272,0.4765718128694191
96,0.285785432968416,0.35446631085499736
97,-0.11048155127273387,0.41036892050168794
98,0.8844179893007827,0.35581536029689564
99,0.30301404885084965,0.3506201265396135
100,0.5283617944038439,0.42403512925379416
101,0.9495934604633526,0.4518139005692898
102,0.5138346006758856,0.4792297250611863
103,0.09509038068907705,0.5329652806095705
104,0.29501947863477557,0.5552393763906557
105,0.4466584763886934,0.5826708174742598
106,0.5125171431394725,0.43097769508627587
107,0.5292789540226215,0.46290831077990985
108,0.40946517144945893,0.5123315652612921
109,-0.06049226160127721,0.32643566366093557
110,0.15582423549265892,0.42868004704206436
111,0.4765073156139882,0.5444793604033417
112,0.30930614911923543,0.5088114707446109
113,0.07828533152144705,0.48493530808501567
114,0.12707724625896638,0.47885488085609257
115,0.09312649760586682,0.4995433766185111
116,0.20398801018517254,0.5017518324060425
117,0.1547892810185572,0.5011388828450009
118,0.15091981612940464,0.5259546409406803
119,0.19820006878604887,0.5771650642190532
120,0.7941993594440181,0.6192448655909711
121,0.2717121472616236,0.7173559768049492
122,0.7093107481444645,0.8556154430700977
123,0.20678802938916097,0.8301925239142185
124,0.4499241069858378,0.8691420939577417
125,0.34175925023181253,0.6773853269551096
126,-0.15452882022816683,0.603918703385445
127,0.3885244137795688,0.5927404331999694
128,-0.32925830390586097,0.4562610814524583
129,0.4717987460577623,0.5565599575189384
130,0.6139444314572772,0.6910784824057308
131,0.28134621921728736,0.5688892721945094
132,0.3219203714174924,0.5645824120404136
133,0.009972404335623896,0.5046815496644536
134,0.330331746338071,0.533770942533086
135,0.13955522045420365,0.5967708907475195
136,0.5161513786035143,0.732659300001915
137,0.49731702074626594,0.6400160267096766
138,0.2059434904713293,0.761545453061455
139,0.23306042956056894,0.9175989787649982
140,0.26447108411549225,1.0300476128233471
141,0.41067650774570597,1.0825968325799729
142,0.33817140695068004,0.9598469168456147
143,0.2732538173062456,0.9715808910974659
144,0.6508401611236908,1.0652423024106163
145,0.4301641834451489,1.000017422729321
146,0.3891797215190627,0.885881615238455
147,0.47813371612451644,0.9331447957294613
148,0.6068829615893104,0.877239360345798
149,0.32573839399341503,0.8589003751500459
150,0.21837729375232737,0.8617637017265439
151,0.09796879705726268,0.7769130914511154
152,0.4776443070856592,0.9412578707525381
153,0.564923936694145,0.8831245163262684
154,0.08612221913058944,0.8586565943556823
155,0.20912562509871682,0.7662287628259641
156,0.434316845868914,0.821339135360001
157,0.5480236279546405,0.8098320732974353
158,0.4177815804848383,0.8086708843099115
159,0.3547587744530296,0.6836964794211299
160,0.043882119856132294,0.6987010858536071
161,0.3714803433913427,0.8545432149452631
162,0.3780547651691728,0.8337690552519645
163,0.17771458802215293,0.8321256426750431
164,0.030350548988348883,0.8178727245068276
165,0.27901542407683416,0.83460823601985
166,0.5242409604215785,0.939750204181618
167,0.299519583965522,0.9496503839871243
168,0.3355924905187889,0.8383740828459479
169,0.38594313309044675,0.8538811478519427
170,0.09449611580458213,0.839313237855693
171,0.48862006347735715,0.9405145855690861
172,0.6022966369676368,1.0421070071985934
173,0.41819803238141307,1.0602772586440592
174,0.5871712496193989,1.1383495592472932
175,0.5137997710061875,1.1213902202850983
176,0.4037558124858416,1.1255097041558964
177,0.19968933916297882,0.9122049531838715
178,0.36011666337363374,0.9649263055341447
179,0.2588203651897986,0.7582235230520364
180,0.3065901136805515,0.7571352664795962
181,0.47275407245037465,0.8928626432318855
182,0.46078054209397973,0.8673818501916101
183,0.6437908510601209,0.970322689137912
184,0.5569417829793593,1.0151475027254584
185,0.23913206602546222,1.081852113080793
186,0.22980759094369055,1.0185460353751907
187,-0.11790211458873516,0.9942668345119494
188,0.10502372368355992,0.7528861805939568
189,0.3920750547058499,0.7897499567266318
190,0.6351559269128214,0.9408929127300147
191,0.48464287259007227,1.1040397225037286
192,0.4673756051011525,1.1004862798317432
193,0.5117880213474658,1.0226170990818517
194,0.7657955733714176,1.0031601600630078
195,0.20602400224350095,0.9943502843261698
196,0.8390809867865636,0.8562018428906812
197,0.850559694026515,0.8640818088920668
198,0.6525176190043025,1.072366755840354
199,0.11981946149597211,0.8468755731688857
200,0.2610004971902556,0.918577103703178
201,0.23401405719860371,0.8646114928997198
202,0.17671344226220376,0.8237076717003647
203,0.19896149232787816,0.9836905244298241
204,0.1773817412864538,0.9375562042892307
205,0.44716875766259484,1.013154067256115
206,0.34836634431721425,0.761503470403378
207,0.313916519207577,0.9126763695679216
208,0.265466356775373,0.765069561425745
209,0.10730793394449109,0.8297566659316601
210,0.03924836886206899,0.6508987853290081
211,0.3033613889007557,0.6726982508726208
212,0.49732105976598445,0.8177077457768644
213,-0.1497838664906678,0.6485396698267104
214,0.339890772993665,0.7812107315366499
215,0.373002598594871,0.8962909831069014
216,0.4690559225920096,1.0226694925199242
217,0.28159667114508297,0.97828190530988
218,0.4684365939054291,0.9894417385850834
219,0.24856892152612267,0.8363476630497257
220,0.520698936109923,0.8269547024115338
221,0.44233748414297425,0.8665508422581657
222,0.4048240666939214,0.9668917739451747
223,0.5133088830270546,1.0831370964005846
224,0.6839492712782151,0.9136193825634047
225,0.3115432952039356,0.9751045224643643
226,0.4422736099708,1.0038449527436046
227,0.17447381923753066,0.8567347987045374
228,0.29951427722492613,0.7794874370678573
229,0.008911288785026455,0.7099857106908251
230,0.16781260958697705,0.6026952335095932
231,0.32061282314561346,0.6544877591037083
232,0.2115121966822081,0.83820369411516
233,0.435051419850223,0.8899607511581791
234,0.23168746289101638,0.8271082361824242
235,0.48744179275442157,0.9301787318843675
236,0.4569959641737844,1.0818748829629912
237,0.25829875368059035,1.1119368949890283
238,0.2301203305092593,1.0462939590978773
239,0.5502239654737956,1.0637625191481224
240,0.4491561959090235,1.0459279095562257
241,0.193632915491503,0.9679545763430674
242,0.37536256216668057,0.9256667231115495
243,0.2547353636281178,1.08843063911505
244,0.3709145281170161,1.1793598123343272
245,0.46680582962360057,1.3513848690848183
246,0.7778704967422789,1.0705599978627374
247,0.3615992257964141,1.0862321016957777
248,0.21389232160725047,0.8492150588866284
249,-0.03503608083618349,0.8266014937653143
250,0.17911903796211873,0.8209534377004076
251,-0.06440546010353235,0.6888548362393053
252,0.43029444353209795,0.9082993044672563
253,-0.002423530661608307,0.8106049582634131
254,0.36828835165748164,0.8941563703180628
255,0.4774714154105537,0.9374414750042968
256,0.5301047233715472,0.8994515636472106
