t,lambda,delta_s
1,-1.17399556908559,1.0941377666643444
2,0.33158741020900023,1.1355866937474104
3,0.25688500366833655,0.9659325166004054
4,0.1503842993741127,0.929284688590709
5,-0.05008431945790465,0.9600424301067115
6,0.5104577376294762,1.0183654557399056
7,0.2137434524440743,0.9838549464329778
8,0.6139027158152232,1.0228026039550702
9,0.022732137652283414,0.8664625721086158
10,0.4244696170182145,0.9265031965439305
11,0.14829878589359866,1.003191787841243
12,0.4626117518880098,0.8189041174672578
13,0.4359863217459491,0.8824769506003909
14,0.27384695759195804,0.9071119744246263
15,0.3732261762700145,0.7880262409527045
16,0.38924987269469474,0.7416180064761592
17,0.19691859269186707,0.8455051150290622
18,0.33207625774848815,0.8046255981871681
19,0.1955683722758787,0.7238323424985197
20,0.36133842883947054,0.8459724983330331
21,0.4221301048154828,0.9441018907087433
22,0.19876308366312248,0.8740340502190295
23,0.39076602950391864,1.0091485051079174
24,0.5428282214365218,1.1743085519176673
25,0.500622120423423,1.1246432455265332
26,0.5082274880714646,1.1331513302482275
27,0.29495431011039025,1.0666106155336033
28,0.4235674221864022,1.0029759342250193
29,0.4983018781996886,0.9628311859595928
30,0.11691031066177514,0.784760614836227
31,0.5347068790922058,0.9015864768174223
32,0.23199621854426442,0.7969129637003461
33,0.3015535885152943,0.8356877405661186
34,0.21077484071672933,0.9448472607219391
35,0.43154629152494134,0.9504299115141177
36,0.44005105390349064,1.014039045821985
37,0.30451627408546283,0.9406053728148445
38,0.21289227625913537,0.944949035350901
39,0.4725374136150598,0.9326570405143976
40,0.5305452804527986,0.9791135716578276
41,-0.008367260633677674,0.7949792289714213
42,0.34263874832174507,0.8428796363338217
43,0.34615976304109114,0.8659990449948614
44,0.3932320106294511,1.0265758363611035
45,0.31496349439995414,0.9696766681631965
46,0.18274529612994883,0.813872518100501
47,0.4151638612925571,0.8078457338114282
48,-0.08147517227543488,0.8395903329167613
49,0.3609279116310453,0.9724171497772348
50,0.16353108294483237,0.8442072637668128
51,0.30837244687722426,0.8484139445915723
52,0.31913380035144157,1.0601224305156451
53,0.411633589521249,1.0872728858274479
54,0.3602931941906446,1.0713840650731539
55,0.3843110793895061,0.9353165493991258
56,0.7384721405432071,0.9725328090394639
57,0.5255941632455808,0.9811934151513866
58,0.018821857439227044,0.8241139884948311
59,0.29594811611023947,0.9715503168152951
60,0.6183129480670805,0.9986790342887637
61,0.24654382960778193,0.7959700199716001
62,0.1998209071786937,0.7633172135521521
63,0.5138760547937767,0.9661314821672691
64,0.08261405513482209,0.9678374407712187
65,0.4812653515548402,0.8839846871123594
66,0.37920629550484153,0.8194682182169643
67,0.3740853652442334,0.8560871514401558
68,0.16839782346266333,0.7738871933206144
69,0.25140422620132696,0.8760722223261956
70,0.291641002793127,0.9083232660869626
71,0.34651451797790656,1.011761714905056
72,0.37666287214031036,1.0799263146850013
73,0.29393831212741667,0.9759442751441963
74,0.18719450502519067,0.8456996472079691
75,0.08597979038469065,0.8496652706888433
76,0.4860173885502282,0.9214203384803328
77,0.24943184942667337,0.8667515632225005
78,0.4206917336207925,0.7519650690691516
79,0.41306011874173476,0.8395160248616521
80,0.17240322955558937,0.7994026493820824
81,0.20108735940847056,0.8540357760534218
82,0.08145221492985052,0.961549344862313
83,0.5005141053072684,1.0232896603492263
84,0.3558337337183414,1.0168137667134178
85,0.4609695352453504,1.0481365059837717
86,0.29635726156040815,0.9286842497890161
87,0.2746832064256781,1.0292939077954162
88,0.43054002308957245,0.8250182482854473
89,0.6419607643109151,0.8263894148754335
90,0.6064750993658343,0.960313725571214
91,0.3377409791418295,0.8713906922538909
92,0.20941052495314372,0.8407052260135325
93,0.08642869504221644,0.8058773244036397
94,0.6951142227212366,0.8805534874529617
95,0.5126125687149397,0.8853034780931595
96,0.07122480565831532,0.881032095347811
97,0.49810076915275847,0.9164542062269552
98,0.2794771293553053,0.9343121981367509
99,0.24910414863288846,0.9201284254061124
100,0.19028644617614163,0.9597171136622026
101,0.21641751554496658,1.0168989805330708
102,0.29112199160498403,0.9983295044154599
103,0.6923271873081794,0.974200216310533
104,0.3498344011977004,0.8739748233436576
105,0.5620459654003326,0.7962325751589958
106,0.7497587712623929,0.9379019726016247
107,0.17461049403140097,1.1037200317867584
108,-0.056753302029725755,1.0085122126200332
109,0.12742234003190073,0.9696402934502074
110,0.49830146226798216,0.8860482194164241
111,0.29353961753232055,0.9574883840630332
112,0.4981340029758711,0.8563520091318136
113,0.1810486454318045,0.820189635945011
114,0.6397641417858324,1.0210731285797858
115,0.5046191051620288,1.1307524675549636
116,0.1560885368162721,0.9025617022383707
117,0.18668709438589126,0.8892278076146731
118,0.4567070908115921,0.8265322801668943
119,0.6232420098758079,0.916216574010556
120,0.24832979673021643,0.792485117947429
121,0.561675565087157,0.8784104073483564
122,0.8568229036558973,0.8291394523528738
123,0.054169550823351335,0.9360725373381363
124,0.5313895311887863,1.0631448752856885
125,0.4796432102845693,1.0126764029802324
126,0.44101568494720633,0.9549099271820667
127,0.253512204762385,1.0914897044646918
128,0.7168835447581247,0.9686500414253698
129,0.41691184339199144,1.0515831291964768
130,0.14018933980158438,0.9481149897495644
131,-0.016941170240440583,0.8696974415702613
132,0.09714707846127163,0.7233638431531323
133,0.2472728391177673,0.7875435356432333
134,0.2377463489379403,0.7847213985993094
135,0.19390734677954916,0.6813159335883009
136,-0.1994243652864178,0.6022677732826659
137,0.3180344333618885,0.7802665111654236
138,0.6457592330347594,0.9294479983440139
139,0.18776702697795022,1.1081047908389898
140,0.4106891641046155,1.007018490717023
141,0.33063897354717886,1.1076989488920568
142,0.29623254302866864,1.0433781311432908
143,0.3708061817991721,1.0579453936790575
144,0.455098846019045,1.106621965003097
145,0.3811959619548472,1.0677488735462557
146,0.14243148415425727,0.9447221454184578
147,0.32829574220665086,0.8508973969503462
148,0.5223855787551921,0.8412067378122469
149,0.03966053553667378,0.8849796501878366
150,0.2631802816824102,0.7339797666114123
151,0.4601646491739143,0.7181458798466701
152,0.35390546453474847,0.5963189220103087
153,0.18046900544375902,0.5359641275616706
154,-0.2115214391218039,0.4106758943406775
155,0.4094564192350723,0.4829202780943492
156,0.4191326732388353,0.6125448890638079
157,0.4946138842357384,0.7664287884552071
158,0.15817060357447976,0.6414344524660095
159,0.23299925400350435,0.711776488188839
160,0.24037667057155,0.7589176653058325
161,0.014518617565669596,0.7160581150534393
162,0.43078824799308474,0.751098767743981
163,0.4272514886689813,0.6855140427343485
164,0.24896424762784009,0.5895672747360969
165,0.08912083257317775,0.6106912660707444
166,0.05671817045820938,0.4133387827326222
167,0.2595139037814564,0.477125068973393
168,-0.2481013428401855,0.33048183504008355
169,0.06428422563925743,0.35115061257323643
170,0.31994346494481396,0.45099746582067646
171,0.25486431587443364,0.5537077737155001
172,0.2996093818758277,0.4064064075626411
173,0.3456842734273616,0.45621109620522127
174,0.11827506733074457,0.37604048123952316
175,0.3618450440632204,0.46285590816603867
176,0.3733104652729955,0.6021864584448199
177,0.0841580198905338,0.49329441053656337
178,-0.047975416887123715,0.4198919571339934
179,0.3127230067950849,0.5374561220166543
180,-0.2188857722690202,0.4413145170859603
181,0.37248450262401317,0.5645546673715638
182,0.16789380835736875,0.5796610945514113
183,0.5587818942771039,0.5783902004402036
184,0.5118843879858083,0.5896439933393155
185,0.703637694274336,0.5574698784804433
186,0.4187142765974602,0.6225660272890926
187,0.2179835251559079,0.6268077592493886
188,0.33200504340350406,0.6359323038981924
189,0.6302647855704986,0.7065640646506245
190,0.5944182047987494,0.6692608598083859
191,0.4331188640429009,0.7542782006038555
192,0.18271351371729885,0.5724787918086136
193,0.3006563701978833,0.4667946550965948
194,0.07553022553513584,0.40015435125449694
195,0.45879351986686856,0.35766086608311404
196,0.37865077193822,0.4794552547491254
197,0.46307592175274553,0.5322034337946815
198,0.1510050866062701,0.5124092754174623
199,0.08192939860815215,0.5012035492444619
200,0.3040267614748942,0.5506891629214938
201,0.38491682277591377,0.6796631829684372
202,0.5208483284523365,0.8564607268385449
203,0.057171648913525656,0.6820603091587938
204,0.14650688950549112,0.7164073868326012
205,0.5451462743663177,0.8209468761649578
206,0.49765596210216995,0.8165314038221811
207,0.31334030565308457,0.8803333967072277
208,0.3062097296538315,0.8124864979188815
209,0.47366479813861767,0.8798552121734324
210,0.08600855545041121,0.6714204062758274
211,0.39670093891099195,0.7032083059426982
212,0.6520871731359799,0.8700842694235251
213,0.31831683352320017,0.6379860076439674
214,0.41693734224201484,0.6288077155191774
215,0.22258403036048377,0.7475268923075951
216,0.207549048338222,0.6521745435056917
217,-0.23222299441747934,0.5976887393776779
218,0.03753417766606586,0.48852570526652955
219,-0.35695466577635226,0.394176431299994
220,0.1465260872900137,0.46339556312869384
221,-0.2890123074625605,0.3712957757979337
222,-0.053774507077147635,0.3351145477518898
223,-0.1423738233415733,0.3148506291031209
224,0.05278790690533969,0.25982902425168924
225,0.2870517995921629,0.280661674567625
226,0.2445452443318323,0.35101141118040774
227,0.269203713670735,0.37051899699608887
228,0.5051701851130802,0.44250555511776835
229,0.21257284237405694,0.49733018801452544
230,0.0413166965530697,0.5027860673741291
231,0.20063577458126786,0.6164635835859101
232,0.539377833167206,0.7557523704738878
233,0.009340906371813992,0.827014848302531
234,0.1487495376251051,0.8294444533931462
235,0.48395282124233757,0.709578650066061
236,0.22351319387868773,0.7043747291874473
237,-0.06886773055782403,0.5759823921473555
238,0.011814373600818275,0.5402571653481375
239,0.20350859621704015,0.5213850217269023
240,0.19885998918953462,0.5222846040159268
241,0.2412515140604312,0.4668961839295908
242,0.19921029231710813,0.5019953885338475
243,-0.012222501784927549,0.3932770768616508
244,0.16280711241306783,0.46974088522830165
245,0.11097746877857277,0.3228234896662037
246,0.17203842101395436,0.38189688882969236
247,0.492301748626042,0.4765212227042397
248,0.5585065972130261,0.5808342321228762
249,0.013360034840683295,0.5662664792434523
250,0.21979080113198493,0.677995147211505
251,0.2486506739866319,0.5103562527362779
252,0.2502767067205757,0.6567663586035755
253,-0.09094244033813376,0.3825627116712148
254,0.26641916199594734,0.5079607900534401
255,-0.01850835680639361,0.4762226851746296
256,0.5170361248835407,0.5709859724487871
