t,lambda,delta_s
1,-0.46885581378054014,1.2285778935395018
2,0.11527693968492156,1.0767482071315304
3,0.7592428774554922,0.9460895879581062
4,0.2516176941907313,1.0092860531426928
5,0.2151426492817062,0.9687246584184639
6,0.533486595621633,1.0062020870127353
7,0.33093610427720943,0.8812894167913629
8,0.32435056318043315,0.7946098980796532
9,0.10980455436341445,0.7197359488978753
10,0.22990609531352865,0.6984836042822583
11,0.14133538143832977,0.7770879927637889
12,0.5409149285522284,0.9700494010078862
13,0.27828598531477267,0.7403934370095356
14,-0.14446394702541449,0.8396938999130896
15,0.07846106148240452,0.7423550851573512
16,-0.18284884811571855,0.7914891664559374
17,0.3770883628053578,0.7619482685730767
18,0.4869554700829114,0.8572014461725165
19,-0.27002637894010084,0.695998598869812
20,0.40485125029993707,0.7537218337104412
21,0.676723484063653,0.9010136227601906
22,0.4481830757002331,0.6803810758842046
23,0.607231372520807,0.7721227090613829
24,0.2392553112047841,0.8309780259743936
25,0.38697749138695786,0.7967556354559295
26,0.23890149409216055,0.6856609193216703
27,0.23517532320127077,0.6817911410633638
28,0.4520764003216904,0.8258274092161241
29,0.4392316341587604,0.9320853715630214
30,0.6545653113969272,0.9774472881855149
31,0.6083046632754082,0.9771872960957267
32,0.9805107032648976,0.9959809436514102
33,0.14671706424949382,1.0571934253482234
34,0.486150576539816,0.8697879711060295
35,0.22255520678882443,0.8501381726439534
36,0.29051031925101456,0.7283945710972206
37,-0.030192171460736474,0.7749793664592013
38,0.13877630018002807,0.6308624578176585
39,0.48279340037357826,0.793033054241594
40,0.3369420997841416,0.5651468061353322
41,0.7954503215989537,0.7657752998571082
42,0.5204068859849743,0.8033885522329279
43,0.2920869809387027,0.7720127220601616
44,0.38030152762188724,0.9728122356109902
45,0.14376509288500242,0.6829111950074678
46,0.39064632993817844,0.6715345127957805
47,0.09796871619403921,0.5585340196944791
48,0.5741817054734895,0.6647115981646343
49,0.25702941372525817,0.46494854068787883
50,0.22595111027440687,0.4509616476168032
51,0.156902519014463,0.5354455881517821
52,0.031860776877779835,0.45769042941603716
53,0.09834595962051203,0.4443359588333146
54,0.4666625358115502,0.5482368716314244
55,0.46818848861839013,0.658268817139414
56,0.4245193691984017,0.7186067642513319
57,0.4780554888626222,0.7621716358048511
58,0.3400057516531901,0.7078500047418292
59,0.5444466528233715,0.8754061305117661
60,0.32520452597009475,0.7286460073832313
61,0.7190589202995982,0.8384736252401778
62,0.5876726831902781,0.9678504627443871
63,0.49894401902300045,1.0136124168267289
64,0.34670643385049543,1.1488906340993938
65,0.22318568856435433,0.9314608566442879
66,0.2743267056921364,0.8960393608653325
67,0.3101445728592151,0.9860401019577545
68,0.2067732730553951,0.8021936352503904
69,0.012717051804099338,0.7188138237326446
70,0.0852997274669167,0.6430016238771354
71,-0.08183546929946076,0.548119520511312
72,-0.04667580444983607,0.45127267702523555
73,0.16894577499770677,0.5273952074341607
74,0.25074789727693686,0.6274835641175911
75,0.14537157845741952,0.5441487933533833
76,0.23766373544277491,0.5544209889074591
77,0.3943830819536444,0.4627082097649066
78,0.5770215747782287,0.5959860145718385
79,0.3378934329944736,0.7492056540272419
80,0.4103792556480097,0.8821644613578772
81,0.1782253981587074,0.8379962694576207
82,-0.013726971255667558,0.9660093501161633
83,0.2972521055861187,0.8020396293742317
84,0.36705123354819463,0.8982175534601662
85,0.4760143971282896,0.8238877992799519
86,0.25453100327400396,0.8468407039732705
87,0.2706023886653271,0.8073306451779217
88,0.6060045599131065,0.8696578016202647
89,0.4491906140884402,0.8659619770485597
90,0.668781212430719,0.9501073515606191
91,0.1230574433818607,0.8847535982399108
92,0.5739822487069027,0.8220016039849242
93,0.4728071849461977,0.9035125985060755
94,0.268311765504802,0.7533707245370211
95,0.5521668560878172,0.7400541365898686
96,0.033814688041889036,0.6235587892764308
97,0.15140206570769046,0.5526894320350437
98,0.38984888919429805,0.6781949190952091
99,-0.018549299406430467,0.47869511350106286
100,-0.006443730436624978,0.4967408283474356
101,-0.015075849466781557,0.3525953280609519
102,-0.1321507078070692,0.34446543027837345
103,0.25300721542211435,0.4303549957400858
104,0.30752480697009654,0.5587069735049803
105,-0.03380665669730072,0.45273807455350484
106,0.4078055937566545,0.4722401856132262
107,-0.2553566935601473,0.4016510492024361
108,0.190145648196994,0.3535799049781029
109,0.16437608708073512,0.3285000739657532
110,0.5407189453663279,0.4446558152711707
111,0.021344591923219736,0.34016261178273705
112,0.08228821719343299,0.3220877469960328
113,0.4949058451162714,0.4570714303023228
114,0.5668982161702574,0.35046810293443037
115,0.16524201697197502,0.39923366973364394
116,0.7659318934663837,0.4557344239622223
117,0.35143262866406705,0.4160168516859183
118,0.7269575067899313,0.4119150266548545
119,0.6754597368175662,0.4539397925759399
120,0.27415960533316963,0.3770923071925677
121,0.2111731655242618,0.381063129797559
122,0.6167676273979711,0.32334876060074386
123,0.8549953274965595,0.40732045051103116
124,0.3888996863417663,0.32664693108315873
125,0.4659607914127227,0.45027264511866716
126,0.41708071293053117,0.4591769551476269
127,0.22307302325646472,0.49423510881675603
128,0.5657047620422356,0.4868537392459414
129,0.5751859777821898,0.42081249823631284
130,0.2966587456310479,0.38157251855987717
131,-0.1067916167654441,0.39355397176079526
132,0.4270787504918881,0.30610759507861757
133,0.44286233140295733,0.4455271505681356
134,-0.0745003414031132,0.36119921572976604
135,-0.2871171424586862,0.3586016069553722
136,0.531126164105167,0.45937822730014344
137,0.5243247894990123,0.5885263355520285
138,0.02318348902013792,0.48628867621084887
139,-0.171976786480045,0.48757801033694337
140,0.18435533831931986,0.4675342845704558
141,0.5140984967832775,0.595144825646447
142,0.2322882155733769,0.46656510136244894
143,-0.14797490923670428,0.4703629735720384
144,0.6180114667722881,0.4788548140814503
145,0.617459100991212,0.4756897748342985
146,0.4838256572676575,0.5452105846219653
147,0.6089691515816763,0.5665791731240496
148,0.14771384769828239,0.5440610147112385
149,0.45177055805483285,0.6373127722011807
150,0.0151107981643186,0.5217925655485334
151,0.646981919280809,0.5516753535430895
152,0.5390544257253318,0.6005538795356101
153,0.34439216167605485,0.7340722011760982
154,0.13432926790295935,0.6841102675823886
155,0.24226880021429714,0.6914207472740636
156,0.39219837948464736,0.8631993782179973
157,0.3182970898577287,0.8690362132007667
158,0.40709322487786825,1.003884977310974
159,0.18561045085623357,0.7675782620520496
160,0.15142122813480954,0.7851389229514559
161,0.5374698439690739,0.7802198099014892
162,0.34496200126963994,0.7089791090476726
163,0.3248960866785082,0.690046108545963
164,0.5335113842793334,0.855318431517592
165,0.2527779339965038,0.9329662621717162
166,0.34762211034844454,0.7916186065671784
167,0.6488392547204282,0.8663001063361176
168,0.6678806312876165,0.8209824073357372
169,0.09998896553268978,0.7276762858945216
170,0.37464059780221615,0.7755173939906636
171,0.6759499588182996,0.861882158593245
172,0.740885927057927,0.863616387379883
173,0.1520195867777066,0.768791934006234
174,0.5134651405074496,0.9048513658819973
175,0.2632155996039693,0.6932668424315868
176,0.4316009166793889,0.7586003960220438
177,0.4141658327483592,0.5907453688596408
178,0.12075607922232354,0.6213154469532689
179,0.16125074205888174,0.5002106219463962
180,0.30874316202581886,0.5558739366785364
181,0.25681470226172803,0.599583577609577
182,0.09738515432213514,0.4671672028233265
183,0.1379996609671928,0.43997164076635703
184,-0.009947214795506289,0.3969660099463695
185,0.3825678552040963,0.35378705271501404
186,0.41295278019199794,0.4263765718125514
187,0.1111346173939326,0.4116249876638335
188,0.023856288728381806,0.3726048486389455
189,0.17766307515546115,0.3752387394267877
190,0.3922171028031372,0.4519343820292013
191,0.4722591985664366,0.5700611516391499
192,0.44453558328435333,0.6917495585842199
193,-0.027930951708431205,0.4945015850473057
194,0.29125489901241464,0.5049439451222207
195,-0.12745863426757584,0.371692025053544
196,0.5743702668731481,0.44504607199852925
197,0.22073842607589733,0.5253943684827801
198,0.5629706183361148,0.6571319250052151
199,0.2711851857537827,0.6959674060267697
200,0.39892177534856593,0.6785433288627065
201,0.2840968000683302,0.7364866583429256
202,0.3722979044675497,0.8992719350157631
203,0.39825173392339275,0.7365441674862463
204,0.6499671020115959,0.840553940975442
205,0.4065773476941682,0.9172282187738904
206,0.4447907733717458,0.9425676470379635
207,0.64108338281691,0.9987987143525869
208,0.6567623343712988,0.899065646435935
209,0.410485117800432,0.9630222057286255
210,0.006410295197029081,0.8372757092633949
211,0.1836308587883204,0.8442736889512049
212,-0.007042235485252937,0.8628372337164929
213,0.09951757829601876,0.8809958421742665
214,0.6572872678130945,0.9541753003347943
215,0.8207181922571077,1.0980093636626338
216,0.21632325833595492,0.9582575011667437
217,0.05001138022581514,0.957637421117036
218,0.04599084527293777,0.8526982649555557
219,0.014563400310041576,0.8829860139570024
220,0.38144768282388575,0.7846034081643114
221,0.2744674264250417,0.7364438262431302
222,0.3977578677607467,0.7657304708706738
223,0.4377158303696302,0.9201485599955405
224,0.37048991334739073,0.9276054215196805
225,0.33490796078718643,0.9543861578179825
226,0.5227400187258295,0.9639231368616208
227,0.6233562806313235,0.9697568836302534
228,0.4466788042562742,0.981277458498195
229,0.4180272138250084,0.977923595609039
230,0.7166561766027826,1.1124041353229284
231,0.3556818124341472,0.9394531459460951
232,0.8079039063422264,1.0204538780762171
233,0.1635975738603475,1.0115473330441682
234,0.5712815508697048,0.839619879999156
235,0.3371517877603454,1.0921696654296476
236,0.2956589863543623,1.2297890721471063
237,0.238597885112042,1.0419130782028516
238,0.2124954106101498,1.016842942265891
239,0.6639505915039206,1.0131899324475557
240,0.6308946492602826,0.9229724362825701
241,0.7158613943262664,0.934658854329812
242,0.04539719253852541,0.9150137654491511
243,0.36645004269973913,0.8531870184388162
244,0.16129444790447256,0.689504146200255
245,0.3566118161690698,0.7682937333350623
246,0.4811217527269769,0.9128721279901445
247,0.10986998671852889,0.8771982034338475
248,0.3483380315155782,0.9013941079811526
249,0.45254055360501216,0.9049771063639604
250,0.5122266912884773,1.0144967760436348
251,0.33939650679975014,0.8666681193467196
252,0.3690753066218772,0.8184476270588179
253,0.43830399232899436,0.8212215576151146
254,0.462058942761291,0.9297770807868171
255,0.33336372178232676,0.7942318249483564
256,0.47919897019340213,0.8004432636461134
