t,lambda,delta_s
1,-1.3755284223128632,1.1435318619841144
2,0.6608099393105025,1.1539239459789044
3,0.5688998439736015,1.1759414150301497
4,0.1473448637213706,1.1495504246284016
5,0.761204612164,1.011527711013968
6,0.5119527159729304,1.0128654894785545
7,-0.03864902000290943,0.9038818898481227
8,0.6879872571728403,0.9601349979090184
9,0.4431069871003739,0.9744295748133779
10,0.7571356659990673,0.9493112980839254
11,0.22421628980547573,0.9418722867815157
12,0.4361494285427696,0.9803986609499389
13,0.26162293830635214,1.0656035338993934
14,0.029068837756266563,0.8745122857706336
15,0.41315357504162387,0.838979396877961
16,0.24184959521471602,0.97463001106619
17,0.4508454461974602,1.0909759294158141
18,0.4605901932079126,0.9635776737736369
19,0.4139764509311734,1.0392209521151632
20,0.21880792347983896,0.9109854126892798
21,0.7288263216866524,0.9470651446316358
22,0.45843494705159576,0.8327936650080425
23,0.24143240721462828,0.8146960607296901
24,0.1626653462491543,0.6948307260216963
25,0.6016116844058019,0.8060481155259707
26,0.13644465823220062,0.7218200526259505
27,0.15653606584280755,0.6857281169907282
28,0.09994589589997815,0.7183417444474458
29,0.1967991138552806,0.5946333281102621
30,0.28287128291178926,0.6326190736235523
31,0.4096160092063329,0.6777578473308449
32,0.5722489036321162,0.6596483984254944
33,-0.057096049766888333,0.5167471136872858
34,0.34866188368737044,0.6571317875749241
35,-0.145376147751453,0.47909240036186423
36,0.23111560888921445,0.5369631339045204
37,0.3629091208808382,0.6606360465148087
38,0.3694162533019609,0.7954021844815365
39,0.6833879227877221,0.7893182582878597
40,0.38504233463925586,0.7229930479290863
41,0.20313883827944065,0.7479821495299964
42,0.5654571292173839,0.8473190264882354
43,0.3376706041205418,0.8936744235551898
44,0.4544170216508663,0.8928980000355958
45,0.25619877951959186,0.802789258548083
46,0.2925211277412065,0.790742845441262
47,0.24169377005780576,0.7316136778016729
48,0.18235041123008433,0.6370898692314094
49,0.280709522001854,0.6029267004612567
50,0.027439431594746766,0.4673918006580794
51,0.026622967098855838,0.5555066868208809
52,0.25570892029303666,0.4325912481246284
53,0.29039812828407396,0.5155140431015544
54,0.32299426113394425,0.7011391158547058
55,0.14193112063944074,0.5438476988843983
56,0.1655317968103093,0.47711143496206143
57,0.10676524443465257,0.5138538037220256
58,0.27315452334596046,0.5109359465932446
59,-0.018501726993321015,0.4953230265371244
60,0.3082504160943898,0.4561263355726792
61,0.6023183526212543,0.49769676690989806
62,0.23139852724460191,0.5904840522202269
63,0.3729913973755338,0.6895218970859368
64,0.3745575754739986,0.5371390001780428
65,-0.14227647991207718,0.541939595008025
66,0.23499689059416842,0.5966893911324115
67,-0.10209361769551184,0.49104598931110094
68,0.40358915978780185,0.6861719329180003
69,0.045527098567997366,0.5071907492473425
70,0.46246821806538485,0.5801298901470475
71,0.464182005657175,0.6517115885415702
72,0.37622553281897864,0.6506994246236741
73,0.17202747626829537,0.7179710677209467
74,0.6881006616903125,0.6701962862821276
75,-0.01714362416561827,0.6223384852668763
76,0.914730999548941,0.6548185109588502
77,0.021267362016877785,0.568156412808109
78,0.15623285228873085,0.5946544420697473
79,0.09528035182292173,0.5665598251112187
80,0.1565693795146813,0.6427819400565562
81,0.34537887877680806,0.5493225763829866
82,0.4847478339259978,0.5608290014838782
83,0.4410687606757342,0.6361026358706112
84,0.5480423562708147,0.7022274776045574
85,0.17419599260640511,0.6508709879035954
86,0.2631726249800432,0.6157633755208958
87,0.6751537120176738,0.6553709704331947
88,0.4369852614175305,0.7485109958426291
89,0.09285188888772658,0.5644087823569147
90,0.1131654760161516,0.6309510341627315
91,0.285903669447532,0.6334049734055783
92,0.407999823903154,0.6205049560904203
93,0.19825919756229346,0.5692052201813229
94,-0.009079752681579645,0.49342277691088593
95,-0.283211200020427,0.4118943431555383
96,0.3765853094516358,0.6119182094750427
97,0.34122228078469824,0.7158517888363494
98,0.07008321621187352,0.6151153546414383
99,0.25203206058999444,0.5709537813404983
100,0.1490991398361306,0.5020221271329494
101,0.2845306669828978,0.5812346450402314
102,0.2616195948113828,0.7438871536943659
103,0.4293539657739472,0.8775289409238843
104,0.6148699721968012,1.0585284627136353
105,0.61056771802026,1.0520626667310202
106,0.2818604656331905,0.9599766285051434
107,0.3166284273449912,0.8658179112860328
108,0.6907716558729479,0.8066612488788987
109,0.004164291449086534,0.6367953248004626
110,0.43712094510271204,0.7359073585217535
111,0.439541419853156,0.7326992429084573
112,0.6921383341056664,0.9481440024635583
113,0.26189449633252593,0.8828045994499241
114,0.23984687064853086,0.9085792421452823
115,0.6966207998137764,0.9608282134759448
116,0.9484712894585557,0.9718360554726821
117,1.0594235467365436,1.0410426049369763
118,0.689029699237992,0.9345175100980279
119,0.49873589407110713,0.7114260868454699
120,0.4715717269339765,0.8507514207903992
121,0.13848262675595174,0.9030446142989182
122,0.4197276990636535,0.9659764337153288
123,0.22938480188708707,0.8699476036985391
124,0.3307081909155055,0.954381964052485
125,0.10325934767340317,0.9870206068069451
126,0.48995258513080997,1.0767044688322873
127,0.6414885096914793,1.1010213312007098
128,0.016731433502124703,1.005308928245011
129,0.4427330323112831,1.0268665545950844
130,0.7688314702574802,1.0650019429517854
131,0.24334113745787803,0.8309967740291887
132,0.4481574201072368,0.9069797845533794
133,0.1031687623062609,0.785836983760889
134,0.41046870099627547,0.7580954409220528
135,0.47553992049821914,0.7094987346211457
136,0.4955458359576818,0.7726076375764899
137,0.10789919081574313,0.618603728155536
138,0.11263562153724965,0.6867393317972058
139,0.16113614189544642,0.8225833541902127
140,0.3196666032335006,0.8356839684442797
141,0.20855469250938447,0.8807211927210009
142,0.06771342685817214,0.9366080659825593
143,0.5140446055777228,0.9272766739355556
144,0.6237897179451444,1.0196606519172333
145,0.18577198045856927,1.0713537871411971
146,0.33347904959964486,0.9100107494571348
147,0.5637629374018428,0.908034005527901
148,0.5467784552788273,1.0469982222580676
149,0.5267106013331712,0.8521126316774112
150,0.587043689393909,0.9280515345207127
151,0.3171232517923225,0.9594140493965173
152,0.5724654268503645,0.8909132239717215
153,0.5771752550418455,0.9363493650074142
154,0.3850577223117171,0.8315721069235896
155,0.07220386725310167,0.7979078945931164
156,0.14205785343025717,0.7012121031974637
157,0.054419617377805186,0.5682047368865811
158,0.20556724242257943,0.5516847596222257
159,0.3628474254722804,0.6399237329658423
160,0.08157305975556686,0.5328682551986256
161,-0.01166224052659089,0.45461341348646683
162,-0.02980293468566371,0.3914284017868102
163,0.4411277339409423,0.5210590062007718
164,0.33928564833230174,0.6474419427335257
165,0.28608809889093006,0.6901752148220383
166,0.0662724404469245,0.5826089014419097
167,0.2740846460100703,0.5940691887627612
168,0.13267579682457223,0.5443726497814584
169,0.5746059896100529,0.6487057460422108
170,0.16724054109712927,0.6104641362541283
171,0.0747863227513748,0.491307030979633
172,0.4058628351425063,0.6397736638357203
173,0.4626218131244128,0.7545644503825222
174,0.4954593726346711,0.8373114225694116
175,0.5056402019541378,0.7599780979653794
176,0.40783156384473035,0.693743802932124
177,0.12109395124396485,0.6381796161637361
178,0.44919567269595123,0.8363848038478786
179,0.36260053227707445,0.9196933172082098
180,0.36055060057953103,0.8667156887569056
181,0.45417999584270763,0.9133628247159785
182,0.3921762125338363,0.9707648816307787
183,0.2839885738674231,0.8800613672834263
184,0.3280745521327608,0.8381860663874015
185,0.5203138761538504,0.8257972922694403
186,0.06356402269179909,0.6960420665399473
187,0.5253950897350955,0.7483428397673911
188,0.40522633589504714,0.8116873097997446
189,0.24887237140929036,0.7468966026908455
190,0.5862045735922351,0.9113516740518784
191,0.3534891299067379,0.9473696181192661
192,0.2983555427620368,0.9918652071478423
193,0.17833884685419568,0.8629045827917157
194,0.5215340866711071,0.7045049198912037
195,0.4188748158542767,0.7413596830455448
196,-0.12180150515679378,0.5036385158532133
197,0.4744550902926564,0.5971237462479396
198,-0.4440091587707869,0.3817964385052722
199,0.0751138013278052,0.4367524862769535
200,0.20869497882945418,0.5578452826138414
201,0.03390181126085264,0.4003210050237624
202,0.2064785720685642,0.4331779359984722
203,0.5935380708709356,0.5193460751484398
204,0.23955178877501657,0.4324653370755179
205,0.6812225740993569,0.45325237475066393
206,0.014218875544241033,0.40738553064714456
207,0.14267959215931406,0.3849843178832971
208,0.5261249598576656,0.49717694079627534
209,0.5135779432241063,0.6403121673290642
210,0.18900610389020941,0.7042656419165362
211,0.14043479483875468,0.8018282626553396
212,0.1280169901624359,0.7015251236692878
213,0.3178452883245647,0.867640057905604
214,0.29787632061259744,0.8628914845161975
215,0.37106426090478056,0.7425104421248958
216,0.5460215169677289,0.8910618738413647
217,0.706131320000118,0.9628452941198197
218,0.34431848674593785,1.0055528345611802
219,0.6311848463100913,1.0503645820372078
220,0.5499367526017136,1.1204291065554113
221,0.12151530244084346,0.9475130191525312
222,0.3068671413735492,0.9481234456493459
223,0.4546484396144852,1.1084808808349702
224,0.5110761849117976,1.0580749791729382
225,0.6507166991063758,0.9507434965825665
226,0.8418926048841201,0.9149078144826632
227,0.8487958717264018,0.994080419576053
228,0.6260546275529253,0.9462525334664543
229,0.5492543238674209,0.885439438658172
230,0.32629504880358456,0.8438121814888082
231,0.5336653283706617,0.8725364315029408
232,0.3655353837415103,0.9029265086328659
233,0.3148800269072375,0.7246353784281973
234,0.3262236244595291,0.8315722219705953
235,0.4654659715534291,0.7271926224143269
236,0.6510711887705998,0.8194251543178419
237,0.5227461923059573,0.70648978589289
238,0.5281434450902573,0.8745636821613675
239,0.2982638004015765,0.688880118843806
240,0.3359102597808158,0.7578225131427072
241,0.057820494965462384,0.6037535589526728
242,0.3648845714490813,0.6327905901742209
243,0.48430604051213944,0.8251029647431021
244,0.03605419899343833,0.6910808762405304
245,0.3205251315643377,0.6794026263077775
246,0.28612411578175573,0.793551715231197
247,0.5785372791189977,0.9422906232846955
248,0.19069827202908504,0.7156862634126546
249,-0.026713184082868005,0.6855718635249791
250,0.3965979108875109,0.8455287914110858
251,0.03845765858283974,0.6773014911276867
252,0.08954216088931528,0.7398002210819519
253,0.567562105264019,0.8796853996824439
254,0.19613239118749554,0.8393547657628074
255,0.3803909445866633,0.7989447416405955
256,0.5017539237826546,0.8500941612043466
