t,lambda,delta_s
1,-0.6807835016601419,1.058842653061967
2,0.4024592559360771,1.1185332893177529
3,0.12716787393220677,1.027845664108984
4,0.14062768269648715,1.0854277737304117
5,0.6047594163695396,0.7796050467203461
6,-0.05723062735704998,0.7567106472932793
7,0.44618675601013075,0.5313166093017244
8,-0.11814187348413922,0.4639389115340157
9,0.5474809806014845,0.5744216745811984
10,-0.07020402668369827,0.40082455540496553
11,0.40742619583689693,0.4367897545427906
12,-0.6261827896139204,0.27057100541214507
13,-0.5009380665511869,0.23447072360930873
14,-0.11574474471185126,0.15639521510239687
15,-0.5263433356107148,0.11429817337980085
16,-0.14372636684966292,0.08362087363113542
17,0.05805824566753908,0.10010871340797974
18,-0.709787169512991,0.04886736168025897
19,0.012788541353034337,0.04991959121746834
20,-0.6546701939975128,0.02584740173950381
21,-0.02589827067230579,0.025467078388871998
22,0.07015461917186366,0.02652047435911983
23,-0.7734089686914288,0.012469553372507039
24,0.05146222516528851,0.012686291598849682
25,0.016426428875739155,0.0119751179770129
26,-0.7386174208716219,0.006108745280988472
27,0.011238258112365358,0.0057205742215825995
28,-0.7437457528098601,0.00292119941732641
29,-0.6217818483228836,0.0015139467744143132
30,-0.14100999836629102,0.001222708388399363
31,-0.5972396071021437,0.0007179385285573591
32,-0.1454109577418515,0.000582855755298354
33,0.012557759023056584,0.0005706798873397629
34,-0.04374249471221646,0.0005369734856630082
35,-0.11085789553222107,0.00047643390825997316
36,-0.16335149496158935,0.0004041046252569614
37,-0.20043667270054047,0.0003315093912594412
38,-0.227246247499541,0.0002653542270335046
39,-0.2412093288534987,0.00020842547713609998
40,-0.2519347114218873,0.00016131918579680203
41,-0.48184151562864563,9.921072441392042e-5
42,-0.4805513814898572,6.0114408334193e-5
43,-0.25843690588766577,4.723388940177599e-5
44,-0.49210839706556553,2.8621570223481835e-5
45,-0.4846394103524715,1.701674911761448e-5
46,-0.45814681590642514,9.866497007937872e-6
47,-0.40762515569886765,5.527663375511391e-6
48,-0.32707908615274883,4.697420872954483e-6
49,-0.4155035592755062,2.631719866247553e-6
50,-0.32655039930735036,1.4060683241000008e-6
51,-0.40712341826757875,1.2529604816549454e-6
52,-0.29292186632364137,1.0647653031493973e-6
53,-0.2175918101744917,8.742963912275584e-7
54,-0.5219576482607985,5.069348263598482e-7
55,-0.4333234364727779,2.8401026144349984e-7
56,-0.2961039966943734,1.5174081936141685e-7
57,-0.42649657765965454,1.3521729173994623e-7
58,-0.2735821719394587,1.1490751171867105e-7
59,-0.46480188341770257,6.437695497899468e-8
60,-0.2727814871420737,5.470746504300771e-8
61,-0.17276735234427068,4.4921187086194224e-8
62,-0.5721787192727333,2.604622525257122e-8
63,-0.17250225237589856,2.138697682607467e-8
64,-0.5527780332760085,1.2400607555955137e-8
65,-0.18692323054818466,1.0182339721461762e-8
66,-0.536728053570711,5.903929195549715e-9
67,-0.38777975472807447,3.307677883499908e-9
68,-0.2241461520675819,1.767225005464801e-9
69,-0.505948650298141,1.5747854380501197e-9
70,-0.2342796913358705,8.413758253142535e-10
71,-0.14385200831595285,4.262258998299521e-10
72,-0.5875238449503085,4.0057903019262674e-10
73,-0.44775056341065755,3.5695852011879037e-10
74,-0.2974401355833044,1.9071567638349753e-10
75,-0.43565673884325146,1.6994795140495661e-10
76,-0.21662225579800035,1.4442156451354405e-10
77,-0.4967881407120267,8.091221965883822e-11
78,-0.23183980754913006,6.875910686711434e-11
79,-0.13925604103352504,5.645921705165036e-11
80,-0.6033195471264492,3.273621078382006e-11
81,-0.15349514689165872,2.688023323638799e-11
82,-0.1602786909749563,2.1524999699818845e-11
83,-0.18565116291657088,1.6911933588382178e-11
84,-0.20926413356548607,1.3092762925577493e-11
85,-0.5217721182108986,8.05177158154211e-12
86,-0.22522297312187273,6.233464428887044e-12
87,-0.5044764809506835,3.8334484499620045e-12
88,-0.2405964633964389,2.9677524145865586e-12
89,-0.48920163767673563,1.8251048070327347e-12
90,-0.4079886504663358,1.1059509855829442e-12
91,-0.29782994463059786,6.575426689880382e-13
92,-0.4452579696617487,5.265432642361734e-13
93,-0.2845469269858372,3.130560647051342e-13
94,-0.45516132221261424,2.506872481028723e-13
95,-0.2747781155957105,1.4904599240609827e-13
96,-0.467797018297058,1.1935219882176646e-13
97,-0.31706086606854494,9.377358830162854e-14
98,-0.19619493292160484,7.259698330072195e-14
99,-0.14644048543018787,5.5544601272809104e-14
100,-0.6062019665139233,3.4563423749477664e-14
101,-0.583332809409502,2.1255772726379464e-14
102,-0.42088641906342306,1.2880270056531049e-14
103,-0.31566251914635635,1.011987339502918e-14
104,-0.4242718843106109,6.132296573914501e-15
105,-0.31854041088232743,4.818071723373405e-15
106,-0.13598868425934113,3.730021200833785e-15
107,-0.09703000225571355,2.8538725842254544e-15
108,-0.6483448727210863,1.7758630937169703e-15
109,-0.09975994226180433,1.3587287373497393e-15
110,-0.6504309581750719,8.45488418918649e-16
111,-0.09758794566742371,6.468907518522111e-16
112,-0.6447828602552574,4.025370362471689e-16
113,-0.5834027753476808,2.47551741934989e-16
114,-0.1418545248017786,1.91647882957277e-16
115,-0.054079829977294123,1.4663150946015004e-16
116,-0.6788324788212099,9.124355707595957e-17
117,-0.05599589056290672,6.981126165397746e-17
118,-0.6624733824130488,4.344105752386434e-17
119,-0.07226465369285345,3.323714167345866e-17
120,-0.6724322598788421,2.068228748711181e-17
121,-0.42664234178911725,1.2719168259317584e-17
122,-0.3223933230404807,9.846837072613931e-18
123,-0.41928120620648596,6.055596008261101e-18
124,-0.33022868680130796,4.688079130271493e-18
125,-0.05312010558690193,3.586891275462611e-18
126,-0.6748287824359618,2.2319944739222577e-18
127,-0.358493995395622,1.3726292744637132e-18
128,-0.3775721195364946,1.0626525690343865e-18
129,-0.33826240500277027,6.535087975721739e-19
130,-0.04005957663662457,3.9600394233621136e-19
131,-0.7130287657825011,3.111355385241119e-19
132,-0.44465916523859916,2.40872743632633e-19
133,-0.05921981878923383,1.8429389065849635e-19
134,-0.01781410179659271,1.3965686235199445e-19
135,-0.07989843862501331,1.0498985905751291e-19
136,-0.14032712542069345,7.839846928444877e-20
137,-0.5883110537969141,4.9985671897281896e-20
138,-0.15848578394921478,3.732551122632604e-20
139,-0.1845558099667959,2.7711843001004545e-20
140,-0.5489452867539389,1.7770675894853832e-20
141,-0.5331220616198378,1.1330312731619878e-20
142,-0.21699612527586948,8.460618793539906e-21
143,-0.5087914731116951,5.394361891524223e-21
144,-0.4064182524203756,3.4162778721512785e-21
145,-0.27814436788090574,2.146347453361093e-21
146,-0.20785671155901808,1.3355954466172688e-21
147,-0.19440025955249343,8.213628798308375e-22
148,-0.19992061873265807,4.977177655603222e-22
149,-0.21354399660715098,2.9591787722559565e-22
150,-0.2254881124026437,1.7157924802386225e-22
151,-0.5198000525218531,1.4088650134710607e-22
152,-0.21988326431380395,8.168887998416079e-23
153,-0.22636445371885172,4.576621660989972e-23
154,-0.5181950001467974,3.8892075760458946e-23
155,-0.5182379605010164,3.193491373301516e-23
156,-0.4870861276567358,2.5572657886914897e-23
157,-0.24682320306538824,1.5204212428288517e-23
158,-0.2036021169007205,8.815713872034897e-24
159,-0.5379487653683354,7.23872553710816e-24
160,-0.20166764072941548,4.1971613744758145e-24
161,-0.17987350582701037,2.3514607697915533e-24
162,-0.561785840970563,1.998268530387935e-24
163,-0.17705947338402292,1.1195304724977582e-24
164,-0.17735408636164351,5.981423599346186e-25
165,-0.5570349223577269,5.33008457956183e-25
166,-0.1800108986857098,2.847755775648718e-25
167,-0.566110151971652,2.537653268329386e-25
168,-0.17191286186257768,1.3558165247863543e-25
169,-0.17254783479085378,6.868323397226942e-26
170,-0.5602605810470291,6.455042474507829e-26
171,-0.5242584058907145,5.752129368926763e-26
172,-0.21475382821047634,3.073245722113178e-26
173,-0.5223444821451908,2.7385887925460316e-26
174,-0.21553666065917898,1.4631722882980842e-26
175,-0.16209960984462432,7.412168444749845e-27
176,-0.1663092044156381,3.712010915092519e-27
177,-0.18708338717300993,2.346894348331098e-27
178,-0.5492212764315405,1.7672883966755474e-27
179,-0.5440044377896366,1.6801251900952652e-27
180,-0.19381945459423836,8.414060056572277e-28
181,-0.18234435715807953,5.3197338167837115e-28
182,-0.5553844974621244,4.005933992934062e-28
183,-0.5178988211630481,3.808360097903738e-28
184,-0.2218397530118958,1.9072251740359068e-28
185,-0.5126020280989395,1.8131602426119691e-28
186,-0.23315885092747587,9.080299053584952e-29
187,-0.1713786127482226,5.740959015871748e-29
188,-0.5632031802455797,4.3231303794117946e-29
189,-0.16997057545478614,2.73327058745654e-29
190,-0.5661201408991138,2.058242373637954e-29
191,-0.1737500367551559,1.3013101266880586e-29
192,-0.5563350026024416,9.7992919408903e-30
193,-0.3911676321954715,9.315987852326694e-30
194,-0.1968647408648646,8.755426004408456e-30
195,-0.1315719169708487,7.802015750680693e-30
196,-0.5997393074020283,4.1684583206988655e-30
197,-0.5228639217451756,2.111666238832193e-30
198,-0.3477026292931867,1.0575215857553276e-30
199,-0.3955059557893284,1.0053642963080067e-30
200,-0.21868963583645917,9.448694913873797e-31
201,-0.5137857282052856,4.7865394147224186e-31
202,-0.34044147268173625,2.397096974442789e-31
203,-0.18678848109110568,1.515548706726025e-31
204,-0.5468885456640795,1.1412578695322114e-31
205,-0.3758131984655355,1.0849706808478223e-31
206,-0.20422222966874465,1.0196857986180474e-31
207,-0.5272473327802559,5.16554541151648e-32
208,-0.3462454952134628,2.5869030220888856e-32
209,-0.18404744995496708,1.6355523248965772e-32
210,-0.13809480109304426,1.5008465457616595e-32
211,-0.5803744350865798,7.786864618832605e-33
212,-0.4626637415802895,5.8637643816954406e-33
213,-0.2646411273719453,5.574561721223467e-33
214,-0.46390159175496526,2.7917382221252e-33
215,-0.2555924611906861,1.7650580252569745e-33
216,-0.495986796165226,1.3291465675538075e-33
217,-0.30322363021281995,1.2635926505694052e-33
218,-0.1805859698790614,1.1875597228276435e-33
219,-0.15437877151985255,1.0582420156038162e-33
220,-0.17335197434741395,8.992927904567416e-34
221,-0.1969460477973551,7.384238851338598e-34
222,-0.5368168135407813,4.281532975364546e-34
223,-0.21218732163138376,3.5156361171223055e-34
224,-0.5136005503555028,2.03843784957106e-34
225,-0.2347228161173901,1.6737943553619293e-34
226,-0.5026735907731409,9.705002601807812e-35
227,-0.24326969817178054,7.968934925878145e-35
228,-0.48858713213813254,4.6205517387206977e-35
229,-0.425386618097359,2.5886653333053734e-35
230,-0.32429030023721067,2.1998446828049244e-35
231,-0.268798335216408,1.8063281220600587e-35
232,-0.45599215320390657,1.0473460534834243e-35
233,-0.294326355972335,8.599928189127938e-36
234,-0.4359179030656809,4.986414560634583e-36
235,-0.30959372165037374,4.094425810843811e-36
236,-0.2470489064986585,3.278710923706545e-36
237,-0.21854268998181314,2.5760437709133444e-36
238,-0.2138434969548203,1.9943036200911663e-36
239,-0.5333067944920604,1.226454439331843e-36
240,-0.5152870108021377,7.431893723167798e-37
241,-0.455422026342711,4.418629123776978e-37
242,-0.2932463144710173,3.5383246016001885e-37
243,-0.2432663393151262,2.7800191177322034e-37
244,-0.2123730966131872,2.1522158330602703e-37
245,-0.21657319931310082,1.6466795845379244e-37
246,-0.21763987365423096,1.2478444253032557e-37
247,-0.5169958249951435,7.839841501985061e-38
248,-0.5039889008913642,4.878453670609293e-38
249,-0.4508465328854076,3.000145565157215e-38
250,-0.2956569700157826,2.3226317925770831e-38
251,-0.24521557241588168,1.7770663594631698e-38
252,-0.4885013768750363,1.1058049964459496e-38
253,-0.42060381607145597,6.800466254303195e-39
254,-0.3179340462721538,4.120849568411533e-39
255,-0.43262650127534263,3.2377019836737515e-39
256,-0.3217756582638247,2.50654156568449e-39
257,-0.3976065380696313,1.5414699144270726e-39
258,-0.34872431063112236,1.1933644394223857e-39
259,-0.38546715052164543,7.338938262587291e-40
260,-0.26214228483969276,4.447145157561043e-40
261,-0.1889414371289738,2.644048185135669e-40
262,-0.1764639269006346,1.5330733093850253e-40
263,-0.5671103863480107,1.2588313409430914e-40
264,-0.5592163570115815,1.0080397739100016e-40
265,-0.4920013050962436,7.920047362632857e-41
266,-0.24376295584491736,4.799277363585516e-41
267,-0.5009152581013456,3.770734549349504e-41
268,-0.34154108800737404,2.9192010039116336e-41
269,-0.39230494851041503,1.7952467189452982e-41
270,-0.3535365656505849,1.3898315979623288e-41
271,-0.3799829549001211,8.547169628898563e-42
272,-0.36728554012483033,6.616988237898645e-42
273,-0.2140675640062265,5.0627168869871185e-42
274,-0.529487548696533,3.150348100063545e-42
275,-0.3738005684234851,1.9373972818576877e-42
276,-0.22180135182123564,1.173996378223772e-42
277,-0.1650052989615706,6.979990270658947e-43
278,-0.5789438474630538,5.589396756723377e-43
279,-0.5318047939930621,4.391521861293928e-43
280,-0.38828679230636104,3.3997978002457604e-43
281,-0.23382694719087674,2.6012157067264097e-43
282,-0.49895456100327923,1.6186437326970064e-43
283,-0.24905478180472773,1.238438797972443e-43
284,-0.17545772956739727,9.384818787091643e-44
285,-0.1722329191519206,7.055226539843426e-44
286,-0.1959547867743321,5.268308445635182e-44
287,-0.5352787521418146,3.3589933556194547e-44
288,-0.5292803834541868,2.1272682301007955e-44
289,-0.4877105375619706,1.3365004016542772e-44
290,-0.3993140723375728,8.316565186388291e-45
291,-0.3493692207400084,6.363078412276011e-45
292,-0.2724816325712944,4.821904637115054e-45
293,-0.459266389232125,3.029461632084608e-45
294,-0.2860790227886741,2.2957087977304772e-45
295,-0.44509109267787617,1.4423266830354823e-45
296,-0.3333301706737299,8.975084380584181e-46
297,-0.4095139437237185,6.866917337931929e-46
298,-0.32385535516105235,4.273037673596127e-46
299,-0.4310134999949338,3.2693393445893906e-46
300,-0.3023192436629356,2.0343932363991156e-46
301,-0.20017660846279475,1.2511087033048223e-46
302,-0.5361283286160952,9.68574619849619e-47
303,-0.19192724778613354,5.956528536434257e-47
304,-0.14820102039277314,3.6094522244065125e-47
305,-0.15606540105607064,2.1459982224888606e-47
306,-0.5851897128517658,1.7184602040399407e-47
307,-0.15000175004447405,1.021709753726946e-47
308,-0.5759010810472084,8.181589031434156e-48
309,-0.5231593208943606,6.42817617991542e-48
310,-0.3635267175396825,4.976520651915728e-48
311,-0.3793711221657364,3.060454679257731e-48
312,-0.21040351497625334,1.8545306854779075e-48
313,-0.15061694755456914,1.1026103982415294e-48
314,-0.15566103671157713,6.393160993424737e-49
315,-0.18895948246198002,3.581770136936271e-49
316,-0.5521961003137703,3.043783948969516e-49
317,-0.5516977514430139,2.499300331279893e-49
318,-0.5146990308100398,2.001375449541234e-49
319,-0.23829075768045987,1.1899168877223561e-49
320,-0.5043999090481786,9.528548515265815e-50
321,-0.24838348820677927,5.665194302446136e-50
322,-0.20893573879167512,3.284795725882223e-50
323,-0.5303594991170415,2.697199007394605e-50
324,-0.21858844772180702,1.5638912450925258e-50
325,-0.5186614014332179,1.284136447420572e-50
326,-0.41872537089594697,1.0283034525956764e-50
327,-0.28201213528467806,8.079256650882672e-51
328,-0.46437855552769547,4.895752737808015e-51
329,-0.2707205169875129,3.84653409148524e-51
330,-0.19740841588230973,2.9778829653710684e-51
331,-0.1840206243815861,2.2784048927134138e-51
332,-0.19256362936297386,1.7265622715264894e-51
333,-0.5431839642799241,1.084748569420856e-51
334,-0.535074085766802,6.75000334999048e-52
335,-0.20608511827717405,5.164487939012695e-52
336,-0.5351140766948623,3.213676594930468e-52
337,-0.20216654956062177,2.458812707763944e-52
338,-0.5316075837836312,1.5300314268463954e-52
339,-0.4647315289997933,9.409368848697242e-53
340,-0.32871885053135086,5.701755160485236e-53
341,-0.20292152236526728,3.3899760070878657e-53
342,-0.16110198640757553,1.9655775432305003e-53
343,-0.1632644488449629,1.1012153382992148e-53
344,-0.18082523502404965,5.883569562666018e-54
345,-0.5682308976252581,5.242886225642563e-54
346,-0.5847682402278961,4.455398400728847e-54
347,-0.5488166417590288,3.658399835735853e-54
348,-0.41261378292750317,2.9295525328474275e-54
349,-0.33259188390981703,1.7417641617938395e-54
350,-0.409277415522393,1.3947599608886602e-54
351,-0.24133808504268034,1.0958461397703122e-54
352,-0.1573595754130639,8.483745300771837e-55
353,-0.5794026383944126,5.217323471446458e-55
354,-0.17328772532633702,4.039111137697471e-55
355,-0.16837761904921222,3.090360059599059e-55
356,-0.5710544935740793,1.923020812657766e-55
357,-0.1780879524431636,1.471320424375112e-55
358,-0.5530627140582773,9.155502089063618e-56
359,-0.5091475739806416,5.630439652378876e-56
360,-0.23746431285208922,4.358934544603188e-56
361,-0.19499976400712357,3.3350598089082e-56
362,-0.542562145758388,2.0752887366855773e-56
363,-0.20566006871069054,1.5878219750211946e-56
364,-0.19436472647486375,1.2032424635058497e-56
365,-0.1946813060269319,9.045617560638956e-57
366,-0.536684252168458,5.728637368751351e-57
367,-0.4989355445921634,3.599135283426438e-57
368,-0.4035477302276802,2.239613483257966e-57
369,-0.28469777441291017,1.377314803652425e-57
370,-0.4467456179822992,1.0662799793791173e-57
371,-0.2922626742198333,6.557395780189192e-58
372,-0.2139413383728342,3.973557188611481e-58
373,-0.5195962287525654,3.1219761309480746e-58
374,-0.4396748881818251,2.4169497312463962e-58
375,-0.31876300379464817,1.849229857973269e-58
376,-0.4104586333782052,1.1507097670464082e-58
377,-0.2745013970841329,7.076621071931183e-59
378,-0.1961052667646215,4.288189926922533e-59
379,-0.17465662063484352,2.5495414231126213e-59
380,-0.5520310960580246,2.041607224207818e-59
381,-0.21028812758423776,1.213836671543919e-59
382,-0.5142710623478923,9.720091994453422e-60
383,-0.4509905523557734,7.636959469031101e-60
384,-0.3569255373232495,5.912328077476045e-60
385,-0.2724553586960154,4.5235750953596524e-60
386,-0.2301934620025569,3.4279394839094624e-60
387,-0.507146748652611,2.15367410290073e-60
388,-0.23548735860855938,1.6320419882892947e-60
389,-0.49975498752536945,1.0253642403910371e-60
390,-0.24145148538996053,7.770151906245331e-61
391,-0.2105636118866507,5.8413681916756376e-61
392,-0.2098094575324323,4.361891032765108e-61
393,-0.22121304218555313,3.238429575807692e-61
394,-0.23209121932344778,2.3923902128999616e-61
395,-0.23858265501486492,1.759712965231989e-61
396,-0.24496129097214872,1.2894050463412762e-61
397,-0.2506576212412783,9.415917965175465e-62
398,-0.4870929558006584,6.138857425630813e-62
399,-0.24934909801552835,4.4829185432200375e-62
400,-0.48863746267186076,2.922710020342829e-62
401,-0.24688625852581797,2.1343175184270593e-62
402,-0.23244470562465666,1.5538869136722824e-62
403,-0.49577249694951747,1.016148570523123e-62
404,-0.23740393984597466,7.398055595993734e-63
405,-0.5047495637486024,4.837883344260587e-63
406,-0.2233773253943092,3.5222142692526177e-63
407,-0.18506660621298335,2.557377144794511e-63
408,-0.5407030650156838,1.6769262135911707e-63
409,-0.45240491903276964,1.0966088714823937e-63
410,-0.27972785398920874,7.983845702907568e-64
411,-0.179354674858292,5.796837718369171e-64
412,-0.14078693360660374,4.1985561785727e-64
413,-0.14635136459839712,3.0341487624782523e-64
414,-0.17152099255862685,2.1882019582237377e-64
415,-0.5731028572091631,1.4445582258158956e-64
416,-0.15886560890617743,1.0418029523103216e-64
417,-0.17682604650124942,7.499365645432272e-65
418,-0.5493589295145866,4.960023855949438e-65
419,-0.5185286918884122,3.274397609611422e-65
420,-0.42413760614573376,2.1572113394979786e-65
421,-0.2762875863082815,1.5589407019359977e-65
422,-0.46121620446812134,1.027048318734987e-65
423,-0.24943432751916433,6.751188457692696e-66
424,-0.12258749864850618,4.42689687778089e-66
425,-0.6288776838638375,3.214240824707492e-66
426,-0.1101071216362843,2.1076456035114808e-66
427,-0.10525147502676575,1.3782734434104517e-66
428,-0.633700841368226,1.0034500718318161e-66
429,-0.11184102023895075,6.56195986407716e-67
430,-0.6175910294966189,4.777425791991277e-67
431,-0.12691711564328886,3.124149091287137e-67
432,-0.6184307718171069,2.2745324195670462e-67
433,-0.6105548980362991,1.6514717107568827e-67
434,-0.12950830493300788,1.0829048849558705e-67
435,-0.6013539007476854,7.862656814913516e-68
436,-0.14336335642566478,5.1557101572748985e-68
437,-0.13309785413272068,3.37152431122883e-68
438,-0.1579357986881601,2.1981188802016313e-68
439,-0.18446024703717845,1.4282420860210926e-68
440,-0.19711723184371516,9.244643985621456e-69
441,-0.5482262102573463,6.799860571546421e-69
442,-0.18818254022684422,4.401375001554374e-69
443,-0.5471256242008012,3.2374136181132506e-69
444,-0.19032627091402848,2.0954946382400372e-69
445,-0.541711318669408,1.5413326235837182e-69
446,-0.41160288865856276,1.1293899074485021e-69
447,-0.334238244600044,7.338284620882079e-70
448,-0.16417295564364265,4.749883051983814e-70
449,-0.5687096118739271,3.493757308001957e-70
450,-0.3321401580196587,2.5600017688313986e-70
451,-0.4035284469324368,1.663377854339732e-70
452,-0.1409537006209486,1.0766617387516632e-70
453,-0.5949347900463665,7.91934196451146e-71
454,-0.25831719546901627,5.802786985431533e-71
455,-0.4888288135876205,3.7703987093039075e-71
456,-0.2344923786196906,2.7627068837639527e-71
457,-0.49807837172670416,1.7950868254995898e-71
458,-0.22250804529199153,1.3153247473600174e-71
459,0.011467604641214749,9.605197337989204e-72
460,-0.7536156733504515,6.262261122181042e-72
461,-0.4868366397514086,4.068945027910507e-72
462,-0.027476690987460917,2.633723550668544e-72
463,0.004007654592048965,1.6973476708096532e-72
464,-0.7370988184592574,1.253915782473294e-72
465,-0.009825219424454521,8.081072260724754e-73
466,-0.7136649137805144,5.969893040355349e-73
467,-0.6629321687970386,4.391130730896701e-73
468,-0.08073466302640771,2.8422660765131825e-73
469,-0.6630012646778187,2.0906173409799187e-73
470,-0.08064793466440119,1.3532028790279255e-73
471,-0.6603182354226893,9.953429160405388e-74
472,-0.08339818697033037,6.442598907051954e-74
473,-0.044214071264466574,4.152041791200762e-74
474,-0.09544978602604733,2.6625652061698815e-74
475,-0.14225994551805224,1.6976110887808663e-74
476,-0.5885803887319822,1.2676472946574803e-74
477,-0.15829388665492947,8.082326393685708e-75
478,-0.5714464519394405,6.035268769864264e-75
479,-0.17958560141863567,3.847995596033764e-75
480,-0.19369750319424003,2.436955931251258e-75
481,-0.20912106799889144,1.5310681252343795e-75
482,-0.5226878846676171,1.160234718868724e-75
483,-0.21444322965564544,7.28941534424088e-76
484,-0.5235724086506435,5.523877496533995e-76
485,-0.21884544697918681,3.470490645393081e-76
486,-0.19825007312549833,2.1595625145669372e-76
487,-0.19023578426797857,1.3280851553005666e-76
488,-0.19597769145194308,8.047741043595363e-77
489,-0.20572689750437403,4.7847808755651294e-77
490,-0.22141458760055202,2.7743139829384112e-77
491,-0.2409990097121856,1.5543101424778013e-77
492,-0.25641177066457893,8.304362940811749e-78
493,-0.25614892218150614,4.2068413566820493e-78
494,-0.49100024692066374,3.9537071961204725e-78
495,-0.24135441069875838,2.002877169916323e-78
496,-0.4921922592020047,1.8823599960729566e-78
497,-0.25507679425289953,9.535698205971612e-79
498,-0.4663319750546782,8.961915941303347e-79
499,-0.2774302074686246,4.5399459158630836e-79
500,-0.44285818174908276,4.266768179654521e-79
501,-0.2924421361057687,2.1614682505424135e-79
502,-0.43531763272786,2.0314083303335175e-79
503,-0.2989851154706993,1.029075034083243e-79
504,-0.42742182895668274,9.671535060717878e-80
505,-0.2023469981101245,8.618366352361124e-80
506,-0.1169547668608491,7.323877347443107e-80
507,-0.6327215778627051,4.10320422035913e-80
508,-0.11361845450118997,3.4868980051176614e-80
509,-0.5944864055680886,1.9535355293129808e-80
510,-0.48789445983067004,1.0437342979261605e-80
511,-0.24116543392234674,9.300782655059106e-81
512,-0.13338921750967597,7.903793899666063e-81
513,-0.6157798437461934,4.428102622073636e-81
514,-0.13462218042669427,3.762996275631011e-81
515,-0.5920109195017372,2.1082196583692584e-81
516,-0.4735210374934531,1.1263788817682837e-81
517,-0.25116766395695117,1.003723379349604e-81
518,-0.12817393255923445,8.529629190227747e-82
519,-0.12858702928605414,7.003816768285466e-82
520,-0.5840335169132889,4.0609564574674305e-82
521,-0.48507862331421553,2.2751519290246372e-82
522,-0.24946497117798225,1.9334213694002432e-82
523,-0.4518791096973434,1.0831998334086297e-82
524,-0.27578952983425625,9.205019139714558e-83
525,-0.44681137728128884,5.1571144068584845e-83
526,-0.29467997716371286,4.382509612418101e-83
527,-0.14017535340664009,3.5985496703411265e-83
528,-0.1147939723286182,2.8816260591168194e-83
529,-0.6091965637540135,1.7132694980494104e-83
530,-0.4773684909548204,9.933887566834413e-84
531,-0.26533497793527344,8.1568760802132425e-84
532,-0.45494137470264845,4.729523870569865e-84
533,-0.1892454249332184,2.6497169989864125e-84
534,-0.5165088768402265,2.2517263147783123e-84
535,-0.22668654435955096,1.8489289709219923e-84
536,-0.08109537883176449,1.4805747848854315e-84
537,-0.6550827780777366,8.8027508305596e-85
538,-0.08741657047565343,7.049016550839539e-85
539,-0.6543925261663217,4.1909896704294256e-85
540,-0.4219123486340832,2.430021676520249e-85
541,-0.11617502783700413,1.3614202867751556e-85
542,-0.06607598947630142,7.273791676056294e-86
543,-0.10867530297573377,3.6847724335772045e-86
544,-0.6032545997488629,3.463052216970401e-86
545,-0.14560049738881656,1.7543201556261065e-86
546,-0.5739022178608616,1.6487591604996072e-86
547,-0.1816408064463898,8.352318260935895e-87
548,-0.16850253281682645,4.182837557190315e-87
549,-0.18596226544085712,2.6445713785602623e-87
550,-0.5431942935958927,1.9914489609783082e-87
551,-0.4897514986570583,1.893230086511434e-87
552,-0.2587665139598825,9.481288503217726e-88
553,-0.46786053444475495,9.013668441880935e-88
554,-0.2799960244508189,4.514041456381958e-88
555,-0.44568428576520763,4.291407545179512e-88
556,-0.21377419233221584,4.0331848658642633e-88
557,-0.5350883967553809,2.043139132259966e-88
558,-0.19457240255224054,1.920199314637976e-88
559,-0.09302732780021424,1.7111018115747236e-88
560,-0.6456737834049373,9.142068936991401e-89
561,-0.09345748475383685,8.146555724907262e-89
562,-0.11266449236029338,6.92293324441764e-89
563,-0.15188534235518558,5.684532687367449e-89
564,-0.5728883799212552,3.296008517667239e-89
565,-0.5768912335969926,1.8465896434971558e-89
566,-0.5335030499159296,9.865952864399816e-90
567,-0.40120900500919576,4.997914810425643e-90
568,-0.24904982124804065,2.5029536858600976e-90
569,-0.17952138378412535,1.5824759123406624e-90
570,-0.5505376517177866,1.1916562498379922e-90
571,-0.1888933286873687,7.53416781865389e-91
572,-0.5404342164881238,5.67347540547868e-91
573,-0.38705383230102147,5.393657855764595e-91
574,-0.19868353272636516,5.069110543918217e-91
575,-0.12165193889996977,4.5171166183893277e-91
576,-0.6199669253344906,2.4134035299594626e-91
577,-0.12171596239071186,2.1505992220151585e-91
578,-0.6221124138696016,1.1490214206137002e-91
579,-0.5331064988869787,5.820736480815201e-92
580,-0.28614808794886903,2.9150224406958182e-92
581,-0.12201164588445378,1.8430036569967368e-92
582,-0.6113096241918855,1.3878421840152791e-92
583,-0.4154619681394074,1.3193933811975231e-92
584,-0.15557566396289926,1.2400028105335152e-92
585,-0.08234202418251942,1.1049743843188879e-92
586,-0.6603831467376688,5.903653380950066e-93
587,-0.07898407801920389,5.260783043742223e-93
588,-0.6716203825115051,2.810729374670326e-93
589,-0.06821314318696985,2.504658807125672e-93
590,-0.6696670363538159,1.3381882552805417e-93
591,-0.07066378603086514,1.1924680580725321e-93
592,-0.1046475842956998,1.0133579197029873e-93
593,-0.14552273042652425,8.320846114180434e-94
594,-0.5765796114201521,4.824597055705923e-94
595,-0.16852063624376726,3.9615548349613045e-94
596,-0.565025524273844,2.296990658221589e-94
597,-0.17798565118478873,1.8860962569250766e-94
598,-0.19739121266905893,1.5103373919645728e-94
599,-0.2134149916481057,1.1866539384171932e-94
600,-0.23565054072675387,9.186754790046835e-95
601,-0.24990798537235479,7.028868261514407e-95
602,-0.48291055161230667,4.373813955541298e-95
603,-0.25968945836828977,3.3464441793070084e-95
604,-0.4788219568852107,2.0823728242332108e-95
605,-0.26713065648643897,1.5932420737680655e-95
606,-0.23453142487437964,1.2073497835147846e-95
607,-0.5028649174250235,7.58542551320976e-96
608,-0.22994440414059505,5.748192319313888e-96
609,-0.19496290575902056,4.321319348555628e-96
610,-0.19213013487586864,3.2268337652539177e-96
611,-0.5490046610736383,2.0573801418473337e-96
612,-0.5162384882900951,1.3029497083315853e-96
613,-0.3893450098857309,8.18605187573349e-97
614,-0.2353857161374297,5.093888034708156e-97
615,-0.5079505442684784,3.8973792980367116e-97
616,-0.22852145419822784,2.425200093324552e-97
617,-0.1400210064112073,1.4914466336825523e-97
618,-0.14342778521171032,9.037655635494846e-98
619,-0.6033104957426887,7.100777422962632e-98
620,-0.6050030229490247,5.497230396459891e-98
621,-0.1394695653721198,3.380680131072509e-98
622,-0.1342271526106149,2.0485763384609352e-98
623,-0.6063807017871773,1.6095418104036213e-98
624,-0.13300679603273957,9.753271947412513e-99
625,-0.14473231043009663,5.798803519567081e-99
626,-0.16846976789822488,3.3622650873739982e-99
627,-0.5751979774257343,2.760810355665888e-99
628,-0.16326442064794272,1.6007744080987604e-99
629,-0.18287724283166026,8.968342853866654e-100
630,-0.5604238177403499,7.621286956958198e-100
631,-0.17839245551490995,4.2698280327259127e-100
632,-0.19527438582799395,2.28128226854922e-100
633,-0.538378835468407,2.0328651263808064e-100
634,-0.20107336097925269,1.0861184880562832e-100
635,-0.2068128915939929,5.502081503876948e-101
636,-0.22137594935093977,2.7554401590247687e-101
637,-0.5196706587762824,2.6195410039958145e-101
638,-0.2229116312725234,1.3118650597116921e-101
639,-0.24107240914850422,8.294180067985225e-102
640,-0.5036555526192752,6.245789549287365e-102
641,-0.24191070269053144,3.948859130367763e-102
642,-0.4885178630726545,2.973620404415714e-102
643,-0.25491109670940526,1.8800518319680926e-102
644,-0.4811823246075981,1.415740674542321e-102
645,-0.47060853429928756,1.3459159096022193e-102
646,-0.4487827498808191,1.2649294247131532e-102
647,-0.28714578315301775,6.407905645616165e-103
648,-0.4526191860124709,6.022328991059323e-103
649,-0.40929946600724804,5.366535634059116e-103
650,-0.3296727463221768,2.8672308326433417e-103
651,-0.28501050590853694,1.4524877262576472e-103
652,-0.4453270133146016,1.3650885994214947e-103
653,-0.39098833649709047,1.2164391256802963e-103
654,-0.32727777781247414,1.0337285040885573e-103
655,-0.40307984807939046,5.79146667736389e-104
656,-0.3462755983680468,4.92158140796562e-104
657,-0.3883950790659778,2.7573172850929476e-104
658,-0.29987893180662334,1.473178540923827e-104
659,-0.23681070054093306,7.462858326287311e-105
660,-0.21970935906665856,3.737396386962776e-105
661,-0.22388729004379807,2.362944145011316e-105
662,-0.24044113345756468,2.1683296241177964e-105
663,-0.25318492555786054,1.9631854064407187e-105
664,-0.259279625655935,1.701180122554892e-105
665,-0.4676575428394218,9.34672572006426e-106
666,-0.4277471581397927,4.914978995776258e-106
667,-0.3267572389493866,4.449976115322593e-106
668,-0.39158822410298416,2.340021499889076e-106
669,-0.361364384919841,2.1186336285050872e-106
670,-0.3075535272756081,1.835882338960343e-106
671,-0.42687890675383194,1.0086814705312714e-106
672,-0.3544657284950285,5.3041550480587146e-107
673,-0.40870158028873044,4.802332481199384e-107
674,-0.3223674585670792,2.5253082183807534e-107
675,-0.4331798795149171,2.2863904942990257e-107
676,-0.38521576941825875,1.981250496534499e-107
677,-0.32033349944072,1.677941481090474e-107
678,-0.2716142102406857,1.397295662454393e-107
679,-0.23456902417493072,1.1401006550434918e-107
680,-0.21014733799848004,9.110794687387066e-108
681,-0.20360300713093024,7.155094620914385e-108
682,-0.5417298638922845,4.337649350664981e-108
683,-0.5435885916699212,2.5842799500050076e-108
684,-0.18142509690249442,2.065154855851597e-108
685,-0.5548441914591825,1.230375684197384e-108
686,-0.4550398400621326,7.179282399652577e-109
687,-0.2759300002959501,4.1045704851697645e-109
688,-0.4771139595699898,3.4180563504745923e-109
689,-0.24629341322347664,1.9541860079893245e-109
690,-0.5026844595032072,1.6273366284609529e-109
691,-0.22141145795245626,9.303879584037173e-110
692,-0.5263316399102138,7.747749688102597e-110
693,-0.19858283222746093,4.4295770699600974e-110
694,-0.10475967825611723,2.490135740399318e-110
695,-0.6449602901614799,2.108921643008002e-110
696,-0.08025690050451487,1.1855536260041148e-110
697,-0.6663765120178201,1.0040575942361095e-110
698,-0.08083492770594537,5.644420813405589e-111
699,-0.6577487203929255,4.780318206158117e-111
700,-0.5709004350173742,3.9807811952271224e-111
701,-0.29252583672904203,3.2480536297459436e-111
702,-0.4463538697115119,1.8952499270476324e-111
703,-0.28755675387382623,1.5463983331220435e-111
704,-0.08599772298668022,1.2357608651189729e-111
705,-0.6409802219051651,7.362402463994048e-112
706,-0.4013017145332143,4.295985942162983e-112
707,-0.33887032330660455,3.5052398131075655e-112
708,-0.39105475713240156,2.045318907063796e-112
709,-0.3497782157029735,1.6688446750205119e-112
710,-0.3578773666616654,9.737763316530731e-113
711,-0.37853532030334397,7.945369497772655e-113
712,-0.33865531034853624,4.636149115000281e-113
713,-0.3963221134157267,3.7827904178895604e-113
714,-0.04511922703500114,3.0229108886436174e-113
715,-0.6792127486899994,1.8009865179572198e-113
716,-0.055766250206405535,1.4392078740832257e-113
717,-0.6719843182949532,8.574496811994317e-114
718,-0.2269960598049509,5.003246962604337e-114
719,0.02199759486050888,2.86047806306029e-114
720,-0.019316357510254123,1.6080493796485194e-114
721,-0.7156093928303423,1.361873605823004e-114
722,-0.01889076805634091,7.6559230965065995e-115
723,-0.08289267836205233,4.206363122176869e-115
724,-0.1527889553012873,2.2119175220608698e-115
725,-0.1984516748433982,1.147612481832427e-115
726,-0.5159421734890896,1.0530939322531802e-115
727,-0.45308869618208575,9.534614186032086e-116
728,-0.30179639619276105,5.0137802114573907e-116
729,-0.2296264358432867,2.601307098680591e-116
730,-0.17656722215999213,1.9588695396352773e-116
731,-0.16399182802735932,1.8622574922364308e-116
732,-0.1728550173416764,1.7502016890628663e-116
733,-0.18802259530949894,1.5596158471399258e-116
734,-0.5571500981337063,8.332710241628305e-117
735,-0.18379904624002558,7.425331048233184e-117
736,-0.20481002780188456,6.31003738272535e-117
737,-0.5348977904829418,3.5352001120638204e-117
738,-0.5406113996634753,1.88878551304928e-117
739,-0.1986725966706595,1.683108773353585e-117
740,-0.18958912672797065,1.4303038086875881e-117
741,-0.5524941544887422,8.013280869936415e-118
742,-0.5172581761279396,4.281332976733508e-118
743,-0.41263784118061664,2.168846515574936e-118
744,-0.2777618841032705,1.0861574448806578e-118
745,-0.46381012808580385,1.0325878260652267e-118
746,-0.35288548682166876,9.704549262490859e-119
747,-0.38473745246628616,4.916150639896544e-119
748,-0.3610104141332989,4.620335903871897e-119
749,-0.2641288587685239,4.117210684813452e-119
750,-0.21444201413591177,3.498800681743456e-119
751,-0.5202153282715394,1.9602040070396852e-119
752,-0.22381097172692518,1.6657790045780594e-119
753,-0.5129202890302724,9.332531277515937e-120
754,-0.2288616795849012,7.930773840796141e-120
755,-0.1847700541460581,6.512086935184177e-120
756,-0.5542791984880691,3.775841425603041e-120
757,-0.47760083225002586,2.115416157037382e-120
758,-0.269609866870732,1.7976781027296073e-120
759,-0.19193379475710404,1.4761026252233881e-120
760,-0.1804198611377773,1.1820250324268118e-120
761,-0.5547721693335999,7.027724598688551e-121
762,-0.18925982677725486,5.6276211793840495e-121
763,-0.5457110380299145,3.3458996814356194e-121
764,-0.4815183492792972,1.940021186575164e-121
765,-0.3532092782044863,1.0868973827258897e-121
766,-0.3936647646882531,9.236440869284356e-122
767,-0.2814328441606579,7.584191293296261e-122
768,-0.2218712845072078,6.073225401948572e-122
769,-0.5134041129424156,3.6108334747383493e-122
770,-0.42773595589510227,2.0936352279341356e-122
771,-0.3127426503151441,1.1729596900132455e-122
772,-0.23704619316914396,6.266885040899196e-123
773,-0.5088539786630976,5.5844610841530594e-123
774,-0.4446996616701394,4.745668304144561e-123
775,-0.3608190470505549,3.8967451578514686e-123
776,-0.37534773416027306,2.259412679603225e-123
