t,lambda,delta_s
1,-0.7429673677445299,1.0601845796169314
2,-0.2890316262351377,0.9180489847141691
3,0.633037789360486,1.004643476167378
4,0.38882587429570103,0.9390634327156624
5,0.41068290510726824,0.8965306263838881
6,0.5184758715514293,0.8669452317072679
7,0.4199210359437567,0.7647336451534477
8,0.03314659678472828,0.6417986036243161
9,0.1690674513218224,0.5623365809689942
10,0.5179490614404605,0.59353025168684
11,0.37944465628158786,0.6711751809237493
12,0.23241813593188732,0.7219037484877538
13,0.46366464216989667,0.772064398171382
14,0.5366436536844027,0.8553109219293961
15,0.47795099162133264,0.848007296976875
16,0.8238406394984265,0.8303308409717768
17,0.8984809799029041,0.8202270284892301
18,0.5282909606386733,0.6370510110448393
19,0.09317074388773533,0.6017537278505091
20,0.04119821068004392,0.42816161566096034
21,0.4149553827958085,0.40394475418537584
22,0.2817322797828848,0.415517094218593
23,0.19883932804286858,0.31398106126362096
24,-0.16365491311356506,0.3088838747197678
25,0.3519737061416961,0.2106058636110271
26,0.305428914998861,0.17856174835612706
27,0.27450220502585043,0.1943170842563078
28,0.5262338369721844,0.21303892917197215
29,0.2169247661289266,0.2363098395754368
30,0.42043557900203266,0.25706199442619965
31,0.05721082990606246,0.2576300901449375
32,0.03657761104164164,0.24317898206976812
33,0.6851246976927425,0.31702599607361476
34,0.41980493036642014,0.2457229396803148
35,0.3775468664549538,0.24362107552032744
36,0.2664835638221568,0.26325632984058284
37,-0.13548545852611657,0.19475504745211555
38,0.372453024234212,0.1920709466361978
39,0.22692851257119603,0.2083491901825776
40,0.12972536884813482,0.16143823238039468
41,0.5389048321831919,0.17619879815225284
42,0.46776662750098574,0.11626968588540841
43,0.43724635762822045,0.13600670803206838
44,0.30759050785729414,0.1550495432278866
45,0.20836213602794407,0.11157510508701593
46,0.03643689490537631,0.11759658407725236
47,-0.2046959319942349,0.0861983398616214
48,0.3964376581864156,0.09510636715487063
49,-0.18457920741862033,0.06327406747380412
50,0.460930887783487,0.08308159162314813
51,-0.35487396337003557,0.05318856349422087
52,0.11342476309667933,0.05969762234291521
53,-0.47199793966409964,0.03703425974340029
54,-0.017809517300635274,0.03532206969367347
55,0.056578027556693666,0.03613870934019836
56,-0.7562603526619988,0.01807616408293333
57,-0.1252600890743981,0.012979853242934906
58,0.1485148605606394,0.012984013867681537
59,0.04367894161064137,0.01255304536850041
60,-0.03365728427928733,0.011826700295596439
61,-0.08025592134660674,0.010645695725521428
62,-0.5650448406231715,0.0056418036367275265
63,-0.1682213946992302,0.005108401343556607
64,-0.5686362981060386,0.0026881546325693015
65,-0.37099372686612186,0.001449134454307624
66,-0.17175090774218466,0.0010376724490754382
67,-0.5562992856774467,0.0006919340366960124
68,-0.18923352933735213,0.0004940360345065243
69,-0.15926291486184108,0.00043795353522003234
70,-0.17155531279303476,0.0003969834696179992
71,-0.5466067378999119,0.00020850626183320156
72,-0.21030828757730727,0.00018894884667845188
73,-0.23469856106791617,0.00016561784354368858
74,-0.2618442696404737,0.0001398235096855952
75,-0.27371101546158105,0.00011449770001735142
76,-0.2872779523845354,9.157547273943876e-5
77,-0.29325793331827493,7.193725006808835e-5
78,-0.4411598602066614,4.359176055416424e-5
79,-0.4193374664551608,2.5936643937133752e-5
80,-0.3741553604458655,1.5066586086431705e-5
81,-0.3235526317751328,8.48147709779548e-6
82,-0.41659974627923574,7.173312622935532e-6
83,-0.36024895887031866,5.879407638941755e-6
84,-0.3765389439356208,3.415184501832037e-6
85,-0.28507482933643824,1.922444861800608e-6
86,-0.4638958386617849,1.6259716466091842e-6
87,-0.39177012189719673,1.3326973738652724e-6
88,-0.3120099417116624,1.066454991080248e-6
89,-0.2544418116524925,8.38014386514125e-7
90,-0.2323637573643346,6.510925099325665e-7
91,-0.22390903720862435,5.009416696863785e-7
92,-0.5231895562325807,3.0998504307417293e-7
93,-0.20463580306084406,2.3849825961859325e-7
94,-0.20280985354219894,1.8160139572491614e-7
95,-0.5403626742089552,1.1354901042888788e-7
96,-0.521712009895112,7.02646593181844e-8
97,-0.426179214750103,4.3056649414414056e-8
98,-0.286552775580797,2.6087015501066213e-8
99,-0.19538286397935073,1.5520424201683358e-8
100,-0.17168212618072187,9.015090001530348e-9
101,-0.5774700684729699,7.3892740128585976e-9
102,-0.1557782658982875,4.292084338361779e-9
103,-0.6012174019975517,3.5180333911491715e-9
104,-0.13765421742365305,2.0434613437605182e-9
105,-0.15089439889498787,1.1502250902364952e-9
106,-0.5979602095691443,9.728919473516027e-10
107,-0.5999034998011076,7.974368881719473e-10
108,-0.13652619920839432,4.6319385553123875e-10
109,-0.12314381547801574,2.6072291147096804e-10
110,-0.13230127312785137,1.4115334486714444e-10
111,-0.14649788591435353,7.368456316538576e-11
112,-0.6002276784516711,6.720310748943483e-11
113,-0.6092483891376913,5.909837781955864e-11
114,-0.12651650250691646,3.199539947454973e-11
115,-0.6132152613541059,2.8136737680080502e-11
116,-0.10846244643352579,1.523300968956947e-11
117,-0.6192220195144063,1.339590080962287e-11
118,-0.1030469398872378,7.2524359131442576e-12
119,-0.05747784325708192,3.785900877216514e-12
120,-0.09378465169517715,2.0130593046175547e-12
121,-0.14089027215722824,1.3692484010679798e-12
122,-0.5880092784016001,9.584175349283388e-13
123,-0.5775953207649961,8.581547327787645e-13
124,-0.48635419018714554,7.826695616119473e-13
125,-0.29601950323821585,6.882792060058474e-13
126,-0.1621511604393648,5.821654439471269e-13
127,-0.5692713547673275,3.276897299791219e-13
128,-0.1712921698655768,2.77168967863304e-13
129,-0.583225205829553,1.5601308044301505e-13
130,-0.42540399077921115,8.446426138819633e-14
131,-0.2044665026450292,4.40918506705067e-14
132,-0.505276381406337,4.021343484692088e-14
133,-0.23340267663326042,2.099213010422855e-14
134,-0.5207563708701805,1.9145616330618465e-14
135,-0.2763519458616382,1.6836645058018254e-14
136,-0.46555426268560196,9.11522793500736e-15
137,-0.278404885760548,8.01592671212248e-15
138,-0.1343551781067174,6.78009082985084e-15
139,-0.1232243097107849,5.557343299447882e-15
140,-0.6298651721945668,3.228001244091959e-15
141,-0.6090691580798547,1.816979807108072e-15
142,-0.13513097728243173,1.5368513923121841e-15
143,-0.12063676595282971,1.2596897300712537e-15
144,-0.5944363795300581,7.316949478798292e-16
145,-0.5186329716417024,4.118570114227488e-16
146,-0.3302774732494972,2.2297616436127414e-16
147,-0.17203526489642404,1.1639753406371768e-16
148,-0.13614654897718662,6.18915144836246e-17
149,-0.1510321709444813,4.209754628349391e-17
150,-0.17412728397173496,3.845226045060923e-17
151,-0.19258838145126098,3.5369496453135776e-17
152,-0.21362654812763135,3.1509766362912224e-17
153,-0.5291764589285584,1.683941726133794e-17
154,-0.5366413524540756,8.716020403574739e-18
155,-0.20174160593434673,8.017246558122993e-18
156,-0.18821601787947517,7.142356868298616e-18
157,-0.19997952529131396,6.08153243335186e-18
158,-0.20301625569938817,5.010495748324057e-18
159,-0.5372902134029801,2.8954175915188204e-18
160,-0.5133398397337022,1.618966673589057e-18
161,-0.2159933233491111,1.3785083153221105e-18
162,-0.518817670675103,7.707900332957498e-19
163,-0.2186063577691836,6.563078089248566e-19
164,-0.17421391466289984,5.407234972842925e-19
165,-0.5621207291029334,3.124681478291242e-19
166,-0.17571714585002682,2.574384570570515e-19
167,-0.5589458398899828,1.48766085181446e-19
168,-0.4212357805649701,8.318224451442009e-20
169,-0.24693314606522024,4.4454170430208744e-20
170,-0.4722512252047946,3.96030666133154e-20
171,-0.27308567294070735,2.1164630541822386e-20
172,-0.4584609433844661,1.8855020014599463e-20
173,-0.2879183733515216,1.0076480600961631e-20
174,-0.1809619393835664,5.215549276509144e-21
175,-0.16438863947282872,2.7185238173016944e-21
176,-0.5443761050221829,2.483123010546002e-21
177,-0.20043174215898418,1.2942891894173367e-21
178,-0.5097419254410802,1.1822148653209514e-21
179,-0.33860875448255884,1.0874352767771102e-21
180,-0.3921514840637479,5.628524973793051e-22
181,-0.31174161474290474,5.1772793527358215e-22
182,-0.11796369767702138,4.612303797323979e-22
183,-0.602136429934917,2.464902699837523e-22
184,-0.14519225143473824,2.1959178379059454e-22
185,-0.577988726456853,1.173540175392645e-22
186,-0.15690892297753223,1.0454764826270207e-22
187,-0.5822547810572968,5.587224775044379e-23
188,-0.3396359659696745,2.8919269819658754e-23
189,-0.13196259985079392,1.5073718915438305e-23
190,-0.09815005734811556,1.0550982943393909e-23
191,-0.6428931582414655,7.176597575640174e-24
192,-0.0990444642352526,5.02332297934984e-24
193,-0.1273012872811454,4.497818781489536e-24
194,-0.15827414114697572,4.1021807833454494e-24
195,-0.58017178353783,2.1414115218671683e-24
196,-0.5789605723420926,1.138642697950033e-24
197,-0.15706339497880756,1.0195260255609584e-24
198,-0.14571532063543316,9.2984628179966e-25
199,-0.5835781116494319,4.853963407695722e-25
200,-0.5049801620206771,2.5809751810199846e-25
201,-0.3155791168059378,1.7555350365240324e-25
202,-0.39675611938149663,1.2288022836836143e-25
203,-0.3223031686253183,8.358102308890916e-26
204,-0.3922271153830821,5.850327672617684e-26
205,-0.3309168904377454,3.979292509262966e-26
206,-0.10674621633575929,3.634719965503851e-26
207,-0.07616778395338952,3.343320091497855e-26
208,-0.6833514746057907,1.7304901755763828e-26
209,-0.060129765398151194,1.5917546955621288e-26
210,-0.1014058305601533,1.4180529437473646e-26
211,-0.6534366390871352,7.578344105571292e-27
212,-0.6935134560158328,3.92252301991011e-27
213,-0.04202734854627576,3.6080496286624926e-27
214,-0.0701834017711938,3.2143177660327686e-27
215,-0.6676868095882438,1.717792428206212e-27
216,-0.6771921181277966,8.891230391758789e-28
217,-0.06579892836986534,8.178409750689777e-28
218,-0.6620744504403545,4.233114789516359e-28
219,-0.4107642032477014,2.206445144426793e-28
220,-0.09100171160113918,1.5444208038494185e-28
221,-0.056915387725693246,1.382854522122755e-28
222,-0.11047389503612186,1.2612156074762294e-28
223,-0.6166568585467148,6.58377037982644e-29
224,-0.13297605786687167,6.004647507194326e-29
225,-0.5873508664737225,3.134533077835368e-29
226,-0.4994194694447326,1.6667105617551062e-29
227,-0.24783072112530405,1.4923511983574183e-29
228,-0.4651495963322175,7.935208984516062e-30
229,-0.2788052107693778,7.105084055379667e-30
230,-0.1367813955256187,6.480105289253172e-30
231,-0.563903055243385,3.38273051876626e-30
232,-0.18199493802918368,3.0851781282134352e-30
233,-0.10314951970085749,2.7131040436876687e-30
234,-0.10994156448973866,2.294817867935304e-30
235,-0.14133046732808993,1.8809616304364937e-30
236,-0.6087527690783111,1.0925627869239982e-30
237,-0.12992790274145888,8.955258322508147e-31
238,-0.5979016997445616,5.201691428545154e-31
239,-0.5894356673323621,2.9279320464240633e-31
240,-0.4463482437906024,1.5851595070988599e-31
241,-0.293780986580485,1.3939884473024955e-31
242,-0.10839042535462186,1.1790736901549584e-31
243,-0.08854228875802848,9.664350280809162e-32
244,-0.12000817418103482,7.733777555617373e-32
245,-0.15324078950706413,6.0772307763887e-32
246,-0.1901071075660562,4.7217246646492504e-32
247,-0.21520831474731866,3.632831675158248e-32
248,-0.23469586912849022,2.766172712889761e-32
249,-0.4860319135284136,1.7295911605428416e-32
250,-0.46271942928536725,1.0702790430228896e-32
251,-0.2919920533101914,8.234583515344466e-33
252,-0.27901383657168877,6.270117158997043e-33
253,-0.45416154058123964,3.920485211655501e-33
254,-0.29601141197947095,2.9852027793984925e-33
255,-0.4238966442152509,1.8665430092691836e-33
256,-0.3225821799640527,1.4212550432716221e-33
257,-0.4239607542247394,8.886611267130577e-34
258,-0.3558390201723032,5.49907632490202e-34
259,-0.38609844312513647,4.230915624280868e-34
260,-0.3588850604666217,2.618110238285851e-34
261,-0.3848616788229072,2.0143389287201227e-34
262,-0.34943459923030123,1.246482284447894e-34
263,-0.2926939076499373,7.638170733791763e-35
264,-0.4425064678668727,5.934502156256421e-35
265,-0.30813269862202736,3.6365330863582576e-35
266,-0.27766814577023025,2.2032900472469672e-35
267,-0.2718388658609861,1.310843485514947e-35
268,-0.4406952702804361,1.0489863914942807e-35
269,-0.30634540095025276,6.240925834536659e-36
270,-0.40435123097786524,4.99422420990427e-36
271,-0.3442888537152935,2.971304789822903e-36
272,-0.2838795804995054,1.7258922188732767e-36
273,-0.4579631688252157,1.414638210434684e-36
274,-0.2949605725899204,8.216972854055667e-37
275,-0.4333508626493232,6.73509251987953e-37
276,-0.35292254065882894,5.3896750274752704e-37
277,-0.26808634477213383,4.235226409882385e-37
278,-0.2220767355565797,3.2905732455660997e-37
279,-0.5246782749157489,2.0163912937450046e-37
280,-0.21129735051050574,1.5666419222140204e-37
281,-0.20268668964610384,1.2053532983954017e-37
282,-0.537902905676796,7.458782191660948e-38
283,-0.20598598376244026,5.738687053660506e-38
284,-0.21931246426139037,4.369649065823547e-38
285,-0.23825877394793663,3.298320731126328e-38
286,-0.49282145390339627,2.0803899202385894e-38
287,-0.252943822750587,1.5703305000892444e-38
288,-0.2628923717350768,1.1766659763906615e-38
289,-0.47628614867322194,7.476343510924893e-39
290,-0.2694976930209917,5.60210671359594e-39
291,-0.46720881049001756,3.5594871455513396e-39
292,-0.27895256606323965,2.6671630063430265e-39
293,-0.28392409301547206,1.986107957504895e-39
294,-0.2899452585608532,1.4710427053305124e-39
295,-0.29335893611918384,1.0844801756960829e-39
296,-0.44403490190204237,7.003634320078569e-40
297,-0.42938967051700055,4.501934939182632e-40
298,-0.4057750358155483,2.8783533228213687e-40
299,-0.3733565691881044,1.8288587091839212e-40
300,-0.37227531529464847,1.3703840169952538e-40
301,-0.34403066888547906,1.0204590400058038e-40
302,-0.38165049006677937,6.524398304914401e-41
303,-0.36314891862193077,4.85840548946763e-41
304,-0.38344815104487073,3.106266032969746e-41
305,-0.3629027114655063,2.313086853535538e-41
306,-0.3719825271286431,1.4788932582968958e-41
307,-0.3130294436611923,9.39664631838361e-42
308,-0.42577676887247934,7.041010802751518e-42
309,-0.30035465405593387,4.4737433121824357e-42
310,-0.43397578515306734,3.352225243189999e-42
311,-0.3005280154567671,2.129949190930058e-42
312,-0.24025222933687743,1.3434487391158189e-42
313,-0.2262005266292699,8.400115629040799e-43
314,-0.2281999894079441,5.198030564581343e-43
315,-0.24891911929466934,3.185239407499979e-43
316,-0.4640256210958599,2.4747823517971765e-43
317,-0.2846912664082365,1.5164924819107403e-43
318,-0.2798557637222437,9.18807202566894e-44
319,-0.42861964318546825,7.220020706377033e-44
320,-0.32318175029256097,4.374441091420983e-44
321,-0.4225829784844877,3.437451858306105e-44
322,-0.38156180888818425,2.670739654312283e-44
323,-0.3469387570571658,2.0548312960572816e-44
324,-0.40249554600923115,1.2715391494180783e-44
325,-0.37783471626357834,7.79171372038993e-45
326,-0.3552541234662128,6.05379789037947e-45
327,-0.39760392222205937,3.709634902277647e-45
328,-0.33385663268638494,2.882213175609665e-45
329,-0.4126662476015974,1.7661571769743868e-45
330,-0.32916213250637855,1.3722216929077609e-45
331,-0.28975995895281437,1.0557689796393282e-45
332,-0.26406412173745947,8.03901640300072e-46
333,-0.479867547665692,5.026516112062839e-46
334,-0.4688063329406304,3.1104315151965053e-46
335,-0.255858947608987,2.393124320953118e-46
336,-0.49339361737410303,1.480876444385056e-46
337,-0.4556547973520815,9.074486865149168e-47
338,-0.27039072544123316,7.050452751717251e-47
339,-0.21174885651538988,5.4245238551087125e-47
340,-0.20202018746188605,4.1304335598669493e-47
341,-0.21069489527705357,3.1177548663124656e-47
342,-0.5270726766594764,1.9664994178526545e-47
343,-0.2176722155949877,1.484363091851364e-47
344,-0.23570407421053088,1.1122496485244888e-47
345,-0.25325391347454185,8.282387962089193e-48
346,-0.26952686459170677,6.134483449557663e-48
347,-0.2856035965595654,4.5224558505840776e-48
348,-0.3004361587659411,3.3204247977846837e-48
349,-0.31223805849704717,2.4290809158444437e-48
350,-0.3241372217570965,1.7712981323062394e-48
351,-0.4044939261698152,1.1564854240335392e-48
352,-0.34938281877500194,8.433150407910009e-49
353,-0.3561889194890402,6.1317781197057805e-49
354,-0.35724413756486534,4.446865033064319e-49
355,-0.35727627342664714,3.217354627757751e-49
356,-0.37180978351763555,2.1171524422419225e-49
357,-0.32459373125937363,1.3898975658452335e-49
358,-0.4226354539411985,1.0079762777513792e-49
359,-0.2940922318236562,6.617302310989158e-50
360,-0.22132514623143518,4.33293897089639e-50
361,-0.5116511889089858,3.150497630261937e-50
362,-0.20515836137545648,2.0629122440437707e-50
363,-0.5378485648608624,1.499951921767708e-50
364,-0.3925646221414174,1.0877894832415266e-50
365,-0.2268147707619359,7.870273781441108e-51
366,-0.1529573718048713,5.6820423662007e-51
367,-0.1597496199992327,4.0941996361829715e-51
368,-0.5838899687883666,2.705220370548153e-51
369,-0.1684695175199791,1.9492484467867125e-51
370,-0.568887451432268,1.2879554184179754e-51
371,-0.5606487579519592,8.493454894376798e-52
372,-0.1861278202649891,6.13195574708798e-52
373,-0.5438433359403497,4.043733875212794e-52
374,-0.19685468871052442,2.9194241311885874e-52
375,-0.5263376246665306,1.9252216979888095e-52
376,-0.44752392287923903,1.2668755208358244e-52
377,-0.29062922655200135,9.165980504124724e-53
378,-0.21005180273183782,6.617494003197155e-53
379,-0.5153339567369295,4.363923318013781e-53
380,-0.23145314850599197,3.150588894922166e-53
381,-0.49375036067529193,2.0776638917063604e-53
382,-0.3340237771861606,1.3671887906088726e-53
383,-0.2067434948314964,8.975510379904061e-54
384,-0.5330486711128924,6.509185832088841e-54
385,-0.40618724043601967,4.7094658830638965e-54
386,-0.2606719800200667,3.400057661633977e-54
387,-0.16562059497085355,2.4499139471518774e-54
388,-0.1501708683072861,1.762120638145824e-54
389,-0.5801077020049608,1.1664040302390088e-54
390,-0.16433525068741558,8.389456358212264e-55
391,-0.5656092171733659,5.5532495879679185e-55
392,-0.17889422167825622,3.9942201721448594e-55
393,-0.1540288852319072,2.8681313802137664e-55
394,-0.16247251244185829,2.0563791656519303e-55
395,-0.18128555759501938,1.4722897610196001e-55
396,-0.20084756065693463,1.0527202226319882e-55
397,-0.536478531441386,7.0095715522143135e-56
398,-0.20722266876856013,5.012000979950896e-56
399,-0.2104277528876088,3.5793119399850574e-56
400,-0.21532633257567854,2.5532417615660647e-56
401,-0.5317502596867046,1.7041104146268854e-56
402,-0.209353930635571,1.2155984026816026e-56
403,-0.5350060149551037,8.113269684038601e-57
404,-0.20676320206403567,5.787463995167112e-57
405,-0.2081110889203914,4.1239799832263646e-57
406,-0.2194747216477565,2.9356856423350585e-57
407,-0.23247029546313053,2.0878225653665116e-57
408,-0.24434580329315406,1.4835173877507854e-57
409,-0.4937199367419066,9.940123233709963e-58
410,-0.2506070085197629,7.063026283081494e-58
411,-0.4880285841134421,4.73249267156931e-58
412,-0.4860404150011885,3.168138019040649e-58
413,-0.46742795171145346,2.1188942115579593e-58
414,-0.2780753277214837,1.5083505108652523e-58
415,-0.4599060079293031,1.0088055341227437e-58
416,-0.42594339512428603,6.740271510391098e-59
417,-0.3199763849332235,4.802923147958384e-59
418,-0.2856546233772881,3.418996354019448e-59
419,-0.2742834847284593,2.431547041647766e-59
420,-0.444527390533655,1.6277841641486594e-59
421,-0.41442538060210604,1.0886844014847354e-59
422,-0.3327830312358844,7.749880405511765e-60
423,-0.4019750860549693,5.183226435468823e-60
424,-0.35863257130206283,3.4631405452466243e-60
425,-0.3241957190307541,2.311404254508041e-60
426,-0.30039884529485494,1.540939854787456e-60
427,-0.29027921222346753,1.0260397717815433e-60
428,-0.44960732337794324,7.336414648643079e-61
429,-0.43877788799583534,5.239287991684853e-61
430,-0.30506585172841805,3.492867014218969e-61
431,-0.29710704433417845,2.325736765778462e-61
432,-0.44503320308778044,1.6629539854696506e-61
433,-0.29775691511608615,1.107283274187126e-61
434,-0.2945922781661163,7.36320385940272e-62
435,-0.290012216538113,4.8894594880296345e-62
436,-0.45165304635116355,3.505621357461635e-62
437,-0.2856703694870211,2.3278716622509086e-62
438,-0.2735628921148224,1.5434415043400321e-62
439,-0.26392093548065954,1.0216533148347308e-62
440,-0.2501897808565992,6.750519282214708e-63
441,-0.493689959807417,4.86409143192815e-63
442,-0.470633564976815,3.4985375335297513e-63
443,-0.27437556755641435,2.3157939307409923e-63
444,-0.24202083545570063,1.530148373827939e-63
445,-0.22121418471344848,1.0090602523164342e-63
446,-0.5200284788683561,7.285036407794815e-64
447,-0.48778438222766607,5.249238123917168e-64
448,-0.24142457824244484,3.468405833751111e-64
449,-0.19225493998075993,2.2872490835547125e-64
450,-0.5454500599173927,1.6513080174489037e-64
451,-0.19454835915956464,1.0889592886803986e-64
452,-0.5424130859461417,7.861877471074234e-65
453,-0.45301612878953956,5.664881359078951e-65
454,-0.31127960585917064,4.074512236270703e-65
455,-0.21092976447811512,2.9257867368982765e-65
456,-0.17509133354970507,2.0977166284655823e-65
457,-0.1796729881009594,1.50188582202996e-65
458,-0.19942215686841383,1.0738820704969623e-65
459,-0.5378671314721885,7.150478398684638e-66
460,-0.5544137351965273,4.754919664114141e-66
461,-0.19097805450454866,3.4043427656137567e-66
462,-0.21287935990508744,2.434181483168518e-66
463,-0.5221107756277374,1.6208075907087096e-66
464,-0.5308847745592146,1.0778033937175455e-66
465,-0.21311610300918904,7.716664939364161e-67
466,-0.23880126436782406,5.517588621494025e-67
467,-0.24985968293352126,3.940376490715041e-67
468,-0.4823063934712161,2.6269239426933043e-67
469,-0.27001481970695423,1.8760132472294304e-67
470,-0.2773524380778046,1.338222386981264e-67
471,-0.28204913461618153,9.535786903598327e-68
472,-0.45496798435568164,6.371276784417797e-68
473,-0.4294205401310378,4.25238192725524e-68
474,-0.31891581578232364,3.0333648770613123e-68
475,-0.2995562509474871,2.1614883557407857e-68
476,-0.2802306713544106,1.538671467328103e-68
477,-0.44506780176277777,1.0290846061681876e-68
478,-0.29990101378579803,7.325614855949098e-69
479,-0.4220359873893899,4.899471809966741e-69
480,-0.36883735813663476,3.2735516548688016e-69
481,-0.38327575485153115,2.3326385287251646e-69
482,-0.36072313452047056,1.5585379428830364e-69
483,-0.3902791495349983,1.1105692035260513e-69
484,-0.3428914268255691,7.420199146066133e-70
485,-0.4047473943594371,5.287419977987526e-70
486,-0.3155333488966585,3.7638890046769494e-70
487,-0.24583743973825672,2.676830340475037e-70
488,-0.21815132126711273,1.902041112127003e-70
489,-0.21241007603283052,1.3503797015042356e-70
490,-0.521136788602571,9.05561773483666e-71
491,-0.5041408552128187,6.067603722401886e-71
492,-0.4524426143916819,4.061919874255094e-71
493,-0.3827782982742224,2.7166677896115114e-71
494,-0.37676551509729184,1.9338800521328502e-71
495,-0.362813393535914,1.2934055346340405e-71
496,-0.2966341585655409,8.641808734779662e-72
497,-0.25208023934069684,5.767803303169715e-72
498,-0.48535621257831324,4.114365138628596e-72
499,-0.26185155006130645,2.7460511526391015e-72
500,-0.2521232494048734,1.8307051465072496e-72
501,-0.24602987024962608,1.2189809257550046e-72
502,-0.25412801120648165,8.105970049666545e-73
503,-0.2586581914324745,5.3826857066322105e-73
504,-0.2651019553543958,3.5688653542011905e-73
505,-0.47135625753859683,2.5626966649275957e-73
506,-0.2714365987521629,1.6991367951351875e-73
507,-0.2696944884220362,1.1247130093535996e-73
508,-0.2685546639622724,7.431480666049033e-74
509,-0.2635347846238609,4.900708901326032e-74
510,-0.4737105315803846,3.538127945105943e-74
511,-0.261055557376239,2.3332275079213238e-74
512,-0.4724151112719886,1.6845027146649395e-74
513,-0.40783346439351753,1.2137696196274396e-74
514,-0.3271916500164724,8.0199174245197755e-75
515,-0.2503185208685011,5.288755024258108e-75
516,-0.4919637627997803,3.8182826858138634e-75
517,-0.24985498221177965,2.5179762670492845e-75
518,-0.49035278045353226,1.81788438671598e-75
519,-0.2500350195586913,1.1988085007421647e-75
520,-0.18170362412125002,7.888655864136073e-76
521,-0.16759032778216876,5.178854089383787e-76
522,-0.5786464626109389,3.755789056915185e-76
523,-0.53772211596653,2.7173537342151228e-76
524,-0.40032724250033264,1.961827437080188e-76
525,-0.23918231485196745,1.413596144042507e-76
526,-0.1732108183856828,1.0167405848341981e-76
527,-0.18218890217155406,7.300913447978306e-77
528,-0.5418583784338555,4.840701924395617e-77
529,-0.21259259126429408,3.475964892582467e-77
530,-0.22538067370263487,2.492180740029905e-77
531,-0.503184427522672,1.6549068853585131e-77
532,-0.4794283394032465,1.0972477624520827e-77
533,-0.2770206325257876,7.879011681191882e-78
534,-0.2696377788856191,5.64905623881274e-78
535,-0.2692128038329031,4.0445107588858233e-78
536,-0.45537721405726944,2.689515675298745e-78
537,-0.4031794252578377,1.7859451113798976e-78
538,-0.35262818776404536,1.2804784130097327e-78
539,-0.36570742814486945,8.502884675279692e-79
540,-0.2944923523133368,5.637641166933435e-79
541,-0.46054942363712514,4.04822339390066e-79
542,-0.4086280073600913,2.902475912557958e-79
543,-0.31812645347685975,1.9273591578361043e-79
544,-0.244025293925069,1.2778909448546135e-79
545,-0.2108310774955676,8.458769031005505e-80
546,-0.2098200755024031,5.589086103718103e-80
547,-0.22057545517650598,3.6857371026884726e-80
548,-0.5204889725816386,2.6609638939801896e-80
549,-0.5327762609848923,1.9173594113685453e-80
550,-0.5390783679814731,1.3790764338655334e-80
551,-0.5249481957579656,9.902740022363446e-81
552,-0.20902774276055727,6.565782901633802e-81
553,-0.18790147943924604,4.346101777797961e-81
554,-0.19658086413266715,2.871663354632067e-81
555,-0.5447951922891221,2.0691790564096081e-81
556,-0.1973978539377243,1.367198923140327e-81
557,-0.543721689025312,9.851361487566138e-82
558,-0.19832153135773542,6.509234073071096e-82
559,-0.5403217510904699,4.690233204230241e-82
560,-0.20202775518174268,3.099046342189149e-82
561,-0.5384231248656292,2.2330200285340168e-82
562,-0.2020472618918059,1.4754559635162537e-82
563,-0.5319655881377571,1.0631408355850454e-82
564,-0.2068477270599661,7.024645842300881e-83
565,-0.523741569664453,5.0616135182203985e-83
566,-0.21346838170338922,3.344433885519448e-83
567,-0.5240363155070709,2.409834196024732e-83
568,-0.22080261844514448,1.5922849728958098e-83
569,-0.20199976264460176,1.0500363912359932e-83
570,-0.2091130684866729,6.909673838775736e-84
571,-0.5315500971251658,4.999223258674563e-84
572,-0.5300942972622398,3.6092516147111025e-84
573,-0.21595243045767656,2.380130193454959e-84
574,-0.22441224371580806,1.566224129740641e-84
575,-0.23784389520081606,1.0282165148152503e-84
576,-0.25177634337621707,6.73265206602946e-85
577,-0.4812186242083041,4.895338827035406e-85
578,-0.47105989264926357,3.550179186195079e-85
579,-0.447833746793527,2.5685927837128416e-85
580,-0.41141462728713024,1.8544276125425112e-85
581,-0.3357884177544665,1.2229070243256833e-85
582,-0.40279220539568317,8.828929863314896e-86
583,-0.360840320809613,6.361691642654678e-86
584,-0.37788017501252674,4.203453507924221e-86
585,-0.36486483413903115,3.0288013910678912e-86
586,-0.3736848317071219,2.0012642151227204e-86
587,-0.3307200281263633,1.3197387968407952e-86
588,-0.3024290138411721,8.684427239530538e-87
589,-0.2882130595073162,5.701273106343599e-87
590,-0.44570971758759054,4.134655808740491e-87
591,-0.3028666551946284,2.7143761259301862e-87
592,-0.2975050419430682,1.7773445348238293e-87
593,-0.43355188838677666,1.292314473555362e-87
594,-0.31378927595810996,8.461937330296253e-88
595,-0.41180464236490616,6.152709208597075e-88
596,-0.3369502440422303,4.028728362954045e-88
597,-0.3948871229241084,2.929304854213067e-88
598,-0.35343229775269297,1.91807757360242e-88
599,-0.3191232326476313,1.2523181250965763e-88
600,-0.41217474619650324,9.131967327921122e-89
601,-0.3576327584768441,6.639890757633494e-89
602,-0.3907951258859049,4.347729644823244e-89
603,-0.34324861793324424,2.8386446472057226e-89
604,-0.39339067096441743,2.0699540839003474e-89
605,-0.32158688554239406,1.5050720723006e-89
606,-0.2665886484630398,1.0915026995263058e-89
607,-0.244263670647955,7.897139300202915e-90
608,-0.2387660667771969,5.701438262713792e-90
609,-0.2455561811879666,4.108175363101113e-90
610,-0.2545490610906631,2.9548387202980863e-90
611,-0.26439945042038115,2.1217822983971123e-90
612,-0.4762099024639915,1.406798714733919e-90
613,-0.2675651117350708,1.0101805522668659e-90
614,-0.2760885040778105,7.24274437202914e-91
615,-0.28370558517698513,5.185531228254892e-91
616,-0.4565172463000496,3.4482705955230724e-91
617,-0.45908326333072863,2.2897884810079853e-91
618,-0.4589661382728507,1.5181913311879617e-91
619,-0.4550628740091717,1.004939417334615e-91
620,-0.28874736834996817,7.228108927785885e-92
621,-0.4494700267315949,4.7845165659301016e-92
622,-0.2987203782914925,3.4413026605188607e-92
623,-0.4397781876345364,2.277908337039321e-92
624,-0.304301688762679,1.6384041966730288e-92
625,-0.4317358400847922,1.0845121592644206e-92
626,-0.4171601756229463,7.165855713094884e-93
627,-0.39805135834910427,4.725541847833748e-93
628,-0.3754378451394109,3.1096020245148213e-93
629,-0.36904338133348225,2.2498304737536475e-93
630,-0.35452456339762617,1.6242931851726295e-93
631,-0.3836085399850205,1.0711442885541112e-93
632,-0.3641988228790068,7.04857253515224e-94
633,-0.3451762169423336,4.627344547243616e-94
634,-0.3973685655401633,3.3558253839859814e-94
635,-0.34003533113620726,2.2030787389426854e-94
636,-0.40131503274059643,1.597708465315725e-94
637,-0.33998195219295624,1.0488857876106125e-94
638,-0.40134617799308575,7.606690003368165e-95
639,-0.3398003152432198,4.9937452348141244e-95
640,-0.39824004706001065,3.621545110603584e-95
641,-0.36738511789739947,2.620226796765333e-95
642,-0.3406708969641318,1.891705432583925e-95
643,-0.31870096947784216,1.3630696842250347e-95
644,-0.30273256931548165,9.803990154822134e-96
645,-0.28846094950974166,7.039955386148e-96
646,-0.45026978028425774,4.667679712710818e-96
647,-0.2924580028865988,3.3517227593450623e-96
648,-0.45195541481090085,2.222282311221619e-96
649,-0.42733285573214425,1.4709997647296435e-96
650,-0.39356700335330536,9.7195517615945e-97
651,-0.34535020157194146,7.003429879877833e-97
652,-0.3957651451071219,4.6274785936951374e-97
653,-0.3459739633550442,3.051602574763102e-97
654,-0.3948887692659044,2.2031425584582548e-97
655,-0.3515594359727734,1.5874759250220622e-97
656,-0.3891421495128567,1.0489161720819747e-97
657,-0.3514261542201246,7.557972879030036e-98
658,-0.3891697938943105,4.9938898952822805e-98
659,-0.3446974064370744,3.29323344321684e-98
660,-0.3921670478234192,2.377590979143894e-98
661,-0.3507949668350339,1.567908442315536e-98
662,-0.3180173502536229,1.0317486170846837e-98
663,-0.2946872549605817,6.773366257611813e-99
664,-0.4428559980030508,4.912155165940179e-99
665,-0.40402893111216087,3.553997037888778e-99
666,-0.34420005184106495,2.3386770745041194e-99
667,-0.388883913495997,1.6920579897388465e-99
668,-0.33619904796360744,1.2216023801403329e-99
669,-0.41076580638898313,8.055888089146649e-100
670,-0.36838572845561857,5.301107622771086e-100
671,-0.3654115955828256,3.835408319242719e-100
672,-0.3803024299656682,2.523857339201314e-100
673,-0.35409690344265304,1.826037900791458e-100
674,-0.39375078520534823,1.2016084791937456e-100
675,-0.3328646832335221,7.888485812395456e-101
676,-0.2837406058385169,5.16529636875276e-101
677,-0.2557084644704293,3.372436210666746e-101
678,-0.4912980245765899,2.459197601163189e-101
679,-0.46722146060712444,1.7880926241635107e-101
680,-0.40914109055648284,1.2967537981714293e-101
681,-0.3249100363852987,9.382153050717384e-102
682,-0.251092227312334,6.773562470731976e-102
683,-0.21786387401113858,4.880695217673411e-102
684,-0.5298907870963862,3.2248930923154923e-102
685,-0.5087441385729862,2.1266639844113e-102
686,-0.22660475541668745,1.535371601251406e-102
687,-0.5182361408279461,1.01250472297822e-102
688,-0.4460782145628979,6.662699935346458e-103
689,-0.29331189278889414,4.820534986099305e-103
690,-0.45409508652333597,3.1721114392184476e-103
691,-0.2842597737270387,2.2950567068818765e-103
692,-0.20731308944777369,1.6569448285378514e-103
693,-0.18367685583059548,1.1939127653338783e-103
694,-0.1903191234165207,8.58731518462659e-104
695,-0.20609445036049143,6.166297072098522e-104
696,-0.5359632499321296,4.0884207594007196e-104
697,-0.2075125635030519,2.935774036026106e-104
698,-0.5272722740917257,1.946497123550682e-104
699,-0.21533475515987668,1.3977220185520294e-104
700,-0.5240919690351827,9.267272805224793e-105
701,-0.21468395895841552,6.654554530326207e-105
702,-0.1993273580877397,4.771150787324663e-105
703,-0.2046552423492708,3.415963636371374e-105
704,-0.20982755402740688,2.4424906665745512e-105
705,-0.20870774685532484,1.7443005380773105e-105
706,-0.5369836372611307,1.1628698063561439e-105
707,-0.517883126295063,7.743006107722988e-106
708,-0.23188152132576617,5.536423148061597e-106
709,-0.5025829825812131,3.686445207886915e-106
710,-0.2453527405699488,2.635891060792127e-106
711,-0.20318942961781214,1.8824170993050311e-106
712,-0.1860970358655109,1.3427904667766178e-106
713,-0.5539231980988211,8.962187809791249e-107
714,-0.5095682098045469,5.974806161779344e-107
715,-0.3743746158885419,3.9783439513391085e-107
716,-0.35913136298978043,2.8446052136231465e-107
717,-0.3769012133021776,1.894089555232549e-107
718,-0.2120009377190951,1.2595302257573692e-107
719,-0.14202879478570068,8.363780401007432e-108
720,-0.1532185564453036,5.545411292828047e-108
721,-0.5827454359320148,3.98199584891964e-108
722,-0.16208746911347402,2.640170316515432e-108
723,-0.18271463812613692,1.747613205950179e-108
724,-0.5508259454066328,1.2569850876929974e-108
725,-0.1899909907463429,8.320386473528804e-109
726,-0.5457786148464965,5.984506002506359e-109
727,-0.526163654429212,4.297296774115743e-109
728,-0.4626393774834763,3.0810553574628226e-109
729,-0.2619180006042607,2.045942994156505e-109
730,-0.201094419098742,1.3565152168403786e-109
731,-0.5450548765687004,9.740734595179122e-110
732,-0.4846023863620395,6.983865459530803e-110
733,-0.3870154794937345,5.0001837113273166e-110
734,-0.27903664946247614,3.575243575791777e-110
735,-0.45839317695651877,2.3805874649629358e-110
736,-0.32720450447433064,1.5830412341890525e-110
737,-0.2279912426716571,1.0512021845712784e-110
738,-0.503676679452893,7.536859315974077e-111
739,-0.22924387808299312,5.0047736007438564e-111
740,-0.521749864447785,3.5882987203352586e-111
741,-0.423105722567891,2.5690862627245425e-111
742,-0.2918928868196611,1.836954337428255e-111
743,-0.19912863021482938,1.3118578027949057e-111
744,-0.17163486068421815,9.35791622382662e-112
745,-0.18313874603009203,6.668181300824818e-112
746,-0.2181726843142836,4.746794161208233e-112
747,-0.4868284259439733,3.1747211173226973e-112
748,-0.4576024268068665,2.12117019353341e-112
749,-0.40305125201724157,1.415732843011029e-112
750,-0.3254737774212486,9.438241524702782e-113
751,-0.4112656423665259,6.740304065575507e-113
752,-0.3378705359537687,4.493546789910993e-113
753,-0.4025212994629396,3.2090587656204973e-113
754,-0.31804701343070985,2.289127908682947e-113
755,-0.40962432876969046,1.5278328783119188e-113
756,-0.30957568758112786,1.0185576880607402e-113
757,-0.24364334792290235,6.782099214043162e-114
758,-0.4805515029800974,4.8493531528571856e-114
759,-0.40730457610444176,3.463157272047453e-114
760,-0.34572515760943745,2.3087770360753045e-114
761,-0.39395598152581623,1.6488091772217922e-114
762,-0.34945207136524503,1.0992087468754523e-114
763,-0.29128263067021715,7.319116890126311e-115
764,-0.2676039633404134,4.867060759349117e-115
765,-0.24713213117190894,3.2319214384139885e-115
766,-0.47911568578775593,2.3172076275261137e-115
767,-0.4257333623471057,1.6590330816163674e-115
768,-0.323003268020063,1.1032225514651827e-115
769,-0.2933459858171975,7.325835430702389e-116
770,-0.4337246365203532,5.252442567525735e-116
771,-0.3660174318702228,3.7605503604001074e-116
772,-0.3035706053789427,2.6888779080264896e-116
773,-0.4429385017439645,1.79039802658649e-116
774,-0.29622924090082087,1.280174772011412e-116
775,-0.44204431497885616,8.524085004578278e-117
776,-0.2938287921366158,6.094912089546332e-117
