t,lambda,delta_s
1,-1.061318782501158,1.0827045213676463
2,0.23676266087850806,1.1346142359803044
3,0.7803783687527014,0.9451272597138521
4,0.37338814269788734,0.9197896473259687
5,0.0733233205237077,1.0025851164839494
6,-0.04690194913992523,0.8968026270789318
7,0.5730008968733015,0.878361449806228
8,0.40828391509522627,0.8588315234243615
9,-0.2194066018431546,0.7858003201161863
10,0.16205783337661764,0.787337834643781
11,0.42245919679223987,0.8368590549887213
12,0.39305367971278804,0.8254641339791746
13,0.14512516669859002,0.6993058616665199
14,0.23743619595575258,0.7080422021162757
15,0.4987230020785483,0.7295050468486277
16,0.4841088694892385,0.7503485368829624
17,0.3700538162709094,0.8422204716095382
18,0.598401602846999,0.852487600980724
19,0.5625341150393589,0.8667941525451407
20,0.4703979123516359,0.71146997677455
21,0.2885739917825675,0.6795826596331409
22,0.3578291573527491,0.7374858032665008
23,0.32386787536677725,0.7922814335923267
24,0.28954626315902976,0.798597828359832
25,-0.03875845887815915,0.8196422885984016
26,0.19123842025719928,0.6355095115904906
27,0.2844276513608007,0.5732032883774076
28,0.039561140076099406,0.45760381704387376
29,-0.2082461325101287,0.34978904243363096
30,0.004060454904951469,0.2805917412400575
31,0.36421921288890985,0.33560862822934434
32,0.34087359066514233,0.3720780851771787
33,-0.28886840084761956,0.20855744658270223
34,0.14081923945077807,0.18852580215763765
35,0.07296118831272023,0.22051661041055592
36,0.2079913066713428,0.2437150171397303
37,0.2475471402696506,0.2458004645261646
38,0.027691553655957116,0.1869939782597918
39,0.26724393654187717,0.2051130152851783
40,0.3761452736535743,0.1996037366688755
41,-0.21413753826792156,0.12554583907993108
42,0.2791626579868828,0.13657300412145867
43,0.2440672681297887,0.15050482399771778
44,-0.29401598749120134,0.09760124604898596
45,-0.01320468394939927,0.09815929872400715
46,-0.586167942183955,0.05191182118110292
47,-0.0589029010770179,0.04842910645991386
48,-0.5359546902596175,0.027819726386386964
49,-0.10095203487292337,0.023942053802017634
50,0.07574439452194742,0.026830734323621375
51,-0.7380586207858185,0.011224336720349747
52,-0.018447500386470753,0.012799559205333351
53,-0.7331288639756742,0.005521859215525577
54,-0.48134585778016686,0.0032802452257346794
55,-0.0811927070310334,0.003499286004154138
56,-0.6398624853524658,0.0015525884830692447
57,-0.10474203609353325,0.0016647579979423546
58,-0.04552880310449604,0.001752256035560169
59,-0.6749097918344592,0.0007928245311829693
60,-0.5675157564274242,0.0003526331451004636
61,-0.17680660972127504,0.00037739555747077125
62,-0.08764472036004821,0.00039727824080136804
63,-0.11086069169096723,0.00037561343007108975
64,-0.151306969626523,0.00033094633701330315
65,-0.5807564810970925,0.0001788240843066637
66,-0.5789709350259743,9.00811690458394e-5
67,-0.4923016283631872,4.077513487813379e-5
68,-0.2545228848617086,4.288789027857442e-5
69,-0.16955673138480962,4.0537148005340183e-5
70,-0.5651710963342526,2.0419511116237786e-5
71,-0.17702627226442116,1.929933706006306e-5
72,-0.5553616630208663,9.721863274593856e-6
73,-0.40153914493406667,4.400668890461684e-6
74,-0.21988049731975498,1.9559302855824616e-6
75,-0.14884137510331408,1.5779957726367658e-6
76,-0.5917973404670553,9.31221072636454e-7
77,-0.5188777003468144,9.975086495773954e-7
78,-0.34492652994281664,1.0491653931894942e-6
79,-0.3854788795742467,4.7491403371415585e-7
80,-0.3609321671284774,4.995076764731231e-7
81,-0.37382790274458033,2.2610657654120326e-7
82,-0.18644542511873818,1.0049558103054919e-7
83,-0.12700159247794202,8.10781384970023e-8
84,-0.6153372841739697,4.7845950582410015e-8
85,-0.5588996321534643,5.125186603063129e-8
86,-0.36976648633072773,5.3905962855013904e-8
87,-0.3651364291225764,2.4401013481972228e-8
88,-0.3824136979082999,2.5664628226065112e-8
89,-0.3506967852321726,1.16173226156768e-8
90,-0.3924763463261962,1.2218929639032429e-8
91,-0.3403957766761451,5.531007329228532e-9
92,-0.40742399505699944,5.817432365125386e-9
93,-0.32618971247856415,2.6333125961872936e-9
94,-0.12319227023558116,1.1704047435544578e-9
95,-0.0936717892189134,9.442634169036023e-10
96,-0.6465785962686557,5.57229698612792e-10
97,-0.6110300632801969,5.968961519994334e-10
98,-0.3943411027806293,6.27806615433417e-10
99,-0.3404737730787244,2.84182258088671e-10
100,-0.11858603695634012,1.2630793025017717e-10
101,-0.6292283400430343,1.3529917307845117e-10
102,-0.4091355397751942,1.4230568514896464e-10
103,-0.1427435064244393,1.344960278232277e-10
104,-0.0827933528754617,1.185027025637923e-10
105,-0.6503626413783838,6.403355885119865e-11
106,-0.09357762156780737,5.6419136689700373e-11
107,-0.12424523999753316,4.746932388832438e-11
108,-0.6098515952250844,2.6861150978377218e-11
109,-0.614231150582622,1.4514564267167754e-11
110,-0.5290694909511754,7.311642976388272e-12
111,-0.209634095329111,6.9103840475637784e-12
112,-0.5167103347222389,3.481073221076838e-12
113,-0.2199902811007774,3.290033845037229e-12
114,-0.5060552927614196,1.6573389605588497e-12
115,-0.2298598826847078,1.5663851136204373e-12
116,-0.504178901648246,7.890590791230036e-13
117,-0.2737753270107216,3.5717462301767037e-13
118,-0.1335149420869628,1.5875018980726006e-13
119,-0.10998723032075136,1.2807705857998862e-13
120,-0.6357314744161735,7.558096536724228e-14
121,-0.5741714033142381,8.096120398072846e-14
122,-0.16990185545118572,3.598409761134224e-14
123,-0.09686834755646762,2.903138184156957e-14
124,-0.6465720645548123,1.7132028872760184e-14
125,-0.5350995960201415,1.835157406936903e-14
126,-0.241021827685139,1.9301916328566944e-14
127,-0.08823510135952738,1.824263781934865e-14
128,-0.1015244351966081,1.607335114654778e-14
129,-0.6414675992385251,8.685319865791914e-15
130,-0.10687739811666035,7.652522480871382e-15
131,-0.1507267957977155,6.438596715608872e-15
132,-0.5803674268034871,3.643365953142876e-15
133,-0.16587301136397964,3.0654158963013814e-15
134,-0.5655783976117612,1.734606530291326e-15
135,-0.5396191770696215,9.373037656872035e-16
136,-0.44158137263185804,4.721623308220171e-16
137,-0.305212317387061,4.4625032284367775e-16
138,-0.2134911843901236,3.931853610950364e-16
139,-0.18071918823716593,3.30814052608142e-16
140,-0.5580745777893221,1.8719555041734674e-16
141,-0.1843672410659846,1.5750057044673648e-16
142,-0.1633026410851156,1.2833958629186007e-16
143,-0.17126190221803084,1.0216952015452199e-16
144,-0.5668588377088921,6.110247703355458e-17
145,-0.17671914379341397,4.8642908545567917e-17
146,-0.5658965472768488,2.909088931567532e-17
147,-0.5317586192754096,1.699717224682143e-17
148,-0.394014501827492,9.618076950470747e-18
149,-0.3547601853231302,8.092353706711685e-18
150,-0.20043291846171984,6.594067081160195e-18
151,-0.14280559354264424,5.249453337154765e-18
152,-0.14839340918011937,4.105918777411784e-18
153,-0.5978033339209751,2.499264733819382e-18
154,-0.12717742930350612,1.9548279299257504e-18
155,-0.6181661165426166,1.1898999397714077e-18
156,-0.11571483227609942,9.306935774376497e-19
157,-0.1195928724691637,7.17968606950753e-19
158,-0.15181721429127334,5.477558518162806e-19
159,-0.18657960884129374,4.1411081227155553e-19
160,-0.5594162538414621,2.607865610497312e-19
161,-0.1676242199790157,1.9715815772248754e-19
162,-0.5813291806465402,1.24160481715777e-19
163,-0.15513726677931977,9.386699889167632e-20
164,-0.5876595441113022,5.911280534488144e-20
165,-0.14925371981377364,4.469007817232709e-20
166,-0.16401350241774626,3.35305865148515e-20
167,-0.17627702500405795,2.499629967188837e-20
168,-0.57465354044348,1.5963912239720795e-20
169,-0.5928197887740815,1.0129954094315966e-20
170,-0.5413923191154927,6.379345367384322e-21
171,-0.37222015033207645,3.98100502280183e-21
172,-0.3586158053427762,3.0372063294116744e-21
173,-0.3813710158214098,1.8953564913559518e-21
174,-0.19580732846814616,1.1697427178397365e-21
175,-0.5378774351232787,9.023792255345684e-22
176,-0.2035397065260309,5.569145079634986e-22
177,-0.532330700815837,4.296227492770081e-22
178,-0.34125365397596585,3.2776972796809443e-22
179,-0.4018749774507363,2.0454339093078351e-22
180,-0.3348799679489579,1.5605116748560966e-22
181,-0.4190035219105426,9.738310842214598e-23
182,-0.22203071999864107,6.010119069257968e-23
183,-0.514068662217826,4.636409791978372e-23
184,-0.3086463097186824,3.537230695587579e-23
185,-0.16885215443057203,2.67419411711361e-23
186,-0.13029903607342402,2.0064251589720512e-23
187,-0.156433391316876,1.4957449229427474e-23
188,-0.5822827487204724,9.552590181865935e-24
189,-0.15092719814079963,7.121241578130419e-24
190,-0.5881626787693601,4.547988185586372e-24
191,-0.5621345155230857,2.8859411684091717e-24
192,-0.17283235543938497,2.165297175157671e-24
193,-0.14786127924036746,1.6141804452171313e-24
194,-0.5910751837915967,1.0308979850925669e-24
195,-0.5584119903335857,6.541597766321206e-25
196,-0.1837895432927314,4.908105307025711e-25
197,-0.14979481686949395,3.6588823467570573e-25
198,-0.16509144052711333,2.7125941740768143e-25
199,-0.1811248721237762,2.0014353228855399e-25
200,-0.5652218129075149,1.291466086277971e-25
201,-0.5737680619584785,8.293632887870614e-26
202,-0.1752343933460061,6.148670036769419e-26
203,-0.17999183958892898,4.536677663752058e-26
204,-0.5749208279034739,2.927381804505919e-26
205,-0.5809793012692324,1.8799278019894264e-26
206,-0.5100440290626151,1.2006178051114389e-26
207,-0.23213366249175396,8.950336265271657e-27
208,-0.15641576585196745,6.6355317575934e-27
209,-0.141233031866417,4.895899199627245e-27
210,-0.6113099424233268,3.159176669790218e-27
211,-0.12864935110271652,2.3309376089425314e-27
212,-0.6142283287455602,1.5040840124871222e-27
213,-0.12609145710511832,1.1097593956175389e-27
214,-0.13768309700513406,8.153896216927986e-28
215,-0.6195286607867023,5.283564482535102e-28
216,-0.11903687896655613,3.882069988879412e-28
217,-0.6262409947200058,2.5155050501349616e-28
218,-0.6469821055973779,1.6231798374711002e-28
219,-0.0889026170434681,1.1976319543692552e-28
220,-0.10535099240407786,8.79953501683983e-29
221,-0.13164604395432514,6.441536250133434e-29
222,-0.6265655261965459,4.189458621517442e-29
223,-0.09688673341454383,3.066815408688526e-29
224,-0.649700672371276,1.9946012497044536e-29
225,-0.6795455122522996,1.2924624056263794e-29
226,-0.054660393792395484,9.496296549842904e-30
227,-0.684294085098159,6.15341351318719e-30
228,-0.058413291758986234,4.5211867873802044e-30
229,-0.07528850447780172,3.309650854141719e-30
230,-0.13006958835038795,2.4148134978021783e-30
231,-0.6149912724263121,1.5757247716568723e-30
232,-0.6704835008303834,1.0248228797314835e-30
233,-0.6473956113285958,6.64065083020964e-31
234,-0.1029711131147632,4.879181730401593e-31
235,-0.6276967012655122,3.1616138602628096e-31
236,-0.10667859281846363,2.322978421844199e-31
237,-0.0805278034184639,1.700493228784377e-31
238,-0.10592953416625607,1.2407272497190987e-31
239,-0.6441751016836801,8.09604826224242e-32
240,-0.6767570709173656,5.265523296833145e-32
241,-0.533300348781326,3.4119556017099174e-32
242,-0.2002470282776772,2.2016324470288695e-32
243,-0.0605595018812163,1.4138606862148426e-32
244,-0.6866589852458753,1.0481972080304446e-32
245,-0.5220117157870865,7.733921047058646e-33
246,-0.16570881119699343,5.6824560185444395e-33
247,-0.5644360187602462,3.682119810504621e-33
248,-0.20623481426311246,2.3759612946288246e-33
249,-0.04124079885900202,1.5258124810874789e-33
250,-0.7005075380110198,1.1311951723727835e-33
251,-0.5035473219076013,8.346305528120533e-34
252,-0.23149244848792752,5.3856202156668206e-34
253,-0.033703627431639134,3.458577613212009e-34
254,-0.7122153330523833,2.5640937846789734e-34
255,-0.4679407361499339,1.8918671730887696e-34
256,-0.26887034153120376,1.220765050885659e-34
257,-0.46339620795309683,9.007179611075629e-35
258,-0.08220934030486497,6.617975756364004e-35
259,-0.6439813250888269,4.288318212833106e-35
260,-0.09759315054446811,3.150818257604902e-35
261,-0.6337603809841361,2.0416683011298416e-35
262,-0.24088357634487567,1.3174272184506376e-35
263,-0.49067385174790296,9.720382781679175e-36
264,-0.24180505889030668,6.272270987043485e-36
265,-0.48608162170038466,4.627874242357456e-36
266,-0.07834275902083529,3.40030518562798e-36
267,-0.022360109778218944,2.4891302861824856e-36
268,-0.7090273206216486,1.618885298877481e-36
269,-0.595407171851539,1.049005854242997e-36
270,-0.14383761001452572,7.707512907955688e-37
271,-0.045247913664333624,5.6421417381663015e-37
272,-0.07540383255932515,4.116663849537773e-37
273,-0.12657643304916658,2.9948063457035277e-37
274,-0.1589287995690032,2.1729101696344355e-37
275,-0.5914412343706903,1.4258273011894485e-37
276,-0.6297268677084787,9.331291759379847e-38
277,-0.6320209381982846,6.088895722255477e-38
278,-0.49643189007197325,3.9601076029953975e-38
279,-0.24387710169753646,2.898923253365831e-38
280,-0.48273226512553724,1.8854072297861088e-38
281,-0.26207320537543605,1.3801773609274722e-38
282,-0.10071398398073832,1.0070158658451448e-38
283,-0.6322360649895525,6.571024415375693e-39
284,-0.44094805240710355,4.273675381183651e-39
285,-0.3111682673398482,3.128464724160366e-39
286,-0.13290573327354954,2.2826150480031662e-39
287,-0.5992324075623512,1.4894620551727504e-39
288,-0.39326383129272235,9.687191698001091e-40
289,-0.3467711468557329,7.091328844677462e-40
290,-0.3824417050962952,4.61207196741832e-40
291,-0.362679901560289,3.3761816629509396e-40
292,-0.13119627598181807,2.4633562300155033e-40
293,-0.09320983157961583,1.7920518018995112e-40
294,-0.11327417417512503,1.3002401943102628e-40
295,-0.14840623583291282,9.41143502913374e-41
296,-0.5957902503155547,6.190443565111156e-41
297,-0.6063573282886326,4.062065503192423e-41
298,-0.12955707379620862,2.9472701813494217e-41
299,-0.602145903213296,1.9339493860699124e-41
300,-0.476704632794963,1.26566842662063e-41
301,-0.2450201512628951,8.258795531602094e-42
302,-0.13059651972255545,5.371371176014635e-42
303,-0.5877427682683687,3.9320125525957547e-42
304,-0.4592834337344611,2.8689059372089424e-42
305,-0.2786180481320536,1.872031176290839e-42
306,-0.1561884932850983,1.2175352038263595e-42
307,-0.5897369617043763,8.912740430320688e-43
308,-0.47357792144781724,6.502983801633348e-43
309,-0.276364879517456,4.730815501811136e-43
310,-0.4446785491416189,3.0960705879576367e-43
311,-0.2422901666437822,2.020261657756709e-43
312,-0.1486421219274503,1.3139416268339156e-43
313,-0.5819193224145855,9.61846575257969e-44
314,-0.16133050426714335,6.255676085356272e-44
315,-0.5569752704632754,4.579351544803191e-44
316,-0.18677457692669916,2.9783273842381197e-44
317,-0.5535669775567409,2.1802292704807983e-44
318,-0.38745226472118,1.5907560352089592e-44
319,-0.21016034791558133,1.157249278258386e-44
320,-0.1406495197436494,8.396531979896809e-45
321,-0.600658142818901,5.5096638137881734e-45
322,-0.14431102178548294,3.9975888756288705e-45
323,-0.5926063648351463,2.623150941744549e-45
324,-0.14796369561734218,1.9032520636869048e-45
325,-0.1529467390923485,1.3776172448626658e-45
326,-0.584512181651384,9.061383075213351e-46
327,-0.15924997489607723,6.558835702791151e-46
328,-0.17385081295693272,4.737103478929692e-46
329,-0.5636541768032339,3.122661678098867e-46
330,-0.17880267743847314,2.255334966318426e-46
331,-0.1939842676686823,1.625673488131778e-46
332,-0.20449116696710828,1.1696710825965554e-46
333,-0.21169566040815058,8.40167179680481e-47
334,-0.5284507777049955,5.568804024242201e-47
335,-0.5140889884916368,3.6849337661975086e-47
336,-0.4394917523029815,2.4339160669743343e-47
337,-0.3092116791033703,1.6044184940978085e-47
338,-0.20308326857503567,1.0553185685060505e-47
339,-0.5267136059751322,7.638636450399668e-48
340,-0.20831989961824746,5.0243717046573056e-48
341,-0.5214445485865915,3.636754814035281e-48
342,-0.4065385872485032,2.6266375104120223e-48
343,-0.25191702390916615,1.893312978949488e-48
344,-0.16344502978474446,1.3622375329051585e-48
345,-0.5687125248623651,9.01406309277851e-49
346,-0.16409892682856825,6.485612894161459e-49
347,-0.5652756320030364,4.2915954384718485e-49
348,-0.1811008349454775,3.087800298910269e-49
349,-0.546759012208998,2.043228588256447e-49
350,-0.19412315831036167,1.4701017223111793e-49
351,-0.5422132662828688,9.727811308688942e-50
352,-0.20542930385509328,6.999154299923523e-50
353,-0.10008398516716047,5.027447301904064e-50
354,-0.6306878305109064,3.3322973621935895e-50
355,-0.10606907138440831,2.393567660436524e-50
356,-0.1001085337185484,1.7166242910091861e-50
357,-0.6378574171852076,1.1395775631338288e-50
358,-0.5565703690353646,7.553358751682287e-51
359,-0.1781211834637858,5.425528778080159e-51
360,-0.5510221523780209,3.5961541016759367e-51
361,-0.2673851894380762,2.379611424648508e-51
362,-0.4763662841263282,1.712128967807913e-51
363,-0.2046427399492497,1.2298111730172504e-51
364,-0.520435748663673,8.151446015733471e-52
365,-0.2337798235696502,5.393894009549008e-52
366,-0.08450005499071131,3.5626923376006995e-52
367,-0.6599431648557693,2.568032937946283e-52
368,-0.5118249639860517,1.8476981316359847e-52
369,-0.21002711912574004,1.3271896272851148e-52
370,-0.518541431764958,8.796890804718922e-53
371,-0.20057087253053232,5.820991333641388e-53
372,-0.07196981154357486,3.8447921269662117e-53
373,-0.6673685760772412,2.7713739739466644e-53
374,-0.5221447359923197,1.9940018829435113e-53
375,-0.20555492142101842,1.432278666367666e-53
376,-0.07666947349290011,1.0272048669526967e-53
377,-0.09124900217461047,7.356377829591461e-54
378,-0.6518693047426583,4.890522371561787e-54
379,-0.6259545809607843,3.2465633836274505e-54
380,-0.3875424830952142,2.1518902038731882e-54
381,-0.35656464312903485,1.5456888269450282e-54
382,-0.13257672064862172,1.1085406234939798e-54
383,-0.5887654249112978,7.35902450508528e-55
384,-0.15763742649521537,5.277761908454838e-55
385,-0.5678537319583109,3.503631566871102e-55
386,-0.1783735836747031,2.5127424446153475e-55
387,-0.5469795544442498,1.6680789889873315e-55
388,-0.2324212893993705,1.1056376886989608e-55
389,-0.5169914823722335,7.941724066568682e-56
390,-0.20967931124193073,5.695663703393188e-56
391,-0.5154549730352814,3.78105482809335e-56
392,-0.23154369169145397,2.711705489185495e-56
393,-0.4937842142007897,1.800160203655243e-56
394,-0.15606471129125477,1.1931838839751427e-56
395,-0.5891961429491944,8.570562729602612e-57
396,-0.2629714297338498,6.14665564397318e-57
397,-0.4626171214988296,4.080444915563804e-57
398,-0.28441072320978916,2.9264227520956304e-57
399,-0.054944336306940705,2.0957719483351791e-57
400,-0.675041787117125,1.3932698722727292e-57
401,-0.3760856654504474,9.24919386349195e-58
402,-0.06293215450083614,6.1305593998088004e-58
403,-0.0491709235368365,4.056652961693892e-58
404,-0.6804085513787405,2.9187593302489697e-58
405,-0.06702780391465517,1.931372475062461e-58
406,-0.11737649274725519,1.2756805947199639e-58
407,-0.16238054903572918,8.409187015535585e-59
408,-0.1946371519804154,5.531207248097004e-59
409,-0.21596177018564985,3.6294856607903316e-59
410,-0.5159767141501528,2.6334077708189823e-59
411,-0.22773672631311012,1.7279981231022767e-59
412,-0.5028890615016149,1.2537654396869174e-59
413,-0.23945392443298844,8.226999064089939e-60
414,-0.20993004156262465,5.384139334905885e-60
415,-0.2003789476140561,3.513282384658248e-60
416,-0.20858242564691576,2.2849752923344902e-60
417,-0.22591632371673603,1.4806190779059548e-60
418,-0.4875362498061064,1.0878767366804506e-60
419,-0.2557241606319352,7.04922742991025e-61
420,-0.47330629993002604,5.179381143335623e-61
421,-0.26646242284536475,3.3561371793802706e-61
422,-0.4609069539704424,2.465903362342091e-61
423,-0.28142899867676147,1.5978569111029466e-61
424,-0.44569362050532785,1.1740165908110689e-61
425,-0.2913356437466929,8.594170502753993e-62
426,-0.43027513156514546,5.589492988851499e-62
427,-0.2507709562510266,3.6218815944656728e-62
428,-0.47513348529847244,2.661157611992198e-62
429,-0.2750473968916384,1.7243778271251062e-62
430,-0.1355332018778079,1.1126892076887418e-62
431,-0.11929433070755538,7.145550243182918e-63
432,-0.1495469283685227,4.563512939276186e-63
433,-0.5846889709103755,3.401996470779388e-63
434,-0.5819249274267957,2.522146090607484e-63
435,-0.49342739037700456,1.860916875609476e-63
436,-0.31070746825369144,1.3672984551399947e-63
437,-0.43667271173697036,8.859825244776714e-64
438,-0.23391138297006583,5.716979061547678e-64
439,-0.13698075481266184,3.6713720993455614e-64
440,-0.6001444994263985,2.721853731202849e-64
441,-0.4874673261830142,2.0082673086220836e-64
442,-0.2721378075355295,1.4755633766219732e-64
443,-0.14335810183850134,1.0801587767637766e-64
444,-0.5841344882797322,7.0251572360972105e-65
445,-0.41136512179011303,4.5521638084881095e-65
446,-0.33412806868949974,3.344677360105882e-65
447,-0.16044567036399185,2.4484089692116504e-65
448,-0.5678898008640771,1.5924008911464102e-65
449,-0.36947323430470247,1.0318444785882077e-65
450,-0.1763053450645215,6.658182431239406e-66
451,-0.11808776615186439,4.275801073825794e-66
452,-0.630686846232321,3.1699606555130795e-66
453,-0.11265032202881863,2.0357088912484607e-66
454,-0.6136983434951205,1.509218268089777e-66
455,-0.5450557924635433,1.1135476071451155e-66
456,-0.3590293890998517,8.181729893097446e-67
457,-0.17819192586179133,5.989283478539378e-67
458,-0.5477785318819678,3.8953216021036935e-67
459,-0.2052283099879732,2.851497864132597e-67
460,-0.5211993795868377,1.8545626147615674e-67
461,-0.29861551968434263,1.2017201226634387e-67
462,-0.4476146961576496,8.829572608879823e-68
463,-0.22532558261608746,6.4635247117535124e-68
464,-0.49387867306641076,4.2037595190876835e-68
465,-0.2528998636920748,3.0772841152658467e-68
466,-0.12767589160334686,2.245272249432871e-68
467,-0.6180030781049838,1.4650949672780693e-68
468,-0.4442555072212151,9.528712567406228e-69
469,-0.29830816868000803,6.975317139210889e-69
470,-0.43050147523165677,4.536620053342105e-69
471,-0.18227667170674397,2.9396406266286106e-69
472,-0.10589245618543625,1.8968617830039617e-69
473,-0.12558957907203552,1.218140796295016e-69
474,-0.16004704323752605,7.779668600127701e-70
475,-0.18978506370947792,4.936614822536967e-70
476,-0.5511608868693716,3.7039002205207975e-70
477,-0.5704332980797991,2.7611744824655457e-70
478,-0.57985812821756,2.0470583924033782e-70
479,-0.5532426509410535,1.5103825753661713e-70
480,-0.4387933424624359,1.1097453029932726e-70
481,-0.27957903115640753,8.123684471925314e-71
482,-0.1931448114156795,5.927266584673768e-71
483,-0.550936436542555,3.86768617708364e-71
484,-0.19864064991166505,2.821971620963181e-71
485,-0.18204967074343167,2.0529386966596082e-71
486,-0.5597979433625083,1.34354068874057e-71
487,-0.5362782836637733,8.766931056598231e-72
488,-0.4545139080479101,5.701853327077629e-72
489,-0.2742921484196218,4.173935876046414e-72
490,-0.17564745687232064,3.045419936010582e-72
491,-0.5557408306227889,1.9872108705856985e-72
492,-0.40247731381272334,1.2924459928912114e-72
493,-0.3369442112941961,9.461110954858507e-73
494,-0.3852175536496007,6.153335372155058e-73
495,-0.17666262341309194,3.987240376441071e-73
496,-0.11813322115489437,2.5728464293254325e-73
497,-0.1480390963381676,1.6522496400343815e-73
498,-0.5881954912747727,1.2249321850018379e-73
499,-0.6089541479071496,9.037926006887528e-74
500,-0.13779086650934272,5.831902132793751e-74
501,-0.5955905128085168,4.302956571879152e-74
502,-0.15169033808353577,2.7765686054231033e-74
503,-0.5755227547537914,2.048637623871664e-74
504,-0.16634831720574825,1.3219243130419395e-74
505,-0.5606894215718007,9.753563727252988e-75
506,-0.4242000820979377,7.166377386961342e-75
507,-0.3242828951753066,4.643671690545147e-75
508,-0.18589199237498738,2.9964218356563515e-75
509,-0.5404851525732751,2.210852091868544e-75
510,-0.20106088962420293,1.4265964359559884e-75
511,-0.523211785768829,1.0525866809386137e-75
512,-0.2840221689059872,7.733822835460843e-76
513,-0.12385802184590754,5.661401432165872e-76
514,-0.6172905061284687,3.682073051962907e-76
515,-0.47269446673822285,2.3859109659823945e-76
516,-0.2576459669165784,1.75303498003954e-76
517,-0.4976029508662636,1.1359322109042177e-76
518,-0.23325681137059578,8.346199539968247e-77
519,-0.10243383092338089,6.1096804302348336e-77
520,-0.11715857098070637,4.457793108818704e-77
521,-0.6171479317142439,2.9088188528348036e-77
522,-0.12466773854031203,2.122355299108584e-77
523,-0.16468862914664037,1.5439791418290237e-77
524,-0.19794926120894404,1.1202487211892188e-77
525,-0.21912568082253514,8.108615701989822e-78
526,-0.23377530199323154,5.856428395493079e-78
527,-0.5070100575677661,3.8605119357173523e-78
528,-0.2406949416347853,2.7882455590942553e-78
529,-0.24762201508015844,2.0098020699869398e-78
530,-0.4950818399027895,1.3274837106847743e-78
531,-0.25060869255346635,9.568667655207817e-79
532,-0.25039870399658776,6.884650538365871e-79
533,-0.4700583434805829,4.555642670644442e-79
534,-0.41003386639948086,3.009023389562077e-79
535,-0.33300677416997754,2.1689414754938186e-79
536,-0.3956706600147053,1.4325960357705042e-79
537,-0.28756715345339146,9.443561368238592e-80
538,-0.2169272552975933,6.211574911028818e-80
539,-0.2027649835696804,4.075931538862618e-80
540,-0.2147113036666154,2.667483386568401e-80
541,-0.23859183109574938,1.7405980437100086e-80
542,-0.48688926270719685,1.2699888403452157e-80
543,-0.4739304184220011,9.23896333791151e-81
544,-0.44912915936462605,6.703417542382558e-81
545,-0.4133724445700349,4.852086479818097e-81
546,-0.3756412340789387,3.504407914019359e-81
547,-0.34388711018468154,2.52602080067964e-81
548,-0.39903868983423146,1.6684486078646167e-81
549,-0.3442885117984909,1.2026385032035768e-81
550,-0.39194658851594966,7.943483822043438e-82
551,-0.35036649477529896,5.725761913752228e-82
552,-0.3927132230118077,3.78189264767488e-82
553,-0.3506239515644222,2.7260352471374354e-82
554,-0.3883848531808088,1.8005590895580106e-82
555,-0.3554495213248625,1.1869145128714284e-82
556,-0.3833511300683157,8.572461825385683e-83
557,-0.36004406537472394,5.6508999957808694e-83
558,-0.3303330402213661,3.716922808018172e-83
559,-0.30862755699303734,2.4389825636361507e-83
560,-0.29985690153045735,1.5961861494967398e-83
561,-0.42301693264395124,1.1611995985471713e-83
562,-0.3312650184961852,7.599442257753974e-84
563,-0.3973677523593992,5.528471288683081e-84
564,-0.35186601015834434,4.0112348175519325e-84
565,-0.39905497582444655,2.632105180542015e-84
566,-0.3727551941005643,1.7225747718902254e-84
567,-0.3494423266034711,1.1240221000789561e-84
568,-0.37341673468660996,8.201178488969358e-85
569,-0.30809348731822495,5.966224661207267e-85
570,-0.44550194507892926,3.904581078598312e-85
571,-0.28249448419229395,2.8405195612007793e-85
572,-0.470868071958384,1.8589710515206554e-85
573,-0.4141970614159637,1.213024003029688e-85
574,-0.33064567140986106,7.889288626599064e-86
575,-0.24736730083082445,5.112103964903222e-86
576,-0.19888832309604135,3.298687109549545e-86
577,-0.540450626833165,2.433872697690423e-86
578,-0.19768667747685015,1.5705049328565382e-86
579,-0.537140367917551,1.1587667913704105e-86
580,-0.20205622096270517,7.477173985329976e-87
581,-0.1538836506281913,4.801747156348931e-87
582,-0.5869892308280438,3.5598825344156012e-87
583,-0.15259021357909747,2.2861118211377257e-87
584,-0.5862957694144957,1.6948600746352672e-87
585,-0.48774396687888233,1.2505198356395902e-87
586,-0.27680234835943857,9.188125820138731e-88
587,-0.45674877412971565,5.953724937480088e-88
588,-0.22721631643482448,3.841759838982662e-88
589,-0.49853450387314013,2.834568442734269e-88
590,-0.24350700984234216,1.8290618593396457e-88
591,-0.1107756828765884,1.1746005374626628e-88
592,-0.642596158475451,8.708163512316052e-89
593,-0.5013015204271963,6.425150587423923e-89
594,-0.21762094223066877,4.7208441104331e-89
595,-0.08917574586572383,3.4558062909447534e-89
596,-0.10411970579999882,2.5214525776094846e-89
597,-0.6108627543436124,1.645309375118797e-89
598,-0.5832404633355196,1.0700794467332436e-89
599,-0.15163433262716242,7.833317934940592e-90
600,-0.5832247314451804,5.094648245896976e-90
601,-0.16317865672448714,3.729442668825215e-90
602,-0.5495853753547071,2.425562029871549e-90
603,-0.18356188310635196,1.7755876546276843e-90
604,-0.14850255607100818,1.2955182355746593e-90
605,-0.5594759804922125,8.453572823682404e-91
606,-0.17522646187154867,6.167962319570951e-91
607,-0.5362205823422823,4.0247460213551927e-91
608,-0.4364635280643237,2.617621987027591e-91
609,-0.28947931283187356,1.696167597847178e-91
610,-0.4498966539662502,1.246249828023836e-91
611,-0.29388117299831273,9.122940506032671e-92
612,-0.42172832496438123,5.9333954312214815e-92
613,-0.3075285179971529,4.343431974922154e-92
614,-0.21145468274738047,3.169089013332663e-92
615,-0.5194991942655447,2.067907963260437e-92
616,-0.41099402329338464,1.3449299218034447e-92
617,-0.2686325915038534,8.714881545324125e-93
618,-0.46296918371965085,6.403211357706199e-93
619,-0.32162988007933735,4.6873520020087885e-93
620,-0.40602903193011936,3.04856892740392e-93
621,-0.36726142926314354,2.231648288156383e-93
622,-0.24761351321740507,1.6282727834699873e-93
623,-0.47458071559279164,1.0624877499912538e-93
624,-0.2931572232055551,7.752206722100609e-94
625,-0.4175679007509803,5.058504177708358e-94
626,-0.26347429962503943,3.289959586712453e-94
627,-0.48807977729539637,2.408353839006949e-94
628,-0.3355288922345794,1.7572020778686774e-94
629,-0.37280890023795615,1.1466172627512084e-94
630,-0.17423185238164407,7.457391203712116e-95
631,-0.5705141016672323,5.459044787958501e-95
632,-0.15638032029109486,3.550463952087339e-95
633,-0.10314823315767914,2.3006308560593177e-95
634,-0.630795938601216,1.690375887588781e-95
635,-0.11692563984001021,1.095330350569841e-95
636,-0.620947449378246,8.047879600810187e-96
637,-0.6060611969679869,5.891300856933885e-96
638,-0.13926452082483928,3.83159547794573e-96
639,-0.6028234788801565,2.804848337986222e-96
640,-0.13817109395000327,1.8242226070499612e-96
641,-0.14132211054001062,1.1820603940036497e-96
642,-0.17298672769960585,7.627480605204618e-97
643,-0.1990461293816308,4.898272178500281e-97
644,-0.22066294271139242,3.1282865148150577e-97
645,-0.5125060280760819,2.3320673841839835e-97
646,-0.4784500514319742,1.7289302580332624e-97
647,-0.2714566282124068,1.1102972816099945e-97
648,-0.44793751107042906,8.231436958496363e-98
649,-0.29618049604987773,5.2861253577451815e-98
650,-0.18913982991801112,3.375989342699044e-98
651,-0.15109379176044385,2.142245368860746e-98
652,-0.1593888054335066,1.3490804541069474e-98
653,-0.18364563721534763,8.418882745277108e-99
654,-0.21346622995865028,5.1958176884123955e-99
655,-0.2314889766140626,3.1626840704797754e-99
656,-0.24653992281889114,1.8914430692109525e-99
657,-0.2575719515205759,1.1051289389462529e-99
658,-0.26641377320268295,6.253519715295507e-100
659,-0.2639711169479494,3.3791222825393336e-100
660,-0.4785756483857929,2.977300736452192e-100
661,-0.25873454824999437,1.6088001187169762e-100
662,-0.23287877996626147,8.104254369694345e-101
663,-0.22208514923565034,3.66846295280339e-101
664,-0.21475247163453945,1.6304887092430978e-101
665,-0.5237508082884657,1.7465552118296927e-101
666,-0.4787662531049085,1.8370011441264048e-101
667,-0.3676157049977769,1.7361875357643074e-101
668,-0.3713134861381164,8.745962447185808e-102
669,-0.35264392681567897,8.265988857773862e-102
670,-0.38140137099865307,4.1639527211051645e-102
671,-0.3444371667670599,3.935437295186137e-102
672,-0.18360464353693576,3.4674626656050045e-102
673,-0.5484083770869616,1.8736616962381195e-102
674,-0.1797458615877444,1.6508589750945423e-102
675,-0.5233471692511887,8.920503335789685e-103
676,-0.2819502723722388,4.493661288178005e-103
677,-0.10763736114840679,2.0340958225314802e-103
678,-0.1086350486825778,9.040762615911529e-104
679,-0.622597404111498,9.684330211072376e-104
680,-0.12029323287202186,4.3043070814354794e-104
681,-0.13300477213657025,3.472644605241472e-104
682,-0.15926829178934818,3.790352699032388e-104
683,-0.17868560127849856,3.7855038739764574e-104
684,-0.19729973462158715,3.472556624512609e-104
685,-0.2180250104834185,3.003158132398827e-104
686,-0.22924806401445116,2.4953669066917302e-104
687,-0.23375923597791368,2.0153977617150855e-104
688,-0.5105008693500825,1.1880441842759321e-104
689,-0.23396171002788277,9.595308743525524e-105
690,-0.5095933420884223,5.656278361337713e-105
691,-0.2346145873414993,4.568326492792502e-105
692,-0.5048129591970154,2.692954127832884e-105
693,-0.23034651998804784,2.1749802432185087e-105
694,-0.5148505474443343,1.282115460261236e-105
695,-0.37833057717616625,7.346307586681047e-106
696,-0.22758932953140562,4.044254012459976e-106
697,-0.5098905937433255,3.497577042018846e-106
698,-0.22011273015069174,1.9254693353321942e-106
699,-0.5165063126064118,1.6651964297051722e-106
700,-0.21389071528773318,9.167159505516577e-107
701,-0.11572823114149486,4.757812557522159e-107
702,-0.12462527042348816,2.2680960302760408e-107
703,-0.6246037651262877,2.2651945586362987e-107
704,-0.12572193461946632,1.0798405200144231e-107
705,-0.6052112241840335,1.078459129366742e-107
706,-0.6185114006989468,9.893030145058764e-108
707,-0.132827799813903,5.1345439149150596e-108
708,-0.610738228125773,4.710071652062478e-108
709,-0.1421501460539907,2.444556357891059e-108
710,-0.5856423482573105,2.2424651135469453e-108
711,-0.4987822165021357,1.9393427006577277e-108
712,-0.25614689733479296,1.0676376405597e-108
713,-0.17310636199999518,5.541105475563592e-109
714,-0.5636667737558215,5.083022806704733e-109
715,-0.18668724876265833,2.638120316915826e-109
716,-0.15125014223403627,1.2576178960071374e-109
717,-0.1565897440091796,5.485643822788774e-110
718,-0.17781399721550717,3.237193767440227e-110
719,-0.5546919102342432,2.6117150240297352e-110
720,-0.18723404427805396,1.5412279526782914e-110
721,-0.5595777398654241,1.2434375229405566e-110
722,-0.5374527822381309,1.3571981319488228e-110
723,-0.44636064116164004,1.3554619303785218e-110
724,-0.29723162321410423,6.461620306208345e-111
725,-0.21062138397836408,2.8185148788433864e-111
726,-0.5304085081564239,3.0763774277857925e-111
727,-0.2068406023067191,1.341894933817336e-111
728,-0.17210302053000737,7.918804167100886e-112
729,-0.5748221848004654,6.388761779904337e-112
730,-0.16857265305688943,3.7701426639567297e-112
731,-0.5766609718774914,3.041689483412454e-112
732,-0.4896412924529374,3.3199700095049427e-112
733,-0.32340926510335644,3.3157229235355735e-112
734,-0.4111452861369161,1.5806377215253028e-112
735,-0.24098352152295976,6.894634356493756e-113
736,-0.49625299367371883,7.525416192181967e-113
737,-0.3222732125976442,7.515789271025456e-113
738,-0.4225033204629567,3.5828506490978334e-113
739,-0.27617845874307284,1.562815112094011e-113
740,-0.19234792381053395,9.222500592392059e-114
741,-0.17648194806774514,9.879005223668325e-114
742,-0.5567035858679736,4.390832532037859e-114
743,-0.1879617877270005,4.7033943869884914e-114
744,-0.18337406976084128,4.946961202059075e-114
745,-0.18614518184793433,4.6754747030977225e-114
746,-0.5429207259851825,2.355248228300325e-114
747,-0.45199375085597615,1.0661240968058889e-114
748,-0.29524156588193773,4.738505812538218e-115
749,-0.18945977381470722,3.8229490451058695e-115
750,-0.5039166570819004,2.2560026173494447e-115
751,-0.24238986338102578,1.8201060403749042e-115
752,-0.478716277990744,1.0740828461200705e-115
753,-0.3006880304030731,1.1505415414368171e-115
754,-0.17833617673442598,1.2101227110766432e-115
755,-0.1418322969987222,1.143711844945922e-115
756,-0.1496560308253349,1.007709645739034e-115
757,-0.5619192252638012,5.445212093787532e-116
758,-0.47220366787230034,2.7429997916822296e-116
759,-0.26941703052372123,2.592465477852245e-116
760,-0.1497346278206114,2.2841876472833815e-116
761,-0.11338715522301158,1.921845132816701e-116
762,-0.1332680130984485,1.5660185138575852e-116
763,-0.1629965712615007,1.2466875165864168e-116
764,-0.20151960504303293,9.751106172688553e-117
765,-0.2289862196270457,7.522334186842617e-117
766,-0.24704713304653356,5.738973167169879e-117
767,-0.2565709158502186,4.338741123405635e-117
768,-0.2673408633710955,3.255320656252079e-117
769,-0.45442770069590094,2.065674648853422e-117
770,-0.2963566062679316,1.5498581644416147e-117
771,-0.4182750599157202,9.834677003191144e-118
772,-0.32337799002505024,7.378874720906526e-118
773,-0.24456261095972803,5.500785489791728e-118
774,-0.49755281949719365,3.513082254623597e-118
775,-0.24342986726117302,2.61892397168984e-118
776,-0.1903013635465425,1.9415977980960401e-118
