t,lambda,delta_s
1,-0.20232283103338297,1.1120425148402393
2,0.3050291751184054,1.1498884701895074
3,0.4445925484464163,1.0875622144859272
4,0.3270853016832567,1.044570720545876
5,0.0677531273097066,0.984940242665632
6,-0.18425332992937418,0.7952018572836191
7,0.4144391447875349,0.7287598514356802
8,0.43514316329224506,0.6395284871042504
9,0.21321969190431367,0.6675334418713363
10,0.2973702345470332,0.7417570493755685
11,0.19641032720129123,0.7480071656575289
12,0.14386437431851765,0.7552728077074625
13,0.2752608401045462,0.7257993673757567
14,0.03678928211054774,0.5663575281456096
15,0.1342825135791705,0.6168452324477212
16,0.13976497775211727,0.5710464817246919
17,-0.2570161901328541,0.47701336384493404
18,0.30823133050289603,0.5198558607971768
19,-0.5568651647155074,0.34620126682084296
20,0.18863805147023516,0.36555312180764016
21,0.0895893901769449,0.4048785222081403
22,-0.3252752148636383,0.2621072081530842
23,0.02957031625480447,0.25174551700731934
24,-0.7621193968137279,0.1687022802316424
25,0.04684665925887941,0.13999664815981736
26,-0.6746026785138771,0.10085455197036877
27,-0.034682193529114114,0.0741824295355105
28,-0.6074583053910426,0.05311990259441104
29,-0.10368328495885877,0.03727410132650885
30,0.09498720208203229,0.04336086450539341
31,-0.011551254808249992,0.04539589429603847
32,-0.6906708357223467,0.021173087869772327
33,-0.050302259649773876,0.02175728456229895
34,-0.07928629311749776,0.020277373428363953
35,-0.6520735356725041,0.010518308658479364
36,-0.08146653415327258,0.009765117658846514
37,-0.10946233358968016,0.008743431887563675
38,-0.14346208059780238,0.007552110156189019
39,-0.17031211331816398,0.006313949418361
40,-0.19254968324489602,0.0051422901910734425
41,-0.5473163631878883,0.0029983993084977197
42,-0.5590804111581901,0.001714583653628418
43,-0.5401343790387888,0.001002174630765027
44,-0.4495799745862103,0.0006169295078112514
45,-0.29754148751147214,0.00043522382227496366
46,-0.18926403553137258,0.0003409529819964319
47,-0.16256756812772163,0.00027480990430596257
48,-0.17574732929741965,0.00022579970614582944
49,-0.19839047552823474,0.00018512476984690508
50,-0.2146940003937054,0.00014935205295819686
51,-0.2272819010610957,0.0001185384426746548
52,-0.23537296639608216,9.260955331376646e-5
53,-0.2406543667431192,7.142619599600492e-5
54,-0.2450575739691443,5.450817400773372e-5
55,-0.2475619991711512,4.122952269150974e-5
56,-0.25150986717570833,3.0952289661307247e-5
57,-0.49060574393386186,1.96288209014794e-5
58,-0.48958145383020873,1.235402838298578e-5
59,-0.24530303862569938,9.345347658806242e-6
60,-0.49498009641879626,5.881705084458349e-6
61,-0.4538681023094833,3.668791099626857e-6
62,-0.37324495506671507,2.2641094126994064e-6
63,-0.3640971991280337,1.7467134427292625e-6
64,-0.26182228931144474,1.3332197263858078e-6
65,-0.2009548713744209,1.008545899778289e-6
66,-0.5359970326793952,6.347453551443233e-7
67,-0.20492645858368952,4.801689730380918e-7
68,-0.181116362165822,3.6049992301152014e-7
69,-0.18713999927798464,2.689188877951715e-7
70,-0.20618132096885927,1.9949944783122256e-7
71,-0.22010111912548277,1.4729949294909455e-7
72,-0.23514197939337478,1.0832156740430305e-7
73,-0.24856074870233408,7.941169737697644e-8
74,-0.2556860384260253,5.806149440589606e-8
75,-0.25756418396439207,4.232918104733799e-8
76,-0.4867522982902963,2.7643076703508524e-8
77,-0.473659104729345,1.800034307095358e-8
78,-0.26428960005307744,1.3160868944225864e-8
79,-0.2273587153713467,9.594807099675984e-9
80,-0.512335614783286,6.265889654731477e-9
81,-0.4575743943127303,4.080159397045178e-9
82,-0.3422981419428357,2.6497543624093503e-9
83,-0.4032932492345413,1.9425638925533503e-9
84,-0.2776517239839017,1.4202967977835763e-9
85,-0.46137050991629314,9.248546691757306e-10
86,-0.30330700489699525,6.006230257946755e-10
87,-0.44458452307110835,4.4032330821729415e-10
88,-0.2894366845553918,2.8595662249077586e-10
89,-0.4487854273561444,2.096379270626408e-10
90,-0.2894955128345951,1.3614394793825082e-10
91,-0.4590760956813573,9.980861708596703e-11
92,-0.28024554549194347,6.481813360669001e-11
93,-0.4626806329173667,4.75188825961558e-11
94,-0.26601873375963137,3.4743215977893536e-11
95,-0.15145319603665275,2.5329213593074243e-11
96,-0.582360291567617,1.6541245126880113e-11
97,-0.1700081590464316,1.2059238591640716e-11
98,-0.14358034551345675,8.76758054004599e-12
99,-0.16425307529571476,6.358340081677245e-12
100,-0.19328492245093168,4.600490502860633e-12
101,-0.21807181444253532,3.3215807842644714e-12
102,-0.5150973523410163,2.1902935284123017e-12
103,-0.5137491092051069,1.4412526399049758e-12
104,-0.495905399330228,9.4618118654145e-13
105,-0.24378025763500158,6.861803818592966e-13
106,-0.49180126483325476,4.5047686291223934e-13
107,-0.43124176780809786,2.9499237818275264e-13
108,-0.36400280815640473,1.9264479807272824e-13
109,-0.3871558453603288,1.4044587125280552e-13
110,-0.3649678454003681,9.171818836242648e-14
111,-0.38164332219164904,6.686627930346004e-14
112,-0.3284358863698698,4.861463555598155e-14
113,-0.29319976393319336,3.525583647641912e-14
114,-0.43743748307291375,2.3145427988202573e-14
115,-0.30531302479323447,1.678530374642346e-14
116,-0.42556812876135847,1.1019538265183087e-14
117,-0.36953271985393743,7.216086034489948e-15
118,-0.3102832882030069,4.7124656086147995e-15
119,-0.2773631207013617,3.0686162376353335e-15
120,-0.26424984053046735,1.9928337155511734e-15
121,-0.2660357718851409,1.2901948913108562e-15
122,-0.4685677293762894,9.487881319739143e-16
123,-0.27921841902776645,6.142617877530982e-16
124,-0.27908434576565977,3.960880854343637e-16
125,-0.44921444928199267,2.9245003714925005e-16
126,-0.2956362579330974,1.8857753747530047e-16
127,-0.4447545937570549,1.3923546268675791e-16
128,-0.4031621922499082,1.0239147235567826e-16
129,-0.3388030712101459,6.629000378516542e-17
130,-0.2893793104694431,4.274509859834669e-17
131,-0.24995503141948483,2.743238774192608e-17
132,-0.2160607441083092,1.750833919109092e-17
133,-0.19517216864741363,1.1102762251049533e-17
134,-0.5535552286604006,8.335720288878388e-18
135,-0.5322626894163853,6.2181325226515504e-18
136,-0.4323439372969423,4.6129725214498024e-18
137,-0.30695311754307986,2.960452894034403e-18
138,-0.17839690205007258,1.8894678041016133e-18
139,-0.13855620318868062,1.1981897072583335e-18
140,-0.14328016924894998,7.540979550449038e-19
141,-0.6065007805568161,5.704581196256926e-19
142,-0.6212691845335311,4.282879534117555e-19
143,-0.11235338580303185,2.715951107537922e-19
144,-0.6349763390172256,2.0390789461933677e-19
145,-0.10454773782731008,1.2930643222988046e-19
146,-0.6429973618129408,9.708054862826622e-20
147,-0.49616913898794657,7.241842286235146e-20
148,-0.19325063293179268,5.3724199909510277e-20
149,-0.5237408203965568,3.447841112476553e-20
150,-0.20230801513400526,2.5578091576917832e-20
151,-0.05558854650211515,1.888548054575632e-20
152,-0.09380681239410532,1.388807220452764e-20
153,-0.6287928067919305,8.991377287834583e-21
154,-0.6288733612641497,5.797816967230771e-21
155,-0.12661038315522888,4.280794726738044e-21
156,-0.588877871549678,2.760340658098571e-21
157,-0.4759444185013111,1.7714951588786887e-21
158,-0.2735965669878791,1.3141981873207292e-21
159,-0.4518568034658132,8.434088451421436e-22
160,-0.29632041814189825,6.256897569833991e-22
161,-0.19370865099822368,4.6197550343640095e-22
162,-0.176384836815424,3.397291974065995e-22
163,-0.18246754282547895,2.4905918993787197e-22
164,-0.18469565257706763,1.8209849969801178e-22
165,-0.179433491275938,1.327571919915647e-22
166,-0.17050924321862376,9.652013800283046e-23
167,-0.5665125662608116,6.320569910718396e-23
168,-0.4945289540274884,4.1276487265732933e-23
169,-0.24775591388518223,3.009223334493027e-23
170,-0.47092615942699234,1.9651735587215445e-23
171,-0.2671516484912851,1.2796620692659266e-23
172,-0.15528294990285432,8.310435449270315e-24
173,-0.5913528545107494,6.0924711117750766e-24
174,-0.5333210601837226,4.454482684154184e-24
175,-0.3842368942829527,3.24749854558969e-24
176,-0.34599293029343714,2.1207792059258067e-24
177,-0.40310378356630144,1.5461340575552514e-24
178,-0.2144354513671367,1.1241053713729595e-24
179,-0.13043048253746678,8.152128407864906e-25
180,-0.11095492283585506,5.89836165364291e-25
181,-0.6274460962802917,3.8812283349844804e-25
182,-0.5215474645853623,2.548023246966079e-25
183,-0.20546564974331022,1.8478528102861114e-25
184,-0.5216084890970599,1.2131138678805505e-25
185,-0.1729418666874025,7.944011654206465e-26
186,-0.5484988652953894,5.775635124979299e-26
187,-0.16078527066626,4.188550324094531e-26
188,-0.5593428000266841,2.749779883002644e-26
189,-0.175723636424979,1.994168809301406e-26
190,0.010377339666021645,1.442853724473506e-26
191,-0.7494520970479168,9.494237701083993e-27
192,-0.5020443819920597,6.2329593331386766e-27
193,-0.022034889522578312,4.0816202743734586e-27
194,0.01239867312564971,2.6655024730133016e-27
195,-0.7557496329005842,1.9432594126292036e-27
196,0.004173433173713954,1.2690457274016328e-27
197,-0.09829410977520653,8.263645082708758e-28
198,-0.6215425025338945,6.041926708159174e-28
199,-0.13710007044920172,3.934321423877639e-28
200,-0.576653389882394,2.876561305754582e-28
201,-0.5575689413180391,2.097129862008065e-28
202,-0.200049316897892,1.369530837669756e-28
203,-0.1910410414551368,8.917973976792671e-29
204,-0.2059825194094282,5.79154831985621e-29
205,-0.5030805095297032,4.24584741035099e-29
206,-0.43830997630768803,3.104332121069171e-29
207,-0.313078447832053,2.0214479520681065e-29
208,-0.3981814046057084,1.477972522841032e-29
209,-0.34966486322507123,9.624113699796251e-30
210,-0.25889402748456225,6.2501325607373364e-30
211,-0.21224327852847996,4.0464435326199016e-30
212,-0.19512601085061562,2.6092263976184393e-30
213,-0.17253417397909346,1.6745150343086714e-30
214,-0.5783426015051503,1.242252687906139e-30
215,-0.14261725578869658,7.972366078343583e-31
216,-0.5929663622657784,5.9143650471211276e-31
217,-0.1467407175856428,3.795643489899379e-31
218,-0.09746284479305664,2.422516563078751e-31
219,-0.1144077566428977,1.5362179790747539e-31
220,-0.15064764921935075,9.668409180164318e-32
221,-0.5838439288211726,7.313933798374901e-32
222,-0.15767689940955032,4.6031296106762307e-32
223,-0.5747942102831923,3.48216388140629e-32
224,-0.1669718827231123,2.1915500076429523e-32
225,-0.5698100853609267,1.6578582239375344e-32
226,-0.1708010778697831,1.0433969586388099e-32
227,-0.5602869161378943,7.8930630041666e-33
228,-0.5009678145265868,5.925945628441018e-33
229,-0.3605818499099378,4.420531635261e-33
230,-0.21242677786968717,3.279407585697937e-33
231,-0.14376945555736717,2.421337337661024e-33
232,-0.14096925406548752,1.7806117083163855e-33
233,-0.6081713323169953,1.1527987064604131e-33
234,-0.5964587356293819,7.4334728553333e-34
235,-0.1395106530860452,5.488474641458027e-34
236,-0.11406040839635981,4.036134104642419e-34
237,-0.13464584577182248,2.9589340517581666e-34
238,-0.6122822284333714,1.921603447220256e-34
239,-0.12730838024005459,1.4087485020420625e-34
240,-0.1657214144968085,1.0300000924987866e-34
241,-0.5779890953439807,6.707051618222262e-35
242,-0.1632478628777997,4.903830440386723e-35
243,-0.5799561549564533,3.193227275435617e-35
244,-0.15757424749519022,2.3347136726681184e-35
245,-0.19027414345560933,1.7021009607533676e-35
246,-0.2180635369046948,1.2374999588504707e-35
247,-0.5190940623877568,8.103702674146782e-36
248,-0.2243734485443017,5.8917373040870906e-36
249,-0.5103866917988266,3.858172843161283e-36
250,-0.5110963067835479,2.5195801087443836e-36
251,-0.4929587748562716,1.6406749833000173e-36
252,-0.24788035406412212,1.1995720897732006e-36
253,-0.48789951645526314,7.811253595491385e-37
254,-0.24395150777350172,5.711162719410208e-37
255,-0.20922411763984677,4.163669260829646e-37
256,-0.5179617466540286,2.719084570711199e-37
257,-0.44492739514170027,1.770586304106882e-37
258,-0.28080950842164026,1.294556164115602e-37
259,-0.45636872077343343,8.429761393852862e-38
260,-0.3111967784578277,5.47449124256312e-38
261,-0.20858318641386772,3.5442799760778983e-38
262,-0.5277463063979709,2.6064052805843005e-38
263,-0.4013882464662829,1.910784215155915e-38
264,-0.2550292646173906,1.397061232365413e-38
265,-0.18733699388988564,1.0185143016372263e-38
266,-0.18007854754992603,7.405033164465241e-39
267,-0.5436016117127831,4.849146590094836e-39
268,-0.5018732319339562,3.1667355998435917e-39
269,-0.24715058009737467,2.3086786915441508e-39
270,-0.48878291728434486,1.5076828190855337e-39
271,-0.3813572424466429,9.817578236310147e-40
272,-0.2649910863082247,6.3757731170245145e-40
273,-0.4719999418413525,4.6741489983072595e-40
274,-0.2702457212124168,3.0355055810153705e-40
275,-0.19796729941211944,1.9652386260879913e-40
276,-0.18085663991827028,1.2672245292616696e-40
277,-0.1937267540980988,8.132627080694218e-41
278,-0.541182312217369,6.033255983814808e-41
279,-0.5274457506098993,4.4546301731410235e-41
280,-0.2163226192654521,2.8724331738942297e-41
281,-0.20826821662689168,1.8434324208597252e-41
282,-0.5238535918174826,1.3675654340910426e-41
283,-0.2178549630611325,8.776581755713149e-42
284,-0.2014593589609007,5.60153099915965e-42
285,-0.19800499294605553,3.5521625578969825e-42
286,-0.19959720216353063,2.2356046831903378e-42
287,-0.5467457816306777,1.6911845938147538e-42
288,-0.19002129304220308,1.0643713896669196e-42
289,-0.20678187554929595,6.639084905025935e-43
290,-0.5387604396564969,5.067472186204204e-43
291,-0.5495436446168772,3.833428582133486e-43
292,-0.19817560164026554,2.412623507851821e-43
293,-0.21022580361328516,1.5048894087149638e-43
294,-0.22636253726159755,9.286964508025402e-44
295,-0.2428148984561786,5.65695892896739e-44
296,-0.25786175142367435,3.391422821638605e-44
297,-0.48279515079513063,2.693278146081373e-44
298,-0.25854476164529555,1.6146564053821394e-44
299,-0.48395288237561696,1.2822697253493419e-44
300,-0.4916658196511515,1.0022321503045438e-44
301,-0.4871022853851873,7.732097318926266e-45
302,-0.4651816153483452,5.901745295503171e-45
303,-0.2674892910244583,3.681251533540793e-45
304,-0.4658119067889812,2.809820935189059e-45
305,-0.26807814092385474,1.7526438551187723e-45
306,-0.4774836455543433,1.3377557472435107e-45
307,-0.23970294930013247,8.344337394220471e-46
308,-0.48542492818788374,6.3690551126263555e-46
309,-0.3557619387780948,4.81804675246054e-46
310,-0.3944801096446209,3.0323071391214073e-46
311,-0.25232114416242496,1.8914210537962e-46
312,-0.17293740046265121,1.1672326281661242e-46
313,-0.5646259464568913,9.00505563712371e-47
314,-0.18841816108552292,5.557194542698918e-47
315,-0.5654498081405693,4.2873069888345975e-47
316,-0.5035456710550449,3.2724101635138444e-47
317,-0.2355833425884286,2.0411868573841513e-47
318,-0.5258709366086326,1.5579944788489411e-47
319,-0.2239892307457127,9.718090628005943e-48
320,-0.520774226183423,7.417611713799807e-48
321,-0.39505700587680737,5.61125620625212e-48
322,-0.34666227788491827,3.531524936940087e-48
323,-0.20969850882322427,2.202811361539767e-48
324,-0.5476519812617552,1.6813590224771753e-48
325,-0.41530716403953805,1.2719102338911772e-48
326,-0.32527184195953124,8.004950306013833e-49
327,-0.19075735521177278,4.9931391672196626e-49
328,-0.560091331628942,3.8111568406931854e-49
329,-0.4268309008540992,2.8830543172749608e-49
330,-0.2384555227875622,2.1645365201056674e-49
331,-0.4995402064579384,1.3726221604546084e-49
332,-0.23657113646686825,1.030535837222308e-49
333,-0.12528945580881448,7.687408146047815e-50
334,-0.12545379325776987,5.702966672020402e-50
335,-0.613812543286289,3.6599750183333643e-50
336,-0.600716487082811,2.335928051715435e-50
337,-0.47142199640754084,1.481308621605349e-50
338,-0.2696047702060293,1.1121353454217184e-50
339,-0.4682279443530502,7.052510347463067e-51
340,-0.24224783459978355,4.4385989954162425e-51
341,-0.13435782838492624,2.7686046314297265e-51
342,-0.5970900258095688,2.1132169817176736e-51
343,-0.15100311415205128,1.318132665023692e-51
344,-0.1485783982120321,8.134452409627253e-52
345,-0.58265310155241,6.275629618177798e-52
346,-0.5627163902040457,4.790054502384928e-52
347,-0.18624134427610042,2.9878272612144487e-52
348,-0.17648840237727936,1.8438461703776246e-52
349,-0.19384453639107144,1.123140079640272e-52
350,-0.2149144314805646,6.73337555711106e-53
351,-0.5114772809759102,5.347269919167334e-53
352,-0.47202848037951733,4.1794684249336225e-53
353,-0.2806322700179097,2.5458352085155674e-53
354,-0.4414260478806136,1.9898449171108972e-53
355,-0.33824793134929015,1.5351407898855615e-53
356,-0.24706730600533364,1.1717402873946592e-53
357,-0.209455318170035,8.863951381449155e-54
358,-0.5298595852301284,5.578655508285972e-54
359,-0.21250280421468556,4.220127252707942e-54
360,-0.21075345541191431,3.168382747160139e-54
361,-0.5237320174794043,2.0092025850142513e-54
362,-0.2224692236918886,1.508467025922942e-54
363,-0.2248794341428855,1.125259431479917e-54
364,-0.5099909024174853,7.181811510419124e-55
365,-0.4727884055419544,4.5542838108030815e-55
366,-0.27331425536046683,3.419260460110546e-55
367,-0.23387837997512528,2.5506391689746478e-55
368,-0.49741760427421655,1.6279099050586303e-55
369,-0.4208711191722051,1.0323250220781453e-55
370,-0.32591542068954177,7.750479057984139e-56
371,-0.4058129228563065,4.914899430114047e-56
372,-0.2904696573797467,3.093262767196575e-56
373,-0.4568532825007933,2.339983618677298e-56
374,-0.28205673579807977,1.4727024034622888e-56
375,-0.21740197481922818,9.186075829679714e-57
376,-0.20228864586336323,5.668905615537091e-57
377,-0.5395663402940991,4.373490702510511e-57
378,-0.2026880240025542,2.69896596355721e-57
379,-0.538759813981622,2.082218923465254e-57
380,-0.2067137658643025,1.2849776952495875e-57
381,-0.530740715978815,9.913444294618077e-58
382,-0.21436995694148606,6.117778807083285e-58
383,-0.5180093703159026,4.7197908286676645e-58
384,-0.48282528689581694,3.602515872461439e-58
385,-0.25886880745369856,2.2470924135286747e-58
386,-0.47982799770906537,1.715157806878891e-58
387,-0.26140876029420057,1.069840698081002e-58
388,-0.4809706918150026,8.165866318550397e-59
389,-0.40619995099781914,6.17729396298078e-59
390,-0.3137964745836815,4.63778233319527e-59
391,-0.23767257664187835,3.4596104667159654e-59
392,-0.19789866680301132,2.5665403494931554e-59
393,-0.19341328139524053,1.8949946947563585e-59
394,-0.5427168059500269,1.2219298603936915e-59
395,-0.20138923329313468,9.022069741735021e-60
396,-0.5267479750710413,5.817608065334363e-60
397,-0.48813703592505275,3.733548065437879e-60
398,-0.25299381964505374,2.76976319990569e-60
399,-0.21601994487731627,2.045043465063465e-60
400,-0.21048877587985734,1.5038913749314594e-60
401,-0.22035224365735886,1.102519213698015e-60
402,-0.4965185685222262,7.160026836048677e-61
403,-0.24092776156413342,5.249093976416249e-61
404,-0.5023970456294498,3.4088887766427736e-61
405,-0.4195140080306376,2.206973341704522e-61
406,-0.29785988796763707,1.4230998296638136e-61
407,-0.2222334509929841,9.1329831028432e-62
408,-0.5161909023084873,6.7753782890294155e-62
409,-0.23533811145903383,4.348213255263648e-62
410,-0.2233105233183603,2.7751865154632848e-62
411,-0.49309151701659154,2.0701843308310223e-62
412,-0.40773405494688675,1.5357831949820266e-62
413,-0.31058420493211636,1.1339393153751288e-62
414,-0.2524905610887387,8.338803478856218e-63
415,-0.23904882081138504,6.113268024500666e-63
416,-0.4872727613120354,3.970104336283444e-63
417,-0.2622759779768938,2.910526906464765e-63
418,-0.47166270235975366,1.8901666745045482e-63
419,-0.27784987175036474,1.3857018601678744e-63
420,-0.2767844610513178,1.013149644581511e-63
421,-0.4470698396833738,6.59732655625925e-64
422,-0.300256420782026,4.823605457852572e-64
423,-0.43117463778314946,3.1409871734350284e-64
424,-0.3753476466437401,2.039833154294531e-64
425,-0.31059733751688795,1.3206231379266967e-64
426,-0.4387882010217483,9.711645647596263e-65
427,-0.3842503460326396,7.119713631969975e-65
428,-0.3227708207559896,5.205546404389353e-65
429,-0.40661500477156864,3.3896956601809038e-65
430,-0.314930308547154,2.2013504700318775e-65
431,-0.2436331590502225,1.4251922316731508e-65
432,-0.5014073939849947,1.0480629587821767e-65
433,-0.4408126258741407,7.683464168249544e-66
434,-0.34927718475906244,5.617730057946031e-66
435,-0.2516045554752656,4.0955530610978903e-66
436,-0.1964056730010569,2.9776416684091993e-66
437,-0.1831186782765931,2.159416532618556e-66
438,-0.1864283637575249,1.5624164675757022e-66
439,-0.5528775208382158,1.0280982111796943e-66
440,-0.1839632666289002,7.438664802127918e-67
441,-0.5568613882670251,4.894775583426524e-67
442,-0.4998107119247219,3.213416191681648e-67
443,-0.23218370023254709,2.3304026552693678e-67
444,-0.15393757838648078,1.6861311514827453e-67
445,-0.576481501250978,1.1095047041737457e-67
446,-0.1594396127899717,8.027670412209347e-68
447,-0.5695828344755035,5.282351896571203e-68
448,-0.38718906645305345,3.4678597262102594e-68
449,-0.17528440876749665,2.270909500713096e-68
450,-0.1009307346902867,1.4830176457483744e-68
451,-0.6373858521278138,1.0811800132895047e-68
452,-0.10219094520559836,7.060647011408011e-69
453,-0.10928440033623353,4.5976815253165657e-69
454,-0.6321031767865744,3.3615740421313526e-69
455,-0.6411714196263991,2.450723818401481e-69
456,-0.09932915703187535,1.6004454014587368e-69
457,-0.6534198824758793,1.166789609940945e-69
458,-0.08855608684665711,7.619720556345045e-70
459,-0.0937285485331298,4.961733446436136e-70
460,-0.14653206826782325,3.222269887763951e-70
461,-0.5888916957547156,2.362281293848245e-70
462,-0.15974676239719607,1.5341226935644166e-70
463,-0.19081696528158126,9.932174703966315e-71
464,-0.538222692330933,7.303958144060188e-71
465,-0.5336502262540912,5.354611592369469e-71
466,-0.5114616694637703,3.915000035450582e-71
467,-0.23558294408231759,2.5493305791271035e-71
468,-0.21690632177458696,1.6555970303034766e-71
469,-0.5064356142431333,1.2137362887224139e-71
470,-0.2500945826222226,7.882297461274852e-72
471,-0.4846354012560158,5.778598470607414e-72
472,-0.3901714499504969,4.2249961228787635e-72
473,-0.35798641545615595,2.751190731856189e-72
474,-0.2865979020378495,1.7866899031270981e-72
475,-0.2241251114302247,1.156733834530547e-72
476,-0.49867207097775007,8.506430628788113e-73
477,-0.2537858295929336,5.507209786199933e-73
478,-0.4783932959650653,4.04991162236602e-73
479,-0.30756160121226317,2.9690345006739175e-73
480,-0.44650672753481985,1.9281629234084614e-73
481,-0.23951675147559148,1.2483259059617797e-73
482,-0.4986189051845659,9.179983678347685e-74
483,-0.22677137138025966,6.729946427995027e-74
484,-0.09572626732156406,4.9205698769501046e-74
485,-0.656066394206876,3.204127494368431e-74
486,-0.07580188863226922,2.3426833184159443e-74
487,-0.680706632245053,1.5254851000688102e-74
488,-0.6042034670777737,9.906869756808433e-75
489,-0.2787576570846706,6.413878212403224e-75
490,-0.05015323449575643,4.1357948549147053e-75
491,-0.6978724649274015,3.0536474169251753e-75
492,-0.4521531983423834,2.2456021550881727e-75
493,-0.2951682830681817,1.453841535198076e-75
494,-0.4431607268370837,1.0691311860374791e-75
495,-0.0435451013528357,7.837917646304668e-76
496,-0.0050465610370869305,5.730658019504062e-76
497,-0.07863874908174383,4.1778821253056574e-76
498,-0.1408547275740834,3.037498407767489e-76
499,-0.18444759117833645,2.2028252590379382e-76
500,-0.21615337340504565,1.5938242612874092e-76
501,-0.24024334847586554,1.1507503464052236e-76
502,-0.4865989464293566,7.588197307989352e-77
503,-0.47143991121330003,4.993170668846929e-77
504,-0.4453204379645891,3.278012485277296e-77
505,-0.29535304852002614,2.3772485554380226e-77
506,-0.2726215623429282,1.7200258655206892e-77
507,-0.2667453525901162,1.2418686354887612e-77
508,-0.268954099395331,8.948947623103899e-78
509,-0.4564965126824911,5.912536573561993e-78
510,-0.29705616442314803,4.2605939633597657e-78
511,-0.28247039321306844,3.0647104060892255e-78
512,-0.2704446163863365,2.2008573834093557e-78
513,-0.4547232216261942,1.4591086243390796e-78
514,-0.3866587180853965,9.657539889934534e-79
515,-0.36136738789925105,6.946816160478359e-79
516,-0.27805091300930146,4.988710061348322e-79
517,-0.44817627905669777,3.307379174003745e-79
518,-0.3194765059632942,2.189086252474727e-79
519,-0.42699117282751986,1.5746432247431834e-79
520,-0.2807607491129608,1.1307969459449983e-79
521,-0.4456989050327758,7.496876393002295e-80
522,-0.2957550233131931,5.383724259644137e-80
523,-0.44393005184385737,3.5692628507083916e-80
524,-0.2943461107970174,2.5631911200165727e-80
525,-0.148761698715733,1.837893777985546e-80
526,-0.1253285654816139,1.3159669047504448e-80
527,-0.1480765817191167,9.410179931871906e-81
528,-0.17900286898887144,6.720757595547609e-81
529,-0.5401469395002548,4.4801866655642135e-81
530,-0.20788557835981938,3.1997526912402165e-81
531,-0.20624950433432346,2.282649437438849e-81
532,-0.21534918168335263,1.626658397979087e-81
533,-0.22394474522661117,1.1580218085705024e-81
534,-0.2331880419514169,8.236195948776934e-82
535,-0.24464556838369794,5.852618000687388e-82
536,-0.2540832189581028,4.155365683417438e-82
537,-0.25603709608960157,2.947976731020271e-82
538,-0.25706256376525755,2.0898404618323566e-82
539,-0.2598038067832692,1.480449469596002e-82
540,-0.2621519659273445,1.048048072399165e-82
541,-0.27215369707308645,7.414648820216976e-83
542,-0.2718437571962828,5.242461886935488e-83
543,-0.268145496131607,3.7044852585405275e-83
544,-0.26277059251220114,2.6162549335046282e-83
545,-0.4791749343064086,1.7637054315911445e-83
546,-0.45939434702799214,1.18831517929055e-83
547,-0.28290311699347453,8.397001559805437e-84
548,-0.45275161998409075,5.657568568602308e-84
549,-0.28074369516976677,3.9978124426233685e-84
550,-0.45500339157193986,2.6935683955115586e-84
551,-0.2957950901296044,1.9033585039329856e-84
552,-0.23368432942023057,1.3442275319255895e-84
553,-0.20720729848104666,9.48845466531233e-85
554,-0.20402896377670002,6.694203103783879e-85
555,-0.21529924806662917,4.720548925893736e-85
556,-0.2251166347901152,3.327248661739548e-85
557,-0.5127448409665395,2.247453343618008e-85
558,-0.23233722880732555,1.584103087854199e-85
559,-0.24564092082629665,1.1160501102428282e-85
560,-0.2551126932990743,7.85957924725195e-86
561,-0.4789004968531873,5.3135145748661066e-86
562,-0.4660495075343951,3.590705636886474e-86
563,-0.4434550483920916,2.4254103645350675e-86
564,-0.30006675121860726,1.70953495372165e-86
565,-0.27920182310141706,1.2044207780375355e-86
566,-0.27465915326153395,8.481913549529787e-87
567,-0.4493925654048396,5.734247324236706e-87
568,-0.41131874321721823,3.875023564973803e-87
569,-0.36114109594085836,2.6174583125824295e-87
570,-0.30899987543594093,1.7671944405895486e-87
571,-0.2719423867687601,1.1925569293020222e-87
572,-0.2584739750856044,8.043676594335155e-88
573,-0.47024923143721625,5.677763540406926e-88
574,-0.27557312773568154,3.829594426562966e-88
575,-0.4501444863149688,2.703183221587737e-88
576,-0.41658884553300496,1.9071237783537943e-88
577,-0.33131647627822836,1.2869855317979213e-88
578,-0.41055923737042477,9.079816308742411e-89
579,-0.36741000397566403,6.402810978250566e-89
580,-0.37207321005856003,4.322900544592262e-89
581,-0.3291942708794848,2.9172256774512836e-89
582,-0.29317885186385595,1.9676393910890353e-89
583,-0.428307311389104,1.3888911450345554e-89
584,-0.3223081929863331,9.367931140974896e-90
585,-0.28954107764514864,6.315237412271856e-90
586,-0.42595887330658894,4.460072016218148e-90
587,-0.3254265201863338,3.006684531982632e-90
588,-0.4157019325199616,2.1234402869214596e-90
589,-0.3421477801978002,1.431482505676931e-90
590,-0.38642847769489397,1.010969920603307e-90
591,-0.36677845667649506,6.815288209527865e-91
592,-0.36962672771028615,4.813227791992343e-91
593,-0.3828893623051471,3.244758716556216e-91
594,-0.3323701739119041,2.186190486775635e-91
595,-0.4031468645488345,1.5448296249524142e-91
596,-0.3489645440222532,1.0408452907538794e-91
597,-0.28144048810055394,7.008735452278263e-92
598,-0.23305903038806614,4.7165936971327955e-92
599,-0.20666859285829034,3.172042759040843e-92
600,-0.19656126404248583,2.1318505657180737e-92
601,-0.19948787571399854,1.4317456042340022e-92
602,-0.535145309086224,1.0149740543383746e-92
603,-0.2089225947961545,6.816540821758083e-93
604,-0.22063388841457143,4.574539890292566e-93
605,-0.23486322481238717,3.0675138362790477e-93
606,-0.5027648979735527,2.17793844176829e-93
607,-0.49537558254891434,1.5451135560822988e-93
608,-0.4727531865044251,1.0953413551907242e-93
609,-0.2726157614840755,7.356285640507821e-94
610,-0.4660563165344128,5.214920192063036e-94
611,-0.4211666257775888,3.6942656500946443e-94
612,-0.3153088180988578,2.482823503441212e-94
613,-0.2707489108507599,1.6674581672395327e-94
614,-0.466622434674026,1.1820722699883607e-94
615,-0.4183405613628253,8.373836649683893e-95
616,-0.3177312543560245,5.627846077414585e-95
617,-0.2676658239732646,3.7796476039256714e-95
618,-0.2521815276884476,2.5364989644333018e-95
619,-0.4829986862399489,1.7994902242290116e-95
620,-0.2639727632845932,1.2076271569666942e-95
621,-0.25928667572722347,8.097892032644947e-96
622,-0.4648636861440872,5.749512894318431e-96
623,-0.2783631574238898,3.855406396742258e-96
624,-0.28026440866655844,2.583121515576431e-96
625,-0.27068904576824926,1.729151661025746e-96
626,-0.46350995786830446,1.2298241535659385e-96
627,-0.4390684746853497,8.739096329913073e-97
628,-0.3960095850410917,6.204768701653686e-97
629,-0.35680613858439975,4.4019022987153077e-97
630,-0.321438798835461,3.1205380409174117e-97
631,-0.2987734580476196,2.2105988336926544e-97
632,-0.2943808598568982,1.5649394957949232e-97
633,-0.43996248685280953,1.0524661047210726e-97
634,-0.4200715891958551,7.073361335857788e-98
635,-0.3853857810964979,4.7504521013938726e-98
636,-0.3647893094718715,3.367627332001891e-98
637,-0.36584764912259365,2.2616902454736214e-98
638,-0.3793567783397468,1.6033273727661003e-98
639,-0.3354293847324499,1.135802087265135e-98
640,-0.39934338468720154,7.633441621739405e-99
641,-0.33877207892651817,5.4075537374693046e-99
642,-0.39674325969375934,3.6342815561101294e-99
643,-0.2981526894131595,2.440774567497291e-99
644,-0.22398238283058836,1.637989254988166e-99
645,-0.5239685481748545,1.1620527715854604e-99
646,-0.21094574349401785,7.798466842998658e-100
647,-0.18474445780413548,5.229357600187378e-100
648,-0.5434581788663922,3.71285006395166e-100
649,-0.1868920984949193,2.4896971534492113e-100
650,-0.5559913833911865,1.7676879154473854e-100
651,-0.19336186811882827,1.1853448147571693e-100
652,-0.5644660536064463,8.415962165444999e-101
653,-0.18261868637676926,5.643426663058881e-101
654,-0.19656889437920194,3.781094736794267e-101
655,-0.2198111093541979,2.531079627961103e-101
656,-0.5169045321873673,1.8001792041877498e-101
657,-0.22925493204557726,1.205047010872281e-101
658,-0.5041732736158885,8.570653191137877e-102
659,-0.2420420159106184,5.737228818762929e-102
660,-0.2546146181344805,3.836895525890731e-102
661,-0.4811607200184172,2.7314946406130305e-102
662,-0.4777835639829333,1.942720329325583e-102
663,-0.45990824518382434,1.3804916784915334e-102
664,-0.28232672978454143,9.2492914879191e-103
665,-0.26667759872885916,6.191511952962705e-103
666,-0.2617790130296017,4.140707170878351e-103
667,-0.26436441086461643,2.7664037154459784e-103
668,-0.47189182253594103,1.971390684055182e-103
669,-0.27292069001627883,1.31708480892383e-103
670,-0.4665770159368546,9.38579104678672e-104
671,-0.44804963078022164,6.681765966577895e-104
672,-0.4158420361558109,4.752270931109498e-104
673,-0.37123073800964745,3.3769505447093066e-104
674,-0.3696411040661659,2.262556190301231e-104
675,-0.36629356552680264,1.6077661543361006e-104
676,-0.31257156282094595,1.1415158658746557e-104
677,-0.42327014849903644,7.654574660794176e-105
678,-0.36186924390430897,5.128563493485702e-105
679,-0.2995359356770508,3.4330804919403384e-105
680,-0.44255370384716397,2.4417090792485422e-105
681,-0.30395904611883723,1.6344896222127951e-105
682,-0.42811354531489015,1.1624976926302308e-105
683,-0.31001616946754634,7.781805091355117e-106
684,-0.2413494146684735,5.204250010166438e-106
685,-0.496540903966296,3.70491740399417e-106
686,-0.3915126254809504,2.635047586107025e-106
687,-0.34320263975924087,1.763911176041624e-106
688,-0.22359720276396708,1.1796536469469384e-106
689,-0.5245991700095161,8.397981109134171e-107
690,-0.20648998935612078,5.616331013114374e-107
691,-0.15917407025198385,3.75226702605929e-107
692,-0.5945493197463138,2.6739351953437526e-107
693,-0.5778008813384052,1.9035805395645834e-107
694,-0.43848689078293307,1.3538831662839028e-107
695,-0.30944740509131974,9.062946948866981e-108
696,-0.16992914605124698,6.061041261901546e-108
697,-0.5861984491277069,4.314869042355569e-108
698,-0.1600723085240101,2.885661744791326e-108
699,-0.15486105223734303,1.927908698411453e-108
700,-0.17538333901959696,1.2866541891753165e-108
701,-0.576525429044619,9.178773313136921e-109
702,-0.6192038646710328,6.540964393425608e-109
703,-0.1195362031677102,4.370013974384489e-109
704,-0.6277780855991396,3.114153147709932e-109
705,-0.6787900132894719,2.2169726998347567e-109
706,-0.6657776519687226,1.576777003143669e-109
707,-0.07817182721419708,1.0555007023913275e-109
708,-0.6584143314663359,7.507035311967006e-110
709,-0.4132428372133491,5.334478474269228e-110
710,-0.12073655386027206,3.7874860085356485e-110
711,-0.6286787998862754,2.5397452015995784e-110
712,-0.11085875861152274,1.8032220886638218e-110
713,-0.05216842706236498,1.2792753185252461e-110
714,-0.0903761404653693,9.068868469502008e-111
715,-0.14507921766311876,6.42441457169335e-111
716,-0.17287435372748727,4.548007511525343e-111
717,-0.5678115476024647,3.0586637775832038e-111
718,-0.17997683034939999,2.1653063762372152e-111
719,-0.19606619007070764,1.5318940791735722e-111
720,-0.21868122519525734,1.083112163450322e-111
721,-0.5237343797939978,7.293347710945376e-112
722,-0.5259597559588205,4.908126163224047e-112
723,-0.492830980193858,3.300853763591716e-112
724,-0.24966794432397707,2.336758866310968e-112
725,-0.21192963584262595,1.6531919505907185e-112
726,-0.20404671050194578,1.1688747509024653e-112
727,-0.20802857794670807,8.259629496952979e-113
728,-0.533232185597234,5.565012689046638e-113
729,-0.5281510422325011,3.747310198026581e-113
730,-0.47832405633213837,2.521787244155196e-113
731,-0.3848133595160808,1.6959732979600844e-113
732,-0.3682428027101068,1.2006229069422884e-113
733,-0.3769442739557366,8.074528871587962e-114
734,-0.30161182340015996,5.4266888092034274e-114
735,-0.24387787518468917,3.644550876625728e-114
736,-0.4901045098290804,2.5836465420617513e-114
737,-0.4230827201533682,1.8302632295027772e-114
738,-0.3525670098330548,1.2956901867018217e-114
739,-0.40369831620917773,8.71388323566272e-115
740,-0.33920249462937935,5.856382879014529e-115
741,-0.40120646583000646,4.1486798084990205e-115
742,-0.352957825215382,2.7882238886988173e-115
743,-0.30233087782063034,1.8725643159327767e-115
744,-0.2676832642157033,1.2566667440808446e-115
745,-0.2559759071924773,8.426732999399416e-116
746,-0.2526294665359059,5.645909426087858e-116
747,-0.24761178253802194,3.7793938857507363e-116
748,-0.4934765722119105,2.688017477760428e-116
749,-0.2474949793562525,1.7993694290059255e-116
750,-0.24541501531817558,1.2033671184594736e-116
751,-0.2480047415546169,8.03968773972887e-117
752,-0.25195824624841967,5.3655538348403205e-117
753,-0.4908645073490778,3.8276953328849135e-117
754,-0.24361577013536212,2.5545401807674767e-117
755,-0.49763902899545787,1.8223657479865072e-117
756,-0.2407267894707802,1.2162165800633952e-117
757,-0.22795252924854578,8.107534347091949e-118
758,-0.22484739459308783,5.39801414669674e-118
759,-0.22790111036379673,3.58928248782551e-118
760,-0.23472528705628143,2.383232451286154e-118
761,-0.23598053916306405,1.580018337257978e-118
762,-0.5037178256435124,1.1346569700573376e-118
763,-0.4839868678592362,8.13587004547218e-119
764,-0.2572213011444098,5.402101834442984e-119
765,-0.22972391049363688,3.581446683284537e-119
766,-0.21404567579443026,2.370485900126947e-119
767,-0.2171254281542383,1.5661712607892498e-119
768,-0.2197106016475495,1.0327536795532117e-119
769,-0.22775149090447777,6.79570545096331e-120
770,-0.5017699627696414,4.916940268352841e-120
771,-0.23433130532446889,3.2354353652036315e-120
772,-0.4918897207850331,2.340955261762787e-120
773,-0.24102142093513423,1.5403907773734483e-120
774,-0.21625779127194308,1.011265293201409e-120
775,-0.21668762278747652,6.6222169965973344e-121
776,-0.2335539890050019,4.3246393820822725e-121
