t,lambda,delta_s
1,-0.324100945657654,1.0870151537747748
2,0.402207469939799,1.1005346814135855
3,0.4071341713787652,1.0468524312455474
4,0.3165919920636069,1.1219480207128012
5,0.03183185223937946,0.8363010628804258
6,0.1871898222309748,0.8803760396182788
7,-0.09629862657222865,0.6165676302813471
8,0.5083723001874022,0.705273306604869
9,0.6440101947487346,0.7385970432325022
10,0.10733710338286502,0.7707133166201662
11,0.08095263031388046,0.5439561137539518
12,0.06333342093205357,0.5037936275107243
13,0.265583157781507,0.5166751854907047
14,0.4082126653472406,0.547940014370653
15,-0.5361952518458436,0.36855911232379257
16,-0.12911102422941134,0.3211099859425824
17,-0.20679070394207458,0.23894039469521033
18,0.354805263139563,0.2629370278843068
19,0.3618146227507514,0.2872953154783989
20,-0.48163642041097315,0.15266814152587496
21,-0.1198174042629495,0.15518381248433302
22,-0.4537798275656106,0.09312743009240526
23,0.12769010041828527,0.09261940898514014
24,0.06884664704969501,0.10127030655673414
25,-0.019012138550476666,0.10754900948337057
26,-0.6657150170073295,0.07243309770865206
27,-0.44851794695121244,0.07462585960445489
28,-0.24788503324602387,0.04770253519711073
29,-0.46233546771430495,0.03827702418703617
30,-0.26486579870876203,0.023556693544119486
31,-0.45331669550489706,0.01858178654401535
32,-0.01123907671446859,0.01791179376636408
33,-0.7161804467334503,0.00940427611723726
34,-0.006559837908173207,0.008653958398722243
35,0.016825174961003737,0.008381049978173365
36,-0.06976412565482429,0.0075386867157421515
37,-0.13613952060341877,0.006386156448781109
38,-0.1886366390969244,0.005288619657548761
39,-0.521209221578664,0.0030429976416519334
40,-0.47045190760461364,0.0017577848022106886
41,-0.3782570838246862,0.0010854986524730114
42,-0.28628878931913265,0.0008032434868747818
43,-0.42529864062969963,0.0005171316929281986
44,-0.3010120661528674,0.00039771549905165984
45,-0.20607790656306965,0.00032930697453701274
46,-0.5075015513083253,0.00018966950643751104
47,-0.24281051099014914,0.00015685405643284475
48,-0.46899229634518463,9.035432838534968e-5
49,-0.24470137874676598,5.6431470967020654e-5
50,-0.4921375498262168,4.302185423387503e-5
51,-0.26848152735531783,3.556851198177702e-5
52,-0.4408112705081689,2.048641349207903e-5
53,-0.1720538241356804,1.2804963176315999e-5
54,-0.08401794088218473,9.544391218572885e-6
55,-0.6330051526454662,6.096521447521754e-6
56,-0.12153042064941826,4.544170959303246e-6
57,-0.6177827045059262,2.9025779325214927e-6
58,-0.5228962050666077,2.2110693418694907e-6
59,-0.3131696975956845,1.82790897719454e-6
60,-0.4076070644883643,1.0527057713585744e-6
61,-0.19860438138881528,6.579744190566111e-7
62,-0.14086531321380932,4.904550952235449e-7
63,-0.16025534632419086,3.9425585279855664e-7
64,-0.5570681655941202,2.3350585179916792e-7
65,-0.1900114057114009,1.8770516462450075e-7
66,-0.19279838743328812,1.6529267480687083e-7
67,-0.5353206593007315,8.936647303317533e-8
68,-0.4848543852450314,5.292911729101537e-8
69,-0.3863889906040703,3.380669174335869e-8
70,-0.3572568439049737,2.5199554318953053e-8
71,-0.26831463503990144,2.0256808853018945e-8
72,-0.4587132639669014,1.1997508443885657e-8
73,-0.3438926254477553,7.663004903043615e-9
74,-0.24823621259407086,5.837044718493134e-9
75,-0.20747033498077316,4.825509458078919e-9
76,-0.5174898257167581,2.779017041945977e-9
77,-0.43366146615799345,1.7369827661495802e-9
78,-0.320882169652157,1.2947493073938057e-9
79,-0.23952457983600434,1.0407918229587927e-9
80,-0.48034739474431215,6.16430145380929e-10
81,-0.3481858654267176,3.937239854723367e-10
82,-0.22997589552570333,2.9990641177451726e-10
83,-0.18850334399411367,2.479338932764832e-10
84,-0.19180636009081625,2.0950077117461862e-10
85,-0.20646220451294622,1.7866069865631196e-10
86,-0.5172645664660135,9.974331715441333e-11
87,-0.4679291573760461,5.6199475616944205e-11
88,-0.28002247074903175,4.748779329299207e-11
89,-0.23548556604571996,4.049723674527465e-11
90,-0.2110734165779821,3.380718190544448e-11
91,-0.19966182365443058,2.747787088246277e-11
92,-0.20323574693425428,2.1855789949789396e-11
93,-0.5397102861513196,1.3082214327345548e-11
94,-0.521590844721591,7.663114829781364e-12
95,-0.41909151380184917,4.370387400350013e-12
96,-0.3159603140607246,3.648408970444092e-12
97,-0.4052646970414119,2.080741441312137e-12
98,-0.20884617324810226,1.161643579839297e-12
99,-0.12080933669096765,6.545176356217081e-13
100,-0.1285008642775544,3.7693753572604393e-13
101,-0.6192969793064558,3.1161584631934245e-13
102,-0.6415071142137796,2.6331115583068176e-13
103,-0.5561654881754869,2.2454979419340074e-13
104,-0.2799133740841804,1.8745465982744494e-13
105,-0.08692118630540326,1.5235978417653292e-13
106,-0.071150098647634,1.211863704414957e-13
107,-0.1200994529424521,9.47634343395108e-14
108,-0.16346716704238368,7.310327890546997e-14
109,-0.5702385664622256,4.511687108904516e-14
110,-0.16923015544162767,3.4804471086893064e-14
111,-0.18220429137442098,2.655567685864263e-14
112,-0.5571287189720454,1.657040868447032e-14
113,-0.18848265990653193,1.2643157752399513e-14
114,-0.5465023182855444,7.889171574676408e-15
115,-0.46725886532926614,4.868929851892739e-15
116,-0.2738456315276704,3.756034586703427e-15
117,-0.45150074705296095,2.3180975024861433e-15
118,-0.29442212588168654,1.7882480667294965e-15
119,-0.1397427971432237,1.3644263601822362e-15
120,-0.11275122300429433,1.0316615211314029e-15
121,-0.14040918998512103,7.741584631975305e-16
122,-0.5956407467215008,4.911740502106612e-16
123,-0.1451391374143169,3.6857684432834424e-16
124,-0.16921176069874325,2.748051410828542e-16
125,-0.19404271468810572,2.0376082621739518e-16
126,-0.21329027501185494,1.5036028271520208e-16
127,-0.5175280796152425,9.701052936210185e-17
128,-0.2212416633697501,7.15865306007077e-17
129,-0.21224483062655347,5.26040693854555e-17
130,-0.5235801654317828,3.408234721899693e-17
131,-0.47630136772959136,2.1989494073248152e-17
132,-0.2653777738004665,1.6226605510964436e-17
133,-0.21812620582548475,1.1923828058525145e-17
134,-0.5164740929733508,7.725486883770169e-18
135,-0.42549731077231046,4.984385228870987e-18
136,-0.29155843822386524,3.2004713375262878e-18
137,-0.44929800164415873,2.373065807465477e-18
138,-0.3105051822265628,1.7511454597833125e-18
139,-0.4251232754665956,1.129816630934313e-18
140,-0.32126622861226345,8.337203534028349e-19
141,-0.42054899026880727,5.379056979878265e-19
142,-0.3263297952539533,3.9693426025508966e-19
143,-0.21340344975474929,2.916799737703277e-19
144,-0.5220538494656322,1.889804013074482e-19
145,-0.23059158866926263,1.3886883551205298e-19
146,-0.501283421446076,8.997356906247606e-20
147,-0.37306587103299904,5.804979483764937e-20
148,-0.2456489759604049,3.727374510522349e-20
149,-0.20281336740532396,2.38015043220078e-20
150,-0.2062260372061605,1.5101147678035798e-20
151,-0.5159995978415266,1.1331896207707909e-20
152,-0.4626063976625148,8.448884904232584e-21
153,-0.2897218157949991,5.395115784489734e-21
154,-0.23361922751450273,3.422995416569065e-21
155,-0.48757390151020946,2.568614624995563e-21
156,-0.25438217648699146,1.6296881178285315e-21
157,-0.1921965404350651,1.0261611046208387e-21
158,-0.559631966862869,7.758945128981638e-22
159,-0.17954558957652025,4.885553019099811e-22
160,-0.559056181501117,3.6940337759081583e-22
161,-0.4670553510879714,2.772001719925127e-22
162,-0.2907024118536949,2.066761207188939e-22
163,-0.4645556262582391,1.3197500188563527e-22
164,-0.2593499712373932,9.839850107426539e-23
165,-0.475672798799761,6.283329839775095e-23
166,-0.24795486638514502,4.6847526361457734e-23
167,-0.11783482294300168,3.473621577834231e-23
168,-0.6356163283908554,2.230410730069003e-23
169,-0.5553986943032828,1.4242499776109263e-23
170,-0.30233106291552453,9.036323482484603e-24
171,-0.429287784174235,6.780854143405618e-24
172,-0.13778144867835296,5.055698989817241e-24
173,-0.6014616606994628,3.2283646576754155e-24
174,-0.13663247768723566,2.4070182890519877e-24
175,-0.05932647118396274,1.7847411200714773e-24
176,-0.6789621439071062,1.1459814074176515e-24
177,-0.6106499691877019,7.31777323276522e-25
178,-0.2822816258850806,4.6428483161119425e-25
179,-0.057886151220008265,2.9234491584786234e-25
180,-0.686477841045504,2.210460083300896e-25
181,-0.05684906941109491,1.3918541443516723e-25
182,-0.685577688558694,1.0524000456595567e-25
183,-0.05805563832329081,6.626617581258311e-26
184,-0.0788393282572642,4.1349261064462364e-26
185,-0.1397673772259795,2.5519365328130597e-26
186,-0.5695569465034627,1.9686383192790535e-26
187,-0.5413214295561457,1.502063425351094e-26
188,-0.44258196569605723,1.1357307975393979e-26
189,-0.28159507854077204,7.151323968096558e-27
190,-0.17748031812554926,4.462336298833492e-27
191,-0.1519631106995276,2.754003029204813e-27
192,-0.550137043067891,2.1245183118746248e-27
193,-0.3905837311413156,1.6209992569504475e-27
194,-0.3380049941759175,1.0114831682835087e-27
195,-0.38606638229831464,7.717577462341081e-28
196,-0.17668158787382954,5.835366375642862e-28
197,-0.5241325854400917,3.6743386298205877e-28
198,-0.21395144171143002,2.7782179314435663e-28
199,-0.12098369031035854,2.0847738140659236e-28
200,-0.589818860745763,1.3227095571602822e-28
201,-0.15856627107885019,9.925608128767862e-29
202,-0.5665335646246678,6.297420201640102e-29
203,-0.18132551938313568,4.7255820301063784e-29
204,-0.5313681384552676,2.998201758000852e-29
205,-0.2214245363607516,2.2498496045336467e-29
206,-0.49066179335304944,1.4274438569842053e-29
207,-0.25765755925515516,1.071153396718469e-29
208,-0.13923357344076553,7.986352502502024e-30
209,-0.12831221231428977,5.92167154501137e-30
210,-0.14092771312843244,4.369751655328063e-30
211,-0.16406387372738238,3.211033100014683e-30
212,-0.5720029124058724,2.080438763101691e-30
213,-0.5424518371126145,1.3422724543302963e-30
214,-0.39755072067516734,8.618724917873657e-31
215,-0.3376114924372387,6.390559155066541e-31
216,-0.1606489935163675,4.715755717631635e-31
217,-0.11306364960756381,3.4652879374587334e-31
218,-0.6102010065873127,2.245171297164421e-31
219,-0.45860725856484363,1.44855577625551e-31
220,-0.20069645195890579,9.301169612373671e-32
221,-0.5310279338478061,6.896574050752481e-32
222,-0.20198937536974393,4.4282868524511047e-32
223,-0.5492960167174621,3.2834589055632563e-32
224,-0.183295067368384,2.4229476219217024e-32
225,-0.514027301523544,1.563254784938666e-32
226,-0.2017654421886356,1.153565362796922e-32
227,-0.5191954849451416,7.442656031092988e-33
228,-0.21490551612318787,5.4921246922761455e-33
229,-0.00033413238603403455,4.0357886597064884e-33
230,-0.04343593650837386,2.9546488954876238e-33
231,-0.11064348214198279,2.1560128305078693e-33
232,-0.1576275326049718,1.568611442233725e-33
233,-0.5629117997713852,1.0264777086047961e-33
234,-0.5496869075132484,6.6973384026534295e-34
235,-0.45431512742067737,4.3553489873865515e-34
236,-0.29541953703357876,3.1886028135032985e-34
237,-0.20001131274786355,2.3267294424747647e-34
238,-0.5056258942467694,1.5180937995089198e-34
239,-0.24483027640218072,1.1077558875622357e-34
240,-0.18691983740371607,8.059500091298536e-35
241,-0.5522156758400257,5.274025780683801e-35
242,-0.19435012993534964,3.837127993467232e-35
243,-0.15807399954650983,2.7843064501188225e-35
244,-0.5561091811645869,1.8268566376897492e-35
245,-0.43561256698658485,1.1954698052787918e-35
246,-0.3004645566308763,8.697664452040896e-36
247,-0.15975388958759393,6.311221120592381e-36
248,-0.5651144310746459,4.1409580456166706e-36
249,-0.19661330767544527,3.0047723755140323e-36
250,-0.5249789946587642,1.9715101255180958e-36
251,-0.2001475809340271,1.4305721279822303e-36
252,-0.09268304151671197,1.0355644508169902e-36
253,-0.6377404011957957,6.810953901323397e-37
254,-0.4280022608512572,4.468845856784385e-37
255,-0.13140334485400026,2.92435113736508e-37
256,-0.6146439682484736,2.1276175124150456e-37
257,-0.3165850369742931,1.5438471620671944e-37
258,-0.07214436105404992,1.1175621328415405e-37
259,-0.05138237287461895,8.072176739861916e-38
260,-0.6864801892352318,5.320713314458575e-38
261,-0.050484652365677306,3.843163345848257e-38
262,-0.6890966630811014,2.5331916090137267e-38
263,-0.5582405844705844,1.666091498081065e-38
264,-0.1984847499164883,1.206052525051435e-38
265,-0.5330711832666409,7.93226162236395e-39
266,-0.19537178999597024,5.742016071769882e-39
267,-0.540746723026758,3.776549758407475e-39
268,-0.21607963882033376,2.73377385176964e-39
269,-0.529186770197378,1.7980153399777986e-39
270,-0.21445011617734724,1.3015497308275253e-39
271,-0.5224888037106253,8.5603510336343e-40
272,-0.18150693838355603,5.6166712920848684e-40
273,-0.5522087894922597,4.075583127113289e-40
274,-0.22078001228897595,2.9502385236184925e-40
275,-0.5351118337374211,1.940385126818636e-40
276,-0.19977018098208763,1.2731376779491398e-40
277,-0.0619098077003628,8.3312374958753e-41
278,-0.691992383115919,6.061408484715853e-41
279,-0.05285701826755077,3.9665021717862287e-41
280,-0.08679344416328806,2.587977030248392e-41
281,-0.13756952310311435,1.6829884441267436e-41
282,-0.6048244209539436,1.232135864101259e-41
283,-0.134789381568897,8.012707982487428e-42
284,-0.6040503113119455,5.866198848986094e-42
285,-0.6334935163295021,4.280576282359668e-42
286,-0.5916701032580909,3.1143418261949766e-42
287,-0.1534591977336762,2.0379823680314376e-42
288,-0.570150366227915,1.4827381434514277e-42
289,-0.360076197428287,1.0759081749886053e-42
290,-0.3864090821294458,7.059316300972248e-43
291,-0.35498530598599626,5.122398821120749e-43
292,-0.17676201623867466,3.7080088576459354e-43
293,-0.5664635991690443,2.4387740787355883e-43
294,-0.18587578340359853,1.7653830171252291e-43
295,-0.1592398680096958,1.2751401742247561e-43
296,-0.18123869765628334,9.19202399808628e-44
297,-0.2144394791290792,6.614102440756019e-44
298,-0.5076658242320811,4.376322625488878e-44
299,-0.2518822269181251,3.14897417204394e-44
300,-0.46758636765918365,2.0835672019952545e-44
301,-0.2918460085523311,1.49922660331012e-44
302,-0.426171478549968,9.919863448699405e-45
303,-0.33226822152923735,7.137817858359479e-45
304,-0.32823734410704897,5.12737881953854e-45
305,-0.3163767363432629,3.6774924877686144e-45
306,-0.29395025344084746,2.633811069981117e-45
307,-0.4322982406866193,1.7508541734266367e-45
308,-0.32051552778925857,1.2539574504180097e-45
309,-0.4042066258871612,8.335816719684217e-46
310,-0.3006529639989105,5.533373036250252e-46
311,-0.4517591499933685,3.9686823402416564e-46
312,-0.3265102207838404,2.84236052574765e-46
313,-0.39693464874602946,1.8894896621890517e-46
314,-0.21367992534784896,1.2542563615082175e-46
315,-0.12390224869360399,8.312938170714618e-47
316,-0.12083062387588797,5.500383419617869e-47
317,-0.1472578506846562,3.6327701883195576e-47
318,-0.5846141522601256,2.6187325460800673e-47
319,-0.5826705872700151,1.884303753811068e-47
320,-0.5057483024606673,1.353570425666255e-47
321,-0.21538505781746878,8.971170171894494e-48
322,-0.5335075885612911,6.444348796597037e-48
323,-0.19966933203799975,4.271174118838968e-48
324,-0.10624391859058609,2.8260880597339096e-48
325,-0.11730715325812663,1.8665114174314148e-48
326,-0.6178530377091467,1.3455005252393142e-48
327,-0.13013524837499946,8.886460858390965e-49
328,-0.6139073827822724,6.405928000664373e-49
329,-0.6457793774570282,4.609372651042101e-49
330,-0.09390423665296352,3.049862321116308e-49
331,-0.6396991628619659,2.1945223191611434e-49
332,-0.5883703209254975,1.576412775102331e-49
333,-0.3444210799761171,1.1306451779942886e-49
334,-0.3953073028783741,7.505301222262195e-50
335,-0.12542487766916313,4.974350294562624e-50
336,-0.6205124261387664,3.5732739119190304e-50
337,-0.33813510417713916,2.562847105766307e-50
338,-0.4034705286164646,1.7012357094646501e-50
339,-0.33130819762362945,1.2201715070553386e-50
340,-0.41230807309319417,8.099583212761199e-51
341,-0.1027526493027656,5.368227463106294e-51
342,-0.05344371047612761,3.5519702810767886e-51
343,-0.1054681085321909,2.345925867798729e-51
344,-0.630806719186402,1.6910930508206587e-51
345,-0.6724397266301089,1.2168226146175334e-51
346,-0.6515721980276846,8.740921420428925e-52
347,-0.40010696095015,6.2692213684917734e-52
348,-0.10626866669111211,4.4900009164980574e-52
349,-0.06020172433098894,3.211443529508833e-52
350,-0.6935314827848853,2.137689436344725e-52
351,-0.6836731432053822,1.4210519933538861e-52
352,-0.05598171830255471,1.0177539406437234e-52
353,-0.04038905192715059,7.279417906804377e-53
354,-0.09225066705895137,5.20009768468394e-53
355,-0.14623942261579564,3.710421699444708e-53
356,-0.6021374616679331,2.4757665076780236e-53
357,-0.6615910304029445,1.6500344650310154e-53
358,-0.7346319757244656,1.0983413574271967e-53
359,-0.0010253950530334046,7.85581408801266e-54
360,-0.07465738397190821,5.611849899728518e-54
361,-0.6647176428621671,3.7401530873028283e-54
362,-0.07348846536958953,2.671801737260747e-54
363,-0.12208643561092107,1.906408637619445e-54
364,-0.15695022489292568,1.3588049484729247e-54
365,-0.5817704984283075,9.076411523706175e-55
366,-0.6058242867159308,6.056205326649955e-55
367,-0.5813706310953521,4.036304508234521e-55
368,-0.41869990003120516,2.6867561051098947e-55
369,-0.32529682845663077,1.921684576370455e-55
370,-0.13638822653916421,1.3727673894001899e-55
371,-0.5745109628627079,9.149140268099733e-56
372,-0.33574275258706354,6.09010257320147e-56
373,-0.4085780718331094,4.355905681642282e-56
374,-0.32155988043110917,2.899497835101218e-56
375,-0.09592495541117833,1.9274723017489881e-56
376,-0.08312603738245049,1.2794695014624898e-56
377,-0.6680119055547656,9.176695628626927e-57
378,-0.6651702189059977,6.572326826747734e-57
379,-0.4588803740483436,4.700813397169261e-57
380,-0.14083381725979985,3.358055434611281e-57
381,-0.5801951748893955,2.2380572583922848e-57
382,-0.15475988076198047,1.5987701924184313e-57
383,-0.0594568311659708,1.1407692651326198e-57
384,-0.08998680143906555,8.130905892577326e-58
385,-0.645515752523904,5.4312024712964006e-58
386,-0.6398200216070817,3.623951740274185e-58
387,-0.09653398009862098,2.5857954965842164e-58
388,-0.09322124681003345,1.8430422770666318e-58
389,-0.13124994290485,1.3123061254382376e-58
390,-0.5982541300675075,8.774724281114234e-59
391,-0.5822429476325724,5.86125394023295e-59
392,-0.4586420619300414,3.91090214904583e-59
393,-0.27974666336464443,2.7905430009449076e-59
394,-0.1528333057813433,1.9889773702165426e-59
395,-0.12582859513136274,1.4162166645723891e-59
396,-0.1395574277542844,1.0074302845572653e-59
397,-0.6010411000103904,6.742607540029143e-60
398,-0.5791700162046144,4.508439071696014e-60
399,-0.15097899359708072,3.210155449807875e-60
400,-0.5770697579166147,2.1464678420344724e-60
401,-0.15766522780536513,1.5283550096535292e-60
402,-0.5643901784848183,1.0219333395926127e-60
403,-0.3144940944270166,6.826209714913136e-61
404,-0.10888807837551005,4.554765672348651e-61
405,-0.6336679423894903,3.249958445270144e-61
406,-0.09914886273325496,2.168523936605192e-61
407,-0.638598718531575,1.5473052157931153e-61
408,-0.09492355326441616,1.032434246217732e-61
409,-0.6374233312666497,7.366720132391023e-62
410,-0.09678443377023666,4.9154194462426225e-62
411,-0.05500094531859196,3.2760001685259025e-62
412,-0.09276501036047127,2.1806614033136774e-62
413,-0.6487520453695651,1.559703680235182e-62
414,-0.08518510310964753,1.0382128941176417e-62
415,-0.11518592455208919,6.901631629121572e-63
416,-0.6298550101415172,4.942931588894091e-63
417,-0.10069075705950034,3.28586681862478e-63
418,-0.6367696538943045,2.3533297294724766e-63
419,-0.5555331501869704,1.683203561216562e-63
420,-0.17821589154742962,1.1204202842018458e-63
421,-0.5441551179870043,8.013732154952051e-64
422,-0.22208721497803802,5.724659657977686e-64
423,-0.06561870724189577,4.0847120005952616e-64
424,-0.6737675410838015,2.7255104631631755e-64
425,-0.5337311518647821,1.8164823641788876e-64
426,-0.19979580774512598,1.209136989497551e-64
427,-0.5205355123142879,8.648272535855688e-65
428,-0.15465762778329423,6.177947545528574e-65
429,-0.5902844074629495,4.11744255432089e-65
430,-0.14067455348895827,2.9413208264261538e-65
431,-0.5976025477668514,1.9603144001121752e-65
432,-0.13028911162888537,1.4003628454614915e-65
433,-0.026329514306950342,9.991998235341343e-66
434,-0.082159317109879,7.121860643827404e-66
435,-0.1436602072305914,5.070996723030856e-66
436,-0.5867523581199727,3.390717852526227e-66
437,-0.603101150764841,2.2648983303226863e-66
438,-0.14421613226193472,1.6143207695877364e-66
439,-0.1669162453254122,1.1494489631154386e-66
440,-0.19764627118781136,8.176642211346114e-67
441,-0.22201809222257185,5.8112571324961775e-67
442,-0.2375977782921676,4.1266463898160743e-67
443,-0.49678821805684764,2.7667395207814287e-67
444,-0.48452131555258127,1.853409383782899e-67
445,-0.4377081542857094,1.2404642065477817e-67
446,-0.3084142731514028,8.824082076190378e-68
447,-0.25620834117607083,6.271401949303465e-68
448,-0.47160738753633347,4.201145476474238e-68
449,-0.27344075798109924,2.9858144680633787e-68
450,-0.45914756472718415,2.000165361349385e-68
451,-0.28552551330157333,1.4215462682449746e-68
452,-0.45131656424224864,9.522787285384417e-69
453,-0.32315892335603585,6.373484928611639e-69
454,-0.4222590211805594,4.533799026571522e-69
455,-0.2909226927105049,3.2222361269407286e-69
456,-0.19886408051151575,2.28815018458205e-69
457,-0.5365013505804571,1.5341066200364805e-69
458,-0.4127913980337554,1.0276817112497884e-69
459,-0.24620824278936923,6.878147859202061e-70
460,-0.16877405984286076,4.599067996354842e-70
461,-0.5728268895385563,3.2746861957661005e-70
462,-0.1726209927476119,2.189616273064539e-70
463,-0.563492425047128,1.55907809780424e-70
464,-0.182273160514806,1.042476307606027e-70
465,-0.549902675782426,7.422770823645984e-71
466,-0.47581504529273744,5.28021192670185e-71
467,-0.34398969630334425,3.752722502344384e-71
468,-0.3950006279327716,2.5139088983027504e-71
469,-0.2531092558861458,1.6825284441485318e-71
470,-0.18508580646879144,1.125021281723059e-71
471,-0.5489062384605999,8.010517922591161e-72
472,-0.47708658256398745,5.698307718080512e-72
473,-0.351558954322729,4.049869190057394e-72
474,-0.24023731871651158,2.8758627765622605e-72
475,-0.500229049301923,1.928142721386325e-72
476,-0.24455677570958276,1.3691982679212918e-72
477,-0.48604064843217626,9.179887496520296e-73
478,-0.256641565033249,6.51875295357327e-73
479,-0.47215448267818755,4.3705444370933106e-73
480,-0.2710146687450566,3.1035782811962336e-73
481,-0.4630321812316758,2.0808162065001255e-73
482,-0.30788433162067874,1.3939166495751716e-73
483,-0.44202687278826785,9.906765959147094e-74
484,-0.29399704485485506,7.034918443284704e-74
485,-0.4348287197723097,4.716611273149932e-74
486,-0.30795791786147547,3.349324670847846e-74
487,-0.42687099198722134,2.2455786271466815e-74
488,-0.27011194486474605,1.5042892431017443e-74
489,-0.47838445316457784,1.0691199843845351e-74
490,-0.2665834804266196,7.161921086407402e-75
491,-0.468150070393709,5.09008024565477e-75
492,-0.2772403038402267,3.4097906292385646e-75
493,-0.45703137142393097,2.423387204956235e-75
494,-0.292796283066967,1.6234013185804802e-75
495,-0.22088680205339167,1.0865226248349696e-75
496,-0.20486507831868017,7.265024732651893e-76
497,-0.2178580742697294,4.8528196984827175e-76
498,-0.5059911150455357,3.458878275215566e-76
499,-0.462203503770642,2.4628339806371844e-76
500,-0.3814598231239139,1.7519448824447855e-76
501,-0.29769967286591176,1.2451324065176811e-76
502,-0.24330312360612244,8.841840987325417e-77
503,-0.23346807839244674,6.2736798221659586e-77
504,-0.24604451938102845,4.44808685588922e-77
505,-0.26104748115829635,3.1514666830682107e-77
506,-0.4672924593396156,2.1177341520888575e-77
507,-0.43983495788826876,1.4220625964429419e-77
508,-0.3074149593958255,1.0082532298095046e-77
509,-0.28942076873990447,7.143467663257576e-78
510,-0.2786388467155788,5.057700020174955e-78
511,-0.4481070495342157,3.4010049544769316e-78
512,-0.38966602960759744,2.2854197958732847e-78
513,-0.3188569129573466,1.534663831943197e-78
514,-0.4262414609976148,1.088088364815271e-78
515,-0.36253545679100363,7.70909908247281e-79
516,-0.3630304082632309,5.180388704885503e-79
517,-0.2763288759697563,3.47864107729801e-79
518,-0.46790407446822657,2.4663830623959878e-79
519,-0.37886064192337066,1.7474308170340002e-79
520,-0.2708344199528309,1.2372115749925428e-79
521,-0.4579623216357276,8.319518119898877e-80
522,-0.28081216618584764,5.890364308539494e-80
523,-0.4488057361546426,3.9609225768838534e-80
524,-0.23804126925932703,2.6616752954786617e-80
525,-0.12995503910355952,1.787320130736412e-80
526,-0.13389051040064506,1.1992807919234644e-80
527,-0.16718013061088657,8.040663652978002e-81
528,-0.1986470152804132,5.386355077641155e-81
529,-0.5362113998056433,3.828159965182825e-81
530,-0.5462683416353308,2.718424282350498e-81
531,-0.20022855473116932,1.822586959423543e-81
532,-0.21826423966852457,1.220931622938564e-81
533,-0.23661354788456843,8.171545855704953e-82
534,-0.4989287679702072,5.812855456810503e-82
535,-0.49751283966922016,4.1312799142275524e-82
536,-0.48745627535256153,2.933673550260513e-82
537,-0.46338490940991334,2.081571992017772e-82
538,-0.27614305621965374,1.39672197727903e-82
539,-0.25325207249206716,9.364422170066553e-83
540,-0.2486637026488413,6.273126831543562e-83
541,-0.48572398404068196,4.458401395168685e-83
542,-0.2612468688160448,2.9866356844978896e-83
543,-0.477262281605322,2.1226449042398096e-83
544,-0.2694007615695012,1.421937249389445e-83
545,-0.26692291129444917,9.516851901464342e-84
546,-0.470481745904055,6.769843244343148e-84
547,-0.2774967715409704,4.530973190287173e-84
548,-0.4524588060814276,3.2231223686317723e-84
549,-0.42238182553706566,2.290719389388054e-84
550,-0.32451572619305924,1.5345285597055865e-84
551,-0.303548262543545,1.0270411755199535e-84
552,-0.4233915524022686,7.305890472758296e-85
553,-0.3230733883639282,4.889743036650498e-85
554,-0.4020401084861594,3.4783344540802236e-85
555,-0.34155586368358964,2.3280066597493014e-85
556,-0.28213847149903765,1.5566197678972305e-85
557,-0.46364941862911885,1.1083639707066426e-85
558,-0.27920359728973965,7.411066714958713e-86
559,-0.4591236449361653,5.2769208645343235e-86
560,-0.28349457522359933,3.528408862991843e-86
561,-0.2322712101625756,2.3568718159583815e-86
562,-0.5127101057068701,1.6798754596704163e-86
563,-0.45072266912743847,1.1961260374382413e-86
564,-0.33397701440795774,8.508681082541854e-87
565,-0.41039150004678304,5.694756064243464e-87
566,-0.3311963937190796,4.050983063398176e-87
567,-0.42033018344508855,2.711273362186312e-87
568,-0.3047003334434662,1.8128907381248177e-87
569,-0.21393901150606445,1.210956907776095e-87
570,-0.1793796204200534,8.080069591448545e-88
571,-0.18298845609243378,5.385157794320183e-88
572,-0.5625680746717815,3.8469211324886515e-88
573,-0.5736144353442315,2.744890675434658e-88
574,-0.5347389113450992,1.9564383832498853e-88
575,-0.4043230721238376,1.3930478461230026e-88
576,-0.3272435417883659,9.314603142652696e-89
577,-0.39784650264477506,6.632300795391616e-89
578,-0.33471991081409924,4.434682556216948e-89
579,-0.3925280442081116,3.1576384086859466e-89
580,-0.33643532007151705,2.1113523650148893e-89
581,-0.3862499219539628,1.5033516463753789e-89
582,-0.17671596803966258,1.0694140344372195e-89
583,-0.568747540214508,7.1574571883931805e-90
584,-0.16421958413020452,5.0914802179556025e-90
585,-0.5670622395596525,3.407665367393992e-90
586,-0.29042868193039095,2.278532688491317e-90
587,-0.09457362624478963,1.5219918336480714e-90
588,-0.6076991900209577,1.0848094129907158e-90
589,-0.12387814961275122,7.246203119998469e-91
590,-0.07772995153649376,4.835004871551137e-91
591,-0.6596674971091039,3.4499173054312696e-91
592,-0.573250288762701,2.4589506226199517e-91
593,-0.16076593951973836,1.6425056291158274e-91
594,-0.5573564633596845,1.1707063914293588e-91
595,-0.22815105573526842,8.335810782418096e-92
596,-0.49941549857626666,5.5737331295951764e-92
597,-0.16418911896074936,3.723087383834957e-92
598,-0.5552328269004757,2.6536543430002635e-92
599,-0.1766786484784233,1.7725619034438228e-92
600,-0.5420094640297345,1.2634048327024256e-92
601,-0.1895908993929483,8.43916722229604e-93
602,-0.027832044381651138,5.631006191232004e-93
603,-0.7088032844424148,4.017887514535145e-93
604,-0.022088850742335544,2.6809220476455553e-93
605,-0.7144839592393525,1.9129162456701821e-93
606,-0.02017496685288481,1.276386986884049e-93
607,-0.7144012702870938,9.107394245635735e-94
608,-0.019782391441851153,6.076878444554958e-94
609,-0.7129957790727904,4.336030400347172e-94
610,-0.2825236062605329,3.0905333979591907e-94
611,0.017618266113091814,2.2005604317814947e-94
612,-0.025821781960494915,1.565375748946198e-94
613,-0.7148525861021802,1.0476868215711695e-94
614,-0.7605727996049964,7.005349448608212e-95
615,0.013158570480930883,4.988036957500339e-95
616,-0.034830270161881845,3.548256151182907e-95
617,-0.6958861219770828,2.3748043954659094e-95
618,-0.6795449073354916,1.5879110359888558e-95
619,-0.06526875764097109,1.1306443726813197e-95
620,-0.05296696584473392,8.042875151785725e-96
621,-0.6749345718247785,5.382997858335762e-96
622,-0.07092762115532544,3.829212859765182e-96
623,-0.6623385437967919,2.5628452803536556e-96
624,-0.08382952465987029,1.823088242534203e-96
625,-0.6300767388137909,1.2201706379763754e-96
626,-0.44281883796046845,8.158661090283726e-97
627,-0.2972747386762842,5.809232407405523e-97
628,-0.10971444609881838,4.132416178720012e-97
629,-0.6093443552401546,2.765775549165769e-97
630,-0.36208780888742315,1.8493335813145307e-97
631,-0.38098071253124505,1.3167857389578224e-97
632,-0.1314551855774205,9.366997754540409e-98
633,-0.5747704084568467,6.269216903178191e-98
634,-0.16626259998874154,4.459627630936688e-98
635,-0.08265135497830724,3.169521450088168e-98
636,-0.6253062677916099,2.1232287150889565e-98
637,-0.11779883199611871,1.5090091623869764e-98
638,-0.591587376914374,1.0108691912538521e-98
639,-0.14846908099832382,7.1843926221243926e-99
640,-0.08978825789613763,5.101727079210491e-99
641,-0.11545820237525194,3.6199024932614466e-99
642,-0.6215899974046876,2.4289322624121148e-99
643,-0.11975966477182363,1.7234355770417746e-99
644,-0.1459250810486977,1.221928972231918e-99
645,-0.5858026498630068,8.205276782295889e-100
646,-0.5543623542151365,5.505690149289914e-100
647,-0.18477471402367274,3.906532276051073e-100
648,-0.14683374514097175,2.7697611866986517e-100
649,-0.1491692986751734,1.9623740234252435e-100
650,-0.17365169866510877,1.389395123732191e-100
651,-0.1904568772931292,9.830804356609132e-101
652,-0.1992076430954004,6.95160894698315e-101
653,-0.2032825145018889,4.9127801935002946e-101
654,-0.20662663083384536,3.469979347114104e-101
655,-0.2165924747335428,2.4495992143086706e-101
656,-0.515473851491701,1.652057167161025e-101
657,-0.49753672832136964,1.1135858309247457e-101
658,-0.44204050504351083,7.502048680158659e-102
659,-0.3466842105282185,5.051051297751769e-102
660,-0.37826227446365274,3.571725376623537e-102
661,-0.35917104237531916,2.404805522859617e-102
662,-0.22461500505374926,1.6181354004083088e-102
663,-0.16452134217780084,1.088100617247126e-102
664,-0.1667196047464805,7.311858476668938e-103
665,-0.5733168734339933,5.180447038713565e-103
666,-0.5508740855327413,3.6678470915438563e-103
667,-0.4551222054783678,2.5952219459405343e-103
668,-0.29423151708328554,1.74626200028403e-103
669,-0.44281677807854997,1.2355851684622885e-103
670,-0.28493459690983386,8.737133402586377e-104
671,-0.18419163478839076,6.174630399315561e-104
672,-0.16718151965428124,4.361245388107271e-104
673,-0.1931589033033225,3.07878007544913e-104
674,-0.5344962791061021,2.0763889292778715e-104
675,-0.5007059529643454,1.3996109439156408e-104
676,-0.42113359985935894,9.428953874007683e-105
677,-0.3193902766917161,6.3484165102406205e-105
678,-0.4242776719586626,4.489124939415058e-105
679,-0.3117946151637824,3.0224811005255586e-105
680,-0.4327672633849924,2.137272383655509e-105
681,-0.3441704688511747,1.5104344209544042e-105
682,-0.2667373983828035,1.0668452565445961e-105
683,-0.45628515692758165,7.191178278163916e-106
684,-0.2956179677727327,5.079250266408823e-106
685,-0.2256324132961498,3.5856488518353747e-106
686,-0.18792798622247062,2.5299665823545473e-106
687,-0.5469451771937061,1.7071274183588224e-106
688,-0.4503329974370645,1.1513198037797101e-106
689,-0.2794127153615117,7.760587501674381e-107
690,-0.46525769861166516,5.481433585795198e-107
691,-0.24974809675789433,3.6948157095471727e-107
692,-0.13895087555415322,2.489137931489272e-107
693,-0.6087226971171446,1.759101759315409e-107
694,-0.12044346437647499,1.1850785691820426e-107
695,-0.1193580030896203,7.979010667627624e-108
696,-0.6165804194470276,5.642159067875704e-108
697,-0.6153859279213955,3.9873772429715236e-108
698,-0.5115010933176456,2.8163516659201276e-108
699,-0.27689565395404503,1.988176913442592e-108
700,-0.11402499604972582,1.4028203426121505e-108
701,-0.09670399119260488,9.89321834232346e-109
702,-0.1321630650023293,6.973818742876471e-109
703,-0.6049961356956896,4.710161252780199e-109
704,-0.6135796669452159,3.179789844725106e-109
705,-0.5232161808358688,2.1456040037877673e-109
706,-0.214516963248848,1.513897945073623e-109
707,-0.10731345884698555,1.0676579504628035e-109
708,-0.6284777712698333,7.207668116495518e-110
709,-0.48408317418751984,4.8634665571941773e-110
710,-0.20923426055801397,3.280016067986928e-110
711,-0.07953464150822664,2.2109279818642775e-110
712,-0.10382820045273868,1.4894666300214124e-110
713,-0.1411915117330722,1.0028423801654807e-110
714,-0.6027389011066491,7.091350625531944e-111
715,-0.637584472270901,5.01153720872034e-111
716,-0.10218740601989243,3.376192032815758e-111
717,-0.1370897009452027,2.2731549575138937e-111
718,-0.17607042047742752,1.5295509231004035e-111
719,-0.5601341929543265,1.0822490752723648e-111
720,-0.18931275512796242,7.282191944881019e-112
721,-0.5420851560337575,5.152587847371725e-112
722,-0.5529988979866773,3.643524423901837e-112
723,-0.19434506969692708,2.453147074133679e-112
724,-0.5380319973314696,1.7346819782196635e-112
725,-0.20977126190295478,1.1679433219950441e-112
726,-0.21995796419195393,7.858807778948141e-113
727,-0.23339546398609454,5.284584709624573e-113
728,-0.501881468203299,3.7415783835572077e-113
729,-0.47788277456656403,2.647391260080362e-113
730,-0.41935738519501464,1.8720369261918134e-113
731,-0.32930182816562503,1.2604229789242602e-113
732,-0.2727889789402845,8.481080995107565e-114
733,-0.24106894570613951,5.703026745086236e-114
734,-0.22821110232571407,3.8323408504470826e-114
735,-0.2208955469112542,2.573424324703653e-114
736,-0.5159269225764165,1.8245774788978553e-114
737,-0.49040592927806936,1.2927119729710582e-114
738,-0.4163088462433497,9.152626819331873e-115
739,-0.3299283632120822,6.154601703315207e-115
740,-0.40189339628230963,4.3575656286839035e-115
741,-0.28411173429878334,3.083239204957303e-115
742,-0.46684324877294175,2.074636995816406e-115
743,-0.3559806639383124,1.3950710151585184e-115
744,-0.37929581391690814,9.877346737081911e-116
745,-0.36645350426153006,6.641933103169706e-116
746,-0.2390427490736419,4.463270592084367e-116
747,-0.17652674056220827,2.997094871679913e-116
748,-0.1679693956187586,2.011032186884781e-116
749,-0.18260664934113557,1.348310880900464e-116
750,-0.20465750863393806,9.032191213330067e-117
751,-0.22395342992308584,6.0451349846752106e-117
752,-0.24267033320161746,4.042074612349218e-117
753,-0.49323032634685765,2.878088766203867e-117
754,-0.2519708777333402,1.924431722939462e-117
755,-0.48321399681912386,1.3702580615896607e-117
756,-0.26061280968945144,9.16221943291478e-118
757,-0.4740986518136317,6.523798631228375e-118
758,-0.2725372245045196,4.3621326720107255e-118
759,-0.46018849417340624,3.1059805283278284e-118
760,-0.4317237511868378,2.2094492500746096e-118
761,-0.30997473299821204,1.4787573295368795e-118
762,-0.4214362820670052,1.0519187879605216e-118
763,-0.32318028283112693,7.040363645925081e-119
764,-0.2846298857068144,4.7075334507901154e-119
765,-0.4437874270496366,3.35191713182493e-119
766,-0.296941576619943,2.2412566759211735e-119
767,-0.26761969057147444,1.4970925697449127e-119
768,-0.46714909839021845,1.0670623034060702e-119
769,-0.2875685721587584,7.127657724555526e-120
770,-0.27212157788276126,4.7559058516955206e-120
771,-0.2652265007972184,3.1696884756310215e-120
772,-0.4677487171503226,2.2642867759922375e-120
773,-0.4298680987037409,1.615634800890847e-120
774,-0.3185188622865853,1.0780269340499036e-120
775,-0.4042930596766223,7.692037287041322e-121
776,-0.33105681945714394,5.4825487690412e-121
