t,lambda,delta_s
1,-0.5406709465696571,1.11419508027616
2,0.1061366441860333,0.9713080665867888
3,0.14545927691545033,0.9969917490594925
4,0.3921717035318433,1.0171270026385153
5,0.5531509205368305,1.0456069928169822
6,0.5364894617278767,0.8730922300721671
7,0.20455251852617545,0.8247074176279884
8,0.16137048389099318,0.69715440512865
9,0.08675139603720776,0.8305752049115911
10,0.16445600723755568,0.8999504885387918
11,0.24594166698263367,0.7984454472885015
12,0.6274289551995877,0.8727683524139125
13,0.3275051720656426,0.9256725937921243
14,0.05531137168305378,0.803404528835183
15,-0.16209432295311152,0.6379616202008943
16,-0.1345571108721019,0.6263286140498886
17,0.02859528022357705,0.674232573100406
18,0.4388741197994486,0.786647872480024
19,0.06924270465041231,0.7622434951045199
20,0.3169635573551218,0.8125118522013886
21,0.3551050223422358,0.7798405548465099
22,0.49004400022191563,0.8169379543950112
23,0.5307864862235704,0.8684939619598447
24,0.5079400508579679,0.8211412209962612
25,0.48164610761907145,0.744124855930565
26,0.6233690857368354,0.7973302638597203
27,0.6369626043332614,0.8930382933642984
28,0.2270259664077363,0.6473712903185338
29,0.26599742945515525,0.694551068956502
30,0.36917637276689674,0.8413835015390386
31,-0.2580234054989566,0.5731767566016625
32,0.2490502777747656,0.5721648608465146
33,0.3542241458028289,0.6348699563002804
34,-0.22746824067630816,0.4365309709689937
35,-0.011165830169357219,0.48294262247935127
36,0.15049367169410743,0.4467588601744944
37,1.103296588436324,0.502224786728794
38,0.5961116544151808,0.5418479033592299
39,0.5078861266066761,0.49151801359561387
40,0.23155674824109945,0.4280330841948506
41,0.22964427400160134,0.43027299774941213
42,0.8152905437364988,0.3962259082958709
43,0.8292974141951968,0.2538826393763284
44,0.2601272845056247,0.29977021943409615
45,0.013869147933685896,0.2155173600334124
46,0.4482862627132872,0.2795694968883534
47,-0.3935640427793861,0.1825654217990498
48,-0.008933150390128538,0.1990521224040212
49,-0.10204948548373474,0.12411713845924614
50,0.20020388869560096,0.14792580669557892
51,0.2143417691416149,0.18266346119814397
52,-0.10119694534192449,0.11799268374155578
53,0.06549238362597676,0.14801410867515374
54,0.168770429376421,0.184849521574181
55,0.028657470553710478,0.23544519110862405
56,-0.09152039222248672,0.15804524772103343
57,-0.22462419156438512,0.14710789839487992
58,0.2099686926379165,0.17063064945135709
59,-0.29722342304429517,0.08651862903272288
60,-0.12278208872575598,0.09321974229061768
61,-0.32981326298167996,0.05036236573220939
62,0.07131305377750473,0.054230478076715716
63,0.03502051532058875,0.05916075449851647
64,-0.4875050823476863,0.030043009465481753
65,-0.09112216024656372,0.022974713702702397
66,-0.5525793150344165,0.015514970517741297
67,-0.097242046971895,0.012009275364216478
68,0.01795877230287358,0.01294331279437011
69,-0.03943414466542555,0.012935959501723552
70,-0.09875927320834794,0.012366375663460145
71,-0.11438172197547697,0.0111971586570706
72,-0.10684078260367846,0.009758983989943763
73,-0.11964558621127468,0.008285590872717671
74,-0.5413284478469003,0.004909583012749994
75,-0.47271342066266486,0.0028103309129993135
76,-0.1966969842868194,0.002483394813296399
77,-0.4860796547785747,0.0014165998870800023
78,-0.18490751761609886,0.0012546542396370958
79,-0.495961548096695,0.0007143671059321123
80,-0.24266961411245822,0.000395254897049009
81,-0.08456068901310547,0.00022620879711422918
82,-0.0709155098707679,0.00015387113490080388
83,-0.6151344465950733,0.00011405844843045711
84,-0.574977187145281,0.0001005232874049461
85,-0.3639501449003851,9.166479791173792e-5
86,-0.3108580722745032,5.067945403054419e-5
87,-0.09752180238625152,2.8999415382259626e-5
88,-0.056585845778477285,1.9737495609257567e-5
89,-0.08137894178874085,1.579797031700265e-5
90,-0.6138418197129258,9.949827677766093e-6
91,-0.6301503261464876,7.370122541162743e-6
92,-0.054352413696167806,5.015787700295641e-6
93,-0.06131325458073387,4.014722980148763e-6
94,-0.6325386944500262,2.528468672341989e-6
95,-0.04713116074679473,2.0238342853046284e-6
96,-0.0812445344826148,1.7224504404440816e-6
97,-0.11085598542773854,1.5037015145557911e-6
98,-0.1331442699093888,1.313857219733744e-6
99,-0.14507029160920554,1.1392956640864414e-6
100,-0.5469303273100266,6.623161191966418e-7
101,-0.11221155035283746,5.743183816838742e-7
102,-0.11777454882898257,4.842104428957813e-7
103,-0.5876351899999547,2.895137490037799e-7
104,-0.6257369843826156,1.683055147895624e-7
105,-0.036739636415804355,1.459438445579843e-7
106,-0.05914720861059452,1.2304594775145266e-7
107,-0.08954440781261364,1.0131192516531404e-7
108,-0.1289360582876287,8.189823949689442e-8
109,-0.5582145149247175,5.1071340354875766e-8
110,-0.5907767607939431,3.1268044245809835e-8
111,-0.07194615274722681,2.574506182580918e-8
112,-0.5900174834638305,1.576222142337878e-8
113,-0.0830546110308889,1.2978085572699175e-8
114,-0.06491040648186787,1.0491186383606347e-8
115,-0.6082432947041051,6.542252940579819e-9
116,-0.567068227235287,4.0054454105370665e-9
117,-0.10416015260879027,3.2979497063781636e-9
118,-0.545380289460329,2.019145037142361e-9
119,-0.2738776335501759,1.207265302582682e-9
120,-0.4159160351057429,1.0178510136242889e-9
121,-0.26852411055539605,6.085824391059363e-10
122,-0.41594566880065104,5.130986958647396e-10
123,-0.11329541689356085,4.224682937837596e-10
124,-0.04771015204356676,3.4151366815066745e-10
125,-0.08590255764168774,2.721178994241723e-10
126,-0.1381144718340802,2.1432493415417856e-10
127,-0.17772695014328474,1.6720767215485657e-10
128,-0.20940981290916522,1.2941558948199464e-10
129,-0.4544550320684849,8.428938753378299e-11
130,-0.24421209651511136,6.523839865970004e-11
131,-0.4203717189467476,4.2490280255585374e-11
132,-0.27639835490614584,3.288667676426927e-11
133,-0.39281015090047333,2.141935027658786e-11
134,-0.30587838306654447,1.657817375688691e-11
135,-0.354773842845339,1.0797494474488123e-11
136,-0.33739569933758007,8.357057390815966e-12
137,-0.3285602658163512,5.443016964591628e-12
138,-0.3694590179085307,4.21279263071154e-12
139,-0.290587944228082,2.7438248518545263e-12
140,-0.18014679503480377,1.7729218035866496e-12
141,-0.502941337326224,1.3831621078196618e-12
142,-0.389860604783267,1.0705414245066655e-12
143,-0.28016216488922063,6.972520185519268e-13
144,-0.1631380220446862,4.5052923310676765e-13
145,-0.5384568668019213,3.5148474255207944e-13
146,-0.4810756267684632,2.720425717686532e-13
147,-0.3591728941563921,2.0914128707449963e-13
148,-0.21143157335371676,1.5985678959376263e-13
149,-0.15907265990176278,1.2157535209420756e-13
150,-0.142280747781392,9.205688868492144e-14
151,-0.1601056324996325,6.94366798976456e-14
152,-0.19112179722656092,5.219534478836072e-14
153,-0.483811653459985,3.5003030336403485e-14
154,-0.4737655806550649,2.339320289113779e-14
155,-0.2197157629996828,1.7645027592581e-14
156,-0.44595375137622917,1.1792513577422485e-14
157,-0.41835855509545594,7.850771292727983e-15
158,-0.2735826812841256,5.944606094378675e-15
159,-0.3857856452583919,3.957573808664168e-15
160,-0.30435637791285663,2.9966759321762917e-15
161,-0.2666369839091161,2.2603330444035123e-15
162,-0.2359820577670828,1.6990855951504918e-15
163,-0.22996552645127516,1.2732886844430075e-15
164,-0.2228700254348066,9.515730049670797e-16
165,-0.4578693615637335,6.418648258277198e-16
166,-0.22985653958130567,4.796879518039049e-16
167,-0.4603661425542026,3.235640586997535e-16
168,-0.41847475524504557,2.1765334714485907e-16
169,-0.26883652060601865,1.631086419905457e-16
170,-0.4076295457867237,1.0971905229572343e-16
171,-0.2929646475995743,8.222306642743407e-17
172,-0.3839654150672502,5.530937426227419e-17
173,-0.30348573636599285,4.144864778606951e-17
174,-0.2537754325554858,3.0976018877341793e-17
175,-0.4262345877399267,2.089426334895764e-17
176,-0.3768914507064611,1.405504175062521e-17
177,-0.3210564366151396,9.425535069676506e-18
178,-0.2776810885188746,6.299267581217376e-18
179,-0.25801911265085037,4.193686847774022e-18
180,-0.4050333649157187,3.1754607876916782e-18
181,-0.2893816016642092,2.1140375399628844e-18
182,-0.2655370610672618,1.4012477983190552e-18
183,-0.23892596290040974,9.241454513743094e-19
184,-0.22883991157246644,6.059741848417406e-19
185,-0.22938849061621266,3.9467573500550645e-19
186,-0.4593244374490038,3.054715865787214e-19
187,-0.21605004560730212,1.989560380162758e-19
188,-0.4696075244087058,1.5398822679433337e-19
189,-0.43847513942977795,1.1838329470534974e-19
190,-0.24817789369673485,7.762546512702348e-20
191,-0.43718492637196704,5.967701886096679e-20
192,-0.24839656748610248,3.913099697053253e-20
193,-0.19782076601138152,2.548632495768219e-20
194,-0.1758404739376283,1.6467983071222236e-20
195,-0.17396071714008227,1.0540022067913649e-20
196,-0.5098834995181115,8.301510266203129e-21
197,-0.4893461300101443,6.4765035968695826e-21
198,-0.1927201820871323,4.184791325192997e-21
199,-0.158690544222099,2.67839678522782e-21
200,-0.16082520350114235,1.694503977025847e-21
201,-0.16869584126130552,1.056684460571676e-21
202,-0.5191103920393507,8.541994548187294e-22
203,-0.1687859340024225,5.326746365741816e-22
204,-0.5083167134320528,4.306019451741214e-22
205,-0.17493060188175258,2.6852128429704497e-22
206,-0.5015195155169195,2.1706644056227463e-22
207,-0.18661361877533864,1.3536157941414037e-22
208,-0.4886482582615396,1.0942319268744263e-22
209,-0.2044678065313482,6.823577218266818e-23
210,-0.4580124274797592,5.516023143373983e-23
211,-0.3780921065981187,4.3951641499140754e-23
212,-0.2932646805524829,3.4617100492828467e-23
213,-0.24598230407386273,2.700686605999235e-23
214,-0.42072736428602925,1.7450480358434825e-23
215,-0.2871247755377005,1.3614161180842143e-23
216,-0.2793868304381001,1.0537104379604858e-23
217,-0.27461398323600295,8.100730549861075e-24
218,-0.26001797924386816,6.191779715899486e-24
219,-0.3963217585295986,4.083578270184969e-24
220,-0.29030572742790467,3.1212761547849312e-24
221,-0.2115126447441781,2.3738137645925494e-24
222,-0.17628265012353755,1.7974524089101922e-24
223,-0.5028459413851316,1.1966395187311038e-24
224,-0.43304184248588273,7.931687395830126e-25
225,-0.26681759431076807,6.032259813923495e-25
226,-0.4059638687386256,3.998363616237966e-25
227,-0.27092411593786986,2.6369850880903983e-25
228,-0.1693662217819905,1.7291053987433247e-25
229,-0.14191007161494554,1.1261798954838967e-25
230,-0.1476693007498071,7.276808831706219e-26
231,-0.16359744720395114,4.657384291595587e-26
232,-0.5133588500404876,3.6682393320631036e-26
233,-0.18173991571837636,2.3477874213933352e-26
234,-0.49778372024362905,1.8491594472930105e-26
235,-0.49796701661237447,1.4426396435760918e-26
236,-0.19693423607586583,9.321612773804067e-27
237,-0.19681342616236863,5.966122500825998e-27
238,-0.4795948343906247,4.699024999274629e-27
239,-0.46778832378049534,3.665989842050934e-27
240,-0.22007119634708497,2.3687785021343403e-27
241,-0.22140944022086667,1.516092017979125e-27
242,-0.4615056136250089,1.1941012429259211e-27
243,-0.4600476040760227,9.315896441543873e-28
244,-0.4591282876029908,7.210328413936487e-28
245,-0.4519300978261029,5.543166846706042e-28
246,-0.2224463571872047,3.634726553465384e-28
247,-0.20551159211388603,2.3673258860154796e-28
248,-0.47338920859686767,1.8322656556019e-28
249,-0.448442583165277,1.4086118763826983e-28
250,-0.4028375767626775,1.0766701089583928e-28
251,-0.2624690528101479,7.100812468845181e-29
252,-0.43996812555038833,5.427494019259255e-29
253,-0.34268702119648126,4.1277539606389337e-29
254,-0.2994925726443928,2.7359997351085913e-29
255,-0.3877975672260437,2.0808007715580856e-29
256,-0.1957568190518984,1.5755828932693217e-29
