t,lambda,delta_s
1,0.2709041364835939,1.0855301905041956
2,-0.03358035801880962,1.0236352674988047
3,0.11880308586180885,1.2962657745539752
4,0.4978572996924582,1.0284160326436222
5,0.5403735796106746,0.9966278766255943
6,0.6697170857574832,0.9892737557029492
7,0.8128737062799635,0.9832426472184599
8,-0.06715621007356488,0.684555145816699
9,0.1548008245413875,0.6821921014211496
10,0.30427893570429654,0.7432330694341893
11,-0.33516789326839735,0.5844808111788505
12,0.012409192833404971,0.5631325534545664
13,-0.08854200194898125,0.4751236812420464
14,-0.04134190465793126,0.44272256232878116
15,-0.23338201197852768,0.3097103867556998
16,-0.04428382297683314,0.25441612113795053
17,0.21625007431078788,0.29512776530853035
18,0.21081087837268533,0.34906882440461123
19,0.2683196813413481,0.38407941871204343
20,0.42370988915644126,0.42352478116877706
21,0.25726875145891476,0.5066899166918831
22,0.43110993466351727,0.6133788972061816
23,0.31523044875797396,0.638244106359294
24,-0.15730175139302116,0.45428866543116836
25,0.14367078671160247,0.39737042542217194
26,-0.23833825942860748,0.28692679622532424
27,0.11909428889294603,0.30146331891232003
28,-0.047909459710352945,0.3225571339222352
29,0.15374537716884923,0.40825574851179813
30,0.4409816617937337,0.4412878676987291
31,0.06949139732937647,0.34141595414655634
32,-0.157116627700697,0.29551558465237926
33,0.26314206174101235,0.3506360801341969
34,0.14905408295250297,0.3735310157539242
35,-0.05584247036901827,0.32579326655126317
36,0.35739002094087485,0.4058099175115585
37,0.47040469439332283,0.4819123721267893
38,-0.1296067782028659,0.37767267153047823
39,0.1284981385162475,0.44355179290690505
40,0.27078622568397986,0.33804994294689833
41,0.5869373380202447,0.44282375101809723
42,0.8569056155540224,0.3441025668941246
43,0.06169439082095663,0.35600063213510325
44,0.7962980259917479,0.31508151119802275
45,0.22680252730882025,0.24716183237610087
46,0.3503662767295589,0.32795214644814646
47,0.2307794980777829,0.41168824915192315
48,0.3868223310610173,0.33852433769615686
49,0.4893232494186924,0.4138077432287938
50,0.4847224786405547,0.49976101362002817
51,0.047273085248873054,0.5667643748422052
52,0.18721172277823286,0.671001822017547
53,0.39137166200512813,0.48910819017884505
54,0.07635388192437874,0.4830756483951303
55,0.18149964353157413,0.5771494058592057
56,0.33237113577041383,0.641136890095598
57,0.08295484443641656,0.4219791265017236
58,0.4452969492817989,0.48194303991204535
59,0.29526932728458305,0.5529383619733398
60,0.43847853903918993,0.666003503192431
61,0.2832387617019738,0.6667859464669678
62,0.25941033813109055,0.6415323874254097
63,0.5828277874254623,0.7498890763476328
64,0.7432480237653051,0.879364266582323
65,-0.11195627601505519,0.6107289540272687
66,-0.052992054370715386,0.6541683076879966
67,0.027922458404079167,0.47673833521486025
68,0.22811490372141688,0.5231714992580859
69,-0.26288034016361495,0.40783789180881924
70,0.23255891182931362,0.546112441333824
71,-0.05622250313463276,0.32145122310085056
72,0.3441077214639173,0.36203001088422126
73,0.4693086813619661,0.4433738023975551
74,0.06204016662031347,0.30250181095113254
75,0.37519527944442244,0.3483225113125424
76,0.4238221820457645,0.4234062796097214
77,0.3573234627539071,0.4813209776030915
78,0.4557547448078767,0.4411194234398998
79,0.060172465108935466,0.39136264055952963
80,0.5784415299693801,0.31562403164676156
81,0.3682650452474148,0.38177918519052334
82,-0.025436282928710485,0.29650831368373215
83,0.22709421119808865,0.26049855570940994
84,0.2517122495219833,0.21865309575367373
85,-0.11082466476875354,0.1877837913596127
86,0.17277665107755952,0.16252757249728195
87,0.32094245579900416,0.24850575614225706
88,-0.21850999830343915,0.15656037121637012
89,-0.017036023002696746,0.18116580426134044
90,-0.01455085218699536,0.11955139499704759
91,-0.10621605515118443,0.10863945971450846
92,-0.09170342525928925,0.07892814857011482
93,0.31640010318064027,0.1119800778181664
94,-0.39444980516509875,0.05952929104109834
95,0.18943390957540568,0.07250762238505905
96,-0.7190978019262605,0.03263067566053407
97,0.16235076380973537,0.039327474133311266
98,0.1976236968870611,0.04736905652681687
99,-0.6646438339925965,0.02077687649549018
100,-0.1444256776246074,0.014010221361360894
101,-0.4990744698699694,0.010761626383718434
102,-0.17724299653569775,0.007155566989586636
103,0.08636765235141096,0.008521460132901284
104,0.014784727038132637,0.009057593104700098
105,-0.7041933101940768,0.004263750367779436
106,-0.8135275338868337,0.0017319674192245893
107,-0.5985595996261327,0.0013289637945800804
108,-0.08924770181884081,0.0008769710807189436
109,-0.5999138232570123,0.0006708967092602018
110,-0.08560314080500542,0.0004423851367343859
111,-0.6224715420616991,0.0003386554032320787
112,-0.06278862869481228,0.00022313476666323924
113,-0.601202041753632,0.0001707032007881116
114,-0.08026644406330721,0.0001124702199872001
115,-0.5800220382191227,8.604818006920812e-5
116,-0.1045595033444874,5.670123248243487e-5
117,0.1396887351867785,7.05139994130052e-5
118,0.03270473992181632,7.565642986530397e-5
119,-0.055811922076050346,7.267108647194363e-5
120,-0.11581428574183174,6.521452206002241e-5
121,-0.15877505428774794,5.6029135208870035e-5
122,-0.49501785446683466,3.2872673449800984e-5
123,-0.19330039925866274,2.824518946417836e-5
124,-0.18363221872020496,2.354958084308197e-5
125,-0.1780255092346363,1.920806653611542e-5
126,-0.5043431204521409,1.1871295621644408e-5
127,-0.4460642798779696,7.177415288974415e-6
128,-0.24491406420707365,5.9843476063445354e-6
129,-0.42421695852557,3.6181302783067543e-6
130,-0.26549599258711054,3.0167110860247342e-6
131,-0.1704774981364668,2.460596928588304e-6
132,-0.12182083039176042,1.9737225266725247e-6
133,-0.09544055690253883,1.562512208207139e-6
134,-0.5899644519960384,9.94952720843674e-7
135,-0.49984537642626164,6.252770691228207e-7
136,-0.1796555839885936,5.015558274745071e-7
137,-0.04880640598260337,3.9706119971564685e-7
138,-0.6264496512269917,2.528342722113928e-7
139,-0.044602255599089556,2.0015857697778896e-7
140,-0.012833210773028231,1.5678634291309094e-7
141,-0.6568116687137405,1.0089993544281194e-7
142,-0.016553845232236214,7.903599959977605e-8
143,-0.04043321012382016,6.13716441141302e-8
144,-0.618876839369654,3.984204689940501e-8
145,-0.060663548873625,3.093744643588722e-8
146,-0.0896859638827979,2.3847986749573537e-8
147,-0.13758573784629863,1.8269252780007022e-8
148,-0.17896459333178832,1.3920960363468061e-8
149,-0.20487093456703093,1.0558461841396372e-8
150,-0.21513239753072308,7.975594318649547e-9
151,-0.21022726215139168,6.002903389028852e-9
152,-0.1991373730484155,4.503673761068416e-9
153,-0.19773386921322683,3.369182201419504e-9
154,-0.20127540149325382,2.5139544849215105e-9
155,-0.20379220089028696,1.871421478759299e-9
156,-0.20815811923342886,1.39014074658817e-9
157,-0.2141220689923588,1.0306204555308013e-9
158,-0.4743520814575396,7.007699502815473e-10
159,-0.20418375988904222,5.195357716687339e-10
160,-0.4856494119791433,3.532581319468917e-10
161,-0.5024271086452342,2.3972962276959463e-10
162,-0.17533163696231502,1.7807742430946417e-10
163,-0.5083145244487371,1.2084770283590895e-10
164,-0.4930971055265322,8.183534129366657e-11
165,-0.17866745877821813,6.091932700009183e-11
166,-0.1438936349436949,4.5252467000053406e-11
167,-0.5371722693699829,3.070943274082094e-11
168,-0.49246862168611205,2.0795735874955814e-11
169,-0.374310857137952,1.4049409711914945e-11
170,-0.2429266480540156,9.467105138922672e-12
171,-0.176407453702647,6.361042925179255e-12
172,-0.4979421811746787,4.772367700529384e-12
173,-0.19640286930796624,3.2066017385872302e-12
174,-0.47483611849314067,2.4057505578359634e-12
175,-0.36824077588053833,1.7997333730125122e-12
176,-0.32183786435618705,1.2127388562048612e-12
177,-0.20956784850684945,8.148514047496892e-13
178,-0.4650300081168195,6.113416574128124e-13
179,-0.22425500422137243,4.1076659313433067e-13
180,-0.1468061902912051,2.751145196205225e-13
181,-0.5387534424001006,2.070674395990001e-13
182,-0.41310991600470426,1.5535219180181317e-13
183,-0.27780694637450304,1.0438269630185675e-13
184,-0.1329030811989081,6.991122411065449e-14
185,-0.08182940297378835,4.665532284840031e-14
186,-0.0852284930853374,3.100890517630504e-14
187,-0.6035702024792791,2.351894824787851e-14
188,-0.08287390067098876,1.563158909937532e-14
189,-0.10503695752074714,1.0341211197667149e-14
190,-0.13284056635572694,6.804857429526603e-15
191,-0.5455558037144025,5.213004564744014e-15
192,-0.14059679292737687,3.430328630224358e-15
193,-0.5357861513800776,2.627875601087458e-15
194,-0.14868220441634206,1.7292286624960982e-15
195,-0.5276024939525007,1.3247120905081883e-15
196,-0.14801746338372113,8.717041687642831e-16
197,-0.13245795302187705,5.700573410205679e-16
198,-0.14132439118014972,3.700772424094663e-16
199,-0.1612614912277284,2.3816334733503686e-16
200,-0.5239012066518774,1.8655593789861197e-16
201,-0.15851237216403583,1.2005814339159205e-16
202,-0.17027003856043874,7.644865323693127e-17
203,-0.17946493115688614,4.804400419215929e-17
204,-0.5122067920396646,3.853776609673705e-17
205,-0.5140262480925252,3.050879241319395e-17
206,-0.462484394233823,2.3897868611960628e-17
207,-0.21983262635548842,1.5379482255491065e-17
208,-0.45717894982633106,1.2046915567289351e-17
209,-0.2134998499315031,7.752797004993047e-18
210,-0.1452248944468067,4.9366987786731036e-18
211,-0.125879533814187,3.1024585362273e-18
212,-0.5602834202096232,2.488589854329111e-18
213,-0.12013169073560791,1.5639493481121816e-18
214,-0.5518157887861294,1.2544981455673047e-18
215,-0.44937440086630837,9.931354975214876e-19
216,-0.23175025501857136,6.3239251518047825e-19
217,-0.44228874199996565,5.006396043005818e-19
218,-0.2295973005306136,3.9215644209979185e-19
219,-0.4303805783976231,2.523724245279233e-19
220,-0.20933425664626537,1.607015686255397e-19
221,-0.46114320063545844,1.2722093920452612e-19
222,-0.21664522019957436,8.100966074413456e-20
223,-0.08385002670560388,5.091036029548284e-20
224,-0.5893734978361411,4.0836969981118225e-20
225,-0.091266709513999,2.5663912624952895e-20
226,-0.0716231773971767,1.586096858263085e-20
227,-0.6060206890916261,1.2937178354238756e-20
228,-0.071449266633659,7.995514262504211e-21
229,-0.6089440293910882,6.521631608371756e-21
230,-0.06902414824655827,4.030538739728373e-21
231,-0.6060300118548733,3.2875544937802016e-21
232,-0.4246651537832163,2.637061757068422e-21
233,-0.2465415350169308,1.6572562203145998e-21
234,-0.4269931866217022,1.3293428317381914e-21
235,-0.26233333834824674,8.354228606605894e-22
236,-0.06314546414802538,5.16313156913794e-22
237,-0.600198279652123,4.211366640590031e-22
238,-0.08405511706866074,2.602734624002436e-22
239,-0.5870578052160957,2.1229499235214345e-22
240,-0.09194288876267469,1.3120385239596275e-22
241,-0.034469575008966975,7.932469159606676e-23
242,-0.6404471875212865,6.613986199280481e-23
243,-0.5124594599093056,5.394772623550109e-23
244,-0.174762125057352,3.33411044305729e-23
245,-0.49586308664808265,2.7195048795316104e-23
246,-0.18839472666523982,1.68072507434518e-23
247,-0.058523964666472264,1.0161515515401913e-23
248,-0.6148112639038065,8.472535099774049e-24
249,-0.4275891519603854,6.910719047660066e-24
250,-0.14200369067770902,5.5433280114160985e-24
251,-0.5374168772535151,3.48369347192544e-24
252,-0.13947098883135856,2.794391650554855e-24
253,-0.5262472512001799,1.7561298791976134e-24
254,-0.14738779588267265,1.4086528310447025e-24
255,-0.5279172474284308,8.85265072103517e-25
256,-0.16659584601909272,7.101018921296345e-25
