t,lambda,delta_s
1,-0.4022518200623425,1.0987026718466035
2,0.3270791642453842,1.0580712308121176
3,0.38575278183631934,1.0652748481117431
4,0.223647866853837,1.0924812818675655
5,0.36598974174714366,1.0769219247340964
6,0.40614097247332,0.8285753054786245
7,0.4351161467722122,0.792330856547039
8,0.38440467541409434,0.7786455565856477
9,0.40573414519126616,0.8633356734314259
10,0.15454615485045414,0.8042364608270572
11,0.02799328099643953,0.7395480316226463
12,0.29520190354872927,0.7097315095945806
13,0.1322968666998378,0.5594981028718528
14,-0.04694616200160397,0.5707182943344292
15,0.3763422653887665,0.75137394521053
16,0.35029919560059497,0.5554268970742364
17,0.4003049811479192,0.68260774322471
18,-0.06807251447551066,0.49093187611518685
19,0.06714335628940649,0.39408083883105427
20,0.4098468335474296,0.3464502050060509
21,-0.3403195948503254,0.2546576928783365
22,0.11615488804286679,0.33204020754201247
23,0.3194103386108139,0.3873212445671066
24,0.16015430785976112,0.29958172960345303
25,-0.22084967030356123,0.28508095275450246
26,-0.22469528044181775,0.22121432667370983
27,-0.20593339876890596,0.17343412363129818
28,-0.21578462440740967,0.12455123596066793
29,-0.3588352623724877,0.09342361117500397
30,-0.035910253379008564,0.1229566507260739
31,-0.46891310131901065,0.04834521246742175
32,-0.057980138875629375,0.04325594578544163
33,-0.5582725742761124,0.025103248971732838
34,-0.08930684411110099,0.022041490438823714
35,-0.6180052009034623,0.012424021293928828
36,-0.04262631735726318,0.011302057029941215
37,0.012468380802853202,0.013842804928376735
38,-0.05202600876274166,0.014418296754936702
39,-0.11206221567629115,0.013655700553015121
40,-0.15606829982727807,0.012232918836426286
41,-0.1883592472930169,0.010616774938850134
42,-0.4844362591617923,0.006193140021451955
43,-0.19776238191735485,0.005368321889182225
44,-0.4906732651718032,0.003144481163773977
45,-0.4964488911809674,0.0017982196914856075
46,-0.1701649323269613,0.0015863908824928332
47,-0.15038631917491618,0.0013682002120839292
48,-0.5341367871182963,0.0008010270047905961
49,-0.5119799711269377,0.0004595829572474068
50,-0.15390502316710591,0.000403928227573669
51,-0.11754738726430698,0.0003477266059947845
52,-0.5794210514259422,0.00020376915464228638
53,-0.591787018822251,0.00011715049920597903
54,-0.47667180130555387,7.103056517952582e-5
55,-0.1926271221969911,4.728145099273169e-5
56,-0.05795763634256471,3.613461716982601e-5
57,-0.08165125968047325,3.0829816980980025e-5
58,-0.1267999188284664,2.6404248840692816e-5
59,-0.5405450456489254,1.5541431513372668e-5
60,-0.156537371335654,1.3310401413799025e-5
61,-0.1780001245290637,1.124374519314952e-5
62,-0.4781394306203783,6.709758145822963e-6
63,-0.21067367449382696,5.66798249144377e-6
64,-0.45243931258619957,3.3823871184870017e-6
65,-0.30582050369174507,1.9908363990851718e-6
66,-0.38514398945943856,1.7050616754668337e-6
67,-0.2734150692452073,1.003581147967677e-6
68,-0.414381244950565,8.595216743163276e-7
69,-0.20042080909226373,7.260707823564218e-7
70,-0.46620005080093374,4.332848351666834e-7
71,-0.18196224520376827,2.5502676848626277e-7
72,-0.5016721727450986,2.184188908074667e-7
73,-0.16343239939221318,1.2855900252784538e-7
74,-0.025473977333167596,7.595627388033278e-8
75,-0.64585315619662,6.480659316686225e-8
76,-0.4869759766964959,5.5503911596646534e-8
77,-0.18987287187014526,3.2669004542750265e-8
78,-0.0265712713112345,1.9301767492521305e-8
79,-0.6214631747547438,1.6468445378880986e-8
80,-0.05206150250076255,9.730021030867024e-9
81,-0.6227176703631319,8.301743303896823e-9
82,-0.4148677954057237,7.110066874127521e-9
83,-0.24849280215535147,4.1849088014846285e-9
84,-0.039815749879783084,2.4725619272231883e-9
85,-0.05429516394411981,1.6303583196521343e-9
86,-0.10731579710390629,1.2346322946490427e-9
87,-0.15648077280330697,1.0270015894710233e-9
88,-0.19457748090542062,9.011946367634376e-10
89,-0.46807727458241205,5.177115017441908e-10
90,-0.23004420637540923,4.5429221634940334e-10
91,-0.43159970781929347,2.6097836806530084e-10
92,-0.36858246293085317,1.581567482920354e-10
93,-0.3271698621459456,1.3155919533311152e-10
94,-0.2681660794437228,1.1544328880723699e-10
95,-0.2150317597902483,9.928625292491192e-11
96,-0.18465120432408968,8.334237911306735e-11
97,-0.16564540494964247,6.851168509413867e-11
98,-0.49989265010843625,4.2012893313964184e-11
99,-0.17921361906177666,3.453674045519237e-11
100,-0.14509313738220483,2.7918728215366012e-11
101,-0.5533388363875692,1.7409970863490397e-11
102,-0.1246542321926773,1.4073830893295166e-11
103,-0.1198575163210575,1.12453555611918e-11
104,-0.5629716842708058,7.0946181533472236e-12
105,-0.1292616850592996,5.668783738410416e-12
106,-0.1285130899610099,4.493800802586278e-12
107,-0.5527816010356055,2.857633882534124e-12
108,-0.5289939026698494,1.8028617333106245e-12
109,-0.4336142039376899,1.1242550164538268e-12
110,-0.24387791494767397,9.088225997615905e-13
111,-0.432696753371795,5.667369537946715e-13
112,-0.2230261627721239,3.4753574001724643e-13
113,-0.10839497554535606,2.0870814489751412e-13
114,-0.578138379931152,1.7519276654265792e-13
115,-0.09968180836270488,1.0520977584285937e-13
116,-0.09122115425024824,6.16669349479891e-14
117,-0.11537260976188184,3.542595601566502e-14
118,-0.14852572392294283,2.1468652989584214e-14
119,-0.17093665894873414,1.429114181793923e-14
120,-0.18981464523421646,1.0925661501097565e-14
121,-0.49911159249017656,7.204164590423213e-15
122,-0.18307689046758444,5.507625962703273e-15
123,-0.5079161525175798,3.631619370032347e-15
124,-0.52764808649944,2.750140543367215e-15
125,-0.15724194852012835,1.8306993244333057e-15
126,-0.1667581232601792,1.3995803403153192e-15
127,-0.18314364840586467,1.1941347864912607e-15
128,-0.5080436262382216,7.055284495529537e-16
129,-0.5176590932684522,4.652114723941473e-16
130,-0.16691433810954567,3.5565689141964396e-16
131,-0.16841383366212237,3.034497226531898e-16
132,-0.518658083907091,1.7928663896464256e-16
133,-0.16410490621033874,1.5296900518947293e-16
134,-0.5220895347115078,9.037839470207632e-17
135,-0.50129500677347,5.959372169699675e-17
136,-0.1850728956486758,4.555974876931666e-17
137,-0.15647085661942667,3.887199562762231e-17
138,-0.5260063817186557,2.2966669354612533e-17
139,-0.4707124933116974,1.5143766453668596e-17
140,-0.21708763832917108,1.1577498021660176e-17
141,-0.4645107650601399,7.63397266929434e-18
142,-0.2238468292399903,5.8362167527188936e-18
143,-0.16122413014634068,4.979513676474286e-18
144,-0.5211843381914946,2.942036865045594e-18
145,-0.16235635815369814,2.5101728443106868e-18
146,-0.5168494304162725,1.483080783669484e-18
147,-0.4156007210158831,9.779140663817582e-19
148,-0.25748302430321063,7.405514862262746e-19
149,-0.16873028076657942,6.160113840193395e-19
150,-0.511716552234962,3.733120042066649e-19
151,-0.43851599333196933,2.4850440300306063e-19
152,-0.24584024255173784,1.8818658132057973e-19
153,-0.44219050193203074,1.2527106955384287e-19
154,-0.3298785213876219,9.577046531772991e-20
155,-0.3496043291552893,6.314914616209219e-20
156,-0.3429984444409432,4.827789156666764e-20
157,-0.3369465373508287,3.183348458031067e-20
158,-0.23966547981416383,2.4106754497288617e-20
159,-0.44741877291338367,1.6047259576934606e-20
160,-0.36699001621969857,1.2268223798447483e-20
161,-0.2749762936818962,1.0467361096888136e-20
162,-0.40632628034302254,6.184411616797375e-21
163,-0.30946759858701717,4.077878412932571e-21
164,-0.2357121817348832,3.0880820955165143e-21
165,-0.4507464094494288,2.0556585079593084e-21
166,-0.2336571258168757,1.5567021843498746e-21
167,-0.19485445682144223,1.2949083013443451e-21
168,-0.18799747093098454,1.1362829666483275e-21
169,-0.19072941524003836,9.772528060762069e-22
170,-0.49439395189287666,5.728002434874218e-22
171,-0.1853235771246825,4.92633139543016e-22
172,-0.18528947181085528,4.1352369189753354e-22
173,-0.4993053677819351,2.4833636564363435e-22
174,-0.4854976939807877,1.4555817064224694e-22
175,-0.1956632240386074,1.2518636192095606e-22
176,-0.16927947248264563,1.0508332144442406e-22
177,-0.5140605122318433,6.310644504435393e-23
178,-0.4628705696637973,3.6988777993043423e-23
179,-0.32961524656255214,2.1249034403282802e-23
180,-0.19056072669083954,1.2877228938186043e-23
181,-0.5042096939879842,1.0711638242694855e-23
182,-0.1674677441977588,6.491411107739584e-24
183,-0.5270868068590673,5.399736838142477e-24
184,-0.14517485879651912,3.272320339411524e-24
185,-0.0887153427356428,2.1783012686890597e-24
186,-0.1046912140871733,1.6653240596376228e-24
187,-0.5772956675505442,1.0980816695461547e-24
188,-0.1118772439604912,8.394898584633258e-25
189,-0.5734035005316078,5.535429696182165e-25
190,-0.11326001560528066,4.2318683765136235e-25
191,-0.152448512442822,3.610668923163554e-25
192,-0.18476729318647092,3.0923742690156764e-25
193,-0.2110339116395755,2.6122465413852312e-25
194,-0.4649734381938901,1.5588658690108018e-25
195,-0.22507126132098035,1.3168334815122947e-25
196,-0.4506828312777262,7.858242845683451e-26
197,-0.4453882157853009,4.6252771420198245e-26
198,-0.2396674644846455,3.961340218509027e-26
199,-0.4344842945321735,2.3316022072921934e-26
200,-0.3982625665460998,1.377576224136862e-26
201,-0.34831797794096847,9.083464514747103e-27
202,-0.3325001561691359,6.94436174587392e-27
203,-0.363050727988867,4.578974461884013e-27
204,-0.3171698387901014,3.467550431794889e-27
205,-0.35175369310594135,2.3082610262357307e-27
206,-0.27661378788323177,1.7646790543475113e-27
207,-0.4141718481358935,1.163594383325432e-27
208,-0.2667517862197092,8.895747112965804e-28
209,-0.22109083379877514,7.589933048808312e-28
210,-0.46522400563975763,4.484346119646061e-28
211,-0.21700185667573835,3.8260852499042696e-28
212,-0.4688989084930167,2.260558878913579e-28
213,-0.4323338201108254,1.4905677087286868e-28
214,-0.36485072546808206,1.1287721180901837e-28
215,-0.2826773041047315,9.389441350668173e-29
216,-0.2115761357494277,8.23924154477296e-29
217,-0.46561244782775185,4.7332173848718256e-29
218,-0.3389055162530569,2.8683996986602065e-29
219,-0.3498480081904936,2.386014883713887e-29
220,-0.21338309987185203,2.0937297781771765e-29
221,-0.1332498794491877,1.8006987352140924e-29
222,-0.11711710899630964,1.511533693554797e-29
223,-0.13778858584117626,1.2425577660133757e-29
224,-0.5445115769430695,7.619641349209731e-30
225,-0.1427829475159002,6.263733698473425e-30
226,-0.5349566367533607,3.841061204136626e-30
227,-0.499373037142681,2.306700192371108e-30
228,-0.1801348387791634,1.936278953005273e-30
229,-0.49810872568346237,1.1628075669742754e-30
230,-0.20083660796191738,9.76078220209958e-31
231,-0.48014163691542244,5.861712945117324e-31
232,-0.3106125983300077,3.435744140451972e-31
233,-0.1650962181859246,1.9737403991846307e-31
234,-0.1283196370477579,1.196115856489017e-31
235,-0.1360604271108886,7.962242132314237e-32
236,-0.5494865992309252,6.029620032561135e-32
237,-0.555901877427882,5.015606140089248e-32
238,-0.49126549971522654,4.4011979987180943e-32
239,-0.18145214848736227,2.5283670552189894e-32
240,-0.4815800032532024,2.2186439111537908e-32
241,-0.19974016942611386,1.2745498325358926e-32
242,-0.11918551047706853,7.723960381068302e-33
243,-0.5666653010235164,6.425005705813433e-33
244,-0.11961717721769266,3.893648428096531e-33
245,-0.12046397203077014,2.591903735279507e-33
246,-0.13691988648579353,1.98152556428673e-33
247,-0.552122501289172,1.3065786729543992e-33
248,-0.12069624016469203,9.988870369569406e-34
249,-0.5624862833936699,6.586463090363127e-34
250,-0.1317601763408201,5.035389553299936e-34
251,-0.15848604264110386,4.296240562921479e-34
252,-0.17999889887399678,3.6795353030150962e-34
253,-0.502378188139727,2.165734867768717e-34
254,-0.1784602593831026,1.8548537462499101e-34
255,-0.18173818804595987,1.5668657354852033e-34
256,-0.5014594022488444,9.350317734845793e-35
