t,lambda,delta_s
1,-0.4536252680031361,1.1928074054834568
2,-0.04236223568857641,0.9982454409932904
3,-0.00562018533393654,1.0279325678763458
4,0.1871381210419519,1.1215920440534903
5,0.4339580947599772,1.2603424525644145
6,0.5597477106605883,1.2247131601791634
7,0.595502735822909,1.0460642434686025
8,0.07357864658354815,1.0077593981368993
9,0.4195885948771925,0.9120345011603561
10,0.5283770044045019,0.9478026971763649
11,0.5359865718198524,0.7153933022852864
12,0.537895344832685,0.8236978461543677
13,0.018042320887941863,0.6968545414716488
14,0.3937747311317502,0.6431542954628693
15,0.4633647934773074,0.7541617454473767
16,0.44715575178659356,0.5522760758647642
17,0.6606715020289947,0.5583960086523199
18,0.7155969433170982,0.6354992311011792
19,0.05660942526059737,0.6937109509023882
20,0.3989697188372886,0.7731610792862701
21,0.27820532282791777,0.6352765215159328
22,-0.035401549622941175,0.5100163787332034
23,0.47212944333503015,0.5646745049049149
24,0.2746820990402889,0.6312003602492289
25,-0.38868711986344656,0.4132976824452954
26,0.09999553926118071,0.4253682551061641
27,-0.33625485835417085,0.2621521952687156
28,0.16062409788842796,0.265221623674331
29,0.23202245862923782,0.32669507294137096
30,0.36286568984628037,0.4152233095979389
31,0.691199033691234,0.46427736738303355
32,0.2167687186286412,0.34831922218459616
33,0.2841145759115103,0.3401899969372711
34,0.310826773960366,0.3700134798864329
35,0.22565763064205327,0.3870740966296537
36,0.3169853762251647,0.5242794810524106
37,0.6009133639204319,0.6013622348698485
38,0.8193660354620929,0.6013468054181247
39,0.35360547151895644,0.5752152065109275
40,0.43904113121486593,0.6641767723178953
41,0.21778102957969758,0.7398731437091776
42,0.11476530994072542,0.6203153438715658
43,0.3121457719879999,0.6202928865800483
44,0.2336573927885089,0.7326256349143025
45,0.19724970457463692,0.5115343457632525
46,0.09200093284740499,0.5271444539573517
47,0.2566513441262493,0.5840630652968433
48,0.08073159720400794,0.35706067749899156
49,-0.000335517193978487,0.3343180473165756
50,0.15965490085878928,0.3707494643336189
51,0.24887491246179996,0.416921813667522
52,0.2312835474094021,0.4862725957050585
53,0.1004366621833318,0.3508702819060141
54,0.3641858986262514,0.4101187620301524
55,-0.6106889063179415,0.22956595466110963
56,0.06185808233767519,0.20920670715677492
57,-0.6190323675600277,0.1262206097903922
58,-0.018893491560171703,0.11170240768826463
59,0.11658182965832578,0.11288744329483501
60,-0.714283206779282,0.06097848000771396
61,-0.2261417522965038,0.04671721621110742
62,-0.43551805190010795,0.03142233482703077
63,-0.19831836855064705,0.02353662041917061
64,0.11870660250498871,0.023474304802895012
65,0.035217428684642324,0.022715919540867338
66,-0.7181241583898007,0.011573088491787661
67,0.06079345755779453,0.011461328746028976
68,-0.029064909892266854,0.010679995303120724
69,-0.6524818725262073,0.005714420550553883
70,-0.6845096554012685,0.0029555045544003107
71,0.010276068507235793,0.00288090581695004
72,-0.6709961826878792,0.0014956368190928765
73,-0.37353606301826764,0.0009030305358177081
74,-0.3139738062205281,0.0007539085935607127
75,-0.3657552977801917,0.0004559740415233697
76,-0.32086786510507403,0.00038003601491393065
77,-0.35970809525289266,0.00023004944386049512
78,-0.05614472975442587,0.00019859434740833313
79,-0.031709346176550926,0.00020218023817720042
80,-0.6462032202181548,0.00010010314170912028
81,-0.045539707942962485,0.00010191409091046252
82,-0.09099582188626501,9.760034504644884e-5
83,-0.5903114234455782,5.137316666686482e-5
84,-0.6198900496395753,2.5433280360792347e-5
85,-0.0718272854936984,2.5896894254827646e-5
86,-0.604546310875662,1.2820782480357577e-5
87,-0.547946453879216,7.480365542334823e-6
88,-0.3336578591459214,6.219428808347326e-6
89,-0.13336813157200156,6.0554367168843645e-6
90,-0.5418198004952268,3.135244396367155e-6
91,-0.33190495597914,1.900981612495025e-6
92,-0.13722301347517366,1.6424814401629674e-6
93,-0.09170345091469266,1.6724494971972674e-6
94,-0.5858422249514891,8.279743336841706e-7
95,-0.508008250763902,4.830706781690678e-7
96,-0.18024257214884906,4.1738175220809556e-7
97,-0.10234405894330072,4.2499727769428694e-7
98,-0.10828611986036242,4.070159238824677e-7
99,-0.13867860693576511,3.66216455735757e-7
100,-0.5386346106485344,2.0517669044179605e-7
101,-0.15137474527957567,1.8460971557270056e-7
102,-0.527292670915691,1.0342956062534203e-7
103,-0.5179731599637514,5.444222492144365e-8
104,-0.16835538968246877,5.213884072641501e-8
105,-0.15621365094332593,4.6912432097806275e-8
106,-0.16172420944483298,4.049110917202733e-8
107,-0.17757554394477967,3.390539793885152e-8
108,-0.4967442864635075,2.0411567692527913e-8
109,-0.47900908484856203,1.1921236512455231e-8
110,-0.42175474582301936,6.6789987676920005e-9
111,-0.26181006735069356,6.009495328079377e-9
112,-0.19349044702034252,5.186922489958101e-9
113,-0.16442513160886357,4.343291173189669e-9
114,-0.5097909489594055,2.6147276208056353e-9
115,-0.43291549331329576,1.5271137685930859e-9
116,-0.2499087234867577,1.318084193716933e-9
117,-0.17016831371776067,1.1037032985732682e-9
118,-0.5067739849848996,6.644462418319494e-10
119,-0.3953374567538413,3.880652788492794e-10
120,-0.23916632337612215,2.1741767153347653e-10
121,-0.14270981816104858,1.1444212432861778e-10
122,-0.5263425842561669,1.0960024822273222e-10
123,-0.3729970818767831,9.861391074434494e-11
124,-0.2947458033978341,5.524948512692823e-11
125,-0.38580769181146896,4.971127240661862e-11
126,-0.17180928725668956,4.2906850708966255e-11
127,-0.08230248762251668,3.5928230467362886e-11
128,-0.08951358676717652,2.940668745575909e-11
129,-0.1185355754200137,2.3653966152021624e-11
130,-0.5655826783977769,1.4823911146306743e-11
131,-0.11854293929885402,1.1923964337318475e-11
132,-0.5643041157878218,7.472733608814087e-12
133,-0.5698889719829775,4.602416523375408e-12
134,-0.4830670179760856,2.770725035618972e-12
135,-0.19386374738324216,2.320078169435411e-12
136,-0.4760387313137004,1.3967224904549278e-12
137,-0.20038216325835143,1.1695514052127919e-12
138,-0.46872668382637345,7.040878074380417e-13
139,-0.21137500929104858,4.1121766375354315e-13
140,-0.07523907334314582,2.3038903964459543e-13
141,-0.07717419996953861,1.2126986237431365e-13
142,-0.10924201097068384,6.003654811963513e-14
143,-0.5656706075349598,6.11321376228912e-14
144,-0.5529166883853315,5.85457278134485e-14
145,-0.4568272530613581,5.2677099480162904e-14
146,-0.280773928330253,4.546671879602678e-14
147,-0.1521868012795036,3.8071746693945985e-14
148,-0.5161500638243615,2.2919772945076687e-14
149,-0.3388750413308765,1.3386136479950559e-14
150,-0.16196394212802756,7.49972435526284e-15
151,-0.11342726435571475,3.9476293742567825e-15
152,-0.12629300823312867,1.954335860911712e-15
153,-0.538790699549373,1.9899999675628446e-15
154,-0.15009429493496337,9.851807074855937e-16
155,-0.14896921705424807,5.747889154825209e-16
156,-0.15585253034704924,4.778733431139223e-16
157,-0.1631923225957354,4.652748410493865e-16
158,-0.5174643465023971,2.4089595226372824e-16
159,-0.16104794603273964,2.3454504737299575e-16
160,-0.5178342422539514,1.214356495361454e-16
161,-0.4463952603166538,7.36306232679547e-17
162,-0.2348054220970041,6.121571093117089e-17
163,-0.4360152380526016,3.7117197189375966e-17
164,-0.2415754474187586,3.085883988040324e-17
165,-0.11827167964597596,3.004528716074514e-17
166,-0.09180138067594514,2.8632914048121175e-17
167,-0.11361945114445529,2.5867297461288042e-17
168,-0.14279368365595618,2.2474462793772648e-17
169,-0.16964288578811776,1.8934418568081862e-17
170,-0.5072815552377439,1.1329376694340787e-17
171,-0.17891243849956381,9.544840400170064e-18
172,-0.18582817142152605,7.853081297982573e-18
173,-0.49090837483237537,4.811554045725728e-18
174,-0.439257077955384,2.878985064854226e-18
175,-0.3288783757479283,1.6703898679411254e-18
176,-0.21791853110642703,9.32071088017666e-19
177,-0.4361179936582871,8.42043532429121e-19
178,-0.2406049929859365,4.698570354697051e-19
179,-0.4120189309449671,4.2447414469751986e-19
180,-0.2598898009593743,2.368549315802784e-19
181,-0.1295236972218275,1.2528813331879499e-19
182,-0.5237157928165301,1.1939857100961832e-19
183,-0.3080630310431997,1.0786601557801215e-19
184,-0.3676346497669711,6.01888196459486e-20
185,-0.30797312374051766,5.437525845287593e-20
186,-0.36618441586830014,3.034118398352269e-20
187,-0.1118483648239181,1.6049445450069736e-20
188,-0.5616657021796734,1.5294990846093782e-20
189,-0.29335226259112435,1.381766722097036e-20
190,-0.08384165332293689,1.2005299290317398e-20
191,-0.5953364171026821,6.965486046091158e-21
192,-0.35779163292862487,3.886714282788552e-21
193,-0.321628464895264,3.511301515834553e-21
194,-0.08981774045881315,3.0507483587507196e-21
195,-0.5739398176560524,1.7700470941321977e-21
196,-0.10428545416933366,1.537882247646238e-21
197,-0.05062000757963484,1.2956441474287354e-21
198,-0.07977843897917104,1.0659998906667827e-21
199,-0.10776719049230411,8.612297806125854e-22
200,-0.13975002497784958,6.859766386755726e-22
201,-0.1746006033533173,5.404542228606588e-22
202,-0.18235875450209704,4.2199431923529687e-22
203,-0.49818272026698945,2.7244297374405815e-22
204,-0.48619997496422096,1.7431819515475915e-22
205,-0.20121280897917523,1.3733850306437969e-22
206,-0.1787892098031819,1.0723585024219524e-22
207,-0.4974682918003048,6.92323393947538e-23
208,-0.200212404049822,5.405759210709062e-23
209,-0.49443039586553267,3.4900022288895385e-23
210,-0.2036561093947643,2.725043218118438e-23
211,-0.18929367711008271,2.110806625729858e-23
212,-0.5020377137980733,1.3736942862535048e-23
213,-0.1866856814397084,1.064057620030421e-23
214,-0.47265628195906123,6.924792897003916e-24
215,-0.21379390984690588,5.363914462573353e-24
216,-0.1930923447072305,4.12645903002268e-24
217,-0.4917779577080765,2.7039492805832263e-24
218,-0.19802640520153914,2.0801479970344326e-24
219,-0.4770389130623752,1.3630608323420043e-24
220,-0.41448659149833494,8.870679362003254e-25
221,-0.3100723118522242,5.726982934020661e-25
222,-0.227983793681332,3.664316664222143e-25
223,-0.1970733070564105,2.3190996385736876e-25
224,-0.4935540372397284,1.8471820304343824e-25
225,-0.1945935449877858,1.1690581278049955e-25
226,-0.4888655558428026,9.311644615419722e-26
227,-0.45718839134436123,7.336281398587677e-26
228,-0.3902665488257029,5.728272522562494e-26
229,-0.29076806186246545,3.698219453028049e-26
230,-0.3971413681543082,2.8876221786237526e-26
231,-0.3336594214284747,2.2367395814926078e-26
232,-0.2647806985098879,1.720723607406538e-26
233,-0.21814572334839163,1.3159863903419262e-26
234,-0.45474376899496266,8.674167704936359e-27
235,-0.23878017364425874,6.633887393713652e-27
236,-0.4271631156646722,4.372647940058418e-27
237,-0.26355721776360425,3.344142635171051e-27
238,-0.21118897785607138,2.544569553725458e-27
239,-0.46740869952805725,1.6857823023897265e-27
240,-0.38058011453712487,1.1111633457807161e-27
241,-0.3024203509177456,8.49802858634661e-28
242,-0.21355721154070575,6.466178978158369e-28
243,-0.4639356528436966,4.283856210377328e-28
244,-0.329673113394299,2.8236528481872247e-28
245,-0.1862907127064721,1.8502580619177166e-28
246,-0.1265331125611134,1.2041315849442178e-28
247,-0.5304797958368431,9.327150890127206e-29
248,-0.43801079313030294,7.175376543287518e-29
249,-0.24386181628001494,4.701816763713126e-29
250,-0.441869427503227,3.617107315471237e-29
251,-0.26272611539842156,2.766315275200241e-29
252,-0.13312827023039359,2.104898741832568e-29
253,-0.5578749077474472,1.3944995302284412e-29
254,-0.40660394772900554,9.191677724352142e-30
255,-0.199216609980918,6.023040623761687e-30
256,-0.4814353524493908,4.633524740845913e-30
