t,lambda,delta_s
1,-2.436578871827028,1.1805848631765983
2,-0.04110171778087727,1.094013107578749
3,0.38744893880705633,0.9831570733595055
4,0.18097492815805002,1.1680610666238038
5,0.2701151741078517,1.106164815987341
6,0.6064337183694541,1.0523978935522236
7,0.6685769608558269,0.8451226685364849
8,0.4124085566456147,0.9269414687623987
9,0.028156917692333923,0.879046584259138
10,0.13048300904828622,0.9172440424060165
11,0.47654261738591447,1.0460964222280233
12,0.1477018727848939,1.1000567755547759
13,0.2864668867043772,1.1366480820290479
14,0.07128830861587213,1.178795679170142
15,0.18227470876608526,1.1226186410720531
16,0.47096672098910886,1.0294984023451021
17,0.43104992467611686,1.0491467226886577
18,0.24960373578101133,0.9070041568971509
19,0.7415838071922565,0.8949680190218162
20,0.39276002286932016,0.8946440147624363
21,0.4821379871355113,0.8773238413916434
22,0.6281288041023253,0.9137604434493786
23,0.37402438866754595,0.7353728886145189
24,0.1698508784630973,0.8390978200971995
25,0.07915496970800091,0.7187814584926085
26,0.4861855031463423,0.772909751349218
27,0.4500896077826301,0.7252519396262379
28,-0.27192001355498546,0.5728967518827414
29,0.28628061564019797,0.5287985985130522
30,-0.39284621868856445,0.486779559432639
31,0.24744597628481796,0.4806379163825305
32,0.18349245162942285,0.5598944551018747
33,-0.3471639266681569,0.38146231120496743
34,-0.13116070131593532,0.3254358594693308
35,0.0895502873783865,0.3587735701812896
36,-0.3056128148367085,0.23757360424835455
37,0.15399885341383154,0.2772977968091137
38,-0.11441086974600413,0.17356281535701926
39,0.32312427860717724,0.21212217299095448
40,-0.09402606286147386,0.12953707509453832
41,-0.2909755477180378,0.12075398101140362
42,-0.4721340866809473,0.06609125619628183
43,0.13704725180347122,0.08215125129739896
44,-0.5268876006462098,0.03580392161728644
45,-0.04012002363456324,0.03610179836697707
46,-0.6906935889266665,0.01835185927959068
47,0.02491532066267006,0.018307937281407678
48,0.08129989666195615,0.01924997705643501
49,-0.01402312871637369,0.018531708260609472
50,-0.6401255076472281,0.009720460490319058
51,-0.049802356382866515,0.009375231340008847
52,-0.614128570132267,0.004908484338073463
53,-0.591311785411512,0.0023427322742882303
54,-0.09316688005902697,0.0024783918565725754
55,-0.0758318332024984,0.0023946429612574354
56,-0.1161982235398692,0.002184091939541512
57,-0.5601877603394776,0.001204986929417153
58,-0.5886893978778779,0.0006245736498622742
59,-0.5922243413192245,0.00029750024453207956
60,-0.49938953803550296,0.000206099040331405
61,-0.17930995781058093,0.00014996307004390847
62,-0.08542718917244074,0.0001587342665953012
63,-0.10362060708732639,0.0001544674028928818
64,-0.5742369887615106,8.000818897795045e-5
65,-0.5736706391044298,3.8108684692187e-5
66,-0.1084993663269063,4.033354437022584e-5
67,-0.11001028889429355,3.9258004702934733e-5
68,-0.5600663900124748,2.033240990419526e-5
69,-0.12198354300405707,1.979021008423304e-5
70,-0.5469306056360266,1.0249636544938343e-5
71,-0.13763440102780866,9.976343026881059e-6
72,-0.13439419178118198,9.125750052981895e-6
73,-0.5352758475905898,5.029039188235838e-6
74,-0.48720180748145203,2.6045244622041123e-6
75,-0.35685090872988934,1.2406172374029505e-6
76,-0.3181811107829903,1.3129421964022656e-6
77,-0.16251978020813204,1.2779669946534423e-6
78,-0.5018713806343702,6.61854448173736e-7
79,-0.17762530989510614,6.442235714192373e-7
80,-0.10143536394295746,5.893020601833771e-7
81,-0.11819293435767718,5.214360919694028e-7
82,-0.15826123237055922,4.453006187578654e-7
83,-0.1899108216434078,3.700414007350998e-7
84,-0.20046926004906532,3.011976819967292e-7
85,-0.2121367487594771,2.412525018887779e-7
86,-0.22156725075961203,1.907856981841424e-7
87,-0.4570574567989904,1.2161536443934878e-7
88,-0.22929572153916047,9.617508164198487e-8
89,-0.20463915871686186,7.527240092733504e-8
90,-0.18651160694035968,5.841017261075629e-8
91,-0.5030320539595624,3.794481489736419e-8
92,-0.1752392531532689,2.9444568899872396e-8
93,-0.5130149229391291,1.912798058351322e-8
94,-0.4726326377097462,1.2320050681986003e-8
95,-0.21187550719054493,9.642415117434626e-9
96,-0.15174648667766902,7.482360235884233e-9
97,-0.1506855006338111,5.764572337633778e-9
98,-0.5380368821016189,3.771857781628511e-9
99,-0.14162348934942173,2.905920924206344e-9
100,-0.5462913715170906,1.9013935029436844e-9
101,-0.146691402825562,1.4648747383326044e-9
102,-0.5382383794535724,9.584924642849507e-10
103,-0.510794247390037,6.226623446660683e-10
104,-0.1581366548131856,4.831760514479296e-10
105,-0.5067366350872737,3.1388408783852223e-10
106,-0.34707534089278314,2.0216811069932596e-10
107,-0.34569739740594513,1.5822896868371216e-10
108,-0.3320099047099499,1.0191294459727935e-10
109,-0.3449331959696044,7.976322311898131e-11
110,-0.3282317937371191,5.1374315369502907e-11
111,-0.1259093701903123,3.2748273879482217e-11
112,-0.08168499906378038,2.0610304896786493e-11
113,-0.6116180225176432,1.6508404862680625e-11
114,-0.07262750885305806,1.0389654698404697e-11
115,-0.6090288058410317,8.32188689133773e-12
116,-0.07361296074786719,5.2374249334444956e-12
117,-0.10244148305245443,3.2436381884671957e-12
118,-0.5789725148437258,2.640185908953193e-12
119,-0.09778877832459332,1.6351180108059053e-12
120,-0.583136152219478,1.3309177167040409e-12
121,-0.5577730850642867,1.0660360735453957e-12
122,-0.4187089285560524,8.430362162728497e-13
123,-0.21013479987048192,6.598110386004269e-13
124,-0.11524111609886523,5.120028459739932e-13
125,-0.12452815398675206,3.9445808321051147e-13
126,-0.5722805252757452,2.5810063465541876e-13
127,-0.11734727983514032,1.9884631974644212e-13
128,-0.5455356709468718,1.3010852992979212e-13
129,-0.5294529731487172,8.452198137883511e-14
130,-0.16272013203364202,6.558770993761021e-14
131,-0.5305359646099017,4.260753081306879e-14
132,-0.43826305168884216,2.7442882062838084e-14
133,-0.2787068716374173,1.7493313756886804e-14
134,-0.16253984972414554,1.1009512486113921e-14
135,-0.13290857959247934,6.818403240122325e-15
136,-0.5556826607533374,5.549895244250042e-15
137,-0.5253929349948689,4.445345088229228e-15
138,-0.15411255750510514,2.797702192626439e-15
139,-0.11170613621994722,1.7326708806735299e-15
140,-0.11941250219137338,1.0510769210449288e-15
141,-0.5651724296969417,8.734393909475263e-16
142,-0.11352841024602324,5.298478758987484e-16
143,-0.5748977394697591,4.403007969766482e-16
144,-0.5603732929821703,3.583864452018515e-16
145,-0.42774118828181074,2.8705972883300323e-16
146,-0.2526533572793575,1.8066260702625327e-16
147,-0.4216237083307654,1.4470680930471693e-16
148,-0.19558618487398433,1.1443616591666667e-16
149,-0.4875570823513777,7.29467025705078e-17
150,-0.19751269737621854,5.768727123859165e-17
151,-0.08264545568129229,4.5149541164771456e-17
152,-0.6064852359780345,2.908015343137405e-17
153,-0.07821379190006283,2.2759883701161293e-17
154,-0.6141456718453412,1.465930534475566e-17
155,-0.06941501169501489,1.1473257373755405e-17
156,-0.6210275343837157,7.389755824291324e-18
157,-0.060015482783532005,5.783669042110101e-18
158,-0.06536353202916566,4.48803496227645e-18
159,-0.10093582631438966,3.457679351829688e-18
160,-0.5867371497963902,2.2624184244835583e-18
161,-0.09519340098062165,1.7430161612573456e-18
162,-0.5893420533957069,1.1404851277821616e-18
163,-0.6130142856431392,7.408896463994016e-19
164,-0.06725186914057162,5.749185529149875e-19
165,-0.6126891105290057,3.7348247074993834e-19
166,-0.06554729103257835,2.898164425244451e-19
167,-0.6083173504787504,1.8827251350504386e-19
168,-0.06806181391067742,1.4609646867657284e-19
169,-0.06317878840735673,1.1255588411503611e-19
170,-0.6111902531496156,7.364722985986035e-20
171,-0.06610284706727775,5.67394211823897e-20
172,-0.09074032029221292,4.344642915556495e-20
173,-0.5896964622218045,2.8602342218042646e-20
174,-0.08730289786135596,2.1901344937320294e-20
175,-0.11695705014868484,1.6682074307633684e-20
176,-0.14427663017070202,1.2648460042831833e-20
177,-0.15988151125121042,9.55164329711903e-21
178,-0.5254112704045737,6.376088707591526e-21
179,-0.15589484901561132,4.814983386077702e-21
180,-0.5363779924146764,3.2141863174968886e-21
181,-0.5329049472906531,2.1369784551990945e-21
182,-0.4563945167136523,1.4142870832306042e-21
183,-0.22116292483821534,1.0772508392658633e-21
184,-0.13331881493896963,8.167787737479562e-22
185,-0.113472566920495,6.168007388314513e-22
186,-0.13042609616063833,4.641322156212319e-22
187,-0.15075717680838177,3.4815109670211984e-22
188,-0.1680906785705728,2.6041998742224333e-22
189,-0.514824947164824,1.755029678475386e-22
190,-0.516930531278758,1.1794379805189963e-22
191,-0.4737142340988588,7.901234976699149e-23
192,-0.20570736206950585,5.945546859796259e-23
193,-0.46935608886431046,3.983012551754039e-23
194,-0.32372739044889504,2.658813835844792e-23
195,-0.35593084024696997,2.007836627339211e-23
196,-0.32094459560645977,1.3403080546493592e-23
197,-0.3562855485744265,1.0121504438416961e-23
198,-0.17435900404449925,7.616262408055105e-24
199,-0.09594754988005474,5.713049042687942e-24
200,-0.09863762602541082,4.27340937292068e-24
201,-0.583735210677438,2.879948022418991e-24
202,-0.5661736647433545,1.935420307257881e-24
203,-0.11302509613968462,1.4517817981014132e-24
204,-0.5622916235706595,9.756453768886975e-25
205,-0.10701360385323731,7.318432044229226e-25
206,-0.06850837299837252,5.474249539818015e-25
207,-0.09928901302937694,4.0845239351048465e-25
208,-0.13496708707424504,3.0406963916529043e-25
209,-0.5501026972204729,2.0590085156863528e-25
210,-0.13151411203340552,1.5328150510322287e-25
211,-0.15825555555826878,1.1387329372619017e-25
212,-0.1878242887359619,8.443527294198204e-26
213,-0.48537918440953604,5.740352736737245e-26
214,-0.4528978331511737,3.8951407108829717e-26
215,-0.2353339894960529,2.893711814589245e-26
216,-0.4178393687810356,1.9635404323561052e-26
217,-0.26614378721859144,1.4587201257344383e-26
218,-0.39817248379824166,9.898207319507126e-27
219,-0.2848641492848833,7.353408153827303e-27
220,-0.388596764825493,4.9896863097635414e-27
221,-0.2937714569558096,3.706853050344343e-27
222,-0.11690602788809341,2.7485737772214605e-27
223,-0.07722194908764404,2.034415972469246e-27
224,-0.09865746861268296,1.5033438788985923e-27
225,-0.12695244949290532,1.1092127239850704e-27
226,-0.15520549391581678,8.172530575641435e-28
227,-0.519737273418166,5.591541341608739e-28
228,-0.1672300477171045,4.1197726631808465e-28
229,-0.5082730795037756,2.818695990304965e-28
230,-0.4769411819260163,1.9257877771780704e-28
231,-0.3869296461039124,1.3137312982447941e-28
232,-0.28053609667706575,9.707896184754655e-29
233,-0.394512060135079,6.622519474452007e-29
234,-0.2732266783309593,4.8937504667348196e-29
235,-0.1271761528230343,3.6107575664505026e-29
236,-0.0982835634525492,2.660357745178783e-29
237,-0.5674556568254273,1.8201828892476975e-29
238,-0.4674392321331216,1.2435842575426637e-29
239,-0.20760732974271565,9.175541944697645e-30
240,-0.4883297718577888,6.268908242272564e-30
241,-0.18798304298989812,4.625390694322082e-30
242,-0.09065826478801015,3.407925824888334e-30
243,-0.09540663498441987,2.5076097012623154e-30
244,-0.5733717485402926,1.7179354083262095e-30
245,-0.12191318953054073,1.2640860504063334e-30
246,-0.14335833962166972,9.289949915531678e-31
247,-0.5184739934573228,6.372257780098325e-31
248,-0.4249233598201644,4.365562657499037e-31
249,-0.27502352202373104,2.9868623742497656e-31
250,-0.18105109939811642,2.0406823127530447e-31
251,-0.16373144344074111,1.3921098969517199e-31
252,-0.17811810137919876,9.481081075330611e-32
253,-0.18206773252411523,6.445736219198176e-32
254,-0.17864453996062032,4.3737816664699055e-32
255,-0.5001858689109843,3.249295628097802e-32
256,-0.4365283150144394,2.4093020782143842e-32
