t,lambda,delta_s
1,0.6886342609605671,1.1191099554624575
2,0.0052257686992134705,1.130829267479621
3,0.03382472654136513,1.1895788466080346
4,0.7647516936222192,1.1021652944556641
5,0.2807127036402895,1.054110885105551
6,0.30371292814078954,1.0389484165169143
7,0.2369155857399029,1.0104705450187002
8,0.014404302767668546,0.980772412829393
9,0.13948202095958098,1.0372655856686794
10,0.48648519458352796,0.9449278276039752
11,0.12987786099689452,0.8328255646271667
12,-0.04308860049867474,0.7061303546218541
13,0.24336697305356927,0.735943195808183
14,0.6460045988829813,0.9256469830618856
15,0.5321344554875869,1.0725242716867263
16,0.31477068078568043,0.9514212902005826
17,0.3005628893828578,0.8166423591368352
18,0.44193702950237085,0.8357211866284106
19,0.4617401640605643,0.9636800078595213
20,-0.35349500945857354,0.7869834046910261
21,0.25037256162655813,0.8200506373505397
22,-0.132930155423547,0.6106349905665391
23,0.042859934049431635,0.6171436132275571
24,-0.036410101139117704,0.4322151414115742
25,0.8318120318705953,0.41223809934498234
26,0.3839236019302537,0.4376016084508335
27,-0.0025471752785517906,0.4758233349271611
28,0.39477144589857127,0.46461242846982853
29,-0.07402265480097787,0.38382432700130925
30,0.024607937732662347,0.34294799711447876
31,0.39664329442496377,0.29053222907823884
32,0.08716995455730615,0.2282048415541177
33,0.2678961561419557,0.2992324620195352
34,0.2274826935327867,0.33137220355807323
35,0.262138352994641,0.1970722194794042
36,-0.57085490074715,0.1862839269306351
37,0.19074060436238094,0.20116420628109358
38,-0.2574872112792706,0.10805203052228975
39,-0.11636157497587808,0.10754185895683376
40,-0.316514264749869,0.06543064384940026
41,-0.2162082169397154,0.05604363578510128
42,0.17496611654291147,0.061289104528352734
43,0.09860821699605918,0.06345650027657958
44,0.05449263887600073,0.06144282217187276
45,0.018560870110687282,0.05631961893929102
46,-0.528968213717797,0.03322997933146765
47,-0.040515384457985595,0.029803511063836153
48,0.057474513471880394,0.02796604609836085
49,-0.6923883382502269,0.015550193006394155
50,-0.3005921064537062,0.010803349106750633
51,0.05479211693023308,0.010211899508858046
52,-0.7191743466301382,0.0055710965701142425
53,0.03794130827192848,0.005165595558251989
54,0.025294843346040034,0.004725193511385485
55,-0.048793044628650674,0.004255599342618569
56,-0.10226414366100221,0.0037333255471585984
57,-0.5868270454592691,0.0021515895197773845
58,-0.6485302969232085,0.0012164266798789956
59,-0.03543199716173429,0.00108497896378424
60,-0.6527039496892236,0.0006141663598472943
61,-0.7035025441832274,0.0003479120276394226
62,0.02233207065772307,0.0003095746427272275
63,-0.014870894143212911,0.000275736590180787
64,-0.0746895109883509,0.00024152524370860842
65,-0.11371576015299997,0.00020579984391940327
66,-0.5810034019105607,0.00012177457664733468
67,-0.09166204884205528,0.00010375276082715984
68,-0.12151301383026158,8.662217794620237e-5
69,-0.14493957096578933,7.0833542221515e-5
70,-0.5484907082652309,4.366924046489606e-5
71,-0.123899311835134,3.570857018847989e-5
72,-0.14226765471699163,2.87205812974304e-5
73,-0.1618009913830317,2.2795795246037686e-5
74,-0.5285255997914893,1.4478092236326672e-5
75,-0.5663518192539382,9.07416418900388e-6
76,-0.11084026043580446,7.298488770908203e-6
77,-0.5828162046204584,4.574283649173324e-6
78,-0.093629001613862,3.679189150490401e-6
79,-0.12583844935536012,2.9202678432601003e-6
80,-0.5669579317648311,1.8546807907202558e-6
81,-0.6194923500599521,1.1624018302379813e-6
82,-0.6487635063246149,7.165843444792614e-7
83,-0.029904051691523246,5.859672892695623e-7
84,-0.04471391346579988,4.7130694065966436e-7
85,-0.6463955694835195,2.953861518557889e-7
86,-0.6558586308348331,1.820961393408843e-7
87,-0.41185348821567896,1.0994835277479927e-7
88,-0.27308386166377113,9.179467595393116e-8
89,-0.4020551470076762,5.542496733200018e-8
90,-0.06835887910139056,3.278914349283142e-8
91,-0.6092645118169878,2.7939727021198475e-8
92,-0.07516437593852399,1.6529007419526648e-8
93,-0.598964686194735,1.4084416637173117e-8
94,-0.28434369270755827,1.1758925555238498e-8
95,-0.3895829559190311,7.0999544829483875e-9
96,-0.28756344150038765,5.927674409254219e-9
97,-0.0321440305699315,4.847195468424678e-9
98,-0.6433851623333299,2.988140681672e-9
99,-0.36609277163620524,1.8042178100170339e-9
100,-0.05004504501250248,1.0673665215683022e-9
101,-0.6195922613963163,9.095061976709346e-10
102,-0.2893237213524211,7.593367771935701e-10
103,-0.025599596892387957,6.209271151596406e-10
104,-0.6504916824301028,3.827816694312487e-10
105,-0.35684033293541445,2.3112081390108214e-10
106,-0.31476664217631256,1.9296023955139683e-10
107,-0.3559735562117064,1.1650800231004305e-10
108,-0.3177793834154498,9.727125674750472e-11
109,-0.008871898408362925,7.954093970761157e-11
110,-0.665874986217999,4.903444052720431e-11
111,-0.3332583131501229,2.960664189099234e-11
112,-0.33516034338356393,2.4718261469988803e-11
113,-0.0005552211732217396,2.0212689863010175e-11
114,-0.0004285881027427405,1.625753244487313e-11
115,-0.6473875578303703,1.018921696008127e-11
116,-0.04126796871351945,8.195422105444442e-12
117,-0.6305106389244456,5.13638426957995e-12
118,-0.5109828796453711,3.1664163125523822e-12
119,-0.1686325285216709,2.5892513102928774e-12
120,-0.5072844640821346,1.5961904631584896e-12
121,-0.1702874796935475,1.305241585518036e-12
122,-0.5225784909674798,8.046396124778571e-13
123,-0.16274657077111757,6.579722832598793e-13
124,-0.03657378071381713,5.292222764620201e-13
125,-0.6043471252430633,3.316838279914512e-13
126,-0.4123603796635831,2.0447245152283677e-13
127,-0.26624351708510857,1.6720181769048064e-13
128,-0.4123872419934217,1.0307456281266548e-13
129,-0.1302062111097369,6.223567836642833e-14
130,-0.5401679659301901,5.195988711386336e-14
131,-0.14627954694577947,3.137300546451714e-14
132,-0.03405966125740296,1.856011822552338e-14
133,-0.6438873693451439,1.581513205466293e-14
134,-0.474510261303141,1.3203880761334584e-14
135,-0.15705027471446065,1.0797116420432094e-14
136,-0.04467754366648932,8.684369656017222e-15
137,-0.6520798906239956,5.442826387539795e-15
138,-0.525220161947524,3.3553280586906853e-15
139,-0.15664298809041727,2.7437287819588027e-15
140,-0.0438918640794638,2.2068443138478803e-15
141,-0.6234562354572081,1.3831136789854332e-15
142,-0.4570051595721914,8.52645262777973e-16
143,-0.1664029802891296,5.14821066293118e-16
144,-0.05026482017670449,3.0456565170965266e-16
145,-0.6412908494821215,2.595212995183607e-16
146,-0.493905417101382,2.166714942387501e-16
147,-0.16661116050873168,1.771772549730528e-16
148,-0.5095907096421644,1.0922410024575388e-16
149,-0.17561906230675065,6.594872476066037e-17
150,-0.029759284122205593,3.901494645659094e-17
151,-0.047691976273560435,2.2459372515960334e-17
152,-0.6417645422483332,1.9667434508767492e-17
153,-0.03922548787112992,1.1321769685295607e-17
154,-0.6457725323411964,9.91435373586969e-18
155,-0.035234638739736444,5.7073040983575135e-18
156,-0.646639688736137,4.9978257182519106e-18
157,-0.5513059534720233,4.258662189535117e-18
158,-0.13283150298568344,2.5194039445707873e-18
159,-0.5344545194923613,2.146791609744652e-18
160,-0.14024305379265806,1.2700315284581339e-18
161,-0.5256229208630664,1.0821976504722794e-18
162,-0.1482937194096214,6.402228934957451e-19
163,-0.5215453295861893,5.455358356030758e-19
164,-0.09382686774917749,4.554619018950348e-19
165,0.02528671848536359,3.724416532321858e-19
166,-0.703044292335129,2.29598344745287e-19
167,-0.5703068065491564,1.38629826284138e-19
168,-0.10038051251739723,1.1574052558609916e-19
169,-0.5662793444117062,6.988329542983394e-20
170,-0.1008327415634199,5.834479894795257e-20
171,0.043353797964577855,4.770988152304962e-20
172,-0.7220358966246079,2.941161314966289e-20
173,0.02812625774859992,2.405055127576931e-20
174,-0.020836658075856954,1.9344412857726602e-20
175,-0.08875616878638141,1.5354201950548036e-20
176,-0.5869971401793214,9.751518521579978e-21
177,-0.5955598281475099,6.1116493689399255e-21
178,-0.08274116570594064,4.915740486728467e-21
179,-0.06698720644225983,3.901760819769042e-21
180,-0.08529752162112038,3.0635770317986255e-21
181,-0.5917184115796923,1.9668776292455746e-21
182,-0.5434308578064266,1.249172291275285e-21
183,-0.328873559235139,7.829040193868045e-22
184,-0.36104782906834365,6.297077520318711e-22
185,-0.11703304923073163,4.998166688042479e-22
186,-0.04062874966037889,3.9244508758725802e-22
187,-0.6211910563014786,2.5195758274422134e-22
188,-0.44457015384367154,1.6001932517861003e-22
189,-0.22942382146538823,1.2701181746136197e-22
190,-0.4231516222511082,8.066574182253733e-23
191,-0.249370023349401,6.402665718227257e-23
192,-0.002986091654474911,5.027232714332947e-23
193,-0.015390782181626993,3.911965539796827e-23
194,-0.07179908589897513,3.0211997867325053e-23
195,-0.11531086324927611,2.3183049596856465e-23
196,-0.1331066800785965,1.769123499400206e-23
197,-0.1400789841503421,1.3435611748358854e-23
198,-0.5450679358594158,8.91815156047644e-24
199,-0.11680306806404245,6.7728918823477e-24
200,-0.5535862421408697,4.495640201636173e-24
201,-0.3911505337642028,2.969755235511938e-24
202,-0.30055050019725854,2.266252225644794e-24
203,-0.36063223711292425,1.4970536142215679e-24
204,-0.32315203883950017,1.1424177469475409e-24
205,-0.10652644243283584,8.67609373094976e-25
206,-0.5516419214699505,5.758927862362551e-25
207,-0.2468836295069378,3.8042648884495532e-25
208,-0.058094148267792876,2.4991730411171154e-25
209,-0.07868033991968723,1.6312803318084235e-25
210,-0.14360082840740374,1.0567670571450386e-25
211,-0.5139499327067208,8.223284152646261e-26
212,-0.5035038759737649,6.350818808466801e-26
213,-0.1990624231976401,4.1453575413489795e-26
214,-0.45484352333915273,3.201447761348114e-26
215,-0.36553833573270234,2.456617485510559e-26
216,-0.28140244685514293,1.8746712784686807e-26
217,-0.23460176134422162,1.4237194555294814e-26
218,-0.21987416372608332,1.0766969867440165e-26
219,-0.2213663231521778,8.112337675966165e-27
220,-0.2256546517970141,6.092011339622e-27
221,-0.22827802188781282,4.561297984870219e-27
222,-0.45801685082914534,3.07098291630345e-27
223,-0.22343195188815443,2.2993503141730778e-27
224,-0.4727716847979661,1.5480824881085685e-27
225,-0.203868097178661,1.1591024933746486e-27
226,-0.20631167330714353,8.65547981001816e-28
227,-0.2095025436834224,6.447811294722861e-28
228,-0.475563664049619,4.363227372230154e-28
229,-0.2105953589228901,3.2503416736697923e-28
230,-0.4759475342557335,2.1995029183412207e-28
231,-0.2049404810661882,1.6384972376969427e-28
232,-0.4775611722431239,1.108769421135809e-28
233,-0.1939811452264029,8.259664575230286e-29
234,-0.4827111068892949,5.589306651945613e-29
235,-0.185433606349698,4.1636969123735875e-29
236,-0.1612346478348278,3.09490621018806e-29
237,-0.16672112917263573,2.295863478628751e-29
238,-0.1766175466743002,1.6999942204134304e-29
239,-0.5020546284583043,1.1573447795767533e-29
240,-0.18482910623820115,8.569670865104104e-30
241,-0.1562897749843345,6.334790965608349e-30
242,-0.14944002265720377,4.6754539028830695e-30
243,-0.14913722537227334,3.445790983468318e-30
244,-0.14990614795653726,2.5361369056699036e-30
245,-0.5287258304438154,1.737023234766378e-30
246,-0.49453880461340566,1.1881114311026956e-30
247,-0.34705125595606506,8.11488521274615e-31
248,-0.17975933517398587,5.533895222754888e-31
249,-0.5119487995207861,4.090713635745333e-31
250,-0.36307851823352577,3.0191908679635177e-31
251,-0.19911399041760605,2.2251316955094685e-31
252,-0.48083826581149797,1.5219741165404087e-31
253,-0.2024519202464317,1.121688887706323e-31
254,-0.47559961730262396,7.6722715214802e-32
255,-0.268600813863103,5.240215781784832e-32
256,-0.4203581600013691,3.867592073978168e-32
