t,lambda,delta_s
1,-1.9517662664242679,0.9673905778701497
2,-0.016669773455482238,0.9713825617049602
3,0.1223621997528827,1.181038890235027
4,0.05552711831336149,1.0987302399898058
5,0.4616704957072397,1.072487599083697
6,0.533871145856707,1.1014102520654945
7,0.276429352169486,0.8521424882327545
8,0.6566616468063914,0.7370394823337074
9,0.39114683977542364,0.7961192191126781
10,0.5601734323250842,0.6997639966321002
11,0.1323269440054549,0.7445697022910427
12,0.32015433993906783,0.7005504349105244
13,0.5421911291559779,0.7170006181217475
14,0.10424020569342281,0.685517351550496
15,0.2779052274911571,0.7281777453805626
16,-0.06888559905601238,0.48417353473130575
17,-0.14390631368422385,0.3728164334732738
18,0.2080454247035131,0.3799594894723095
19,0.19826814361843334,0.39340781684975423
20,-0.21651792950175025,0.2343656846495174
21,0.05683514370909257,0.21801294273921415
22,0.25985022108072664,0.24617052169000983
23,-0.10728183403395568,0.17063905323256057
24,0.034020906047040264,0.16586144500204208
25,-0.223171290617182,0.08373400796593569
26,-0.23192635591872082,0.0718698451235939
27,-0.31754563650561407,0.03823246914871403
28,-0.5446784408612879,0.028891989747096954
29,-0.10869861208202553,0.03166583694784424
30,-0.0275436285361059,0.03030649394492904
31,-0.8785100710528051,0.012761677539087812
32,-0.5144119657511897,0.005548722395379633
33,-0.015695673955640838,0.004441899746661189
34,-0.050582600140561665,0.004253107224378452
35,-0.14471498579030576,0.0037895361009089657
36,-0.20701513119724183,0.0031536243961876225
37,-0.24917574225302844,0.0025060844493950663
38,-0.27966294215220056,0.0019224877477474922
39,-0.6125661674420244,0.0010291988026162318
40,-0.6336099654158406,0.0005325923078839093
41,-0.6458975067211892,0.0002626059314389473
42,-0.24555609034047282,0.000218178986697854
43,-0.25580336429376693,0.00017276452601863
44,-0.2760569839655162,0.00013219591342890604
45,-0.2902553700990838,9.867754951501967e-5
46,-0.605604590551995,5.4154999660233535e-5
47,-0.5905542504110524,2.8996860234269344e-5
48,-0.3021827360464388,2.218185650927559e-5
49,-0.5663519227453027,1.187679643209293e-5
50,-0.45464110091545307,6.147108132045885e-6
51,-0.338574745050445,3.0344585615672324e-6
52,-0.5556357293656443,2.5178534735275336e-6
53,-0.3389739887018481,1.2429165534239506e-6
54,-0.28884402448480045,5.685902972844634e-7
55,-0.5990301367614645,5.09098758955207e-7
56,-0.5333790587727223,4.224260833611083e-7
57,-0.36219139916277504,2.0852680580481556e-7
58,-0.5177981260504538,1.730257435699756e-7
59,-0.39647522595532986,1.3692952012882254e-7
60,-0.49530830316623364,7.087136048306053e-8
61,-0.3939292374911838,5.6086331697068245e-8
62,-0.3050322090394041,4.290583904826441e-8
63,-0.5830457457890077,2.2972962938810037e-8
64,-0.31444839496565247,1.757423164382752e-8
65,-0.550027281009203,9.409725418429698e-9
66,-0.34528727564448447,7.198405297030979e-9
67,-0.2762832629881831,5.372506627299867e-9
68,-0.26176824312580654,3.940486184704154e-9
69,-0.6036455884472476,2.200578702727924e-9
70,-0.522313624724369,1.2076919916709513e-9
71,-0.39464957474550144,6.466314034549121e-10
72,-0.4986764425195731,4.946706396629568e-10
73,-0.37072261803321976,3.691958415059832e-10
74,-0.27053681283490966,2.7078814803640163e-10
75,-0.6210544896630391,1.5122261674121668e-10
76,-0.46619846518038627,8.299196184562364e-11
77,-0.4295268527590299,6.194078381751396e-11
78,-0.44461196603090086,3.3993507572971e-11
79,-0.24537909387818804,1.820105598662362e-11
80,-0.19059031868225074,9.420421113275584e-12
81,-0.2113318453543253,4.6503088283896306e-12
82,-0.24846063489537115,2.1273534649913495e-12
83,-0.28504663142439807,8.847842990273437e-13
84,-0.5915554979540691,8.713639792605007e-13
85,-0.5853552933491004,7.801923568057166e-13
86,-0.31584854241205146,3.5691068590491566e-13
87,-0.5620324784867128,3.1956678934768055e-13
88,-0.3377474121299213,1.4619061694662243e-13
89,-0.5389729195843379,1.308945569168199e-13
90,-0.3590568745213847,5.987967670133131e-14
91,-0.5200252570164661,5.361441051312969e-14
92,-0.4289611878801136,4.448668091993414e-14
93,-0.4697710262722501,2.1960462546177854e-14
94,-0.3958072442123855,1.004614270028421e-14
95,-0.33953458524244484,4.178275718296038e-15
96,-0.315385978612553,2.7281143636390994e-15
97,-0.2997932410974762,2.4976876432216754e-15
98,-0.295801305161491,2.275183958930353e-15
99,-0.5929703830383546,1.0230528586635976e-15
100,-0.5702056466204661,4.577016395147564e-16
101,-0.3248251685972444,4.190424509086095e-16
102,-0.30001814364087337,3.817125271870965e-16
103,-0.5968773290055123,1.7163978789216645e-16
104,-0.5502876701701553,7.678959269693202e-17
105,-0.3427749076166679,7.030365712063138e-17
106,-0.29282694737480663,6.40407351852379e-17
107,-0.2709271828580746,5.436543955925269e-17
108,-0.26448554904490656,4.360329242478471e-17
109,-0.26488590437674614,3.3621082606098335e-17
110,-0.2615450555344269,2.52025037056961e-17
111,-0.6270422226611126,1.3771195435457878e-17
112,-0.5957918528444721,7.315418553217768e-18
113,-0.4639559959666285,3.7359645590344794e-18
114,-0.29510020119267666,1.8025864444798127e-18
115,-0.21560113476262488,8.105459814688216e-19
116,-0.22558924520193083,3.6262859878520325e-19
117,-0.2458535318972883,2.2748696817121197e-19
118,-0.6287162688188156,1.4853267406241928e-19
119,-0.5891629836594713,1.3598705009034416e-19
120,-0.49783605924883356,1.2387279723605944e-19
121,-0.3864723018767013,1.0515805372460666e-19
122,-0.48818658471061893,5.073829774788996e-20
123,-0.3892740696268965,4.3072738805598866e-20
124,-0.4987613283988547,2.078240675753573e-20
125,-0.392990194101887,1.76425938147733e-20
126,-0.30273959299287195,1.4150077392436577e-20
127,-0.5797409416884162,7.226406426531147e-21
128,-0.3150930247838452,5.7958716999420226e-21
129,-0.567216511389067,2.9599360723071577e-21
130,-0.4551588027417033,1.4281561176925659e-21
131,-0.34094996758662205,6.421806874509573e-22
132,-0.29139679570816196,2.8730397556874064e-22
133,-0.5775635308563499,2.630372095799121e-22
134,-0.4784993431402066,2.3960483668249605e-22
135,-0.368020568651573,2.0340525806095895e-22
136,-0.29620689523685134,1.6313928517591315e-22
137,-0.5986555266389653,8.33147937017688e-23
138,-0.29786945824994865,6.682185120805402e-23
139,-0.5828536871246215,3.4125739500244494e-23
140,-0.3102627705859382,2.7370230254818924e-23
141,-0.569738173525637,1.3977902899300146e-23
142,-0.49620107990139994,6.744276582496613e-24
143,-0.3993903628698386,5.7253490275533404e-24
144,-0.4919054813940127,2.7624556881906123e-24
145,-0.3924814288950604,2.3451029616858484e-24
146,-0.4889893514654979,1.1315018498828745e-24
147,-0.4000004504565841,9.605541731065234e-25
148,-0.31622548356799757,7.704034923540451e-25
149,-0.5734073755953842,3.9344298930443213e-25
150,-0.3187912978699034,3.155572704682168e-25
151,-0.28079061085845036,2.4331596233628255e-25
152,-0.6042424089485594,1.2925225798378165e-25
153,-0.5594277360283084,6.600878015246147e-26
154,-0.3375860368249966,5.294172487015696e-26
155,-0.5590104925478349,2.7037196350448215e-26
156,-0.46360460629640227,1.3045328152323947e-26
157,-0.42991744711095803,1.1074435625143593e-26
158,-0.3285729434331422,8.882147535591953e-27
159,-0.5646123829304361,4.536088832058815e-27
160,-0.4551871236800478,2.1886428820241977e-27
161,-0.4310847219892017,1.8579819856112907e-27
162,-0.3226508049304546,1.4901770774849391e-27
163,-0.27121666884908635,1.149027145284034e-27
164,-0.6140793948091103,6.103765309378311e-28
165,-0.5480977187449029,3.117176509670951e-28
166,-0.4284172277755677,1.5040239361467386e-28
167,-0.45624537354163575,1.2767954983612222e-28
168,-0.44081558336023247,6.160482042457043e-29
169,-0.44156435091605095,5.229754361287565e-29
170,-0.4537128585813152,2.5233334445904044e-29
171,-0.42649604002578545,2.1421073863833867e-29
172,-0.47127391820428577,1.0335573789042299e-29
173,-0.41453434136688805,8.774071854626353e-30
174,-0.27465045257751536,7.037162284255519e-30
175,-0.6122767663455033,3.5938598316549544e-30
176,-0.4799682085481949,1.734021539427011e-30
177,-0.4026148234685452,1.4720449870458693e-30
178,-0.26731324292524195,1.1806399167000824e-30
179,-0.6199578312120704,6.029496266939879e-31
180,-0.4986992273785484,2.909205391561947e-31
181,-0.33934309171706417,1.3081451636448137e-31
182,-0.2523421471017013,5.852485343774496e-32
183,-0.2338368290811221,3.671426223915457e-32
184,-0.6516721176673131,2.397177996810033e-32
185,-0.5885206865659769,2.1947033969824382e-32
186,-0.4130746365632496,1.9991907222568706e-32
187,-0.2604790619836171,1.6971523213138905e-32
188,-0.6318660150971664,8.188685198364141e-33
189,-0.2458478808947799,6.951535908101696e-33
190,-0.20515689475456794,5.575414370962481e-33
191,-0.6909831595303126,2.8473491079584548e-33
192,-0.6814631539399811,1.3738334032895806e-33
193,-0.5607631653902287,6.177540875524296e-34
194,-0.3161613025352573,5.627221619874124e-34
195,-0.5865631363093757,2.530320742614752e-34
196,-0.3230731258839647,1.1320353025608303e-34
197,-0.5542525476692519,1.0364193761750022e-34
198,-0.3400591305580264,4.6368165992891594e-35
199,-0.5314253511071922,4.245173764812811e-35
200,-0.36048458497112434,1.89924007906884e-35
201,-0.5122420821884406,1.7388231740673267e-35
202,-0.1677904673727205,1.583922074399769e-35
203,-0.10591455453074688,1.3446225992451793e-35
204,-0.7795584615893556,6.487744816741456e-36
205,-0.7066686345974486,2.9172611977133144e-36
206,-0.17260528065633157,2.6573802769372998e-36
207,-0.09661941754611482,2.2559023786017815e-36
208,-0.7861973725376742,1.0884629614335181e-36
209,-0.11059019041536952,9.240176142752894e-37
210,-0.16652628763292285,7.4109968699848806e-37
211,-0.2279252314478724,5.714378986153544e-37
212,-0.642686134932801,3.035544317945807e-37
213,-0.6507621248915654,1.5502443102501216e-37
214,-0.6322705237128599,7.479860515622831e-38
215,-0.24910539962124542,6.3498006947845e-38
216,-0.6406165644148514,3.063750867199112e-38
217,-0.2470488160984031,2.6008783645837307e-38
218,-0.23167102356528144,2.0860101713817382e-38
219,-0.6556491724091358,1.0653197781334962e-38
220,-0.6449290489755458,5.140121006918683e-39
221,-0.5796596187331128,2.3112924426898796e-39
222,-0.43940259515164104,1.0340446551306485e-39
223,-0.442615378760892,9.46705384525775e-40
224,-0.4643612159355808,4.235446907415136e-40
225,-0.41366248719179916,3.877705255017573e-40
226,-0.2707994512190569,3.5322642595517333e-40
227,-0.6278871958803194,1.5883080724551983e-40
228,-0.4995340218032152,7.105900762223573e-41
229,-0.3170404354199376,4.45772844706396e-41
230,-0.21588049431407122,4.3901140677601667e-41
231,-0.6763507917781828,1.825885571917398e-41
232,-0.21270988696106172,1.798190722154564e-41
233,-0.6777664699617785,7.478827302573664e-42
234,-0.515299478627832,4.883137821179478e-42
235,-0.37408911710915027,3.063327663134173e-42
236,-0.19465027104611202,3.016863415478311e-42
237,-0.6941002583376057,1.2547390108197572e-42
238,-0.19124229055662323,1.2357072549799158e-42
239,-0.1538404798963174,1.1064140571933244e-42
240,-0.17999022001213152,9.180496186866664e-43
241,-0.22595996949888753,7.26528024292004e-43
242,-0.2550055708057342,5.5579125906468994e-43
243,-0.635122778307859,2.975858787500049e-43
244,-0.6464251519000211,1.5402316751423835e-43
245,-0.6289422523344136,7.603219506368001e-44
246,-0.26714887366216766,6.308788941383204e-44
247,-0.6170792497522857,3.114278709808333e-44
248,-0.48562816151017035,1.424673467665042e-44
249,-0.3973839251475241,1.2756085595374938e-44
250,-0.4888137538448074,5.835462523556012e-45
251,-0.28833136703591167,2.4270182192923596e-45
252,-0.2098091207271238,1.5846688230439264e-45
253,-0.6822847219347282,9.941066626221504e-46
254,-0.5896527114588728,9.79028152176043e-46
255,-0.3777089017876042,8.765915273137928e-46
256,-0.22338800470316142,7.273538438546562e-46
