t,lambda,delta_s
1,-0.8287325132635224,1.015207308897464
2,0.06346557292780587,0.8592156518354853
3,0.24839614025994602,0.6590188720338441
4,0.47466245353067216,0.6331303920607623
5,0.21148862700462265,0.6214404766915854
6,0.3358306831535058,0.5084419115049649
7,0.4480287868909827,0.48306392757256245
8,0.26972740170463105,0.31784339636967335
9,-0.2358634064597637,0.22288415626769684
10,0.11347966065987744,0.22799733844454664
11,0.09617403902795704,0.2216405101219268
12,0.20954050444004038,0.2165456724514468
13,-0.41655587193671106,0.11916228683413875
14,-0.1861329246565192,0.1150773971529436
15,-0.23101705327733482,0.113231920431044
16,-0.4367767232544535,0.053101627751769465
17,0.02688950071760962,0.04358208309887919
18,-0.024822664478988805,0.04212749786720295
19,-0.20996295887717237,0.036786683433993106
20,-0.5250515829084287,0.017804252480171947
21,-0.3975923115614429,0.009790529401797046
22,-0.2837537263060638,0.007436207164321421
23,-0.24234822893713448,0.006388907378925146
24,-0.24417726537825246,0.005315202474659833
25,-0.6565126327861419,0.0026166910218803604
26,-0.23305612745020368,0.002177074432161302
27,-0.6680417653814441,0.001073490294930796
28,-0.2221926237973571,0.0008914461508443416
29,-0.2522838183745563,0.0007102195906162432
30,-0.6470976923772255,0.00036503354905698305
31,-0.24097874773161887,0.0002909272901603285
32,-0.2675289470916892,0.00022552986638240546
33,-0.28867251941319316,0.0001711588990992009
34,-0.30453358362944716,0.0001271094140740791
35,-0.31396970163283594,9.276845052428692e-5
36,-0.32108695538518217,6.677398564168305e-5
37,-0.5772911214995106,3.799728369992979e-5
38,-0.5862788620390967,2.1322885365783766e-5
39,-0.571233255650824,1.1757462941757685e-5
40,-0.3260246187548097,8.733876386195969e-6
41,-0.560880841112165,4.815843475739645e-6
42,-0.4880275208599344,2.5977874481309087e-6
43,-0.4246767222237011,1.9725717525051493e-6
44,-0.46243109901835777,1.064051585004413e-6
45,-0.44100270888653254,8.079655923911406e-7
46,-0.40068073186453873,6.001900795387015e-7
47,-0.4873600958216698,3.309425743895246e-7
48,-0.43426385975971266,1.7851790822637627e-7
49,-0.38063876571141897,9.42206180575604e-8
50,-0.354189410693531,4.833644034390035e-8
51,-0.5418082457461093,3.859276494061164e-8
52,-0.357522407832813,1.979860618902978e-8
53,-0.53532693069068,1.580759647535484e-8
54,-0.48174589824415265,1.2267658031359724e-8
55,-0.41196375997441914,9.315207369210398e-9
56,-0.45774125490362716,5.024832660951702e-9
57,-0.32117836676461453,2.6520744234735024e-9
58,-0.24724689255847002,1.3605496213259637e-9
59,-0.6480609272025756,1.086289683838811e-9
60,-0.5271394407817958,8.430270299555311e-10
61,-0.31885406821198353,6.401361781151875e-10
62,-0.5703047401510295,3.4530387139026764e-10
63,-0.297531418439703,2.62199778529916e-10
64,-0.5847055723255433,1.4143646571877839e-10
65,-0.2882154662659398,1.0739702928977547e-10
66,-0.1157694099591664,7.977897911503333e-11
67,-0.7799073894695335,4.3989823195714684e-11
68,-0.55641856035911,2.37291013539149e-11
69,-0.32298411261124593,1.801823158122455e-11
70,-0.07104489074990857,1.33846916490889e-11
71,-0.10403688414426138,9.769644608925184e-12
72,-0.7747181763266313,5.4823696994554555e-12
73,-0.12639234455418946,4.001646431829447e-12
74,-0.18717851676905864,2.8804347888004212e-12
75,-0.6950394438967665,1.639074378475262e-12
76,-0.2022872227949292,1.1798260894926353e-12
77,-0.2522968468181372,8.395159454212957e-13
78,-0.6081069660623176,4.832567662561906e-13
79,-0.5888472292839801,2.749910488774782e-13
80,-0.30821486776870105,1.9794197145855666e-13
81,-0.5714017236374633,1.1263633362020937e-13
82,-0.33580235708228423,8.107703150943065e-14
83,-0.3161736635452114,5.769109648090786e-14
84,-0.5417209471783122,3.320915210626283e-14
85,-0.472463944373871,1.889724098594269e-14
86,-0.40870077712121666,1.3602468702725255e-14
87,-0.33172870827549117,9.678959869370329e-15
88,-0.5419655151177455,5.571571180636248e-15
89,-0.37443709475107156,3.964501962494102e-15
90,-0.3205671307168556,2.793721191667762e-15
91,-0.2981017223245874,1.9526109589241915e-15
92,-0.576735381232818,1.1443082001071153e-15
93,-0.3215996796637057,7.99789448775349e-16
94,-0.5671916709858713,4.687086387638741e-16
95,-0.4864362482412675,2.724385003814392e-16
96,-0.3915860962975807,1.5682578683113413e-16
97,-0.3290908936981485,8.923969745072448e-17
98,-0.3086765568880441,5.007807682599539e-17
99,-0.3122997137787027,2.7612859551995245e-17
100,-0.32416463636024745,1.489499832816306e-17
101,-0.336397786428844,7.861484492808374e-18
102,-0.3511416326208993,4.033046606053126e-18
103,-0.36876489072281404,1.982907991535803e-18
104,-0.5093800737178056,1.6519358898393606e-18
105,-0.4875361200017139,1.318938234164965e-18
106,-0.452380335399572,1.0235764910949604e-18
107,-0.4488672486951985,5.402371007139696e-19
108,-0.4365735777611734,4.192569307524959e-19
109,-0.40523038307079995,3.1835459581183925e-19
110,-0.49366375157283393,1.7172763883622232e-19
111,-0.4745890772408279,9.063674529892025e-20
112,-0.4057686533528906,7.033964086731666e-20
113,-0.3667026702340031,5.34110381852792e-20
114,-0.5307707290006337,2.881111689925291e-20
115,-0.5064087630623193,1.52063225341697e-20
116,-0.4711902903870298,7.801046678026843e-21
117,-0.4234110879905586,3.8355018702205115e-21
118,-0.36985615567750757,1.8397175924624323e-21
119,-0.5119124352048655,1.5710215660423214e-21
120,-0.3772609690724874,7.535483258726123e-22
121,-0.5011274086548033,6.434904334509349e-22
122,-0.38383817495455813,3.0865339427742195e-22
123,-0.26673586893815815,1.7416845025560498e-22
124,-0.21321318325983665,1.4113297951364825e-22
125,-0.20962852328391876,1.224544236625328e-22
126,-0.6906960604554043,5.780806840879032e-23
127,-0.6861175752779511,2.9220617103235417e-23
128,-0.18998896577306393,2.3678184820240517e-23
129,-0.6761340968347443,1.1968764765485223e-23
130,-0.4105052686267822,8.68782069659023e-24
131,-0.18989554586471682,7.41893958734364e-24
132,-0.6922467239072516,3.558531357323359e-24
133,-0.4523601568654573,2.0080255172373495e-24
134,-0.41994488926905654,1.4575744439596479e-24
135,-0.1800215356755937,1.244691519478151e-24
136,-0.1564541002561331,1.0369369640858197e-24
137,-0.7212457573566619,5.098256463782507e-25
138,-0.6208996149158714,2.4454041282390906e-25
139,-0.26542855926485753,2.0882458475653157e-25
140,-0.1545350857775117,1.739691542485204e-25
141,-0.16693825282048635,1.3890040800919268e-25
142,-0.7163324880420187,7.125776558019398e-26
143,-0.647731515920569,3.5034951645706364e-26
144,-0.3860207704819116,1.680468921006446e-26
145,-0.5085053536620678,1.435031619408133e-26
146,-0.37814244588919776,6.883200700442403e-27
147,-0.1943798012319524,3.884086230773206e-27
148,-0.180687018368988,3.147370615243314e-27
149,-0.707968879331428,1.5909217201247049e-27
150,-0.190865492034672,1.2891630040036616e-27
151,-0.6962467272295808,6.516415365630792e-28
152,-0.20045750900983733,5.2804116643989975e-28
153,-0.6858880850191376,2.669123733762372e-28
154,-0.21064768073251539,2.1628566177378293e-28
155,-0.21805311824072,1.8766085822213412e-28
156,-0.2392772045093786,1.55345448584224e-28
157,-0.25682222057034243,1.2325690148181861e-28
158,-0.2788022656771303,9.465858903070894e-29
159,-0.6155917292429187,5.0486026846952894e-29
160,-0.6317382073990938,2.60626414551442e-29
161,-0.2533349896968209,2.067907659651191e-29
162,-0.24589893206355665,1.5881075944234345e-29
163,-0.64418805604701,8.470149773931276e-30
164,-0.25308636356257125,6.50488870675839e-30
165,-0.25085515584242063,4.878183738808004e-30
166,-0.6376197301062058,2.6644024142882368e-30
167,-0.6012338977468257,1.4210553230959623e-30
168,-0.26955628652647096,1.0913392288924614e-30
169,-0.6183911711579994,5.82064260340106e-31
170,-0.46114867035963475,3.0048179800493647e-31
171,-0.4177811658975061,2.384135210353075e-31
172,-0.243838989320307,1.830963397240227e-31
173,-0.1960124294040249,1.3730866542712837e-31
174,-0.21278075597979768,1.0107866471842199e-31
175,-0.2392628566879835,7.324476753019123e-32
176,-0.6455462301691847,4.1401821068665633e-32
177,-0.2490977335126753,3.000105678036631e-32
178,-0.2534538320729191,2.1456302870692064e-32
179,-0.27036914317412286,1.5180177444184516e-32
180,-0.2871991387550343,1.0643909230425844e-32
181,-0.2868818609208199,7.407169181820002e-33
182,-0.6041242477308387,4.3597452207824264e-33
183,-0.2817171125441447,3.0339764968734734e-33
184,-0.2724944181244153,2.097881618998215e-33
185,-0.6184315549862953,1.2427167731193748e-33
186,-0.27654269651786817,8.592923111416689e-34
187,-0.613976042990474,5.09016790269696e-34
188,-0.27124514517724485,3.519661306436275e-34
189,-0.24381803277055009,2.420348532473158e-34
190,-0.24830521443422157,1.6564495201308816e-34
191,-0.2652849909642048,1.1289093169955185e-34
192,-0.602002538941216,6.784817234456092e-35
193,-0.5429541547244345,4.0606710124585196e-35
194,-0.3443466793062236,2.779061139233215e-35
195,-0.5432563416837665,1.6632508467030095e-35
196,-0.34307879197883173,1.138303442629925e-35
197,-0.5574432984927173,6.812675468095527e-36
198,-0.43674813898813164,4.057893209123013e-36
199,-0.32471072414016683,2.4037638295875006e-36
200,-0.26455962757572093,1.4148182133675517e-36
201,-0.24343363090256662,8.26487473757912e-37
202,-0.24562691771815554,4.784915432218053e-37
203,-0.2614083847673095,2.740412100385175e-37
204,-0.6270531317607683,1.9599013610365133e-37
205,-0.632495141195219,1.3866158868530825e-37
206,-0.5931387650386643,9.722556729918056e-38
207,-0.46753581635102337,6.765993679510593e-38
208,-0.4243287115524858,3.982359236574435e-38
209,-0.2831572174012276,2.326355424276573e-38
210,-0.22763440133298954,1.3468339598460343e-38
211,-0.6639894832838326,9.528751817836844e-39
212,-0.5920444984385287,6.681290110160443e-39
213,-0.2979042925427094,3.9029767445859705e-39
214,-0.6000692716928221,2.7366564291217165e-39
215,-0.4139488533371845,1.9044579133646902e-39
216,-0.48070296074715485,1.1209344733682552e-39
217,-0.408919784264893,7.800659613141769e-40
218,-0.48617311229028304,4.5913476029163734e-40
219,-0.3994563091825856,3.1951501775428687e-40
220,-0.48902168980931543,1.880615978154547e-40
221,-0.40644419494165257,1.3087335127215593e-40
222,-0.2197587504104395,9.049404249950007e-41
223,-0.6699850076452274,5.360572468107507e-41
224,-0.4949078911148158,3.155150047855011e-41
225,-0.3987373855071267,2.1956904829368341e-41
226,-0.501802721160395,1.2923494596014128e-41
227,-0.39001813787117734,8.993548218109275e-42
228,-0.23500145709237416,6.21870324829099e-42
229,-0.6589450513737743,3.6837573501375583e-42
230,-0.2367156551214273,2.5471808504999902e-42
231,-0.6605251714056394,1.5088670106163443e-42
232,-0.558902712885759,8.880957862386147e-43
233,-0.33261471739714443,6.180319275484547e-43
234,-0.5580439953217268,3.6376403404333655e-43
235,-0.32951384123655625,2.53145877523847e-43
236,-0.563909394537537,1.4899774834415063e-43
237,-0.4062476167882703,8.703928989680231e-44
238,-0.2911065274535544,5.039104096071281e-44
239,-0.5928685373301658,3.5651293141730225e-44
240,-0.46017756307552204,2.4997674074834585e-44
241,-0.44608044004858005,1.4602769670852702e-44
242,-0.44120393647424166,1.0239047301052248e-44
243,-0.4542253492427554,5.98129445718127e-45
244,-0.4442310472940232,4.193913774510999e-45
245,-0.3036687025035911,2.9185732599981433e-45
246,-0.5685750503807014,1.717827082039705e-45
247,-0.3144031940370972,1.1954476072952399e-45
248,-0.5564798567797412,7.036219728034634e-46
249,-0.42255452343912675,4.1103142530143386e-46
250,-0.47337449934196685,2.8820356006029873e-46
251,-0.31857720488188407,2.0056282724275417e-46
252,-0.25382045925577834,1.3868171660541219e-46
253,-0.2565368977957399,9.536658787394179e-47
254,-0.2737700720609665,6.526743425621173e-47
255,-0.6114431374068604,3.9062154393166565e-47
256,-0.28405734946335975,2.6733541071344337e-47
