t,lambda,delta_s
1,-0.45226496092244645,1.0014673316978677
2,0.25437700156853343,1.0341802699655225
3,0.5604748427291325,1.0051098813992148
4,0.20385478206380384,0.946407569094105
5,0.4670864955508241,0.7904976642892586
6,0.48917048092453796,0.923912665311114
7,0.08255722538425736,0.8757693115996819
8,0.2243960284939921,0.7484248597401127
9,0.13340491572306046,0.6598246486308135
10,0.32506734595724174,0.6579470358607644
11,-0.24206729713271577,0.42884039177506517
12,-0.08601835641469743,0.37358216810793105
13,0.16047999605003022,0.4241067013572397
14,0.1729282885886678,0.4289723041663332
15,-0.19618293884756127,0.3317664181227721
16,0.25134774090573786,0.2661946465037484
17,0.20372429120570815,0.268282093313944
18,0.04678351911291545,0.2736255282295556
19,-0.1914704372312481,0.2529700068550938
20,-0.1702354020417675,0.15147019892031122
21,0.26866073993926215,0.1396637112747364
22,-0.5770183439837895,0.06769543387233758
23,-0.2431317266918333,0.058398783877756245
24,-0.44306290377134494,0.03032262172321877
25,-0.4002740336062216,0.024085023473858148
26,0.09318549258635063,0.02223622453391659
27,-0.9361912545523611,0.010151609771019109
28,0.05258251246072202,0.009133888784940538
29,-0.01626037042420688,0.007948132272402311
30,-0.8786351463280855,0.0037450690846415812
31,-0.9237714145098386,0.0017617144120050054
32,-0.2831875207792852,0.0012038881175838784
33,-0.6145940613015336,0.0007217374371330345
34,-0.2813810652895417,0.0004936185435091068
35,0.054648092038729515,0.0004572801820924944
36,-0.9506658412479956,0.00020223856720807647
37,-0.5597388097064636,0.00012106087220032728
38,-0.3380825480488584,8.284920961542737e-5
39,0.06007392828743214,7.673109673946063e-5
40,-0.05254286954349497,6.869143585218961e-5
41,-0.8304918485408901,3.143039288353014e-5
42,-0.8350865365580076,1.389975419341591e-5
43,-0.04948659727220914,1.287393880286599e-5
44,-0.041802155760141145,1.1524308063740672e-5
45,-0.13018219997487868,9.61713691162489e-6
46,-0.19412786882261338,7.618845177097863e-6
47,-0.2407098047311175,5.821998254471933e-6
48,-0.6479396189823527,3.120652013408573e-6
49,-0.6788897253343112,1.6134354861488123e-6
50,-0.21994980679195103,1.278219324913384e-6
51,-0.25538756054753203,9.767714784174875e-7
52,-0.6284650791149523,5.235584537135671e-7
53,-0.6334070842085903,2.70688886539231e-7
54,-0.2668106230854403,2.1444956346771343e-7
55,-0.2710915308111854,1.6387515892052872e-7
56,-0.2758358763873093,1.2202072264583282e-7
57,-0.27767437011186896,8.911227457260269e-8
58,-0.6199503240119092,4.997968574263163e-8
59,-0.6057024669430138,2.7493682582398254e-8
60,-0.2794460434833806,2.0471679137855462e-8
61,-0.22734492185793687,1.4950558992525647e-8
62,-0.663245552799282,8.385199721552263e-9
63,-0.22849366531556572,6.123749018788386e-9
64,-0.6575242226170509,3.4345777761643354e-9
65,-0.5469202163951549,1.8893513941052834e-9
66,-0.3431223765410815,1.4068030579357841e-9
67,-0.5294203860933462,7.738783308695664e-10
68,-0.30552279671824445,4.148055098786636e-10
69,-0.1840057013336747,2.1446159721729395e-10
70,-0.18042634720939046,1.0526019202740586e-10
71,-0.7131428819218043,8.784347021828143e-11
72,-0.6991232688009135,6.959281636575507e-11
73,-0.18040603185723816,3.5980685400956023e-11
74,-0.16744141063419005,1.7659729777552812e-11
75,-0.1958472707687795,8.080289897475741e-12
76,-0.7131804606793732,7.2334253168883175e-12
77,-0.7492658907457186,6.0365573080545564e-12
78,-0.14707389847399974,2.962811009792533e-12
79,-0.1637696642596337,1.355647689532364e-12
80,-0.6969598397134026,1.213567389609952e-12
81,-0.6700285046407956,1.0127662585342671e-12
82,-0.21520927560786957,4.970772027842346e-13
83,-0.19048843141383673,2.2743994107199984e-13
84,-0.7229421027643806,2.036028222604246e-13
85,-0.1733960545188846,9.315939986309644e-14
86,-0.7044570142072273,8.339571599786698e-14
87,-0.20291813308617493,3.815809018392524e-14
88,-0.20637393302042287,1.6874285001738044e-14
89,-0.25537053309481683,1.0097564093638325e-14
90,-0.2825531197969602,8.786554246982656e-15
91,-0.603466934985768,4.135962252754294e-15
92,-0.2993141795079354,3.598972619564088e-15
93,-0.31197300340661055,3.135960641199834e-15
94,-0.3216413439774507,2.6618285013625856e-15
95,-0.3135915612935611,2.1497362621095553e-15
96,-0.571668516876796,1.0902849541581136e-15
97,-0.3180299506454464,8.805319729600744e-16
98,-0.5644186082416313,4.465807172231632e-16
99,-0.3241074561700422,3.6066589612444653e-16
100,-0.560218543958488,1.8291946177460763e-16
101,-0.41830760199736516,8.826944484472554e-17
102,-0.47967634181119334,7.492381154287928e-17
103,-0.32424382787764144,6.050969643113406e-17
104,-0.5546041873412502,3.0688793207963356e-17
105,-0.35174750620161155,1.4809155423600466e-17
106,-0.5447635129171724,1.2570129697981794e-17
107,-0.3393440295867606,1.0151842471195656e-17
108,-0.5463273979172973,5.148725124293342e-18
109,-0.3425650984593679,4.158194676201741e-18
110,-0.21583646892344116,3.233696865941035e-18
111,-0.1903275927147123,2.441524926248687e-18
112,-0.6939987196499309,1.3245222362894477e-18
113,-0.1978474536836426,1.0000486097914617e-18
114,-0.6672050643567985,5.425243079841579e-19
115,-0.21214763163439604,4.096199105705829e-19
116,-0.21721873799079477,3.0239096754299236e-19
117,-0.6803141424521189,1.677803153697108e-19
118,-0.6387868888176202,9.102047500300739e-20
119,-0.2515668533495089,6.872281717543353e-20
120,-0.6298901532969993,3.728198656123184e-20
121,-0.28510674497737176,2.814886591505757e-20
122,-0.5944385281087285,1.527070169548056e-20
123,-0.3042576132279096,1.1529775478807583e-20
124,-0.22119782769534627,8.511549054667652e-21
125,-0.6598589429721817,4.722596036119587e-21
126,-0.5523053833971601,2.5619986081664362e-21
127,-0.36368805720908537,1.9343753363945826e-21
128,-0.27673848100565274,1.42800096984755e-21
129,-0.6021608681603363,7.923201377872209e-22
130,-0.48456416879800746,4.298320404090768e-22
131,-0.39839485942782926,3.245343284376457e-22
132,-0.46821866738599277,1.7605920375155775e-22
133,-0.4332768400283074,1.3292926092805971e-22
134,-0.32600546580408335,9.813147942642419e-23
135,-0.5564405738743483,5.444782527613327e-23
136,-0.432158442846242,2.9537832901278956e-23
137,-0.48341327856591126,2.2301829233104188e-23
138,-0.4008001708019041,1.6463730267366745e-23
139,-0.3303240090907912,1.1945362051772416e-23
140,-0.30908592782193567,8.54978877695225e-24
141,-0.2949914772560078,6.05260383238811e-24
142,-0.29691035928621334,4.246186623327203e-24
143,-0.29407928949793916,2.9563830041944355e-24
144,-0.29582939122665397,2.0451312717249013e-24
145,-0.601498191355725,1.2109344785180407e-24
146,-0.5815914586497491,7.123919015587115e-25
147,-0.48467539075475785,4.159317682520193e-25
148,-0.4016929971504808,2.9179572287844817e-25
149,-0.48336341406809136,1.703656522760271e-25
150,-0.4179090746898407,1.1951952809101239e-25
151,-0.2788463941369383,8.32147837253408e-26
152,-0.6219633806442435,4.895519870607868e-26
153,-0.4539455102123019,2.858261347215798e-26
154,-0.45130116190486663,2.0052049390009825e-26
155,-0.43314449269100685,1.1707438478195912e-26
156,-0.25037095127378634,6.773840546830063e-27
157,-0.6425629296900426,4.795366800669046e-27
158,-0.47063103953160235,3.364175638588631e-27
159,-0.27547378699965636,2.3422879311072582e-27
160,-0.6247731551370905,1.3779663415659034e-27
161,-0.4214439316322496,8.045290461405354e-28
162,-0.2614019918479721,4.654947778712622e-28
163,-0.6244620933981279,3.295350972991633e-28
164,-0.27706119489075376,1.9066666101606906e-28
165,-0.24435526470624538,1.0911353873234897e-28
166,-0.6370081071684409,7.809706435218187e-29
167,-0.2757034238820539,4.4692905464770146e-29
168,-0.5944886403244211,3.1988557558653696e-29
169,-0.3096593432270539,1.8306214078369855e-29
170,-0.562868512385278,1.3102513176024557e-29
171,-0.45550255882434454,9.275588383762574e-30
172,-0.438462642409608,5.3667893968996574e-30
173,-0.3593260827319244,3.071273077350519e-30
174,-0.5029519401324489,2.1982369369701005e-30
175,-0.368458149181036,1.5561854984147564e-30
176,-0.27961512553242895,1.0917374124876975e-30
177,-0.6075648313965205,6.374135801506841e-31
178,-0.4858224897560596,3.6880295910725764e-31
179,-0.373516279797372,2.6108460242972033e-31
180,-0.21452173397839147,1.8316314384587194e-31
181,-0.19151781223822675,1.275262849932042e-31
182,-0.6911017351315228,7.502362371926916e-32
183,-0.6319571106596826,4.3802727692375426e-32
184,-0.2702920207384541,3.0729676275412657e-32
185,-0.21028911702754213,2.1395360290085464e-32
186,-0.21721681750957467,1.4800626419849757e-32
187,-0.23966518356100053,1.0181970588210572e-32
188,-0.6353437259999517,6.062336581570458e-33
189,-0.5964921377576541,3.5895458098458646e-33
190,-0.4786785739596462,2.1117272739130314e-33
191,-0.3509996200982133,1.232937175707458e-33
192,-0.274198007414655,7.133686713840675e-34
193,-0.6105776554145941,5.050110671697749e-34
194,-0.28988386981742503,2.92195807798914e-34
195,-0.5840582600307267,2.068525331127398e-34
196,-0.31446215189520593,1.196834028744352e-34
197,-0.5826126324407446,8.472679756297822e-35
198,-0.5241373081687529,5.943983852439275e-35
199,-0.4424496262049411,4.138464555942698e-35
200,-0.3700777613754335,2.862857508068288e-35
201,-0.5110065577881275,1.6951150821141287e-35
202,-0.37593297888436794,1.1726264353047711e-35
203,-0.5070326182281185,6.943191376339472e-36
204,-0.4065836518217907,4.0846746006686056e-36
205,-0.3410228861776912,2.384847337080776e-36
206,-0.5440102693189858,1.6730827164338613e-36
207,-0.4817201282090843,1.164874214501846e-36
208,-0.4094801439869543,8.058227504094484e-37
209,-0.4787563951520144,4.7713247825995624e-37
210,-0.41943451802903836,3.3006499856771002e-37
211,-0.46927668422035185,1.954334630952781e-37
212,-0.4165103094669801,1.35194623413334e-37
213,-0.3384660915212219,9.300604178703038e-38
214,-0.2991711974686881,6.367524431684311e-38
215,-0.5846428130896785,3.8095274715967634e-38
216,-0.501543033947651,2.2681893990441617e-38
217,-0.39700186254801195,1.5603824523660342e-38
218,-0.480176511048039,9.29050377848489e-39
219,-0.340456061733171,5.500962947322627e-39
220,-0.5501863264277285,3.805390347667411e-39
221,-0.41367057890221376,2.617887344595467e-39
222,-0.46981463008580693,1.5586878864045722e-39
223,-0.3147467502337717,9.229084357522834e-40
224,-0.5783246271448939,6.384385582713124e-40
225,-0.30992560426406135,3.780232952841353e-40
226,-0.2333401684771284,2.223908385947765e-40
227,-0.6548029251509745,1.5483834174838183e-40
228,-0.5734838839468913,1.07112215948464e-40
229,-0.40845803496530797,7.368697793511303e-41
230,-0.4782498431149903,4.3873163652490863e-41
231,-0.3051543786602791,2.59775630459442e-41
232,-0.22976961181942226,1.5282582059113276e-41
233,-0.657214640022656,1.0640409823618743e-41
234,-0.2380654113231023,6.259745611412799e-42
235,-0.2362603910054439,3.6547679097221826e-42
236,-0.2602169203113537,2.1146226907138497e-42
237,-0.28739640367409497,1.2101432082458491e-42
238,-0.5908573066515678,8.661494541163926e-43
239,-0.30607826741008876,4.9567465809749986e-43
240,-0.3155944328026492,2.798244047515474e-43
241,-0.5705420729296247,2.0302833995673588e-43
242,-0.5621228517571238,1.4531576479992813e-43
243,-0.336749154689873,8.316040804627907e-44
244,-0.5436028652128819,5.952133726205054e-44
245,-0.353945625169098,3.406250313575591e-44
246,-0.34020458546710747,1.9229386672489016e-44
247,-0.5447254876587125,1.3952001284405623e-44
248,-0.3536535367791888,7.8763567810515e-45
249,-0.3423018093363682,4.3701623610873814e-45
250,-0.3353752093732927,2.370804066436079e-45
251,-0.551530143207171,1.7900185031013916e-45
252,-0.34214990046399013,9.710813456122174e-46
253,-0.3230300235752284,5.114710672839611e-46
254,-0.3157063496517627,2.594035459027277e-46
255,-0.5695172663648277,2.0949854915951047e-46
256,-0.322579289276135,1.0625169240175728e-46
