t,lambda,delta_s
1,0.038748658694501156,1.0200233502484217
2,0.329661413261792,0.7818464471501098
3,0.49528703988167344,0.634096755726448
4,0.3054026798637225,0.6058001495728769
5,0.25335829502874174,0.47682164035444385
6,0.22526265615289973,0.4675487489639195
7,0.2749362794461152,0.4523686577911525
8,0.4935119452191704,0.47229535949399776
9,0.2074428238827192,0.47905184816368757
10,0.2809543639605885,0.38388084114960014
11,0.3534936367971357,0.3314992980864217
12,0.19265230389349913,0.38878006530630244
13,-0.16238864124056884,0.20179533170933897
14,-0.039963230976365303,0.21746844771524446
15,0.15537700462806897,0.22475839277717224
16,0.3714916787686751,0.22021887360998751
17,-0.5258501754459365,0.11740316186416469
18,-0.22023102626393312,0.1074647526045362
19,-0.3658697094653717,0.05838242707104329
20,0.14965573435391735,0.057166356501224425
21,0.04198158341214956,0.054167265621689685
22,-0.015373043682655326,0.049560577746895304
23,-0.05901978865768849,0.044576145872989525
24,-0.7011444159968219,0.022076935198355848
25,-0.43005068458650214,0.01361627408947128
26,-0.41989319736632863,0.009496001339463581
27,-0.06281559470177733,0.008573902961400022
28,-0.8130134617430895,0.003960825078373516
29,-0.4359770732522049,0.0025221211950375265
30,-0.0791703867879726,0.0022347738113743538
31,-0.0957798453934071,0.0019892652082969006
32,-0.16610230590492073,0.0016781960699312891
33,-0.705853756038507,0.000813101978900379
34,-0.17961252561525026,0.0006880301730317415
35,-0.7005938980543027,0.000332525025041344
36,-0.18087176479881878,0.000281959680570591
37,-0.6883944259810161,0.0001361345346825501
38,-0.6387495280570763,6.213980358644593e-5
39,-0.4457757152268566,2.817146169734999e-5
40,-0.2603758812850721,1.8518808255038583e-5
41,-0.21130457239070702,1.7388147992154864e-5
42,-0.6658244661817023,7.585454305188938e-6
43,-0.5613905851600615,4.727120302749513e-6
44,-0.34257380892085376,3.107055027615756e-6
45,-0.550959052747927,1.936248492761679e-6
46,-0.388693555833939,1.7495284500810899e-6
47,-0.4939813364022421,7.930875892551606e-7
48,-0.341284704673484,5.212819850139208e-7
49,-0.25780234357896087,4.894594880521207e-7
50,-0.6165144050688308,2.135172202559862e-7
51,-0.44500607187037045,1.3305860036595686e-7
52,-0.2675656587685773,1.202275006940967e-7
53,-0.21555197917911967,1.0789858174944868e-7
54,-0.2300833041412975,9.154986150095099e-8
55,-0.6209420287189564,4.4195254944835396e-8
56,-0.5431194599424239,2.017081951845893e-8
57,-0.406352478079902,9.14370755675209e-9
58,-0.3058534491708018,6.009974891055796e-9
59,-0.5633916573718836,3.745262694708799e-9
60,-0.4124888945088774,3.3841021186698976e-9
61,-0.45769650577867516,1.5340595984904885e-9
62,-0.30380641774638356,1.0083064646415362e-9
63,-0.5634374554646662,6.283508119357841e-10
64,-0.3616964011745342,5.677581235009397e-10
65,-0.23684955425731227,5.095366406353524e-10
66,-0.6467462972145357,2.3255372732409048e-10
67,-0.25413497037475336,2.0870620802786803e-10
68,-0.602239027616836,9.525400671480668e-11
69,-0.42922256114580254,4.317993895236997e-11
70,-0.27971425921485893,2.8381303871985163e-11
71,-0.24053839038918196,2.6648749614391675e-11
72,-0.24626090262146125,2.4230873525823273e-11
73,-0.6235036774854392,1.0915327841960314e-11
74,-0.2792692041578969,9.924965796189334e-12
75,-0.26040927691788246,8.310093007017587e-12
76,-0.6160339733476896,4.065265990136291e-12
77,-0.2751290845776107,3.403814095673146e-12
78,-0.5999803232177945,1.6651329495571505e-12
79,-0.29330964359983297,1.3942022535878803e-12
80,-0.2013282691051461,1.106143097170621e-12
81,-0.6868589002031196,5.710652430695438e-13
82,-0.5113345271465276,2.7936295163435725e-13
83,-0.2443277724554151,1.258451619901235e-13
84,-0.6522438352950781,1.1442706498943284e-13
85,-0.37868873295402766,9.580884933070656e-14
86,-0.15557668536751587,7.601357483269923e-14
87,-0.14490488489432074,5.81381366506759e-14
88,-0.745460211263314,3.113516025147398e-14
89,-0.13747273396160908,2.381338077211722e-14
90,-0.16932916151929678,1.7740877268226136e-14
91,-0.7148172696939293,9.753960764259104e-15
92,-0.17338479292829714,7.26666332906543e-15
93,-0.712460825847513,3.995222329040537e-15
94,-0.1756904462477825,2.976425299585201e-15
95,-0.19489514059937946,2.1742466213020757e-15
96,-0.22757729104732055,1.564264735275934e-15
97,-0.25240756474685183,1.1118557067168093e-15
98,-0.2671371856487857,7.825312683559649e-16
99,-0.29018443233288505,5.4626197374303245e-16
100,-0.6027484446745192,3.2052480751860326e-16
101,-0.28760947943895077,2.237489044451461e-16
102,-0.6021507332257635,1.3128696115961992e-16
103,-0.288808828257996,9.164755126073185e-17
104,-0.26857452099831497,6.353688879305589e-17
105,-0.2639376681421733,4.378998238980425e-17
106,-0.6202696667992607,2.6024709649635698e-17
107,-0.579886938660701,1.5375907633723704e-17
108,-0.44818790711524087,9.021971273148636e-18
109,-0.3015831288247538,5.250590123186809e-18
110,-0.6040622797001982,3.695399433481683e-18
111,-0.46750758620668725,2.579649235670316e-18
112,-0.32628777976212675,1.788404429329296e-18
113,-0.5578522714885864,1.0566243269305615e-18
114,-0.38563789538608734,6.199851450179983e-19
115,-0.5029175426243427,4.3279332431075808e-19
116,-0.3273560698878696,3.0004447406214326e-19
117,-0.22626818677782476,2.0679234512306362e-19
118,-0.22128386811158568,1.4179989068989447e-19
119,-0.6654736582525371,8.470214456240687e-20
120,-0.6194771770925002,5.033910950946976e-20
121,-0.4637453386310425,2.9741330781469246e-20
122,-0.4307565753548612,2.061889925507881e-20
123,-0.26560878462087634,1.4210661749867266e-20
124,-0.6120672199082049,8.445501134880284e-21
125,-0.2640163955897369,5.8206870527456295e-21
126,-0.6149385877781789,3.459277264846965e-21
127,-0.2616739263381939,2.3841534168046097e-21
128,-0.19628504141429923,1.6348414332727963e-21
129,-0.20732588334447744,1.116071444509583e-21
130,-0.6863605724094729,6.696310510685376e-22
131,-0.21144810853767235,4.571428636711253e-22
132,-0.6795415298458114,2.7428087851767293e-22
133,-0.6653045308189554,1.6383777526115925e-22
134,-0.2289101655391381,1.1234544784083885e-22
135,-0.20771538310540183,7.669584566669024e-23
136,-0.6912764026967058,4.601669543560758e-23
137,-0.19990441165124725,3.141461838507631e-23
138,-0.6908905824340151,1.8848438450424866e-23
139,-0.19442297333465444,1.2867427690527263e-23
140,-0.20767748593825336,8.750132477752312e-24
141,-0.6768909241653226,5.270498382039966e-24
142,-0.6738438694395431,3.1622432314548334e-24
143,-0.21776228660192068,2.15879613728357e-24
144,-0.2057074244270073,1.4680286260786576e-24
145,-0.22698454882621938,9.94846939654135e-25
146,-0.6615787991140261,6.013045252418179e-25
147,-0.6787784726062582,3.6218589095172114e-25
148,-0.6309021088270732,2.173077001775339e-25
149,-0.26272324805433195,1.4835134093382498e-25
150,-0.20300648388136033,1.0088215901759437e-25
151,-0.6945009034796167,6.076470924649473e-26
152,-0.600676838222521,3.645818224341725e-26
153,-0.29356463506324865,2.4889224907364236e-26
154,-0.593166675202058,1.4933271446903707e-26
155,-0.2990350047394868,1.0194626522056391e-26
156,-0.18141944994570502,6.932569179687028e-27
157,-0.1844596654182533,4.698031843408127e-27
158,-0.7072904714455349,2.8395803359998064e-27
159,-0.7032084881988284,1.7103745119986893e-27
160,-0.5420677586374173,1.0262065997878726e-27
161,-0.2594535311531285,6.129898926101427e-28
162,-0.14704197611591052,3.643044162779725e-28
163,-0.17050415007566946,2.1523817674277683e-28
164,-0.21589489564280842,1.2629320451946174e-28
165,-0.6753966338998054,8.816155719384137e-29
166,-0.7155179321873513,6.112013881649462e-29
167,-0.17804114589082765,3.611097382659742e-29
168,-0.2148204404746037,2.1188483715551863e-29
169,-0.25005101468336594,1.2331234488995942e-29
170,-0.6365869693377672,8.678802929890043e-30
171,-0.6563672095741219,6.058416078591716e-30
172,-0.23435952072948923,3.5548376800829615e-30
173,-0.6565260001466612,2.4815272257911673e-30
174,-0.6459989445647009,1.720378964992488e-30
175,-0.5669918428014843,1.1856948933427205e-30
176,-0.40542476210694556,8.13044632612042e-31
177,-0.47678359307090895,4.856606283131785e-31
178,-0.43085763284708756,3.330230815178925e-31
179,-0.27486253549281936,2.2734776846256215e-31
180,-0.6040843630594684,1.364062541897287e-31
181,-0.39554305924445665,8.148033263905909e-32
182,-0.22236103886065053,4.8424362910476316e-32
183,-0.6808999325118036,3.33743442489586e-32
184,-0.5111073290310364,2.2885171902919845e-32
185,-0.36979369134429446,1.3670131404373444e-32
186,-0.5310104111428648,9.373766411435967e-33
187,-0.3436447286944672,5.599285823231364e-33
188,-0.15422092545914284,3.327696880482099e-33
189,-0.7554273904489014,2.293467473195567e-33
190,-0.1329793963366296,1.3630246422454675e-33
191,-0.14577519055906446,8.053016261777582e-34
192,-0.7490736245920272,5.582948934637436e-34
193,-0.1428265791410044,3.2985154608240966e-34
194,-0.7545780233320795,2.286775883627494e-34
195,-0.7910623112461987,1.5760588466903546e-34
196,-0.0960929706381714,9.366634019338218e-35
197,-0.7996313206413322,6.455537036043696e-35
198,-0.08754544877099925,3.836573294320935e-35
199,-0.8022337724093287,2.644187969963497e-35
200,-0.5827674545311206,1.81315011869141e-35
201,-0.1636412214493924,1.237798988266147e-35
202,-0.7214012375565838,7.426662886160017e-36
203,-0.17495919320894768,5.0700246559381375e-36
204,-0.7078316798555053,3.041961118171143e-36
205,-0.18964803336100505,2.0766820990722613e-36
206,-0.691637716448307,1.2459872740029005e-36
207,-0.20946811098250753,8.506089877799982e-37
208,-0.10340865650150681,5.784327302123583e-37
209,-0.7741511921334423,3.484094413946872e-37
210,-0.1232991328643358,2.3692604629498187e-37
211,-0.16034867875782288,1.6055896178981427e-37
212,-0.2102316333223829,1.0847172940938708e-37
213,-0.6742510299336675,6.57649507491079e-38
214,-0.6900267294236412,3.974959454716912e-38
215,-0.6329290661783952,2.394251450252497e-38
216,-0.26539446345598183,1.628143392652047e-38
217,-0.6164379215690675,9.80685394023423e-39
218,-0.41904491166712077,5.884008540833415e-39
219,-0.4805632896049795,4.0168873739199404e-39
220,-0.2889825867388176,2.7315713377496223e-39
221,-0.21318791923940603,1.851118798048259e-39
222,-0.21686576791655854,1.2505938947797735e-39
223,-0.6731519930543154,7.582182596805672e-40
224,-0.6498898065111853,4.582816235283436e-40
225,-0.514615980482447,2.760383984432235e-40
226,-0.3858910736875056,1.8771215299720955e-40
227,-0.4969982358365462,1.1306532800234436e-40
228,-0.3048055685521888,6.783799980017199e-41
229,-0.2207539548390329,4.05220627318029e-41
230,-0.6728901776746213,2.7786444718150455e-41
231,-0.6034501088433792,1.8969214300061802e-41
232,-0.284743867292217,1.1381327756554424e-41
233,-0.6099400668700427,7.769790177305313e-42
234,-0.4326766424151588,5.2836273893196646e-42
235,-0.2652143340108033,3.580584496215263e-42
236,-0.20789660386674225,2.4190003988027037e-42
237,-0.6846745699685375,1.4666074096497716e-42
238,-0.20613221636421764,9.90822563349587e-43
239,-0.209300045541192,6.675363968606184e-43
240,-0.6854404670727512,4.0584092194799096e-43
241,-0.6827476671640414,2.4605589298894714e-43
242,-0.20784659957539942,1.662324416298971e-43
243,-0.6841259298731404,1.0078449376827277e-43
244,-0.20803069392087656,6.808880809160588e-44
245,-0.1932083489126652,4.587275189449656e-44
246,-0.6997160589890664,2.788917579432175e-44
247,-0.18997371074892097,1.8789479175985782e-44
248,-0.21033660899827758,1.2627220255786188e-44
249,-0.682874124548915,7.696170670483778e-45
250,-0.6909861649250153,4.679027263633078e-45
251,-0.5971013537523563,2.8368313036219835e-45
252,-0.2970052478133943,1.9165295671841092e-45
253,-0.5926532136807225,1.1619661019635645e-45
254,-0.30104164778972936,7.85010510718611e-46
255,-0.5920086491255324,4.759413153642759e-46
256,-0.3672069528723951,2.8766803743455936e-46
