t,lambda,delta_s
1,-0.21338033856278601,1.188937418195709
2,-0.06559918523575488,1.1703466869227377
3,0.3469412965987595,1.0076700189326093
4,0.09267808758327212,1.1031469186687795
5,0.37898491916694466,1.0682561629621221
6,0.5222231880635387,1.0166871614780364
7,0.6825960336181077,0.9320659423729462
8,0.8656332927694795,0.9341795422194287
9,0.6509089149867028,1.0549099640219177
10,0.17615665247870196,0.8166927032722816
11,0.3066836739887103,0.8275881671298325
12,0.22823774387959012,0.8080394729218128
13,0.7465935257750818,0.8851825765591338
14,0.514046511846505,0.9120916382818228
15,0.6084535173915276,1.0724593123708828
16,0.47039485162486017,1.1385991437866532
17,0.14130018238140732,1.065825992494587
18,0.0013215909946157742,0.7592076097263649
19,0.2794074078950238,0.801565402186205
20,0.48823249430896254,0.9371042682704654
21,0.15666028688038033,0.7537965000222097
22,0.20928603894112344,0.710829519376938
23,0.4116922792592826,0.6201612010385366
24,-0.06956143475795,0.5803840744918934
25,-0.11689246752299726,0.4362320284656032
26,0.3729838349874152,0.5644914145596864
27,0.6392679476014596,0.6926190040028278
28,0.5305869678469259,0.924632693461791
29,0.026875075184521716,0.7864448124899865
30,0.40751798433671865,0.7395189543836052
31,0.5855155119174533,0.7920199078928166
32,0.2815737534915235,0.848446304744113
33,0.5520226758629112,1.0002996776585524
34,0.2760216734861273,1.113730130248161
35,0.36069496578781635,1.038292174229689
36,0.46094173632784297,1.0553388341116186
37,0.382301930074982,1.0764090142289622
38,0.29737805716263266,0.9091837542421517
39,0.28728775520700917,0.937183234703817
40,0.5711566026577664,0.9404487639795881
41,0.31162519692817936,0.9373040671851351
42,0.4468463203978714,0.8776725727932333
43,0.1142965404224868,1.0206109241252432
44,0.24911714968030996,0.8211218826264982
45,0.3081741970212404,0.8713565924519402
46,0.3491982561974949,0.9157045014284688
47,0.383434970553822,0.9220233113422269
48,0.4514671251257721,1.0893652062488706
49,0.2624110011590547,0.9237047808132095
50,0.47433445733738117,0.8990845169956226
51,0.3826875155224382,0.8815795408779217
52,0.5085387693800943,0.8476289267495314
53,0.6327793224692836,0.8597167312205317
54,0.4221454772455246,0.8908279337697979
55,0.13079838337179098,0.9416359667493606
56,0.5968539025528181,0.9249090868462404
57,-0.007455004219443308,0.8269525986598756
58,0.0771877825702266,0.7377967863592626
59,0.44503038192993527,0.9166416104042775
60,0.4175664501874428,1.0019187110464531
61,0.34565673072405445,0.9837689934917822
62,0.19337713578289162,0.9958895270048302
63,0.09752954694067947,0.9864705663061486
64,0.42900246046936236,0.9191886538897577
65,0.3609379994268769,0.9685763638904415
66,0.31280668610376183,0.9381148341409169
67,0.4462993028451949,0.9824223231816444
68,0.3037529117324274,0.9338815655352889
69,0.20943896446704477,0.8984469374674783
70,0.44625450137761724,0.9750736037243785
71,0.4144277090595576,1.1388523556463361
72,0.231132153537856,0.8691698870377395
73,0.5490097597208813,0.8855585511665122
74,0.6031337175045417,1.0051672944485344
75,0.7106776319271816,1.111627974458754
76,0.418681426700207,1.2424450335289343
77,0.5100862032327053,1.288402627156105
78,0.4375423926135991,1.0447676532485208
79,0.5845248027126774,1.1311589387099454
80,0.34260709812482976,1.2093032127635157
81,0.6574879128769727,1.1791885564800024
82,0.5451180715620124,1.1166742950591944
83,0.3770424796919294,1.05822009915201
84,0.4813259900133609,0.8620665249797863
85,0.008639512365102752,0.8665441095688178
86,0.41432226478410866,1.0127250939092236
87,0.5417848869898136,1.1499984476489762
88,0.41080436497791634,1.018601300046293
89,0.5652858160091596,1.0267329067216526
90,0.4903859704565784,1.0492025993936025
91,0.3672765127908706,0.9146538713936799
92,0.39772017130994963,1.061674997253679
93,0.176457216939764,0.8759871051536832
94,0.6762217069443959,0.8752177338691035
95,0.5865528891196214,1.0102834770421103
96,0.31415320651554174,1.0643248635488487
97,0.30939236556005245,0.9706131305774616
98,0.19649398131383308,0.9691707946811934
99,0.37905090195674807,0.8043547099968602
100,-0.03973305804299329,0.844212797292537
101,0.5874038933953881,0.7581379793165571
102,0.18480887797270168,0.7236294180840895
103,0.45911685790958706,0.8695616115887569
104,0.13593446253248834,0.6595139333172063
105,-0.11496169723410894,0.7679278890148854
106,0.4283428494121691,0.596875513616737
107,0.6142085626639179,0.7357231296021172
108,-0.165049473126834,0.6477369679749494
109,0.5379567105005049,0.8108633523144743
110,0.6019464803906919,0.6336117158133211
111,0.10532488427579433,0.6902834132532154
112,0.29670979918861873,0.8009235854184904
113,0.39222486173679966,0.8376825141839241
114,0.3952431358366136,0.7206592154086899
115,0.12525616973391085,0.7216434036509086
116,0.6319433087889961,0.8851486193597208
117,0.2570528321824122,0.800368881914699
118,0.2549099607655724,0.8683981638902674
119,0.7770017175688834,0.9028040604616409
120,0.38880847450037687,0.9957707723249284
121,0.4266163245118325,0.8393567159364547
122,0.005670515451717811,0.9270898775253941
123,0.14697390012284184,0.8111598457185127
124,0.3882420846751332,0.8104116493705786
125,0.6777541813573772,0.7762466325469533
126,0.2459965232235707,0.891054121303858
127,0.7672308296861934,1.0492947378696251
128,0.6623679582784997,0.9920201077029502
129,0.3062374910479329,0.8060489640503578
130,0.4399793513789235,0.7201785316459957
131,0.46832578025280747,0.729852617877727
132,0.6596877166775365,0.9433949831918685
133,0.3248521639135477,1.1817320717606048
134,0.14356201546030176,1.105094184711994
135,0.3226504728405927,0.9611831697612275
136,0.2300763141074424,1.0768429415644394
137,0.22807627368476943,0.9029796031965333
138,0.5426370817649298,0.8935987705290789
139,0.5559062233256383,1.0672169956480015
140,0.6367690295379872,1.0839531874430657
141,0.6280668259492087,1.021133989894987
142,0.2084577281758422,0.9914280839407112
143,0.12360111901655806,1.0257933084238562
144,-0.024820410982148863,0.9202962228028323
145,0.13030171282457753,0.8065684286767237
146,0.8239325934666997,0.9114636630084996
147,0.6297379351033275,0.7193903040174834
148,-0.09801433566585174,0.6852465877208496
149,0.7728141474453525,0.583853353578369
150,0.3653742712537997,0.6314283614423818
151,0.5235781222137067,0.6351809460302702
152,0.23154055709418203,0.531269204550826
153,0.40764413940458355,0.641551433800587
154,0.1285393018432241,0.671347621699925
155,0.5104982339747846,0.7960444013467682
156,0.6783683477872845,0.760505071391308
157,0.46483597788202213,0.8364326539193409
158,0.15052922728240237,0.8785031863470504
159,0.5151040386802804,0.8267231200040329
160,0.5949279395723452,0.7857274246078316
161,0.08547864466507,0.8243711768989496
162,0.38549801996923533,0.9752563362987997
163,0.605729558233994,1.0799508729977711
164,0.6343771762284411,1.1089067207104735
165,0.6824482333252735,1.1110453594634921
166,0.42336812884664626,1.0646176124091553
167,0.18236067814863174,1.1222560402630153
168,0.45075166376912656,1.1110719399727038
169,0.3608460257294222,1.100074888534102
170,0.572534939992967,1.1069204671205601
171,0.21886054763645663,1.14698288457675
172,0.2455646503896388,1.0663837294665302
173,0.4213651892365973,0.8607169927163156
174,0.44910418893192444,0.9263343008125672
175,0.21200661717000546,0.9990542070726578
176,0.06549164522264636,0.8283397435832628
177,0.24170442058003566,0.7669524357320766
178,0.22444145799214765,0.7722194503515355
179,0.21860186115883537,0.843698063264799
180,0.2729945836296248,1.0120431492755277
181,0.01063558729317261,0.6507670639224975
182,0.29564618695714356,0.7479846565810959
183,0.14220233564356655,0.5442054219347073
184,0.6578017459597025,0.615362759886122
185,0.15856965641654783,0.6159901263145001
186,0.17854302218518306,0.5019816418074542
187,0.12524823739078697,0.57682427114826
188,0.21315215474036514,0.5153267202429823
189,0.42250941631758027,0.5575981817312571
190,0.5215005578749828,0.6230876979523368
191,-0.006661311270456185,0.46339523222799195
192,0.2760125461023718,0.5263924372582536
193,0.40665983097463876,0.38586769538316007
194,0.5179146223680462,0.5239803929261471
195,0.4706921334104055,0.6143747301675763
196,0.31892600953752065,0.6174646936083694
197,0.09518044401360284,0.5161990787766906
198,0.15324463375268793,0.6648134532144949
199,0.3847782187167378,0.48853156221291316
200,0.5301898786885094,0.7030376654462736
201,-0.04893621524368644,0.5347086686394579
202,0.3421206161856282,0.6107921049040205
203,0.5463727120987779,0.7167039298564454
204,0.6419937363697075,0.890609690231027
205,0.2564707607894622,0.8868793924657451
206,0.38765716185081905,0.9651091955857609
207,0.6950268779192041,1.1157383848118518
208,0.22876816983043477,0.9301069149065058
209,0.2522003408084918,0.8117973321377938
210,0.5380465779394377,0.9345822886157438
211,0.44243872526107314,0.7929431744625958
212,0.3917262689550082,0.9181588756290676
213,0.3542000072868263,1.062515580712014
214,0.2481425904925672,1.0100497809533073
215,0.19874348160073604,0.8782096387100297
216,0.4026915291988282,0.7409554136788792
217,0.14788297757789742,0.6547673953661421
218,0.21549023336950845,0.668195730499445
219,0.4832666246162722,0.7272807020113654
220,0.6008439368249413,0.7131190316603393
221,0.05306135623361717,0.710794513726843
222,0.5553617826177627,0.6691415045931276
223,0.4843929762691486,0.6716324713529405
224,0.5714048299843824,0.8013877485519637
225,0.2263614518323896,0.6892459928294378
226,0.01388960420892372,0.635206190146835
227,0.25889128439246967,0.739911090478725
228,0.5216331312399688,0.822803770143711
229,0.44999200347002516,0.8730712638112873
230,-0.33958646461148,0.647142304337789
231,0.3930990224063744,0.6927336247954293
232,0.4969268281549981,0.6158358476329219
233,0.8679761605836547,0.6924253535239069
234,0.8414556522823148,0.8117468373725074
235,0.1358111713754213,0.641200368347717
236,0.40385185670201007,0.7970965170457419
237,0.7095054801992838,0.7529536756881795
238,0.46363704437974196,0.7842046025357786
239,0.13307673022398886,0.6346340147415789
240,0.4621188595701479,0.9244524933212667
241,0.4385479858023622,0.9899337769614082
242,0.5835938662344344,0.9476330458791841
243,0.4599009873358526,1.0078552184915144
244,0.512392920403078,0.8472978131502569
245,0.4585247261021209,0.8337873597492951
246,0.72943323724974,1.1169820283387393
247,0.24766486094888418,0.9087362024767586
248,0.30691864494883225,0.9120516846815724
249,0.1202095856526312,0.7449748293007358
250,0.18127174227089576,0.8822802551723158
251,0.15869069849199546,0.7899972099879925
252,0.6284321243005142,0.7446766504926489
253,0.04269722285934227,0.6457179103936852
254,0.23185953632787681,0.7653731089829605
255,0.27907116143563254,0.8628470453864142
256,0.37040569746524443,0.98619068582292
