t,lambda,delta_s
1,-0.6971125385644558,1.187843241411187
2,-0.10554307969789327,1.1858555041891092
3,0.1314399470150015,1.1520370385815302
4,0.43234466415299566,1.1493066853171379
5,0.44570865096390094,1.1177414580108087
6,0.09276732568956927,0.9778627484260306
7,0.2823155930350088,0.8556046453095545
8,0.47814600238571087,0.8912033779250835
9,0.41784593347561727,0.9253063734856521
10,0.2596088740122161,1.0482178147911954
11,0.42764437954622425,1.0502204415350938
12,0.4058447322376677,0.9705778149729917
13,0.4173739261431861,0.9181554959824476
14,0.31039951768705976,1.011928902193022
15,0.21255883910437162,1.0457655235246321
16,0.34328247413024227,0.9537667011400803
17,0.6987534714612819,1.0877464112418775
18,0.33372797926171893,0.9231718881985836
19,0.34234358788826885,1.0906369507484135
20,0.24832905283125167,0.9630168534115213
21,0.44074122864258675,0.8205022386481621
22,-0.0730249360476696,0.7444868995351354
23,0.5334788980614523,0.8341699196974187
24,0.5830103229522218,1.0001992875978782
25,0.07065193771770034,0.826658331969651
26,0.29201376409781676,0.850109226014986
27,0.4204715105034382,1.0264397738615914
28,0.4724891335809581,1.0534356923495867
29,0.45086612756231703,0.871681224784522
30,0.3643131373095534,0.9754159450021795
31,0.28723215437901367,0.8369443508750111
32,0.5841592411403965,0.9506616153519144
33,0.6704333463256187,1.082796391939042
34,0.39912838502315473,1.0554133897183373
35,0.5839841493650428,1.0182191116310815
36,0.2145036441446423,1.1859617744351056
37,0.4806611619178852,0.9813850508622071
38,0.44612757393693125,1.0987873452446464
39,0.2748365512312071,1.119126935018508
40,0.4100526016564269,1.1240233730845923
41,0.08093520977899185,1.0626039192859058
42,0.5741685290723267,1.067396570902495
43,0.3179836723630529,1.1123622507960114
44,0.2873915795290079,1.1431229508320513
45,0.09283818082981239,1.0767660846738356
46,0.4466531138316326,1.0269602617553395
47,0.4861573170582302,1.1088294719201959
48,0.3023420159989061,0.9966495562403315
49,-0.007129532835894823,0.8895330388913409
50,0.4677435213220558,1.0003233506141127
51,0.7377707859602937,0.9558625412679008
52,0.24919826398246614,0.948930003093505
53,0.16600811567764376,0.7579886781282886
54,0.2641553752574938,0.8343645401286583
55,0.37248445117636153,0.8181615656748599
56,0.5652572697587237,0.9565967004529573
57,0.8247601957744302,0.8777679166005413
58,0.0966902816207152,0.9254745047538165
59,0.682748171850434,0.9590200919406385
60,0.20030712581520474,0.874337464409321
61,0.4104162260932827,0.8790664938608593
62,0.35380164208430626,0.7297523767524131
63,0.31754874757870544,0.7493376035955308
64,0.2610998186074778,0.7001427502187472
65,0.5262460128063307,0.9197706805348319
66,0.22639905799774526,0.8060443731731063
67,0.2503960333873347,0.9014956722583344
68,0.26704782814941597,0.7720174998824503
69,0.353101314000201,0.8367214345831557
70,0.41487817009469147,0.7819666596660589
71,0.12552997291187076,0.6195313364588519
72,0.07990266078418959,0.6838377584135257
73,0.3727108422112776,0.5657204198851585
74,0.6718959852235256,0.7189368732064484
75,0.8421666174710903,0.8501594995976717
76,0.6832217104908129,0.9860716773307244
77,0.6862111296974985,0.8606349277129194
78,0.42457338855566945,0.9160408418606407
79,0.6825667113161438,1.1375209964295585
80,0.42990629932755225,1.1275865082763867
81,0.32845883841131235,1.0347504805653922
82,0.28810084573335243,0.972751960982108
83,0.1879776486725313,0.9667960665553686
84,-0.03896920507349241,0.8158292885592155
85,0.01779835739135166,0.8322673517048085
86,0.10076966064753874,0.9577330797201479
87,0.36112399417310953,0.7933431380600873
88,0.19428531535141055,0.8723252923190284
89,0.28368056959894516,0.7560936830144931
90,0.48352870751184795,0.7799945831486446
91,0.09240597608972233,0.6560538681409077
92,0.18835285209571873,0.7698851346587288
93,0.3556917578940474,0.8254085859091365
94,0.19771516643578985,0.8218591692687773
95,0.4375815072519405,0.8039173590123954
96,0.4504951275311023,0.7840176885565711
97,0.5874295398906916,0.9213614946134364
98,0.17126123219881204,0.9363991227047616
99,0.27269183630513927,0.9805056192275936
100,0.24982885561346946,1.036358139520862
101,0.3120785239021863,0.857056800277536
102,0.49453980312356455,0.8608140885377463
103,0.38300018946964565,0.9559767238303875
104,0.41796329606306254,0.8130784240517828
105,-0.0325598483991972,0.7583277017931299
106,0.10037152314860584,0.612524502180148
107,-0.14377323271797135,0.6100433533050521
108,0.5270729736209524,0.7516621089247975
109,0.24060473394242898,0.6868117475581376
110,0.22722576330377225,0.7749699754444894
111,0.06942692968653787,0.6150743347654481
112,0.25790958794506813,0.6311080216898314
113,0.6723266671929788,0.7537821017990869
114,0.37209211621191823,0.9119469214519653
115,0.6322125126678512,0.8415826924514531
116,0.7194691114318406,0.8561063495896093
117,0.8752642900375199,0.9929185754161161
118,0.4702884952402976,0.9061553593278027
119,0.4146015327379911,1.0982550452155815
120,0.4614625730113244,1.0683631855897278
121,0.9108796435636142,1.1097608006499227
122,0.2301648308170579,1.041416578266282
123,0.555127010830299,1.0328689137103622
124,0.2183475055582024,0.9018389344535288
125,0.3416813318579565,0.8839056784238193
126,0.2064735240602429,0.77396405640979
127,0.551928344341547,0.7935891518834385
128,0.10553530436322539,0.8049651655982346
129,0.2606317406716653,0.9404237610571846
130,0.5773904792763648,0.9606061518436402
131,0.40160616353113676,0.9560433765378467
132,0.6458642719386519,0.8591246158173109
133,0.7247097711706075,0.8790594079237771
134,0.7800594385220779,1.0711777041736845
135,0.47106107911914386,0.9597361163416832
136,0.31513913462745,0.9152029157533484
137,0.47134036975669413,1.0213078858101718
138,0.4202223928843664,1.039607673919971
139,0.48891672088645477,0.9441174386331643
140,0.28900758399619564,0.961031743110342
141,0.040356593636936826,0.9055884569321295
142,0.6825962334160875,0.8939944319923087
143,0.36731315430722256,0.9246818526261154
144,0.05417915657121983,0.8668812331526315
145,0.3184375315686384,0.8465676562538635
146,0.20121799097391607,0.7635173694076155
147,0.6513539144569374,0.8717859834088718
148,0.5788748563478165,0.9386341124469166
149,0.17445333542930927,1.0287183953799086
150,0.30191256160824165,1.018495084004636
151,0.2599910846823893,1.079813256301448
152,0.22717579018516915,0.8343903506110418
153,0.10237971337980521,0.8883863816889827
154,0.3011104102108131,0.9822433217056102
155,0.3199676636987832,0.8639037842612902
156,-0.07546383125656686,0.8582678954412718
157,0.14224920435963886,0.7770857277659144
158,0.5160682931256213,0.90311389619084
159,0.3573502060926215,0.9406103678705214
160,0.4429336956887678,0.855661548040823
161,0.031561971663422686,0.8782104059209176
162,0.5853294789371926,1.066660817712803
163,0.5661031644610818,0.9211401584960555
164,0.4605002602742805,0.8703498870057289
165,0.40367339037882327,0.712151951247916
166,0.4556706456214778,0.6694843059210657
167,-0.21722232381279233,0.550424986727103
168,0.2505371728346859,0.4747853043133705
169,0.23135059405474742,0.5718512942593682
170,0.10805639126639277,0.4032002830626925
171,-0.00528814030767638,0.4295460220679325
172,0.4112121565315158,0.5102073204759142
173,0.0176664691093985,0.3628700295374522
174,0.018998040458095358,0.36814368197805686
175,0.3543033921052614,0.4779745429208667
176,0.5051952026904956,0.5856246276639354
177,0.42535545975835193,0.47915331617017326
178,0.058906671884954936,0.4867230953783972
179,0.30019871436207085,0.4469936344592726
180,0.46989462512130126,0.5213865679907307
181,0.32556376394407827,0.4623176938822972
182,0.46258340720549057,0.5451516041214945
183,0.2582629750417072,0.44429898954131947
184,0.4511419543213273,0.4655844327184602
185,0.6455216813771437,0.583979777328911
186,0.22848535795341174,0.7389408689789032
187,0.228786622694707,0.6500658176182165
188,0.4068536601903755,0.6230357933541837
189,0.32770061743667195,0.6400504135754673
190,0.4368546481308756,0.8606462860945835
191,0.6512052212084699,0.6680425979736737
192,0.5143550687937393,0.8699309868548366
193,0.224483267985534,0.8954474650256705
194,0.23435739257001031,0.9392131554191638
195,0.6197213710371476,1.0624435316817817
196,0.4139540331935778,0.8446584412801147
197,0.08878030627580034,0.7492492686870631
198,0.2354399320088613,0.7766185983211867
199,0.17647709936401748,0.7418734315916939
200,0.5669700366042005,0.7560951927140992
201,0.03706410917384876,0.7211998829432082
202,0.12778919386371365,0.6866959841044413
203,0.3164856297455649,0.8484564321610452
204,0.5370772488714103,0.9471507694953564
205,0.5218795437205029,1.0190564369996935
206,0.07980858148683524,0.8902500339269416
207,0.2985512692925868,0.7668288365123745
208,0.40696642603385447,0.8496953099938923
209,-0.11155441893715952,0.6985167290483094
210,0.48220789018935234,0.69234924087822
211,0.23860521073978933,0.7553208969017768
212,0.40414933170235495,0.7184347116156159
213,0.138014525022745,0.6760235030496442
214,0.2892846780810278,0.7013480724641471
215,0.9670941158796781,0.7274361809864544
216,0.1791874067222479,0.8100396946228138
217,0.43148275615384873,0.5720630817451959
218,0.34438454251865325,0.6059893083551265
219,0.054558213009481146,0.6184328813385779
220,0.5168557050304811,0.7754673569945357
221,0.6284844391807805,0.9473335356385859
222,0.3940849393237724,0.9899995958850417
223,0.6341288506242215,0.912702284312333
224,0.5059961760901938,0.8349658947693234
225,0.2808072847922327,0.7877441401665694
226,0.6534866990134706,0.9188279890299159
227,0.5569166667425244,1.1243765853843866
228,0.5931844692786323,1.0610638362700044
229,0.4294766220334846,1.1046617186748695
230,0.36229495389124844,1.1799210683795684
231,0.2509041693201016,1.0252046890946727
232,0.5844083297342805,1.009720708467024
233,0.7109483577893496,1.1248564503016247
234,0.4004194445473197,1.1732905665651854
235,0.3714260125180659,1.1970531927097132
236,0.7685225364280213,1.027493824703814
237,0.3012134773343988,1.0515830775158266
238,0.7939947024863909,1.1015457868584357
239,0.46127114630389676,1.0965870343165833
240,0.30855180808375554,1.145818423853601
241,0.9704938081144886,1.003902660624977
242,0.2941726927748874,0.969770472830145
243,0.3826595950264417,0.8813801306851097
244,0.10733504450955181,0.8718494129929948
245,0.38912449597709275,0.8201771011374314
246,0.23520486909072366,0.712448695456537
247,0.16909845814014282,0.7027040691563603
248,0.018385583044068735,0.6295763456925413
249,0.5570555708557284,0.6744088329837559
250,0.1166470670185218,0.6442589580156504
251,-0.06367984961186741,0.6146974552994952
252,0.3947473774745782,0.6330482575711613
253,0.6343899721289049,0.7599276950124467
254,0.4436084720968242,0.5344570212183875
255,-0.06386329614834219,0.5385711767206319
256,0.570027320415279,0.6248288006094214
