t,lambda,delta_s
1,-1.1034435047328346,1.1456488128056765
2,0.06986894968139745,1.2359887506071954
3,-0.08229212649970546,1.0466289864257954
4,-0.02053969467926007,1.2216236004731647
5,0.7369029957167388,1.0174694442816326
6,0.6009277078775376,1.1731506477937919
7,0.4422000657255171,1.2953007347706122
8,0.6861315362501843,1.1778651996826237
9,0.39432495208494994,1.1995733352678828
10,0.498997655868635,1.1430327580126822
11,0.3482123080156549,1.0387995805718497
12,0.39600966047348346,0.9215226641601821
13,0.6598874387653224,0.831352852431005
14,0.2401676540527503,0.8291405131974255
15,0.225326536771283,0.8107557694903675
16,0.3110047385711712,0.9989269800552494
17,0.3406583154009802,0.8945668611256659
18,0.2898556335303307,0.9293070456084672
19,0.3303861030383674,1.0115182074035467
20,0.4412736745490064,0.7873563456021557
21,0.5993283768016555,0.786048171578353
22,0.5473304073877571,0.7996251104807568
23,0.440521539779613,0.7034331271778907
24,0.11504738423163255,0.601074797892596
25,0.2290060641893218,0.6972939461275894
26,0.17117687015960467,0.5445680668045977
27,-0.05769874810488907,0.4626039607229675
28,0.2035488933042819,0.6378059943607552
29,0.2954479436590117,0.5527502576090821
30,0.3950582321171825,0.6184396184199523
31,0.5241250487162579,0.643137572918931
32,0.9052560393743619,0.6604874974350178
33,0.4049183773326964,0.7933011784845584
34,0.4715258298686966,0.8239295223368472
35,0.5327252877956875,1.0056321637805599
36,0.20785062194904524,0.8323482158079196
37,0.516829407069743,1.064906691804343
38,0.4949691253245073,1.1802966986582515
39,0.2942449588566807,1.1948158978403103
40,0.2646597627856396,1.1733989096876443
41,0.37461501468532876,1.1921240562081417
42,0.482285943186583,1.0924585962144453
43,0.18606952771899118,1.155460277170152
44,0.4616728555425925,1.2445060412962081
45,0.2669242916241153,1.064819793196653
46,0.6644119299724075,0.8978570590489077
47,0.3494146719392751,0.9720656859892798
48,0.2602464165538237,0.856412468057737
49,0.5455050643300238,0.9674278422457026
50,0.09457149208785565,0.7281141323987583
51,0.12434420266407754,0.7455156123808557
52,-0.115551457592969,0.6841939807145822
53,-0.04113723731114619,0.5892140009058057
54,0.5990105956418488,0.5537970628938166
55,0.6410506465256102,0.6665686157940097
56,0.5314870360755511,0.6503980555250322
57,0.2394805691782035,0.43997187685897104
58,-0.13387161863930683,0.5382894701495691
59,0.2465430046242011,0.524992418609302
60,0.4208448406377706,0.6100253808986963
61,0.35841545410076575,0.8242232592360379
62,0.13019117782262912,0.8763813904789288
63,0.18631802325601252,0.8273921041378437
64,-0.062011069143577874,0.74111922965295
65,0.46959741536312355,0.7956370221032809
66,0.3374090309649877,0.9640570575623276
67,0.11522844113539941,0.8371057710310147
68,0.44887170163968587,0.8294026022486856
69,0.4532720933234657,0.8313124771898804
70,0.2728893657947593,0.8986989058163845
71,0.29016568392378417,0.8682504780220565
72,0.6302946145282874,0.896648798769487
73,0.3389824450721382,0.9579326925068503
74,0.26943648528820885,0.9963843481755822
75,0.6155340724236189,1.0490497798608391
76,-0.011441693279981518,0.8684041575596231
77,0.3960814512518026,0.9935419221405671
78,0.6003786070276124,0.827339730395026
79,0.13394606626304165,0.7240228454705137
80,-0.14224395042151922,0.7515736629287888
81,0.07816167200912831,0.9037747190428487
82,0.2824392674965331,1.0565537675194214
83,0.22205394054979988,1.0755430530309102
84,0.3775357077712004,0.9882773419167316
85,0.6538838972088384,1.085128556617774
86,0.4798544490415857,1.0190008587980788
87,0.29361210942078714,0.9562690928652557
88,0.2327380993751658,0.954161204135372
89,0.4654295561027016,1.0482780723652116
90,0.2696226562933472,0.9682905209158088
91,0.4013432136422757,0.8718006147812833
92,0.5713520678207117,1.018557879985214
93,0.37271805035337263,1.0958399529785856
94,0.3474827812210765,1.0288816256229372
95,0.4591637993520229,0.8602051168458643
96,0.2576178332519669,0.8884195712259773
97,0.24461286457219789,0.7529740024443016
98,0.3976703749460206,0.7505010755469615
99,0.15607681031590984,0.6241720968231514
100,0.04539832998703435,0.694159686443339
101,0.418710050015074,0.885727149535425
102,0.7830588059621723,0.7097127838259366
103,0.7563645732370957,0.8717922496477538
104,0.5449503310944248,0.9908481650182888
105,0.027811864484387785,0.796975818753634
106,0.20277045791490117,0.8282256447019837
107,0.5467911611300539,0.970798265691577
108,0.5141646890972142,0.7429545555582434
109,0.49189469753180076,0.7302454513690381
110,0.07949359385027137,0.6280903058947065
111,0.29815338948370784,0.6024981537404986
112,0.4521105860525164,0.7560026633455966
113,0.16407317697545032,0.8503009138402878
114,0.007633167407064691,0.8257608669588419
115,0.1540741757601358,0.9304234307798562
116,0.3608759700542506,1.0005718929689291
117,0.1672093657646728,0.9455034136577378
118,0.13496713740134536,0.8990534234426136
119,0.43445095741561207,1.0192487838048536
120,0.30303388664966924,0.9365750717359564
121,0.4562286452467909,1.000998817337223
122,0.22705116528963623,1.0631619538195922
123,0.21318996700656437,0.9370071014829932
124,0.6139250836054408,0.8900085954707678
125,0.24934812957631633,0.8130801145910929
126,0.22276068046479933,0.7613185354040206
127,0.01689915708649129,0.7040115628503664
128,0.1741087719177038,0.5611121743525845
129,0.6018628865931973,0.6383401561983197
130,0.22046248524982612,0.8117481994256242
131,0.35726928416899006,0.7421232972172569
132,0.23412705776768697,0.8655236830398603
133,0.6521160921338071,1.0193567321327006
134,0.5108066871264619,0.9067040435893299
135,0.09126178754844941,0.9362298855989181
136,0.2914944936741941,1.083490779811522
137,0.4704756758784448,1.1185911639737671
138,0.5376718057263119,0.9574115741367041
139,0.8913519359482253,0.9532324979923732
140,0.36465827607314805,0.9460272772966307
141,0.18568030158448795,0.9103276620095933
142,0.359767426498442,1.0027045574839186
143,0.20743034885832876,0.8990067908088372
144,0.4821664420001885,0.9102090684902606
145,0.3372506517420206,0.869661083171237
146,0.3123188721482239,1.0288738454861242
147,-0.010153511373732318,0.7724652615662154
148,0.23867230636550205,0.7250914197575308
149,0.5098076354939459,1.0078084146749
150,0.36988353352992737,1.1314821551081506
151,0.5112859959020221,1.1461467494036583
152,0.38788997260449365,1.0502060344511899
153,0.4369406773672991,1.0004566994182973
154,0.39828171191319506,0.9972730567086716
155,0.21893190755865888,0.8678203600930281
156,0.24751755479712648,0.7974065911038146
157,0.2902220002008169,0.8932383870623655
158,0.3717022177294396,1.0892616247817186
159,0.5668908376030393,1.1464851636170883
160,0.5422088625204021,1.1842572569135483
161,0.30534352987293556,1.0332219272953977
162,0.5622628997224075,1.029518041373567
163,0.5111552145784013,0.9824703518624355
164,0.11486324416395007,1.0078710991211333
165,0.34653795319100067,0.9020246847515992
166,0.5586247742102433,0.9378875070296959
167,0.3509477727771039,0.7945690397429699
168,0.11381663974770359,0.9023212919858214
169,0.4128945153461093,0.723118715235087
170,0.3900812943395525,0.6942870640069385
171,0.29142181747475593,0.7848394095906526
172,-0.10246503086847153,0.5504566237255437
173,0.19308655318286105,0.7038267908302922
174,0.4000007254712365,0.9292701308491444
175,0.5544805016484848,1.0404504884575818
176,0.24584464616560034,0.9602479176610006
177,0.25395151838215274,0.7674616356769846
178,0.1691528414266155,0.8367473277171028
179,0.40964689983498875,0.8240470036085723
180,0.22909341422535637,0.8209837412325288
181,0.4650300107730997,0.8044204087010105
182,0.7562018695827326,0.8637259995932791
183,0.19451249402534862,0.6864414523966165
184,0.7915433930298699,0.7412370048103669
185,0.31612931758812746,0.8855272703300163
186,0.26478103851134827,1.033992795319834
187,0.4320569297722708,0.9520290351337501
188,0.6364838125263751,1.0135971155484815
189,0.8016053952297404,0.9705865573621509
190,0.21302329031753864,0.9797119441531991
191,0.6964353835284469,0.9629379418806083
192,0.6972566053472177,0.9641767264379033
193,0.5006134131910142,0.9139651739487183
194,0.5100018939295041,0.8222064407113647
195,0.18095194129139697,0.8432287008564694
196,0.38640357430633965,0.7910257135663418
197,0.4588434268130258,0.7510810465561459
198,0.5307719963508869,0.7012341337727066
199,0.30975510637400855,0.8272791611744744
200,-0.0434496198694338,0.6037890232088291
201,0.32993880057451563,0.7302588106970526
202,0.716239282218966,0.9033569884807019
203,0.368066531482413,0.9971797125067922
204,0.7233262582900302,0.8955697176469836
205,0.3819472713415548,0.8571121767542522
206,0.5628328948321557,0.8638266777874429
207,0.7994413511338664,0.9944218526648031
208,0.6233517905687774,1.0448304993239308
209,0.35828208225762204,1.1073294215807814
210,0.17574906925705217,0.9613115581720975
211,0.4653096453273707,0.827110131228465
212,-0.04321567104135315,0.7989123586316922
213,-0.10573387480348859,0.7962881352933395
214,0.5568978377305313,1.0075368606926085
215,0.5002559207624361,0.797214490070307
216,-0.13182737029016084,0.8389490838162026
217,0.5111217330841133,0.7855023344334043
218,0.011919012945834289,0.8660060542620049
219,0.532891954336957,0.9633762339074936
220,0.11739667633091123,0.9971467701704004
221,-0.11127421015768532,0.9232534181510246
222,0.3242041832703739,0.808219412175581
223,0.26781910178949186,0.7111916831616981
224,0.34761888104234506,0.7567497844445501
225,-0.016401331420168527,0.6067859958112204
226,0.5559338744563036,0.7570380274666734
227,0.48220126428788906,0.9056137974584403
228,0.5136914012370403,0.6749964994555611
229,0.30391301140780763,0.7311001343218293
230,0.4635356086084685,0.6092162522896315
231,0.6196459810995945,0.7352248551558019
232,0.29914814086807157,0.8321555592377173
233,0.5602458135301562,0.6171722911381708
234,0.2537919768974974,0.6180124699776198
235,0.3599731073215677,0.45535579760779665
236,0.18940489768784038,0.4421632624288262
237,0.6491611600760234,0.5776053105925076
238,0.5230768258070587,0.6863396812917756
239,0.6078634685312646,0.7735902005472176
240,0.5191302923055966,0.8678508958666025
241,0.025316728927561018,0.7460980715245809
242,0.3800343402071064,0.7591480454876817
243,0.3379671411907922,0.8086024951953318
244,0.559898627473113,0.9519326387270477
245,0.32591890348340236,1.0447574238566932
246,0.38996114701158213,0.9314366601574646
247,0.3958782311776597,0.8324301131650744
248,0.3166648672756565,0.865778805635875
249,0.13396904563731138,0.7155794597546895
250,0.22734872319411362,0.8148127494953453
251,0.19899016164448502,0.7215291966853102
252,0.45780522317414346,0.7547011756597549
253,0.5445572058370357,0.8754279061465252
254,0.31201211603596846,0.7452801426763219
255,0.17748930464787008,0.7501137256223852
256,0.43260930646833645,0.7982695956099333
