t,lambda,delta_s
1,-0.4879554704935348,1.1376484603735548
2,0.4740250435472326,1.078922020375154
3,0.08692834799715354,0.9545255628482626
4,0.6620945726819933,1.0014475512399112
5,0.2692281780028438,0.8538455640231999
6,0.48067792448803587,0.9063768942501712
7,0.47648907604619095,1.106800371726621
8,0.44643429181965505,1.1729272531892034
9,0.7011889622960847,1.1365407292617975
10,0.5393372333212647,1.1073442451102007
11,-0.10449237252934067,1.1127814653666175
12,0.14968927835699045,1.0557012449545742
13,0.2746687893748374,0.9915020334730341
14,0.5765043585084381,0.972035259986981
15,0.3301589306076737,0.9849746454561915
16,0.19729992701659102,0.9334569126995279
17,0.6610184824438463,1.0771357747505694
18,0.09299857508853177,0.8385646581242665
19,-0.3388656070940556,0.8573843525594432
20,0.5280179757872335,0.9515376933591555
21,0.20347336952948336,0.9082235208412024
22,0.4829047891633752,0.9069946345332632
23,0.7167031523655187,0.7920388356095796
24,0.40798253292340336,0.9694575371864504
25,0.15104702783803683,0.859961162123168
26,0.22418184974244423,0.9885358797847122
27,0.5205942821248646,0.8265590382851148
28,0.568084214872296,1.0050582874863454
29,0.4003254091336583,0.8425173422973048
30,0.13562024487588317,0.7996358745896841
31,0.48849674939926624,0.8947779156594219
32,0.48070314467046593,1.1075973777497308
33,0.2532209113888716,1.0660356980957773
34,0.3311815305212336,0.9744144560784218
35,0.5112954978866118,1.0305596488149573
36,0.4286004733889641,0.8954017246147281
37,0.5018507251665495,0.8318618316262427
38,0.15987158836506998,0.7788655973410968
39,0.11576894914401163,0.7054238246676936
40,0.2994211407534651,0.7554204582708799
41,-0.008130584627961183,0.621727342262744
42,0.22619178662801342,0.6540667803872273
43,0.08615875005522038,0.5412414742717591
44,0.20646697785897358,0.5680620418664832
45,0.5608989420021989,0.693977042771271
46,0.11814380804730389,0.5397122575017455
47,0.5587499146980938,0.6614666244725632
48,0.8062059371189092,0.9118741577379855
49,0.10074399938280836,0.6962629832260635
50,0.5423600355497908,0.8428440946322605
51,-0.13611960103503457,0.6824241400087426
52,0.32203788088568797,0.9165323165740598
53,0.41815684349586785,0.7982063935168675
54,0.48082427008624345,1.0108639943455544
55,0.4073784207252647,0.7025927221155267
56,0.025609609916726932,0.8426377190752924
57,0.27805508839822535,1.054873981266961
58,0.42340120557577154,1.1297230612798392
59,0.43686487468445545,1.0516960010578984
60,0.6179778514544293,0.9671641172014666
61,0.4353925908815866,0.9189609170249788
62,0.14514390393306975,0.99995394607719
63,0.6852185583801329,1.183925084516646
64,0.5513228052052569,1.0688068738644398
65,0.18937504794853624,1.055955275725856
66,0.3741672645013755,1.0331169814278052
67,0.25409059355256547,0.9008463845145654
68,0.5335001483594541,0.918492258024819
69,0.2849244475578616,0.7249792110922733
70,0.20209971620654965,0.6930310853029983
71,0.4009954659449088,0.7993760631699867
72,0.4775975424757061,0.8921068642579518
73,0.415330373024735,1.158468446169296
74,0.1987488628672689,0.9821704703455992
75,0.33809928011031787,0.9911884061480138
76,0.48506365247990907,1.0940230922812675
77,0.6809812054246581,1.0786139454169563
78,0.5987080841594093,1.0230766516590328
79,0.4481045496498396,1.057907820040351
80,0.30066921353844134,0.9878078485082504
81,0.4319077027972484,1.0701054630784828
82,0.2359610584296018,0.9766437699389977
83,0.33627118167004244,0.934199814684112
84,0.2614950201217505,1.0152924828392769
85,0.48201697348731776,1.2339986862180707
86,0.2140595597997847,1.1329684223778433
87,0.30728565585394935,1.0747073896917931
88,0.520582737663032,0.9179129505848422
89,0.16308690105408827,0.9521983951428981
90,0.25827615254082326,0.990220355697423
91,0.6898423486913722,1.1540754029766938
92,0.5548865860067237,1.1641363722820441
93,0.32993913313545375,1.1467750598715483
94,0.5296113127203393,1.144203704129722
95,0.7908102921438652,1.1316372198915639
96,0.2691697213172704,1.0519837002512205
97,0.2266331378485556,1.111727035924013
98,0.13100631392662132,1.2333803890140065
99,0.2835365313803492,1.1572316338041841
100,0.36553298693139263,1.0618599234460915
101,0.400691741552718,1.0543780982449589
102,0.48479595137705267,1.1346685854051148
103,0.439994444754372,1.0988913310401118
104,0.25159086087440713,0.9381323847001106
105,0.2962781900951398,0.8062476308953613
106,0.2928306422070689,0.7220434719060735
107,0.2972012115503898,0.834004313178057
108,0.11108806669522683,1.0551554713796947
109,0.45913382653623086,1.0280768330412733
110,0.28582861604642246,0.8497937414547265
111,0.29359795824032625,0.9149624203846354
112,0.3778883512894624,0.8797669775629386
113,0.5332686575308819,1.0904204913194306
114,0.6133529955024215,1.1883863428765
115,0.2543762276717956,1.1664197146453201
116,0.4758718090916755,1.0627002588617809
117,0.494812925527924,1.069199179419648
118,0.18886819534354884,0.9417781747814186
119,0.7218753214115275,1.0408568875147166
120,0.09282421726254043,0.9588862538349187
121,0.3241173791487876,0.9225800491119559
122,0.5465151361468512,0.9434954528676643
123,0.3144211720889456,0.9351371337322801
124,0.6975662662236198,1.0436282410576896
125,0.708723832528138,1.159564162022939
126,0.35382941067687107,1.152944854464908
127,0.06648210341647061,1.073863508112765
128,0.5720012566066326,1.0412237109150388
129,0.6257888159951538,1.032018768225391
130,0.39366139202782285,1.003033591642274
131,0.380718254944465,1.0481360059649356
132,0.5049845370417552,1.0909849846035657
133,0.3552953971314056,0.9571435635803779
134,0.2597982238057317,1.007165659894492
135,0.38256000021527836,0.8571296341615479
136,0.42216984006004443,0.8172089770643121
137,0.21951386589310154,0.6803410250829119
138,-0.03705074488882349,0.6161582826968934
139,0.037179781934568855,0.481086049662666
140,0.0686497381878578,0.4227437969155418
141,0.1555832651214645,0.5132897091901126
142,0.283401452003068,0.47287774619244916
143,0.10676281593031446,0.5317848184643754
144,0.33022099073621797,0.6048154018576201
145,0.2058466928403994,0.6022618935545675
146,0.34624155785167643,0.5362857843260183
147,0.4479568100871978,0.6808860287241552
148,0.477897132494591,0.8008621467152046
149,0.6132637957155905,0.8962417887475633
150,0.7778050818906312,0.9350426945675904
151,0.2256325569326034,0.8323189027939928
152,0.6230128611377711,0.8426777020872919
153,0.33040372222846065,0.9263798201154341
154,0.8025716372660564,0.8687043667843148
155,0.24531304113612062,0.8989365044092867
156,0.6283081808683869,0.9981742702283318
157,0.6781886022274721,0.8392424562498142
158,0.5358385178693155,1.0946103759529335
159,0.3598649144360176,1.243637964548108
160,0.2216793326072955,1.0388956032768437
161,0.19316312527802562,1.1013712903689898
162,0.2804089495351143,1.1482648952250072
163,0.4244920112040517,1.222724911108879
164,0.4561407464019573,1.173211999627883
165,0.19428888611502326,1.1916917600678376
166,0.6938893750169374,1.1280772211886116
167,0.590053252296424,1.3248337668558063
168,0.2506392237660027,1.3083396893301926
169,0.48390105489109586,1.1474321140204495
170,0.5563025423831834,0.9701089034030677
171,0.4066416868386537,0.8860295772005131
172,0.4632219723126402,0.8685316717026854
173,0.3713895483928506,0.8299233776572392
174,0.31256906861052164,0.9293292434868204
175,0.16726342717559214,1.0305635768881027
176,0.29300155867753236,1.0107774914505974
177,0.43868275389227435,1.0878044082631588
178,0.5585000998755364,1.2032275639160825
179,0.620923781533843,1.148518433106633
180,0.45075312479127166,1.0228742506836412
181,0.14399309089126547,0.9411304877779157
182,0.26788657952336964,0.8536582435353706
183,0.43391024237613146,0.8248153884782891
184,0.39758177020095026,0.7462855615527578
185,0.6537006603381853,0.7358564181754113
186,0.8370202736598715,0.7366236385924627
187,0.5303321338250637,0.8659153116829972
188,0.6239359031832068,0.7605349461760733
189,0.7559620477865583,0.7907634472265531
190,0.7152232193917265,0.8481975897586578
191,0.27487391001958816,0.7693551627072703
192,0.40826545221700905,0.7208678641935047
193,0.40135835612341136,0.8391183998604831
194,0.05926064910038914,1.0260363154108836
195,0.48276518087449044,1.050996225674201
196,0.1920234389733184,1.05168122894484
197,0.3590108843627253,0.9048787267669218
198,0.2725862507933126,0.9174354841138324
199,0.2883680173015171,0.7314213195673434
200,0.4233946140670373,0.7614466355477547
201,0.38665912818734927,0.8418545099179817
202,-0.19398598769937078,0.7001675593032975
203,0.2726985096461566,0.8901846484500509
204,0.23632804216382028,0.8019269690646292
205,0.20493843880556092,0.8215098799757077
206,0.43490034282130974,1.0597134558747534
207,0.4520507843519955,1.1055136353141275
208,0.3201600798041628,1.0553201211005911
209,0.23801870748521747,1.0232705760198004
210,0.40583780442603073,1.0502292232242514
211,0.32804919641731,0.9239023586562338
212,0.5801147149126447,1.0116042073354152
213,0.5377472677714611,1.0518206310705855
214,0.29506143486775244,1.0307193065119216
215,0.4545886404159612,1.1267098623057896
216,0.36588438509012927,1.2490004571014721
217,0.6380768839717786,1.1131512158472365
218,0.6885566068192562,1.1403164900420995
219,0.4980098797726282,1.1192238999275368
220,0.4487100129271131,1.0600020576962692
221,0.6348497581002515,1.2039428610439433
222,0.5763213533546485,1.2343875625534375
223,0.3179021125717548,1.0482860880507032
224,0.42383766078089313,1.0791434480787003
225,0.07019237907477498,0.8576558756887189
226,0.10988191809350424,0.9258454010363956
227,0.3987232831959408,0.8953718494359095
228,0.44953074633838297,0.9409240356933913
229,0.521359166808981,1.0517424944242473
230,0.29934911923899377,0.9203304065243257
231,0.12226494940253803,0.9765181279321439
232,0.47522217602920586,1.1993813057165295
233,0.7968575444111918,1.1110526727630243
234,0.24225847615006757,1.1056212914024126
235,0.6839828349291627,1.1015697042545107
236,0.4537435622327682,1.0514670244097033
237,0.5357766597051802,0.9505499453785263
238,0.6860968383398364,0.9035475889789882
239,0.5549002569198938,0.9249936709030738
240,0.6214153551708514,0.9972565529428349
241,0.7653876713841002,1.2691117733399717
242,0.25977459077795956,1.025198323856725
243,0.36530765120285835,1.0308319077707047
244,0.5035096467552739,1.0300375263131163
245,0.3665588107719763,1.1013536528791248
246,0.08653169919944441,0.8620321053731828
247,0.3420971571893344,1.0643467616311053
248,0.5625351303805262,1.0532909278969074
249,0.7083267529316711,0.9428533647948151
250,0.4724748703178669,0.9739100734248861
251,0.4000912683253809,0.9530949620240567
252,0.28100215472051343,0.9283596317196062
253,0.24918108564294694,0.9239608629761553
254,0.403849525894734,0.9075558374899932
255,0.6426362780622281,0.9646499834922877
256,0.5523333472476448,0.9333692878198039
