t,lambda,delta_s
1,-0.9110989409452462,1.2442936880122233
2,0.3384091944103674,1.2135343014101596
3,0.22614748794966935,1.143061267795583
4,0.20626758879438287,1.1925820745415265
5,0.21972094566555284,1.1019273500059206
6,0.5690345869783991,1.1487634693183588
7,0.4889103716568877,1.0123766515624673
8,0.22546575143805103,1.00303737035203
9,0.4814921581632143,1.0094420296716824
10,0.18185669361903498,0.9156455540926342
11,0.47664867156156726,1.0035422480960001
12,0.7546600712590065,1.1188296306236905
13,0.7349543876674829,1.157172808187156
14,0.6308631441288677,1.1673297006507446
15,-0.06520768160245921,1.0939472395852112
16,0.24115152305235033,1.1160978504907768
17,0.6378642534587855,1.1596949019781404
18,0.396626992284048,1.159654342129392
19,0.43291608360827605,1.1556063614996601
20,0.3685212565257774,1.1118789019329656
21,0.4146446560220745,1.2123093521993396
22,0.4887415154922439,1.198781826736811
23,0.16945726700076869,1.140329170325052
24,0.4218351141017869,1.1002096011005802
25,0.4167731990251115,1.1820957249494402
26,0.5050378801383498,1.2630040299412861
27,0.21078012035455926,1.2081916011172062
28,0.4812568322804175,1.150864961058667
29,0.3796284643349192,1.2457266820223325
30,0.6702376557319196,1.1522375199748647
31,0.17605622176703076,1.117750161792803
32,0.29053863853364975,1.1389486566319746
33,0.3390837982715446,1.06252172216995
34,0.38432375616499637,1.0216982021922714
35,0.34883441881499494,1.1602132021564204
36,0.5058797487698814,1.2024890937154582
37,0.5851339313272983,1.056099317305354
38,0.5003728180909461,1.1233868637498525
39,0.18625734704569225,1.0093228000775052
40,0.6197354805294699,1.0677617295315092
41,0.4237768731943644,0.9238645754794815
42,0.32751285588718204,0.9251440860272461
43,0.6401855511873311,0.8494570077819592
44,0.7701013860721868,1.00283676882691
45,0.3603582303656203,1.1831609999224688
46,0.6860292722104594,1.0952759961945444
47,0.4846511132136566,1.1611112469019904
48,0.4698799516422955,1.0858591670499929
49,0.3707321320657698,1.1157695595053094
50,0.5315153637469755,1.1469681667677298
51,0.7822236804773277,1.212955968616059
52,0.6938130911586345,1.0644582308192947
53,0.814536413674471,1.093120053576777
54,0.6722182872853284,1.1928587083562654
55,0.3614830419767795,1.0768869219600132
56,0.3300557603884774,0.9927695067147884
57,0.060448863472087146,0.9995044319558432
58,0.4235231806349374,1.0817867584056433
59,0.32500466673639716,1.0522532073356723
60,0.035156409776997646,0.9519612645274976
61,0.13727344752712242,0.9379947642024512
62,0.3541620904940393,0.9906401801347283
63,0.4179113342075406,0.9906638336534804
64,0.6512505186886686,1.1697282965711853
65,0.7280342906954104,1.2165494250891915
66,0.5707980658262902,1.0779394886354225
67,0.22335272328373834,1.1541812107079914
68,0.6415686691424243,1.2093803631723363
69,0.5726764507798614,1.2078068554915526
70,0.4118001535008307,1.1461420886470706
71,0.29822366374269804,1.1356885204705423
72,0.25189713895110877,1.1761624935871906
73,0.4435637378553898,1.1168601722861322
74,0.29935718032784914,1.1680387072225655
75,0.7519375290812852,1.149297224436711
76,0.36815983486841014,1.2397912224161773
77,0.3499047660559345,1.1615060760602864
78,0.30802590274121516,1.167050921608549
79,0.4265314097576958,1.2785541179597122
80,0.2823484306394261,1.2492410948407948
81,0.487839350369363,1.1526799595676476
82,0.45955681932990805,1.1738905174266019
83,0.6715389223301165,1.1050217081055507
84,0.5116864018010393,1.1292127964683554
85,0.17589550351287306,1.1409460219683973
86,0.0575304560095684,1.09480559382163
87,0.41410911844194254,1.2049964507035946
88,0.3952041849244095,1.1834113436043043
89,0.443233723811593,1.079792573796562
90,0.4888553490300973,1.0158658793207933
91,0.29020712773896684,1.0771980996598616
92,0.46890508050174146,1.011230288023756
93,0.42766417189791917,1.085340122976012
94,0.5976252409222964,1.1188709328640558
95,0.46229297971913974,1.1131324967773133
96,0.44857954081499857,1.2448857053672413
97,0.5366573202772382,1.2168979840706806
98,0.6566735680409678,1.1896957218354791
99,0.48863206924710134,1.1179122772565122
100,0.7464663371492892,1.219473376956689
101,0.46529627122324985,1.180308546176062
102,0.47092553998569997,1.135227912369515
103,0.524690260784097,1.0925562606271684
104,0.17324353217125874,1.1021104878852948
105,0.4343148402967138,1.1772793626448035
106,0.6124909268229195,1.2032742897648026
107,0.5624777785714057,1.0713772757937177
108,-0.055861443252954245,1.0503235647506752
109,0.5471397526189243,1.0687330333996892
110,0.3527160660486078,1.0322587989573555
111,0.35122116020729804,1.0284891617028329
112,0.11023859341428506,1.0541863708760697
113,0.40907729362190515,1.0150715114258937
114,0.15293179858673087,1.0442975295942543
115,0.5729584873010458,1.0622023656744717
116,0.5349973144194227,1.1621207338438955
117,0.4388353046035698,1.2651526085124962
118,0.564291539309514,1.1379426095054335
119,0.531858642892433,1.1435685196944039
120,0.34012940738633785,1.0986521468175536
121,0.46288295962481224,1.101065885477699
122,0.5710182079788071,1.1041493448847475
123,0.26673523303282726,1.0560264609141226
124,0.33477994458467253,1.0780665830919467
125,0.542631619602719,1.0790820980467049
126,0.5031871802290785,1.0683434423471383
127,0.3349892393026862,1.0420356082206346
128,0.49343005433550546,1.0805556808275445
129,0.21419863365784733,1.0795359880700366
130,0.6185609158682943,1.1365358849686371
131,0.38799870156169786,1.1673059027608297
132,0.6049949022968052,1.1654857581202909
133,0.5727539766538313,1.1144330172188888
134,0.5285907850859953,1.1244340302881282
135,0.3480175861247355,1.1659453841025376
136,0.19896227893898386,1.0896166209479967
137,0.7293428738876747,1.125710196102948
138,0.11729684282897809,1.0542650063810266
139,0.26510979113039573,0.9279013573879863
140,0.7795240587975211,0.9690756727442288
141,0.8563309938080197,1.1778660270036312
142,0.3974179940432505,1.2487997908697326
143,0.22331162132832927,1.1429374890811972
144,0.7021795864906589,1.1850232915618275
145,0.367275079906696,1.1848882264994924
146,0.5494721435111444,1.2169134632442036
147,0.5694444082859315,1.1966245745387003
148,0.5648643475324379,1.2263096387078982
149,0.21108396405550361,1.2618792075062164
150,0.025866492010536125,1.0888588411063598
151,0.3002654286505144,1.1345518163845165
152,0.41593124309124657,1.1856642479498243
153,0.24785444537350151,1.259913017637403
154,0.31908236174759913,1.158858159362972
155,0.3730753056538153,1.1187817456986262
156,0.3958670585828319,1.157369723568984
157,0.2600339069327855,0.98259211370069
158,0.4608321930495149,1.057678309410021
159,0.5393918018712456,1.144189980110633
160,0.5232689871149658,1.2459292280943899
161,0.5568738154375116,1.0987715187709224
162,0.33623547219787114,1.0732852408598506
163,0.509207651699989,1.108799348486061
164,0.543083212996618,1.135971464566302
165,0.16466941087246276,1.1276633277920307
166,0.18214429656491432,1.0513847625212767
167,0.4451459293686781,1.0644665691371928
168,0.27995982616840875,1.0015572332973368
169,0.5746831166068259,1.024038000603309
170,0.512275229890718,1.103351070900217
171,0.633207786279713,1.0572900318911675
172,0.5888502244816076,1.109435903230314
173,0.36183783863378505,1.0958496314566357
174,0.5278057166943235,1.0538743598135012
175,0.30571711632638493,1.058979327291068
176,0.529734309578132,1.1634681730573961
177,0.5362632775564103,1.1765892132265656
178,0.3512347633136123,1.0764577459675722
179,0.47494984705211307,1.1214713438011983
180,0.49841210416005755,1.1947372423946876
181,1.0088654014897331,1.1945658342381076
182,0.09553243310984652,1.0647246879585996
183,0.4697028733698993,1.0181389993778116
184,0.2842702531860873,1.0248604980009894
185,0.4870332512823324,1.0268566201257374
186,0.6108620954455045,1.158479864364098
187,0.4512252872449257,0.9669385513453014
188,0.8371402934637553,1.0311716867172374
189,0.1750675206332051,0.9033728199815642
190,0.6911506787465003,0.9904771405923828
191,0.6510778891392646,1.0035970229994784
192,0.22556513322753144,0.9828305317284748
193,0.3207670165006802,1.042382537726519
194,0.07310313929247185,0.9870680722740013
195,0.2126002434863983,0.9154564786299696
196,0.3246247848262098,0.9983267722178099
197,0.4234546882384067,0.8941425741580274
198,0.6698944782216606,0.988999186927049
199,-0.011914675773920221,0.8411630454126123
200,0.2858823358081353,0.9063260681190279
201,0.32851629822196704,0.8116680162036436
202,0.20666494003027347,0.8498499758255649
203,0.448958344922468,0.9807200775223637
204,0.8003594327216761,0.8786035339746726
205,0.23467580510960376,1.049726715033029
206,0.6088422039504359,0.9045142809274378
207,0.45867296942350605,0.9167413985005854
208,0.47116570290744475,0.8093895781238356
209,0.34041039690587127,0.890880468910395
210,0.36430338923403116,0.8966467260387264
211,0.3806775668167714,1.0069760948531277
212,0.3948460886482035,1.0128884460416885
213,0.7420433446534715,1.132934460990087
214,0.5046487425211417,1.2720639454148306
215,0.6258102962169845,1.150129150297172
216,0.5428634602671586,1.1796029548297906
217,0.7421842588231189,1.2130152543213262
218,0.47817118913556494,1.1082656794298391
219,0.25648268390019385,1.1463258947347048
220,0.6029973375204496,1.1704193722352643
221,0.3746036037520625,1.1104436607442547
222,0.47936359926674793,1.1317775341027894
223,0.08809218420331186,1.0828778312514231
224,0.37070660342452444,1.142426917761441
225,0.35842294757583604,1.0027007188816983
226,0.3547582163455729,1.0792738676232385
227,0.296883826128575,1.1131963428920861
228,0.40802417007268355,1.061543894396681
229,0.09550268041642763,1.0950035242254343
230,0.3944993051453923,1.2945562798410988
231,0.39754051516694583,1.286620359144053
232,0.4393002696471263,1.218089319737366
233,0.5013611736587015,1.2016386593586306
234,0.23596736748812838,1.1005274762711956
235,0.25243048047416045,1.0781587520718552
236,0.2306083661333543,1.1014102116495763
237,0.16069848842251946,1.0835890886635269
238,0.29130888517038656,1.041086116711037
239,0.039073474540141886,0.912343137458713
240,0.23239406867590431,0.8154679326867736
241,0.5346280956139654,1.0465148657900483
242,0.6303678752869984,0.9564383457681641
243,0.363006264829316,1.1083447372625583
244,0.4632854229319285,1.1528005222278308
245,0.5028694962015431,1.2117747074325307
246,0.37837391931429853,1.21891813197524
247,0.3557650576805672,1.0974871037944074
248,0.6563640095603652,1.2166649908791123
249,0.39693726318801204,1.0608063724361025
250,0.8077033010978104,1.1116713492919321
251,0.3460953938808415,1.0676737972595731
252,0.4290092607943878,1.1350655208675893
253,0.3807249496600862,1.1987496036807115
254,0.31277281488179526,1.1456380333065665
255,0.6355370093283125,1.0573107770998342
256,0.2200433285734889,1.0260140109803693
257,0.6641922015374181,1.1455831190559806
258,0.09425176737613034,1.0281123297792067
259,0.8067492734021445,1.0961214388480218
260,0.8607260924333693,1.1822541859917945
261,0.7326349403574668,1.0952508446100604
262,0.6072301933705989,1.0635532252010824
263,0.5859134262891736,1.140324028034472
264,0.5412059827027986,1.1994429415909371
265,0.27185893059432054,1.08180268499073
266,0.673706997152247,1.0599157386748825
267,0.5149846205230217,1.1227929755857624
268,0.5653298699218746,1.025026379088326
269,0.17384073187883575,1.0240037671046371
270,0.6695164508673264,1.1445441547237285
271,0.29691526048648936,1.1525147722953197
272,0.6585686785384616,1.227783685837726
273,0.647979199838812,1.0701339803144747
274,0.7020200371447509,1.1946568898919026
275,0.2922157296468714,1.2503000560077449
276,0.6293810919778223,1.2055219151332424
277,0.9317603321430304,1.198120978337811
278,0.9292751979782266,1.1635367076214793
279,0.4828188347686723,1.0747166122057428
280,0.4242406523688537,1.0836594026636381
281,0.04412895593344565,1.1152177457712298
282,-0.00842669265959181,1.1260768703583248
283,0.23165885142568635,1.1150095332115106
284,0.68613366693661,1.0820614843926306
285,0.5921492640785401,1.1750537481205674
286,0.4611416260359602,1.101546392753452
287,0.3553201899935548,1.1492805580329781
288,0.6847163670019967,1.117978684935959
289,0.2731766064958902,1.1291516137168
290,0.6380475084761417,1.0631722005087085
291,0.5627788301925816,1.0470769922108654
292,0.14827371713367973,1.1431203669357808
293,0.4415204134609857,1.2153912416985806
294,0.31576068039656685,1.182082507306016
295,0.44248021648204,1.1510980932648418
296,0.47284389746028643,1.1685625700495441
297,0.3113306904428508,1.1376868811514997
298,0.25386373909961346,1.0115333277114613
299,0.32232217209935365,1.0917685844518392
300,0.46796880903594296,0.9371135433676399
301,0.42410085778330014,1.0269495350428843
302,0.27090271970960744,1.008658926753992
303,0.585468321769449,1.067022526342277
304,0.5250274581111827,1.1352137162558649
305,0.18554522876964077,1.1156472060037785
306,0.6379481961253557,0.9773104164587014
307,0.25006366369942623,1.0503945382272781
308,0.5237004302138227,1.1912754034747897
309,0.7645869258334251,1.2335932186057774
310,0.6527934292605914,1.201547684073344
311,0.821543521405225,1.1104990469074096
312,0.7089016399078816,1.095716697187578
313,0.26753483878298046,1.1403692498149762
314,0.3496536674819223,1.0064467987509609
315,0.35234859997290013,1.0484163418606005
316,0.4210388725335326,1.1299911411586854
317,0.34181318678803346,1.1171886600491172
318,0.448431378500212,1.071497275230773
319,0.47824061286470704,1.2631145816145233
320,0.533299021892872,1.0218782550116963
321,0.7645078726982447,1.1429195569519761
322,0.5605490459706037,1.2820773688549454
323,0.39471876080907997,1.2845166935917673
324,0.3807594512015453,1.1948636371672325
325,0.6362125992757515,1.2127121768071896
326,0.3412360304344352,1.2789129158400532
327,0.5414615901272298,1.1445470840484924
328,0.4980598042253684,1.1822584797667182
329,0.6576923300133836,1.189964646783309
330,0.6015975455715393,1.2222837228907502
331,-0.08655454367692794,1.128528622730731
332,0.4255204046066638,1.1616886137999805
333,0.42634447413176146,1.1484524310879487
334,0.07511199746278527,1.0167355972640395
335,0.10300777529502576,1.1571290473406726
336,0.2336743324832608,1.0911814376269404
337,0.5326430344725885,1.011887131379219
338,0.47209284235374926,1.1424868882213037
339,0.5621830919276533,1.1667328955695566
340,0.5002188956443794,1.1831106882065425
341,0.41428953450968925,1.2046822969820483
342,0.6239860803451301,1.1321099919734692
343,0.6047649559485634,1.175830533491375
344,0.07742964785176398,1.0166236000778128
345,0.11127185478415777,1.0305633815927853
346,0.3581804634608005,1.1442952192520583
347,0.3924888795326871,1.1525412979627652
348,0.3923669509213171,1.176313987234893
349,0.3849384880076845,1.219014936391997
350,0.3919341140255471,1.3021440064147558
351,0.5033989071009264,1.244939113706468
352,0.5147641853485634,1.1401722372776912
353,0.48448343033877217,1.1788832736909667
354,0.46100622811069475,1.1988803141198698
355,0.46331365368301203,1.2694667387317768
356,0.4882980917497535,1.2237512323897581
357,0.8087729890762378,1.2541638140766924
358,0.30579339169562997,1.1461749580137466
359,0.36142187777818896,1.1259623061609894
360,0.7710535143144033,1.1093623766244678
361,0.23838376104411357,1.1469095032594259
362,0.3816785663424466,1.0909618949063657
363,0.21785109563392874,1.1160233916074336
364,0.3122345846223895,1.1124401521390765
365,0.3956306691949827,1.0986602597389876
366,0.280517776230937,1.1481419620916598
367,0.4523811453454645,1.1004605004030201
368,0.4040111560167549,1.0867970345229911
369,0.33377751313403886,1.1253248841551302
370,0.19075970611793863,1.1002834996065292
371,0.7900566420631822,1.1361332210682493
372,0.7131865156274412,1.2408064362096713
373,0.4575212126515544,1.1644542945272542
374,0.670040815106625,1.1300669790621143
375,0.5976920819971917,1.2183347863368232
376,0.5219293743795768,1.1783677980782992
377,0.5444997337313247,1.280206995262787
378,0.29051239581854965,1.2709041342426364
379,0.416587000102786,1.1466079954956185
380,0.15970968125503648,1.1759058892229965
381,0.41252501012314136,1.1759892724476435
382,0.13623559988856118,1.1278506378348665
383,0.41646818171481775,1.1143617973178046
384,0.26874677635781175,1.1787398309472625
385,0.1748195517215644,1.0953612587783454
386,0.31159806965031017,1.2415790053966151
387,0.28239881729647487,1.2113558847565669
388,0.26381184863791934,1.1541207855154214
389,0.552017046666974,1.1250860237982703
390,0.7283489075255136,1.2106258129045828
391,0.42312964504201156,1.0910329965175567
392,0.2949206558482871,1.054766752930139
393,0.43001819155965415,1.1715273166311722
394,0.35979314335757506,1.2367714054854289
395,0.5037894226971189,1.168723262992769
396,0.1855800708758472,1.1561651661825278
397,0.2864909268102803,1.1521622882350997
398,0.4563193591302555,1.1653522536090146
399,0.30649201056962105,1.25195869288893
400,0.4132260646700996,1.2014133840532444
401,0.44933757802766205,1.2060051303918777
402,0.2743063213055737,1.1630259191516674
403,0.6036795987195029,1.2310402831187472
404,0.35159742267898314,1.2526021850225033
405,0.5776025518485799,1.3146606982009246
406,0.5255765735370903,1.2106346313099823
407,0.5604939634336633,1.1396798813546103
408,0.34844731981119714,1.1652428386014855
409,0.36291609109415646,1.0831157424753917
410,0.22503873342880784,1.105393654173915
411,0.33107425843400934,0.9908897358333695
412,0.32407152910466897,1.0844065094382707
413,0.5886661044422644,1.1332550508259953
414,0.48003428797503195,1.222135129653182
415,0.5680569896795683,1.1926509509733283
416,0.565601451152223,1.2331712743198882
417,0.4212471376383424,1.1359466690551396
418,0.13556482055698316,1.2066974730177336
419,0.7874006132947831,1.189919674771094
420,0.4529283567643768,1.0997720298497289
421,0.408636507465137,1.135051897431597
422,0.5171253954466175,1.1339373901871272
423,0.34420110677204013,1.16022954091166
424,0.5870117991431254,1.197869597936333
425,0.46735134638063774,1.092085365521991
426,0.199868660908761,1.1238653329223665
427,0.3908717788421818,1.1519847285503055
428,0.3119630048799492,1.0634135097190087
429,0.6966144483354902,1.0689737616064778
430,0.4621784670969918,1.1746626410021654
431,0.5360636787206599,1.1941729720709955
432,0.5437336360461297,1.154652341743492
433,0.5195745942532002,1.1324925950750757
434,0.3859779171928293,1.1688200539785867
435,0.33959913097054567,1.191742891750086
436,0.5968938245977528,1.1941078582516964
437,0.32488209241505467,1.2068441259664755
438,0.6333390662516918,1.1064167671811438
439,0.5335098664039252,1.1419197151975236
440,0.4096426369697263,1.164065907682959
441,0.898982842124577,1.0900546438830767
442,0.46813781884995387,1.0802511918116062
443,0.17321217050991092,1.157420116461274
444,0.4664270677119274,1.109813236265136
445,0.41864005070270904,1.0958265732714736
446,0.391316170263248,1.1905353807297463
447,0.7518848893029056,1.2241697142082242
448,0.2736206377181201,1.1600105380496755
449,0.7025281067188508,1.252711770304624
450,0.34658990629253983,1.0514402557784068
451,0.7937189212899447,1.1371028724559888
452,0.3595136800209908,1.202011929106871
453,0.09587873549146837,1.1676949114145312
454,0.40591743077502473,1.149823429381714
455,0.43257949154678527,1.1546206274568802
456,-0.0052494271163592,1.0415579787492961
457,0.16840630028053036,1.0926201833937113
458,0.10841905798792413,1.064641607817061
459,0.6677055259000606,1.1194481185945273
460,0.21384799021953152,1.1201178134825935
461,0.6529052213582182,1.120830678110483
462,0.1941338311432395,1.086499822986542
463,0.3360891384715808,1.2015297244397465
464,0.4401939811582521,1.1063743573444502
465,0.5103728771388771,1.1409480646512045
466,0.39818313386669013,1.0798636585426582
467,0.5795661063690091,1.026832810773103
468,0.5929858596146977,1.0192797100725204
469,0.30255935403666007,0.9742559091845465
470,0.2196204534062497,0.9908381046070822
471,0.6418182695273992,1.0929845809870027
472,0.21225072093579564,1.046755157463467
473,0.45192344465921275,1.0645037956827337
474,0.4173628380327488,1.0239293250086192
475,0.5532712772728358,1.0295104499600647
476,0.6027790326618254,1.0778769097136676
477,0.5383982025489882,1.1251332900170703
478,0.11548538118146488,1.0278395051320102
479,0.6200373454752339,1.1396449603697896
480,0.5345900780102738,1.2464158571611854
481,0.2961011214669187,1.1808257014386716
482,0.2851957464977927,1.1529418132748221
483,0.5514379889818833,1.2092829789986341
484,0.24375084228493998,1.0395155211704399
485,0.6688947034401557,0.9830956129420877
486,0.42480567462455066,1.0619487674739894
487,0.515819687148885,1.2619834862170454
488,0.2763412348377426,1.0665470565417658
489,0.708860787094728,1.1326686581636531
490,0.6609023541602442,1.1514087766677479
491,0.2600050361329024,1.1420179351407334
492,0.682900807061541,1.184661308779156
493,0.38164172047587946,1.0820816444333299
494,0.762660542591261,1.1439491841432086
495,0.3614015385198417,1.0121981246468827
496,0.35462746047746213,1.1729830715753349
497,0.17341977670618078,1.0846658358246495
498,0.4904031238747994,1.0764396649720314
499,0.4341869776666712,1.0643355693744645
500,0.32854504059627454,1.0750014347437626
501,0.4743041528537963,1.0617027221863453
502,0.5139773298604084,1.1432023395299775
503,0.6411160947829029,1.114460639006996
504,0.5064415367361049,1.0996417982259419
505,0.43001959349358054,1.0646640626079782
506,0.5753451060064846,1.1109765367802473
507,0.22246491565279045,1.1883464856399872
508,0.10668131988329871,1.2529513999533486
509,0.09314635560355933,1.1264791891732833
510,0.3363452151626397,1.1472771350669366
511,0.4418206856059036,1.2275636083432864
512,0.6791649047597534,1.3230157614819649
513,0.6130205762635362,1.29171453028711
514,0.11881886193302303,1.2676919385547807
515,0.6879028025370693,1.1405575496677562
516,0.5454502073980252,1.0912024547092012
517,0.21897660082795292,1.2230689211857135
518,0.3140700600951243,1.1709938077550286
519,0.05200109173136769,1.0779808934462383
520,0.47458494141601426,1.1391668790622858
521,0.4416780200753383,1.3069443093692414
522,0.4609096430460674,1.2551661797712503
523,0.5726563449637487,1.0954630304382844
524,0.6169540524831159,1.190580086971013
525,0.3974002072097151,1.264351996573632
526,0.577136292446513,1.165173934976275
527,0.718368565784043,1.186192564460079
528,0.783766399028423,1.1571912484530642
529,0.1877403151619353,1.1557957094858544
530,0.5922514479462178,1.2583926572401751
531,0.27975671555559783,1.0669395271735613
532,0.6382670157024758,1.1022137995655634
533,0.11832283174109517,1.1546418540008274
534,0.5096485584883692,1.1658775415259046
535,0.5394800056216269,1.207822540657835
536,0.6749403827641699,1.2182163454009627
537,0.5856494101517598,1.1844814184869175
538,0.39755794429813895,1.2431929416163199
539,0.3390959370078277,1.161427282313639
540,0.6430745005827471,1.1989452105591245
541,0.6429302395170711,1.104273397953829
542,0.17010764776894843,1.1303831306888013
543,0.4390094175126496,1.1591181753973134
544,0.1977982899124882,1.1635220621679645
545,0.12318450610071587,1.0552347816490264
546,0.6215420116086435,1.0733384439722276
547,-0.14148197266910176,0.9368554271052036
548,0.32607824668931684,1.0956490823526217
549,0.2223149531072773,0.8966905750826746
550,0.39717932942622397,0.9383325913167857
551,0.15248808247805853,0.8717500456104972
552,0.21036644369404633,0.9673550690323149
553,0.257934509767742,0.9485295248311668
554,0.6236532146885824,1.0176420991194357
555,0.5277590007980094,1.086000780704276
556,0.5990706147886619,1.1579280486662575
557,0.3970426840417464,1.152251838555807
558,0.34971642434128963,1.1165393605365994
559,0.2683169295938217,1.2307103669449337
560,0.41000398996707,1.1531428729828912
561,0.13792038759939523,1.0751404586709616
562,0.49751190102008086,1.0311159978047157
563,0.19056811086397205,0.9792686357351201
564,0.2589094810383234,0.9045279516008513
565,0.4193561440842227,0.9667985468573692
566,0.5414143676862172,1.095708241681247
567,0.514652396993382,1.134418254972555
568,0.4840640393826507,1.1297849016863548
569,0.3560698234751984,1.149418197973053
570,0.5774176969885502,1.0976441534725616
571,0.4885990072878725,1.1686174178157926
572,0.31842911099908633,1.0805945635741556
573,0.6138295408583119,1.0819918991438318
574,0.2476766820883497,1.1128956654929563
575,0.18510748651302691,0.9671098836405058
576,0.24413640210707635,0.9402487990253923
577,0.20374364408219248,0.8933854713273824
578,0.5630305005601641,1.0358699153880235
579,0.5525966268558272,1.1665761144595745
580,0.33805287444244864,1.0449314112143344
581,0.3257714906743699,1.0271168371520443
582,0.42053233109437704,1.159191039796664
583,0.2826397949621366,1.1150094115381328
584,0.5825446518232378,1.141694819020043
585,0.7569811834422268,1.1649109299423666
586,0.6618364445581864,1.1694150498105584
587,0.3370113687289373,1.2105781564156248
588,0.5130286906123032,1.1380623195090667
589,0.46769711068045966,1.1176895172258299
590,0.520586869586524,1.1255895574310342
591,0.5034792628217863,1.0327013435075183
592,0.5090887903921568,1.2304727689254304
593,0.4190752018884378,1.2067586869800773
594,0.39257027780921955,1.1350020637602485
595,0.7529059418817464,1.106084794205446
596,0.7135535916743841,1.2191666351043595
597,0.6473494266746037,1.1177669392562244
598,0.5912816838300002,1.1468102749527005
599,0.4278848108613933,1.1417457169355933
600,-0.01997063129306465,1.0218928065529655
601,0.4885861239722238,1.1081919843020631
602,0.4250403609887384,1.183327362711652
603,0.36267333362543563,1.1103641286237522
604,0.23948898672568739,1.0936471125410672
605,0.6562522084146664,1.1076975327092975
606,0.2829343241905609,1.0485294839475163
607,0.31693504901897107,1.1390466789960862
608,0.3204849399822768,1.15859079114918
609,0.461586793845858,1.2408592861711074
610,0.42919475907466115,1.2195678743549436
611,0.19910138340706982,1.1311633973774615
612,0.44037841355951374,1.1373418517933895
613,0.6354907271040532,1.186364457968184
614,0.46339670668594635,1.2458310492342082
615,0.5044005617379179,1.1570808072223047
616,0.5838705178483166,1.2146086294698064
617,0.5534011859949545,1.2615201427928668
618,0.23506400251717446,1.2541276788056226
619,0.3349904427584668,1.1764632427054713
620,0.440073445896045,1.2369532451278586
621,0.21941754683623577,1.2106029207615172
622,0.30451767933954066,1.1713807078004221
623,0.4739599361277498,1.1404545027749253
624,0.3807455822548562,1.0941614012954672
625,0.5203247112281065,1.1569124685975536
626,0.3889723232472493,1.1340321926514612
627,0.7070794093904055,1.1104655925545797
628,0.5972738900359729,1.2235583854678234
629,0.47287509813234246,1.2450918870672936
630,0.43339689930214126,1.2246656925777906
631,0.5083295475139172,1.21213024318377
632,0.5266291280089055,1.2281192872966817
633,0.20558254422660754,1.266006769275016
634,0.509886981196564,1.1841225378459
635,0.39207968667654175,1.216758330291183
636,0.5774482117733765,1.197446874544947
637,0.29294981706829054,1.1787936262192216
638,0.4145256433357405,1.2467426153087002
639,0.6635396969797283,1.249824850789207
640,0.5646313309451209,1.2148539213500091
641,0.2779346011315939,1.123701255720679
642,0.5657042979394038,1.126889622878223
643,0.4735406408483081,1.0553628385901983
644,0.13915155048485267,0.9835489151171537
645,0.6229610011603666,1.0994123206236728
646,0.3754286117367248,1.0304529678114864
647,0.3314097252853379,1.0581283758683289
648,0.46644757998419123,1.138473968936635
649,0.16051656534677886,1.04802286459268
650,0.5133955886252565,1.0962230953564849
651,0.6162223903313299,1.0156925196047233
652,0.3308092768276913,1.1572204624187832
653,0.5240780619182762,1.242088529684495
654,0.32124458389745975,1.1128158337960083
655,0.46133158407300057,1.0718389643879433
656,0.3886529035912221,1.1118582828918901
657,0.33877008987861945,1.203837970220608
658,0.30534253256694166,1.3029636469530559
659,0.5913806299180038,1.2313374548522673
660,0.07936266743853954,1.2594241626567908
661,0.3294169616414127,1.3238295780148817
662,0.42469144024440153,1.2508888838678356
663,0.5950824427510614,1.1463617253176168
664,0.6022037524823675,1.1001597423923974
665,0.3786404400360869,1.078077785765669
666,0.13940093638351533,1.0396315863988725
667,0.6772007389919801,1.1740897022608445
668,0.2836985721704995,1.0048372123300142
669,0.35773574696835747,1.0717220264115717
670,0.5724245387232165,1.1613152365477835
671,0.6548694817396747,1.1134189255839682
672,0.6338908656894456,1.1894705342903922
673,0.4019452919934535,1.1408040108072464
674,0.6693424950879249,1.1362857478810624
675,0.6444917715575941,1.1828518017381748
676,0.07009970787901611,1.1166988602777503
677,0.27281530557593103,1.1051711659963779
678,0.3854644248280895,1.111483615085344
679,0.3165656124955458,1.1346428312189412
680,0.4318084136492231,1.059807952265681
681,0.39605674899823423,1.1102148219081025
682,0.6365473871027325,1.0799205299075623
683,0.35137342573649805,1.1128419461971228
684,0.24061828790599302,1.1177770158488702
685,0.3259485289722376,1.1296875265970843
686,0.2856751742052149,1.0862366178187195
687,0.2701087910272554,1.0878214987383135
688,0.48400966518393124,1.1482047161187996
689,0.1960571699573376,1.0386187737615373
690,0.45628494998028285,1.1726214819696406
691,0.623609424837831,0.9915916220556145
692,0.5420515079971185,1.1205170505242275
693,0.5073342174881655,1.3055895566821358
694,0.4791637269934928,1.1789614182440469
695,0.42673606895363425,1.11577428165453
696,0.7123907926126906,1.2740767773140294
697,0.22915156842242157,1.0942259307229893
698,0.6922056244127731,1.233927956714775
699,0.45184311216118395,1.2565627834358968
700,0.525365152931057,1.1578785334073771
701,0.24498330562069093,1.0932437774218844
702,0.5180868396393736,1.2017796430582068
703,0.3587866545806562,1.088983930031212
704,0.3661037287603611,1.1476540691033983
705,0.16991371092476173,1.1934352600308271
706,0.32941824807168996,1.0014483675608796
707,0.39190813621920595,1.0824179892505454
708,0.5487207555986405,1.2195439671577195
709,0.33007322514490206,1.1812371294262929
710,0.27664595451786167,1.2285619150786455
711,0.3511504802062103,1.157460454414177
712,0.5486166081226962,1.1638139801995588
713,0.21551067883129155,1.1094293348529174
714,0.5422529027752727,1.1032871687634138
715,0.523216116983295,0.9627826574604101
716,0.2755264819359642,0.9876949819975106
717,0.3639446738312082,1.0166689517490848
718,0.2618273104557539,1.0618138771201207
719,0.39140981348005277,0.9823190407003755
720,0.46711378909818335,1.1247079883959068
721,0.43015150760783855,1.158503654632874
722,0.4832121238534126,1.2377369748140592
723,0.4309585804306493,1.1849012366318135
724,0.4491265325117727,1.1275381446631656
725,0.1995770792449689,1.0529916950162854
726,0.6881695843419923,1.1224543520760888
727,0.2304669358726788,1.1534391991371522
728,0.32095691307758717,1.2400584864305442
729,0.2951793682116561,1.1058263767055037
730,0.17404622282259533,1.0259669578305137
731,0.2820570199044629,1.0711538862121888
732,0.29243860777038616,0.9730203404513698
733,0.2730041265950672,1.0264821453377444
734,0.5575229670934062,0.9634416975231668
735,0.4006634513238728,0.9321542337355228
736,0.30365911381251137,1.0921713606593582
737,0.3506909364774186,1.1025782774487896
738,0.48128859804317453,1.1397119509730917
739,0.45343338966105384,1.0739315582822957
740,0.6890618165672396,1.1068638771203119
741,0.4177470513622073,1.1658684624685984
742,0.4804438639008678,1.1891333224881968
743,0.38010463867411187,1.1301840487387165
744,0.5156671261950078,1.132108625940424
745,0.4971922881063222,1.2197418654899612
746,0.4889542711695923,1.1923423449247836
747,0.5771064007376675,1.1846510329303495
748,0.4789864124348372,1.125046149098348
749,0.145511621551533,1.1621527098084166
750,0.7221433953206169,1.149370566706472
751,0.5524393879647765,1.182088127220904
752,0.20935110631403225,1.1905510198861882
753,0.23561552365358623,1.1380231742651634
754,0.4835947560524252,1.2087391917067853
755,0.3805443846497083,1.1929740666587167
756,0.6090921959147556,1.1261000575945823
757,0.6142854200302961,1.1970989002902728
758,0.37487417627593556,1.095873685144648
759,0.6652114089805498,1.137561350601487
760,0.4345649901208253,1.1134076683351384
761,0.9290503151348556,1.1182200792792503
762,0.6710513318027915,1.1538061064893916
763,0.858581707446655,1.0829904219358637
764,0.42786574232213764,1.0987342024803035
765,0.16782487979457056,1.1547408034635493
766,0.4670861172983144,1.2005636753243667
767,0.4630051799712956,1.099683335696462
768,0.4598754638743313,1.1299154106567169
769,0.39153106836061546,1.1141956205508448
770,0.3656920539193583,1.0313068941269417
771,0.47081941732730076,1.0911604008909481
772,0.5966137660378107,1.217816227168966
773,0.12667779290480546,1.073460920313633
774,0.22554966004146546,1.2851765869055916
775,0.431689445696796,1.175318298434875
776,0.6034184988631791,1.094411745368832
