t,lambda,delta_s
1,-0.8019733918998141,1.2686450789632349
2,0.7105041741096016,1.2349627105845393
3,0.5217356057030613,1.2571430018458254
4,-0.008121833452852018,1.182783629089784
5,0.29592897441492544,1.2071431553685623
6,0.477865852295343,1.145968569276502
7,0.7428283143308652,1.1508459843453562
8,0.6029558034691824,1.158946804034935
9,0.850085592135088,1.116372605953543
10,0.654019243017154,1.0915381617220086
11,0.5214074358034455,1.1395477365855011
12,-0.020325089651819082,1.0395143516412657
13,0.38606811405418023,1.135324840628913
14,0.5375921069306431,1.1542364716003062
15,0.18848591470567827,1.0530487544368305
16,0.33359525593281775,1.1090092101800189
17,0.482991746969558,1.1976107285154285
18,0.5927647310072158,1.2712120472747217
19,0.3845363253778679,1.1676265268754267
20,0.40279009936163795,1.143022409355125
21,0.5877228849522743,1.1786435265304118
22,0.6208779371393844,1.1693873591444335
23,0.2577053995917041,1.083243407335308
24,0.41136232964198477,1.1444671627871206
25,0.6414950545658713,1.204012427984822
26,0.5390832117322747,1.3267375570163158
27,0.4673727017840507,1.2960764985664115
28,0.546185612890635,1.2952378133276405
29,0.6680317907810283,1.1740819676843721
30,0.26303903474348694,1.0815948195805574
31,0.4699398203999739,1.1970662424936422
32,0.41546939661706295,1.3155401281891324
33,0.5558945358056678,1.243850484728832
34,0.2531202087276238,1.205536743951124
35,0.4845527221362088,1.1592540081773242
36,0.5966510384491674,1.202248639428066
37,0.19864641773738964,1.1758792593100118
38,0.41503641789226203,1.170215028781907
39,0.5181933307341559,1.1316316256361414
40,0.15324800263840957,1.1342258613790768
41,0.5499831241741255,1.0762323471494684
42,0.10587832166261903,1.0739996773662275
43,0.6718331400047389,1.0696569744693725
44,0.1729373651625741,1.1027866521380694
45,0.36831013538876717,1.0437578206685967
46,0.16777968149256206,1.033455031071492
47,0.4166689880486238,1.0490937078426674
48,0.4574250012034184,1.1342204545650716
49,0.2898778879947458,1.022270587825745
50,0.5067310097304228,0.9464251640218787
51,0.3222691330817973,1.030822176049455
52,0.37168496763498476,1.1715469605676319
53,0.26757719506569977,1.2147150084781715
54,0.5653960211034027,1.210925516940036
55,0.5562291279364076,1.1801024313472863
56,0.30839768609387347,1.0394985824039782
57,0.4634446455898031,0.9409518357889416
58,0.5109649669469325,0.9705680522144654
59,0.553598599489702,1.0217401273841813
60,0.3550821813781342,1.1178513398704597
61,0.34476091690076965,1.1343915033606322
62,0.1762592481534453,1.054176489957943
63,0.5181961057315404,1.0603477947096067
64,0.3148068746162021,0.9797249200919086
65,0.25848608284265756,1.0378550646381113
66,0.5355180693130625,1.061480181501402
67,0.5150178784465222,1.1456517704118079
68,0.6724586551510234,1.2029485765274242
69,0.3156514891245149,1.039296182241678
70,0.2726079389984053,1.1322254072744824
71,0.5099109108077717,1.135941670712251
72,0.3785484565776449,1.194044067327793
73,0.5724228216381968,1.1656548194312213
74,0.5741703458385258,1.1386867046348226
75,0.22994762805223837,1.0311512823036955
76,0.2867005558457681,1.1003125594358563
77,0.4857469076855513,1.0696841233074645
78,0.533626754759708,1.1617997922325511
79,0.0851003271328334,1.2399885058878255
80,0.4702377249035407,1.2451447033765857
81,0.6045147432202777,1.225478386805989
82,0.17664145166199308,1.1382478810133105
83,0.3703416800872994,1.071176830113485
84,0.5012905940690208,1.064499800369006
85,0.6097095705951942,1.1198256624683156
86,0.6660784780001691,1.090367787029204
87,0.36588102795796335,1.0309362374651545
88,0.41339003317386563,1.1101409506194102
89,0.23890485179103965,1.047192535929671
90,0.11305936080770021,1.0198326087942984
91,0.40047268641762307,1.1426810710363393
92,0.4048664872515127,1.1723414356104167
93,0.7036439497701309,1.2504187786972092
94,0.8097321753278531,1.2493923364190354
95,0.9414401043692351,1.3249500146539621
96,0.030544626971011596,1.2455040708444216
97,0.1976628708324543,1.1161117848039215
98,0.12259000272582525,1.1539918381979097
99,0.17924918062039089,1.126914656013536
100,0.6464887181926179,1.113842696085246
101,0.22278383847633132,1.0359376323016252
102,0.5598869852634154,1.0424301182192584
103,0.5132856048931699,1.151109503916777
104,0.33307372554370906,1.1704896954091777
105,0.6437429412190196,1.1829670540591462
106,0.38424562912161436,1.1960333363653441
107,0.3857273634540195,1.1641666070020018
108,0.2620746870893485,1.1348695526633004
109,0.5803430530945366,1.2518807244531711
110,0.43965716681930334,1.1756874722836945
111,0.5108191616517813,1.21059863763156
112,0.28859831153350196,1.131244842159808
113,0.5678890049329856,1.0718317097900358
114,0.19052055198211568,1.0044410382178526
115,0.5440310406730711,1.079559340058665
116,0.3227566329658835,1.1295018656749565
117,0.2334222116716202,1.083279759671919
118,0.38997626591873946,1.1210420522952702
119,0.4340322349324201,1.140678640268021
120,0.4379715125854349,1.075661878304099
121,0.41993061571325446,1.100996338458697
122,0.35716449144406603,1.0435522141684415
123,0.6967754146933318,1.064859292637201
124,0.47301722613041447,1.1256210866078207
125,0.3634162621773258,1.0678423165028306
126,0.366757065292309,1.0514064944572876
127,0.3447859004993394,0.9927216966009402
128,0.590637740462878,1.1786513091901485
129,0.4604393636145702,1.1618060322967154
130,0.5131570934909393,1.1871981628031611
131,0.3424235327861584,1.100660347325749
132,0.48120436866026894,1.12539076598278
133,0.16894156192453522,0.9689428494956703
134,0.42091189450620176,1.0700730715493125
135,0.3772870137058485,1.0328394145125144
136,0.3707479664882938,1.0698195075343553
137,0.49839914773841887,0.9212280169041817
138,0.4358888449474293,0.9326674649270915
139,0.5277558682462538,1.0139074949672402
140,0.6112535835064737,1.0154601038102875
141,0.6788905772773727,1.1322776756354194
142,0.5163438619335744,1.0491155707008266
143,0.6917948579817568,1.1476875565645934
144,0.3037632987599011,1.0786249021357985
145,0.3654611524557704,1.1448975497502758
146,0.3293368326404596,1.2319932562303202
147,0.2260136247530431,1.1739635891284563
148,0.49115025589593564,1.2016145632447657
149,0.30057620915709443,1.131558743132978
150,0.25142877999534946,1.1958968066012152
151,0.5011057931765155,1.1414249436294415
152,0.45748972239881064,1.2439080834451184
153,0.8714627172036612,1.1798016128423041
154,0.4592126745596418,1.1793593621651266
155,0.5996107948827165,1.1259777572152379
156,0.18702242907712435,1.0577683535595548
157,0.18341334998604583,1.0933433636024892
158,0.32026500274803066,0.9813294062381644
159,0.495615815969673,1.1327380140691243
160,0.1200241315668761,1.0723552989754954
161,0.37448494895992546,1.0193507731119118
162,0.3736787372066494,0.974993926505143
163,0.23149316815466564,0.9846902929148983
164,0.44547136039871504,1.0588976887837789
165,0.41180715625582887,1.1736274264727002
166,0.34078293638055585,1.1243679076542152
167,0.2607147280158471,1.1809904125480783
168,0.37268388181245476,1.231277088345898
169,0.6690425441503239,1.2257752223451035
170,0.3240689192056547,1.1682464294148591
171,0.4569500017454544,1.1659877957365983
172,0.3768435785239319,1.07586417389172
173,0.44997312568638964,1.0816652826590725
174,0.49271957574997544,1.0584251967282248
175,0.5009215154963088,1.1572219848122358
176,0.14922721970791356,1.056354427640121
177,0.4921134275190555,1.074200972950307
178,0.43890882170954104,0.940514130022036
179,0.1279277226855255,0.9017632589754736
180,0.5846445679212504,0.9748235358793261
181,0.49225649857664294,1.1208420154002996
182,0.6515071390061775,1.1439991251530612
183,0.5195753370054766,1.2148618287852138
184,0.3765847360544092,1.205180023495016
185,0.1337120225301792,1.0964292381281555
186,0.4166218424264658,1.1404928700492145
187,0.28992927414425657,0.9784939681786999
188,0.37381630579261665,1.0146739126848299
189,0.3914488438764496,1.1655590656049577
190,0.49942652643490093,1.2592212965961604
191,0.3124988069016737,1.0852592264343965
192,0.4062120166391797,1.0677398013006014
193,0.47724546821357233,1.2268812197653125
194,0.31522376164602683,1.331604304461091
195,0.14900570073718206,1.2080451411188213
196,0.6091154663572501,1.1847630655263472
197,0.5201743196998627,1.2458703960309898
198,0.395962378648004,1.1713313406186328
199,0.43297587020439454,1.133014567875223
200,0.5414182273497403,1.0125552922693435
201,0.4163858100892192,1.1222772218570272
202,0.5510322824075468,1.1716924345526776
203,0.40419221276200024,1.159535174910365
204,0.37245002577878344,1.219574288106483
205,0.39265619446335076,1.2214358908243597
206,0.5068542299294331,1.204475262038144
207,0.29608295415312597,1.2276316356706338
208,0.5103420996540198,1.10135762743817
209,0.3183696807488588,1.1163987602476337
210,0.4946790498231211,1.2383966951916934
211,0.3891296915779444,1.159858724559678
212,0.6791054574843746,1.2330998385181147
213,0.2708070905844882,1.1848897517361845
214,0.6276090005159729,1.1794390430800563
215,0.6715759041360078,1.0863711260779447
216,0.2718134532413451,1.0690639525565966
217,0.5800895628701541,1.1760040729304948
218,0.05063911841324816,0.997575566904388
219,0.4580166329903967,0.9647059078842282
220,0.29084686010555105,1.0123872447112776
221,0.4276843837007053,1.0049330189882844
222,0.48938002217721377,1.0403173806995618
223,0.2690167647579774,0.9094122779219156
224,0.3662562100640865,0.935158119878207
225,0.19180013717494368,0.8032945239682125
226,0.3378843165268899,0.7727943716613438
227,-0.03667776828930142,0.6833076283068235
228,0.46428650372883024,0.7861292114742351
229,0.6390128983046913,0.9559322593820274
230,0.007408430826528404,0.7912920790278255
231,0.2880402720152654,0.9296146565965304
232,-0.015812100242411652,0.8302951285718199
233,0.4129529855430575,0.8496302875026567
234,0.3496740617025671,0.8749821553926151
235,0.3654086160309119,0.8323861476799136
236,0.6941797802072222,0.9790197661613298
237,0.5040826912772711,1.0900455692207824
238,0.14916338754043165,0.9639012794960916
239,0.2524170286015488,0.9818227261609072
240,0.6205591355563279,0.9609791910150024
241,0.4939076736470732,1.0778859587795595
242,0.39739388857060504,1.1916432201467988
243,0.47401115546201017,1.2221028621503123
244,0.7265654366099185,1.2737734071272628
245,0.5330088710541945,1.17722324005789
246,0.28448925735645314,1.0775102455968195
247,0.10694689560123152,1.1076661776687722
248,0.1679942536769393,1.023031639296667
249,0.5246985295796532,1.0716504217973983
250,0.4122956170392648,0.9898691142153125
251,0.4723694187612691,1.0963248873000258
252,0.11093785549002702,1.09489953019039
253,0.3518510700549619,1.077955551069729
254,0.7259026948351236,1.0492307230578024
255,0.4645027616176916,1.1236095704552966
256,0.39480169986990343,1.0677073258106138
257,0.4382113513092202,1.1286760565529719
258,0.5765506409307962,1.1558259331627083
259,0.33658566185558464,1.0468959470641845
260,0.3688158323102455,1.051754524616874
261,0.769855986231503,1.0577712292818977
262,0.3052344722755069,1.0330906071457882
263,0.4643457564264466,1.0441580245200015
264,0.5740475657954234,0.967937467877642
265,0.7871136719373097,1.0193626757840961
266,0.4120806761200341,0.9390649256471643
267,0.04754904280132706,0.9923896282200424
268,0.20346219124424764,0.9636363942178435
269,0.24541158202653743,1.0894532149898601
270,0.3840250689813359,1.1142943961544907
271,0.5872174757266146,1.1822253271658907
272,0.3327593356918916,1.1366236536819472
273,0.2567944148940749,1.0687520190803013
274,0.5161827563152535,1.0515991961512752
275,0.2871656569212861,1.1535680989148127
276,0.15820574107333096,1.0359219416085632
277,0.4243253041414185,1.1254574743313723
278,0.4742319332637068,1.1034787328120603
279,0.3635756440676182,1.1334794989013848
280,0.594625807119498,1.0874083809924258
281,0.6775747383736649,1.0404674415696078
282,0.22763816925397473,1.1240510973714957
283,0.151450223708301,1.105094268224981
284,0.44563210077191556,1.184189986239043
285,0.1945676714539672,1.223315082601941
286,0.20619814950221932,1.1133817594030155
287,0.3847724693730948,1.135678958202348
288,0.409028321968185,1.2506109379835928
289,0.5937599679557304,1.2753485956787265
290,0.47433964212782725,1.1895637290684324
291,0.5091365975500701,1.2638008597461121
292,0.5526498530927304,1.3578603083148846
293,0.6138285918139728,1.2631106606106675
294,0.2777236714353316,1.200837250159554
295,0.49369483399331526,1.3319234054203895
296,0.29579981280599343,1.2087730992292776
297,0.3653750264557037,1.2171257223869316
298,0.35280480455955665,1.2484140378203896
299,0.43285732301208946,1.2323767199514393
300,0.14016864096592324,1.1543944124870011
301,0.44209974813735226,1.2354778928698706
302,0.6525432091471008,1.0675563156963317
303,0.46957916979524367,1.1791966086809806
304,0.40824276969917395,1.2713048781732452
305,0.21981906687417893,1.082092843520049
306,0.7635433563303398,1.1353942296058763
307,0.8793994970326416,1.0269683072835676
308,0.7216282491678576,1.0507939100655999
309,0.40934257747115094,1.1388005922196316
310,0.5597253737112113,0.987442861031624
311,0.5238291594041043,1.0269216734030755
312,0.8596767333710744,1.0754658069327976
313,0.30445328238998276,1.1604882879632494
314,0.38635014045923666,1.1840329858186454
315,0.4630947570236416,1.2513310780868971
316,0.7252414918924601,1.297200911271653
317,0.5151702033251487,1.2576617286319467
318,0.6236024956712806,1.222799107746711
319,0.3951406779124889,1.1640123924544548
320,0.3138250289537826,1.149710524768947
321,0.09884575723456121,1.1238669050601424
322,0.44989528700758924,1.1503052038032497
323,0.419709708897896,1.247345964410989
324,0.12823377056657664,1.1008632166182384
325,0.5180048779709738,1.1408377390194693
326,0.28929216739918984,1.0694468129575372
327,0.36590283692068215,1.2124912165906618
328,0.3641275736428766,1.2922148279783843
329,0.7106106303397505,1.203553169303792
330,0.37712251903588906,1.2824266586856996
331,0.7627335628404367,1.266940875290382
332,0.6174024513261381,1.242634026488044
333,0.5789876796616589,1.2263477213903977
334,0.41398637124573906,1.1095932463915108
335,0.32101010606504754,1.1298346584094816
336,0.2638296663198279,1.0688032918443433
337,0.42268693742612795,1.0097716210013152
338,0.11863426271071643,0.9595703434815064
339,0.30394770617557837,0.9031998793773692
340,0.5376172056665285,1.0711291870701103
341,0.22222697570541247,1.0246393718907578
342,0.22130392899089124,1.1004093725078719
343,0.7618253034204412,1.200573539592992
344,0.5042850649199323,1.2064403891471254
345,0.575021110278235,1.1966084858557715
346,0.3071666179752511,1.24469217775684
347,0.23388753629098838,1.3319314385108145
348,0.6961280568528873,1.2054145728214727
349,0.3380240985047178,1.087900137019384
350,0.422234508246904,1.0601827746584354
351,0.8558563595848248,1.0844741977335834
352,0.20711450688540925,1.0394515861883822
353,0.7921399371904764,1.0929209539695024
354,0.12560713422645164,1.2253154917342075
355,0.4236015888878683,1.3041735579353042
356,0.8064870051530494,1.1426372502321642
357,0.8839066987555966,1.045961597483095
358,0.05585707713884051,1.0025201233258236
359,0.48535789991548584,1.0479708174850617
360,0.41886217885717797,1.0957414144971023
361,0.2772883298079912,1.0825269325795688
362,0.5871681202446696,1.0389968265578498
363,0.18133488655454635,0.9996252773359702
364,0.4525165517473085,1.112598755371358
365,0.761166389016619,1.1860480991827
366,0.4055403862768517,1.3174405098092725
367,0.5524584117753891,1.287690986157919
368,0.5487028998861816,1.233493558306106
369,0.4798522750034082,1.1529253354564712
370,0.6938801522741325,1.0378271551574323
371,0.19636332225116804,1.0055600252453574
372,0.352973775283888,1.1499264907691278
373,0.8508825019857378,1.2952484775233988
374,0.7194713234025779,1.1483691672450207
375,0.4582451043249982,1.1770694913862634
376,0.7078019270961319,1.0846929391634865
377,0.6226851111377013,1.1797782076046737
378,0.29114222409023954,1.199136657774001
379,0.27124759159782796,1.1217252154545048
380,0.3653709816901701,1.0525925296516037
381,0.5258425100154448,1.0839147929086816
382,0.6542634612400225,1.1681787930949021
383,0.055838335420232234,1.1455789690730405
384,0.5131908193868888,1.0993679045500937
385,0.02165763887114281,1.0887082701427409
386,0.4210994917291513,1.1162543615531018
387,0.06155551721546404,0.979542337390418
388,0.5071039069031981,1.067821450404477
389,0.583616967916933,1.1380788882814017
390,0.07608724981122872,1.0797185200396815
391,0.5918938848464049,1.1304536740058617
392,0.37162838937425635,1.12354388947166
393,0.483094379152056,1.0373608307278703
394,0.6464632878513217,1.2285066862722926
395,0.3530701531612744,1.108188854353309
396,0.16039603258734997,1.1521567462333788
397,0.1931249553326992,1.0790580243507344
398,0.2577943468329438,0.9882503313290724
399,0.5450845186738026,1.0603000782858334
400,0.756735115649142,1.1568230871988494
401,0.3865407172534263,1.1997355509554213
402,0.6382333281020761,1.197711511589216
403,0.4243869927477233,1.2556880839744975
404,0.44868673906079337,1.198443031571014
405,0.8103297197549171,1.2367675888059615
406,0.5171899025540267,1.2428317617792646
407,0.3427347955466589,1.1455117150098202
408,0.3811675930200577,1.1407742877389202
409,0.8230794561223277,1.101668413761188
410,0.12331329590757217,1.0485338597603344
411,0.07766348708316065,0.9817409906859996
412,-0.13588554906525727,0.9312418721430578
413,0.5280420037514454,0.9663356570982343
414,0.3929744573026036,0.9850621892836015
415,0.6299047944274222,1.0290287415763575
416,0.1322722642367563,0.9088601241225511
417,0.15890329312147342,0.9272778167338234
418,0.4078516079282413,1.0845070307871332
419,0.8051812864795591,1.1551226858463561
420,0.542747373372847,1.1918482058528
421,0.09637131642856503,1.2087066779401585
422,0.4796914442409577,1.1198018470106876
423,0.39814338133788385,1.1276769873865846
424,0.39539610986022183,1.139351170738285
425,0.313965616537842,1.1635607050899763
426,0.670628699070902,1.192753192724725
427,0.3244929332088046,1.17147086620511
428,0.41624524235789934,1.247514578781583
429,0.5857280839496833,1.1187483277126502
430,0.5222858865337042,1.162345901867631
431,0.379051665468117,1.1208424579543974
432,0.3735838940782978,1.1759541504977518
433,0.5693204155976542,1.2367355287128963
434,0.4226371052688658,1.1992133146297383
435,0.38785349766579374,1.1847057121455515
436,0.25384804562193997,1.0093025770407231
437,0.5757649026991307,1.0298430084868198
438,0.4833152362852045,1.247218044784554
439,0.27621924435392575,1.140949044603329
440,0.373122858279258,1.2032213602785526
441,0.44692499864594704,1.112911442035043
442,0.3357016231225702,1.1499315498670113
443,0.4908696041631026,1.235984312325927
444,0.5411747849032611,1.2189292679805477
445,0.4749815272748981,1.2777628073337044
446,0.6363892700588761,1.3239333410945962
447,0.5401685937273483,1.2181070444564732
448,0.6072107590828271,1.2006173213762825
449,0.4189305554209512,1.0913257003906278
450,0.410436386956099,1.168471426961286
451,0.32401910745741413,1.1184305615134473
452,0.5590238643473998,1.0644867111123248
453,0.13554860480527736,1.0909897385326046
454,0.196070157218049,1.088420845518678
455,0.36487135142778737,1.119074829205539
456,0.3804502338153409,1.0911116412138828
457,0.5887689294517029,1.2253434592591166
458,0.37357812360557374,1.074450696223715
459,0.10281476695243755,1.0784395596236664
460,0.44729874661741126,1.0111277211121015
461,0.3780112684562793,1.1306848637696103
462,0.2671669732656947,1.1709139287917805
463,0.6343591218975174,1.03586236054995
464,0.6859098094514146,1.0732861378532499
465,0.0842581551530406,0.912069097565329
466,0.4180856465403365,1.0337798086458994
467,0.32714335389008176,1.1208000352787666
468,0.46654740099474523,1.189292131466845
469,0.5530561375017043,1.1858387642876393
470,0.2928462261529902,1.1837921504727114
471,0.5247588997995004,1.2157546047938035
472,0.14665065761161894,1.1320573348537057
473,0.21892118644111122,1.1872770838099787
474,0.4309519406369615,1.1050851543732663
475,0.12133908770685924,0.9969514667530291
476,0.28285405020920384,1.0023210892334613
477,0.42377787813280243,1.0326645650498005
478,0.3648472929909658,1.0411005020867719
479,0.40814641268221197,1.0753454017663644
480,0.35961533206499785,1.1457347344021092
481,0.5252302143318324,1.1830350009875954
482,0.4693616822211239,1.140378454130659
483,0.47474388932975703,1.2698810010828432
484,0.4267462493462545,1.1896796357012336
485,0.5241185539764297,1.12790810124386
486,0.5156920865011633,1.2373675667477237
487,0.443838660653261,1.0240466700087842
488,0.5614845102485801,1.1346907042507717
489,0.5906229449583099,1.1040255439312474
490,0.059504319418011445,1.0202187573425263
491,0.26104190336972005,0.9823997664375568
492,0.5292458301516759,1.104904482498007
493,0.5279172579865592,1.1001439002605253
494,0.7586021701508848,1.174997140398074
495,0.38123229553138993,1.0743092982922429
496,0.6050783311380475,1.1337055579037556
497,0.21149404576488814,1.064235194132608
498,0.1788067859229864,0.9875770194279861
499,0.4915638327060508,1.0425675382233126
500,0.339453353449517,0.9408960193339815
501,0.3104577041288233,1.1250364173017144
502,0.6157902720418249,1.144519376251061
503,0.404295155569939,1.1515151651067679
504,0.2276257842775226,1.1535440086463753
505,0.3225886462028832,1.0898491620554753
506,0.20764286075181007,1.1198889514900814
507,0.6069680257738701,1.2192569660877548
508,0.2550756755631792,1.097104961197926
509,0.43172779589652954,1.0399751107234383
510,0.5007550946658945,1.0722180542196924
511,0.28259763266182936,0.8908331462969221
512,0.3829861472253029,1.0186084563608866
513,0.5228394306853303,1.0517318432374447
514,0.34434671255432786,1.0710902208801747
515,0.5647752976289795,1.0776409489712029
516,0.5864196771724858,1.1103426324184538
517,0.5096255770265822,1.1535280017678382
518,0.4189449778500672,1.255556879368439
519,0.5499013811533382,1.1985363434967296
520,0.4624958740941393,1.112254283178499
521,0.4952875409971302,1.0659012544644102
522,0.4543148817790636,1.1129004601335364
523,0.052093976177876936,1.129008308496066
524,0.3209138130886542,1.3027579057053362
525,0.5403582302522402,1.2830033428660967
526,0.29871513180600057,1.1250402216796864
527,0.48140396160864035,1.1578107928382237
528,0.35837872214570016,1.0992861125664641
529,0.47256720569622046,0.9883432999707675
530,0.511072361288806,1.1272304862250786
531,0.3336281328409343,1.2106002060549166
532,0.34239491603195604,1.2003881130658294
533,0.6155997104038177,1.2024691467457338
534,0.660927015195425,1.1384173038840188
535,0.6742540929883046,1.0770360552376392
536,-0.03227167674447468,1.0460328455890884
537,0.5413598809404703,0.9164116943233245
538,-0.09095827539008894,0.9731148741644282
539,0.6103765105410657,1.0267184784441354
540,0.2070101253844974,1.0445814838609677
541,0.43563375126229525,0.9925073114025971
542,0.3021140866026027,1.100685854111323
543,0.2679663413722308,1.2009027337979534
544,0.796593958515743,1.1717975135313963
545,0.8257279370717642,1.1469687073834005
546,0.25584907683462116,1.048076125195149
547,0.49056373836727324,1.0821264408997677
548,0.31754243590378217,0.9862498355898994
549,0.5988337801759542,1.1243262832778247
550,0.9428845234962632,0.988291949725342
551,0.3227298893524277,0.9720290656188864
552,0.15010398399872615,0.9375798228352843
553,0.2024779059412466,0.9977985372243279
554,0.2742614133846237,0.8883676082554949
555,0.5154588058495795,1.0506697899867772
556,0.34473050001300815,0.9711208850861781
557,0.6863826397661182,1.0367255566876397
558,0.7381801045272357,1.1483200080704192
559,0.2656772826435591,1.0655831685392962
560,0.6135827252708626,1.2124081980337775
561,0.4563750909896794,1.1310571603971389
562,0.40120360082447565,1.1059649728738452
563,0.32781018422843416,0.9846648714511095
564,0.14488887336311942,1.0464772979792987
565,0.2112412425594462,1.0859262560668477
566,0.43532855831782286,1.1932711830490865
567,0.41961461584741194,1.2439924322425557
568,0.4791659192123624,1.1904051232978408
569,0.5995828767867244,1.1915390649360893
570,0.32827575790691854,1.1319168568064621
571,0.13916878446393632,1.1758031785698535
572,0.3895401191455529,1.0598167267137717
573,0.33798191615772416,1.1082175843378848
574,0.36032364849646553,1.132744378752232
575,0.2503529050556538,1.060530590672355
576,0.6606512095208238,1.1080942222102372
577,0.20108796108690769,1.0126728476970153
578,0.2908086617968043,1.0684422809602683
579,0.2743601006239941,0.9517779569938765
580,0.43459563615564334,1.0489077512097305
581,0.36863790289847226,0.9678863941430496
582,0.37840126997333645,0.9458890665407859
583,0.3993855186715927,1.0202238213272123
584,0.38986040954099394,0.8923154866695872
585,0.6291231653107249,0.9939224829515371
586,0.47228888632111654,1.0583221039153217
587,0.4111072562201684,1.012143749132445
588,0.49831446510461785,1.0404755139716373
589,0.3482658758579506,1.136187532543495
590,0.4645859433438396,1.0136632418753515
591,0.43075831333027204,1.0978599735342447
592,0.6313613319315807,1.1615474700884694
593,0.5552221097980227,1.1755567889283016
594,0.418415726657868,1.1154150106063005
595,0.49763376982714896,1.1502693025935515
596,0.44678499750664413,1.2411228950248172
597,0.5959440540938504,1.1258493233408025
598,0.4762343383925346,1.081272141390817
599,0.4132192975896628,1.1675403456694398
600,0.5529953081260879,1.3085228336499821
601,0.004137469976646373,1.105065027315171
602,0.35757219181849115,1.1484094684227697
603,0.3369536273685354,1.2046438061973948
604,0.6439446876771687,1.1184619891466112
605,0.2646328004955179,1.0766749211072648
606,0.5139825831371928,1.0467166072917073
607,0.36879412062809647,1.0584055603889801
608,0.4361967763510068,1.1582047426500373
609,0.4554189133993093,1.3336327255509124
610,0.5392167749259021,1.208195171299766
611,0.4467857293623952,1.179176918424556
612,0.03689485413652828,1.129767395735207
613,0.416213714168822,1.1090593857506823
614,0.519850922728127,1.1605278041346245
615,0.35240316605061067,1.028793661180386
616,0.2266135746857983,1.1434149738903545
617,0.3208656858318817,1.2400423827904292
618,0.3866482815745835,1.2730331815768277
619,0.41970463533427976,1.23792384542028
620,0.4375997492279481,1.1936005094730309
621,0.4610397305081012,1.1471621160806202
622,0.4757250251212179,1.0985252618310541
623,0.23110718294783786,1.0294307498788686
624,0.47157972284527505,1.1622196721579487
625,0.47479570616693084,1.068557348935654
626,0.39547752966522237,1.0216752271973484
627,0.5333501804882413,1.124039865590651
628,0.350993879275762,1.189018335569372
629,0.3041661701538106,1.260542458606254
630,0.5207765591643384,1.2157150883769163
631,0.413950811885104,1.2402795225817331
632,0.42962435543352917,1.135975746293042
633,0.2043804607409215,1.2020742273237002
634,0.5692569741606466,1.3123079058097131
635,0.6782256222652122,1.3427199802487597
636,0.5948791489005529,1.2685133138725933
637,0.44344355312983036,1.1780237535974416
638,0.2649018519426586,1.1854513153810573
639,0.6983924346069935,1.2285208006014365
640,0.49087034974413596,1.2597282013347404
641,0.4780318055951052,1.2160811557776725
642,0.3881949266147508,1.1647800856641175
643,0.605098327154373,1.1326540554072446
644,0.34739554492688446,1.1087853501015899
645,0.1998405996119036,1.1253207388640483
646,0.6620823844615684,1.0890010894707063
647,0.424444041050491,1.005558012502524
648,0.42598570426582555,1.061930713010124
649,0.3994912269486965,1.146605814767101
650,0.6277189753413775,1.2454518651752362
651,0.8419871768177082,1.165309314174677
652,0.4625071415970148,1.0941559743529445
653,0.19894488898340498,1.1260656157330897
654,0.4647998667502231,1.0390580705988681
655,0.4525890117762153,1.1726076317604286
656,0.7430079519476704,1.2042700945765878
657,0.8270497876877753,1.2513232480447878
658,0.5386943530733425,1.2129333770636161
659,0.7606125990086225,1.1381173708503705
660,0.3052707801791183,1.1208616286470068
661,0.6443024351316702,1.1543949426730153
662,-0.10913463158121696,1.1694842215450203
663,0.3265974297929272,1.1631976261277495
664,0.31968467418142527,1.230795881429839
665,0.34404159472168505,1.1796153237787204
666,0.410712543582936,1.2982114402333065
667,0.4305310741075516,1.192872267522779
668,0.34101470881115375,1.1945351027537237
669,0.6791178843246279,1.0683417557753285
670,0.24779459315117314,0.9848763985611578
671,0.07152948614323457,0.9417830178377994
672,0.5037644736592384,1.0424931181296224
673,0.5264276723715857,1.1799924416976018
674,0.5484147665555952,1.221508983127405
675,0.2947643255825652,1.2309432708982968
676,0.380931906197733,1.221175872047952
677,0.29257472646801586,1.2448192774719893
678,0.4250435243491391,1.195356633646175
679,0.4879165450211222,1.0912504071893614
680,0.4608229024459484,1.1510295588383923
681,0.40647726733360007,1.000156853420492
682,0.06509220828239606,0.9721801786492338
683,0.45909937467870326,1.1305836787230525
684,0.06257463744769609,0.9919946655883551
685,0.21620468728025877,1.0474553127697595
686,0.5645278729563354,1.0316450263435637
687,0.543838331317327,1.1618845111296359
688,0.3350331113624335,1.0737554113226566
689,0.6491549725544543,1.0873124323170997
690,0.23960583886876366,1.0187504167103794
691,0.11718563258684178,0.8709324588867239
692,0.7240979901217207,0.982396698559403
693,0.5281886433932775,1.1174744730391823
694,0.5337419489637597,1.2278760245490108
695,0.329846894786509,1.010135840234417
696,0.5661609046246834,1.1653903686294786
697,0.6376530451988925,1.2882812415456102
698,0.32275153021904746,1.109270137342448
699,0.42642972931957457,1.1529978678240331
700,-0.027234902207309206,1.1459013475488595
701,0.2963192374709096,1.2453571541406916
702,0.555697058404382,1.1296059228734423
703,0.4677399970211602,1.1217437638538905
704,0.42080472679326647,1.0676297070127976
705,0.39737725966131143,1.090597502842341
706,0.40564416873496123,1.2148587382350966
707,0.24742853756539307,1.2144497143872726
708,0.4266778945624753,1.1916363374228112
709,0.2625630223890596,1.1850951413051998
710,0.6293850373971939,1.173376348759847
711,0.6031291411759631,1.0584704695012692
712,0.5841269883131007,1.1934329949862172
713,0.4446197211507067,1.2546704046993071
714,0.5263385344490674,1.2723023954001031
715,0.2300562336761813,1.1578398199466997
716,0.28334437174456034,1.068176067836498
717,0.5095642359975826,1.035778540365076
718,0.515535473279574,1.0383784326967032
719,0.6268789037020367,1.0858722549124322
720,0.46662279616083663,1.1714179527743833
721,0.5343822413997933,1.0891920065770218
722,0.9245226032351763,1.1328883754866244
723,0.7577771884478128,1.2246458828564
724,0.48051329575552115,1.2866329484338106
725,0.6046502080845733,1.296653057558505
726,0.27372801692383797,1.2111977104347662
727,0.35609602543101965,1.1378944249215068
728,0.19055837890806349,1.0815528131513008
729,0.23059075590996334,1.0524781494478568
730,0.20363142380604357,1.0145967719312297
731,0.45859446393333186,1.1348091401135592
732,0.6161810966564739,1.2064825957243526
733,0.5254910853605876,1.17248592936852
734,0.6808445833128391,1.1663901311471634
735,-0.09523650591515088,1.154963623059331
736,0.38769345490560736,1.1099208190940963
737,0.577514612692614,1.1795646803928905
738,0.4995593542491487,1.103988780520185
739,0.2945890477465237,1.1532184563986356
740,0.43129993111363935,1.1375008309007293
741,0.5024554747386064,1.1389976931111379
742,0.031770244356537275,1.0339228334211368
743,0.7861780884370193,1.0686537180593545
744,0.8573092857409257,1.175915075232341
745,0.5358550916126978,1.2213498947176267
746,0.22304442832762367,1.244060337267485
747,0.2748889987917708,1.161643501971657
748,0.224867025441645,1.1171151449964754
749,0.4640082301429673,1.1740037124719758
750,0.5155791147799589,1.1439522586188828
751,0.4625762029549242,1.1295058022474274
752,0.47672440837909036,1.1700626201664392
753,0.4711764860472518,1.0575909362889866
754,0.3957171920515679,1.0909078236840624
755,0.20491590555092512,1.03880816128388
756,-0.19216854135252484,1.025111013639294
757,0.4253682857038454,1.1969917635018406
758,0.10554150230532072,1.1608403674162708
759,0.44968759893751725,1.1180924940073034
760,0.5635612299256803,1.2048312829964345
761,0.3607964595788854,1.1432137018627362
762,0.5336565496336763,1.1814705247828765
763,0.5916387544473241,1.1968312528490104
764,0.14550438596127202,1.140656300753278
765,0.4515528197751325,1.1554621748892506
766,0.6389278805000516,1.0266801294593941
767,0.44593686817814654,1.1326256730869737
768,0.49120070746509825,1.20079757436307
769,0.009602019587465552,1.1019958839681643
770,0.5451719148437126,1.0992091891921576
771,0.24986315592513975,1.111264953673398
772,0.35724228265625135,1.1025575601350706
773,0.10815487335335322,0.9940293513816483
774,0.30758445394895506,1.1552742101207845
775,0.21872771030381363,1.0359266147601887
776,0.5557625472508877,1.04817110713948
