t,lambda,delta_s
1,-0.18665839180506785,1.2815949253344865
2,0.0023986328258105696,1.266503160054027
3,0.34570563977797486,1.2453190952286581
4,0.28105515380973883,1.192667143653898
5,0.05054129721044807,1.2433098378998004
6,0.05224990168028361,1.163436011432119
7,0.1281521426623466,1.1031501990902082
8,0.057364672769234286,1.1104808087844846
9,0.7457516723167582,1.0423018835164057
10,0.7543849198563936,1.1014578254382625
11,0.6516069704810993,1.1618681927052583
12,0.7502698665026857,1.1307513071522237
13,0.1644590771305201,1.0956506085749056
14,0.5349609482190512,1.0982991006046063
15,0.6828320568970475,1.0294531881004372
16,0.6804918277934303,1.0582864047771554
17,0.4680923697423109,1.190124214795524
18,0.13595153906263566,1.116537404641156
19,0.37487161763718135,1.1483237702994173
20,0.3430553797246126,1.152090335977156
21,0.6242700654587251,1.1026898700861003
22,0.5487677388724443,1.0512627761704476
23,0.5024542923971506,1.159977505098813
24,0.22070155182289933,1.230263417169669
25,0.3031582917741997,1.1590617073244132
26,0.40188172319584,1.062899664405127
27,0.6076973284226157,1.0662020130296734
28,0.5138845069759749,1.0993717741597
29,-0.0028294452078035277,1.0602855666280915
30,0.5536587646906316,1.075535852627092
31,-0.032932444083992506,1.0512799383942324
32,0.6836339445065831,1.1414918830840983
33,0.3096692351906765,1.0710219000708996
34,0.3292293031412562,1.0032463456532286
35,0.4920620086219423,1.0142930783313717
36,0.6242724649778001,1.0483161982112839
37,0.17696451288545323,0.9399975627517994
38,0.589294488137926,1.1086343173775364
39,0.5741952473362868,1.1401654510451242
40,0.26305130158729373,1.1229952032988781
41,0.6088222979683282,1.1494701864747663
42,0.07825232669322733,1.0959528900161037
43,0.3686522702802729,1.1035988411592657
44,0.4269402388639737,1.0197640111879585
45,0.7366111860239584,1.097554199365822
46,0.4764882998075546,1.050700013057444
47,0.5066949545024876,1.212473527007779
48,0.6765623755351964,1.130119362221496
49,0.4700479995012694,0.9897944576492711
50,0.5157720820586503,1.0845180732451976
51,-0.07227292490210688,1.0326717247405546
52,0.6178505643479183,1.102624629560147
53,0.2491961976995112,1.159319116295175
54,0.6952766879524355,1.1375566386271172
55,0.5289832192037086,1.1394843068544527
56,0.41673608468297385,1.1201684886523706
57,0.3494551741613082,1.1655280559716408
58,0.4153039536491625,1.122246127391869
59,0.4953894666761131,1.0920031030332182
60,0.27055227438135804,1.0975270015761247
61,0.24644687511012112,1.170251912057406
62,0.44225157876374505,1.186146163684697
63,0.5131325549685591,1.1491697788234543
64,0.13197771770548447,1.1836795484843177
65,0.3291605339383486,1.1549251496318143
66,0.5588421950687534,1.089298551329275
67,0.138306563840725,1.0375161029682356
68,0.433185022560725,1.010133825609454
69,0.3287511879128126,0.9699190031478051
70,0.5125938321889006,1.1207994463300481
71,0.3285555272368714,1.0759302276061045
72,0.4363608229321485,1.031344172318921
73,0.8168423126418061,0.9794267289476295
74,0.6319398284582636,0.9611504760037692
75,0.7339947650130382,1.1123702157530362
76,0.3724258997254635,1.1467724047555374
77,0.3669191990341165,1.1397498661554324
78,0.5578233695485174,1.1484020946432802
79,0.5462721976151196,1.0529449751608655
80,0.5606620899036457,1.0149533137466444
81,0.6994544885289385,1.084037952361077
82,0.16323840135372372,1.0808762348609449
83,0.3722685965629245,1.1095844486453752
84,0.2394052315202852,1.0980972788892398
85,0.2668335828219704,1.0422542784032212
86,0.5038847072168051,1.076158725879831
87,0.6797440252542837,1.0866456449465225
88,0.4578331150570554,1.0851840143190796
89,0.2836425024499134,1.0320310495195197
90,0.13191146736347925,0.9456915337083536
91,0.6997145641977943,1.0321964287113778
92,0.6368145777970143,0.9242867051191306
93,0.5003669148429241,1.0447913631936685
94,0.22843073170918432,0.9482854211104107
95,0.4699137848013088,0.9463082332733219
96,0.3068213117278642,0.9904727847318172
97,0.7372767322010442,0.9002100398074098
98,0.5182048830927584,0.8141466316644907
99,0.3038506790631594,0.9280279134693037
100,0.7420358981354743,1.0820854467303633
101,0.5915110367891532,1.248408200559496
102,-0.11463648190653544,1.1129721054519746
103,0.3626329116801127,1.0351147838601127
104,0.26479497045544687,1.0727897643580506
105,0.13312436252870977,1.0386411432535803
106,0.3924724217843883,1.119320424989763
107,0.5541223445460158,1.1818599667629213
108,0.5495169715888271,1.2162284255616325
109,0.3631480083095208,1.1952683900765597
110,0.42683148778113345,1.1029502934287614
111,0.25040956203766307,1.2074093478509471
112,0.3879549127986479,1.0709368092858356
113,0.2658064332089706,1.1513215049795122
114,0.10949054107144943,1.0987109596466316
115,0.578957600769142,1.1011082519524704
116,0.4480557976975,1.0957450248437892
117,0.5993961115992361,1.1790465227545572
118,0.44298570476582233,1.1524719931842742
119,0.4631458902765636,1.1516305787207584
120,0.49014622391118273,1.0638642283934754
121,0.3500347931745692,0.9914166657478357
122,0.4803025641444883,1.0239221538065377
123,0.20389474869935414,1.0283813658602095
124,0.32582085415001405,0.925689587428209
125,0.3800816966366146,1.0014237030389288
126,0.628159937188889,1.1807202018060692
127,0.370454183766682,1.203761615237621
128,0.5029199025884049,1.181970830127796
129,0.04949062333085934,1.2601248817663675
130,0.3810927390994629,1.1187575954192264
131,0.5417340218600858,1.1407767663684563
132,0.2528390592980013,1.0913191262070707
133,0.48209858704601444,1.061591285875494
134,0.5352427610364698,1.1469658041435769
135,0.33578126138624237,1.1461141461622117
136,0.19224219205874923,1.0510309611537718
137,0.5796454755588543,1.0281957200341747
138,0.5926206635185062,1.0995554176742637
139,0.2172767119173265,0.9813011718656521
140,0.4462989468932853,1.0096327878901723
141,0.8646246997146988,1.1112179799650284
142,0.7301310892766683,1.1592566645839117
143,0.7944877335173512,1.184713005809189
144,0.6104701058322481,1.1615029175977278
145,0.8932341772396184,1.0671903156325393
146,0.6940714906784432,1.0494981870903508
147,0.13195102795554028,1.0468655096401196
148,0.42019238130951303,1.0472964633852393
149,0.30055362914416517,1.048607138959904
150,0.22548406319764253,1.1177353487853106
151,0.6903306548290399,1.1714737527837198
152,0.36969044533326184,1.052982694017107
153,0.2949537779035289,1.0779453365856524
154,0.35125625637241786,1.1253711383897946
155,0.5047942696618619,1.1778592681047308
156,0.5817290636956366,1.2377798992230473
157,0.1734311555673248,1.076254482664552
158,0.3658487390543783,1.197060071309699
159,0.40186885188823734,1.1893251501271755
160,0.4850158114211399,1.1224050758685118
161,0.3562066863578681,1.1135233804958884
162,0.4331014336283249,1.1547183136544192
163,0.3653715262168992,1.193003445601652
164,0.3775547340518707,1.1149355990031782
165,0.27081614580436747,1.1789359278206393
166,0.20683127152221334,1.0128866735335946
167,0.3942479750565387,1.1482355861186757
168,0.5056332211237067,1.1738792734114114
169,0.5614855678156201,1.1249002052736383
170,0.10321497285921767,1.1215832164208928
171,0.4810987093319141,1.050081114408042
172,0.4647529738453406,1.099671061528766
173,0.28891263581524734,1.0848649087700257
174,0.3364167159739376,1.1422423948637281
175,0.30032322016885615,1.02835498393977
176,0.12790255034852452,0.9957481968392806
177,0.3548908311576303,0.9895837547826377
178,0.45913720538590763,1.0427074057909111
179,0.6085660679288545,1.1312592839316054
180,0.3389652430088796,1.195423245647898
181,0.5295822896174257,1.202619954442451
182,0.432586191306517,1.2400317333090256
183,0.39717851304725094,1.1953956914024522
184,0.35343724734884535,1.1280171691114156
185,0.287742764230134,1.0696688209850291
186,0.3835573026303628,1.1705774039672898
187,0.28470079287102995,1.1033907707154886
188,0.31990283174354495,1.0796719174223017
189,0.2333064492042784,1.1390747831183274
190,0.3447680371184251,1.2964951905944726
191,0.21539690434078917,1.3269334081879358
192,0.2467767842046638,1.2344302343332827
193,0.3471327326666523,1.200196958768091
194,0.21850164709652262,1.097308971837495
195,0.3140202115124611,1.1335656450793503
196,0.24535485486813907,1.1491279519516528
197,0.3867869866338679,1.134618558043072
198,0.3581203569702519,1.2146463989282166
199,0.4708564267851978,1.1910220419628073
200,0.4003200674617999,1.1528836375367262
201,0.4509181484651924,1.110058580231809
202,0.4426294262861808,1.1369775058828264
203,0.504720337858907,1.2255755405609736
204,0.46235083280316747,1.1900962798289951
205,0.7043952891096789,1.3031049702718898
206,0.4989055220828335,1.1628385609719418
207,0.5712261950132774,1.1559897194107491
208,0.2931935097167213,1.0738684978233122
209,0.45241927905766566,1.067960701957267
210,0.19281363197653437,1.0630453927534507
211,0.5756442298724418,1.221271407365629
212,0.44345495069898916,1.1188224018494433
213,0.3600069318732313,1.1024868740412404
214,0.5004250829305342,1.0443797884956456
215,0.04949931258719886,0.9850271594920318
216,0.20997731937771402,1.025754044435681
217,0.2993643184908406,1.1707518925643163
218,0.28768834144898164,1.2666309058536238
219,0.5286553917151829,1.2925099388400694
220,0.561667943610411,1.1760367218981786
221,0.37885129988909105,1.132256723963749
222,0.3776807562021378,1.0188907288716094
223,0.5165118950908262,1.0898472704191802
224,0.5145164394130423,1.1599332477095043
225,0.437598441670534,1.1672256649414585
226,0.3762953260240711,0.9690300734013464
227,0.34992423622508895,0.920824150853209
228,0.3640087561695322,0.9186014087367048
229,0.5493893925677887,0.9345929290031774
230,0.4323370870034452,1.0503620096618302
231,0.33219456717602597,0.9773613214240512
232,0.53725155822879,1.118496622396728
233,0.4797457036876146,1.1338661856173002
234,0.590289744829902,1.1420204792495494
235,0.7354743233777272,1.1938426526786015
236,0.32960121370563766,1.0818559923856317
237,0.4611120765528913,1.0906409307720377
238,0.3573882705160168,1.2051566836835306
239,0.3998369217149674,1.105945537038979
240,0.8239252006963966,1.115461378725654
241,0.5840938212298705,1.1254702776714027
242,0.2133808834600881,1.1858202685515302
243,0.5874856785608736,1.171311430647684
244,0.4438980568212669,1.0416517051411478
245,0.2085248610235136,1.1261029125170414
246,0.6537532836063926,1.0564538364365934
247,0.39257544527224747,1.1396535044911886
248,0.43306850253633444,1.0248794115530908
249,0.2650263000338102,1.052427598543723
250,0.48859348584082296,0.9767661836357636
251,0.45652723354466695,1.021313530825104
252,0.6222653901921584,0.9081771751938854
253,0.2009256205795978,1.1624029307090566
254,0.18933518181629125,1.1212197172029919
255,0.467019913723696,1.0919064234667677
256,0.3705803207283043,1.1943693292451234
257,0.038772192718856034,1.0768452060481866
258,0.2516008957739519,1.1421803237481443
259,0.32138921136327775,1.129557959678767
260,0.40474485778496727,1.1831497363123544
261,0.5731379160330955,1.2107571601015343
262,0.4011368650821509,1.2008304422629494
263,0.35669476596268207,1.2090294038787368
264,0.15188375453029662,1.1011830206455462
265,0.5186869703313782,1.1631462403032224
266,0.43515335389099885,1.042139339311501
267,0.6216760912569017,1.125284145233897
268,0.48004630796284525,1.1022878937504024
269,0.46460884021466736,1.206030587651368
270,0.4695776976096185,1.0916672967904777
271,0.5473509721366873,1.131413254042976
272,0.6069462233786277,1.2193363402502104
273,-0.022030880236798635,1.1067968943556052
274,0.5680321577188536,1.0619184884444213
275,0.4768736671616242,1.1318757826832357
276,0.5250295410483283,1.0693364038166993
277,0.49645707285382856,1.1152608709891993
278,0.27397192875095816,1.0149728567950795
279,0.28039686383864176,0.9984994299377212
280,0.6967760057116901,1.0582056822397823
281,0.07634239432968712,1.0527220958816432
282,0.5201166978123147,1.0232133529261027
283,0.45544826422452084,1.0056970417615392
284,0.45824972687652027,1.098943038344074
285,0.4347730093642997,1.0830045342297723
286,0.34059673671775187,1.2103478675295885
287,0.46901603022178295,1.0189982850901713
288,0.43882471494809383,1.0521901001013052
289,0.43716033309564745,1.0289762836726073
290,0.515183260491989,1.0641220929628723
291,0.058782331490937,1.0296275490568922
292,0.3925589307409137,1.0933778486485606
293,0.22278579167042575,1.029985990578374
294,0.3739469288069276,1.0655677594112185
295,0.6143996350515851,1.1730739025369037
296,0.3726697252087626,1.2008614983615937
297,-0.020967328220677456,1.1815226911246781
298,0.29306458928437634,1.1009026734271312
299,0.5395989931014052,1.2149291214808282
300,0.13884705970952227,1.086108650321583
301,0.3828308959119003,1.197295766826624
302,0.4090381366280966,1.0641536155380127
303,0.296605275551986,1.1627980351703868
304,0.5658893083835708,1.1255127829572693
305,0.4154592334912982,1.1196222851765987
306,0.33673775012183643,1.1496341095835108
307,0.5244479650683115,1.097384071484909
308,0.47931212440412996,1.0437549808985465
309,0.5326726251918157,1.0778833936005088
310,0.5756566027000897,0.9955167170484984
311,0.5441306405060555,1.0676221025630126
312,0.4158967748343884,1.0336174497477806
313,0.5462504205804227,1.0507051094059752
314,0.5541937377118243,1.2280247857629498
315,0.7488671643865514,1.129867460940433
316,0.512641589953614,1.1840218733171417
317,0.21162206769383796,1.1463711943029637
318,0.3436575153969621,1.1292437629673062
319,0.25351270156610695,1.1964317344714708
320,0.2503404685993416,1.2913919619036447
321,0.5163994253162296,1.3400637593467435
322,0.4545663500868377,1.2609514398832895
323,0.34865636883251105,1.1705810254301177
324,0.4931656766238848,1.1234748182147904
325,0.4951568124858062,1.183405950761265
326,0.25338646348783006,1.1139592596565857
327,0.4068885933387823,1.1064127223807323
328,0.6236484898740674,1.1972639185063845
329,0.7468649750273698,1.3019944586537355
330,0.22795060466386247,1.3275109886646927
331,0.16857640148361078,1.3085816077541383
332,0.37564945453581045,1.1688594368042384
333,0.40153231982001863,1.1281994186194149
334,0.24461868293791939,1.1314398310380929
335,0.37062076757506185,1.046688817132893
336,0.42748251229824213,1.1097200285164066
337,0.30196192563556035,1.0598358128720993
338,0.31720007348866364,0.9402918807511995
339,0.5775216512158119,1.0549414835055848
340,0.3548904350215275,1.169079995634373
341,0.3747096833067484,1.2777135370037098
342,0.3852144341256504,1.2540340876299354
343,0.5131413070935271,1.1927564352661864
344,0.35932429464226323,1.2579891539033223
345,0.5659679458034234,1.2011027473530287
346,0.35801213964907863,1.145824860254586
347,0.42357785933594255,1.1970233391426985
348,0.497750816072419,1.1100554446891966
349,0.24689785333739214,1.089020643438833
350,0.3881538659265514,1.179376683685282
351,0.2933102481647954,1.0661847725879594
352,0.5992719124342196,1.0990562984634946
353,0.13862130442329618,1.0079592714271863
354,0.44086663786651387,1.1228623652570102
355,0.5527133987540439,1.1960970252267975
356,0.32172216124325287,1.22024786452115
357,0.4608366120501141,1.2167739394838655
358,0.43181895610789134,1.1597227783031923
359,0.13112883365946554,1.0673905966145512
360,0.07504890195182924,1.0102691021930965
361,0.5390347873463552,1.1454417327500346
362,0.4026786261319052,1.0482608649646756
363,0.3752173834794731,1.0946727139055545
364,0.39682215725768216,1.1443236108238277
365,0.25465227404531043,0.9445998714503352
366,0.33698472162188525,0.9880336114664374
367,0.5248622994079064,1.0410945868890533
368,0.34464894619632275,1.1160143982825188
369,0.3953920643791821,1.1034210798459987
370,0.21441546507437373,1.0768667588979035
371,0.2446469755913889,1.0680944012744387
372,0.542828148116028,1.203818912097697
373,0.4881768688573265,1.1299214656608554
374,0.5024294922309837,1.1155494595888131
375,0.24755035277263035,1.095717632503219
376,0.4210657172314965,1.119273325083
377,0.48852551523631665,1.2472028158459225
378,0.7159727826977488,1.3193323582704641
379,0.655301018487838,1.2401937652614143
380,0.5125153206228706,1.2219854266252794
381,0.4294737604005549,1.2510150261138187
382,0.6084321273234796,1.2092450858926684
383,0.4618331477242871,1.1040161509659274
384,0.7300510519073486,1.1336902066322896
385,0.5441844415787828,1.1827948091658207
386,0.164120858843786,1.1203136812359757
387,0.4465730941593778,1.0901571088240227
388,0.3672191965923081,1.134763670647115
389,0.5155908188328483,1.1341763627879626
390,-0.03940490221550227,1.0682255763831647
391,0.3826564548539854,0.9932635855196975
392,0.120505002682089,1.0322131157447558
393,0.2143072759719427,0.9342070923290862
394,0.5245098797802721,1.1408772098395663
395,0.2619514294406989,1.2245444343442278
396,0.475235076020551,1.1401110514394783
397,0.5221719334822797,1.064580476218872
398,0.1259670437741401,1.0785151600747387
399,0.42109954068709177,1.0484274331887606
400,0.5755159564361567,1.0813412263410145
401,0.8284694916582843,1.1717212399299108
402,0.6958540167454785,1.2720714078859297
403,0.49738515157825175,1.1469104747040686
404,0.256991099932107,1.1231091813673058
405,0.4218973240609369,1.1990575647274266
406,0.3977940983140483,1.1911885505485518
407,0.3587261646093806,1.2928694107753511
408,0.27179789963962986,1.2604592907297762
409,0.4722042706710294,1.1306092447213434
410,0.6282859520969645,1.0706341161069477
411,0.4667773877542708,0.9614451130779885
412,0.30623770616048285,1.0411364891432593
413,0.4235498481013921,1.1269584295895607
414,0.09555688432891164,1.002751675583673
415,0.516963221221244,1.0989253672843962
416,0.1272803315243126,1.0960900389521828
417,0.3680777071023731,0.9497427350070531
418,0.29156963628455235,1.0039939937875528
419,0.19047396648737852,1.124649223915451
420,0.17800881273894614,1.1645987702240705
421,0.27791109313208023,1.1104318947045264
422,0.5359937215252112,1.173596523571571
423,0.3415723003397369,1.244063479284587
424,0.11988377665743577,1.1021064372159588
425,0.386941156078716,1.1110651564427403
426,0.4329309753051515,1.1482762190261364
427,0.5092396313089343,1.1918139847031335
428,0.575802912328052,1.231506230910088
429,0.17553963298171585,1.1377814669566224
430,0.6952886023602589,1.1076281020897767
431,0.4052473859462029,1.1485704814384683
432,0.349637998365011,1.1672560916825423
433,0.45902512874747375,1.235520622162482
434,0.5676561784199553,1.1401759094390793
435,0.597794527105654,1.1002915054652134
436,0.5155090368358586,1.1001261435399725
437,0.4353888950875918,1.1092133113921767
438,0.5349470571604478,1.130399809259487
439,0.7304117864755476,1.0961172392137886
440,0.32585384703876163,1.1046662058487857
441,0.33008006473685797,1.0807954250373344
442,0.5710640949069159,1.065304261823474
443,0.33868055710994427,1.1445664817437282
444,0.27327226528908527,1.1819288075832028
445,0.18443711256989664,1.1309883587020235
446,0.3937992040637208,1.0939698655145396
447,0.32315164118310896,1.0257799402904244
448,0.4695830015131715,1.0221528226335113
449,0.1484354263707126,0.9722060423619009
450,0.5266264812843596,1.0711718800718755
451,0.47168264776239044,1.1355368007921887
452,0.33454790087259334,1.1429358757851653
453,0.5139386760477795,1.13092484611489
454,0.4223979841331726,1.1056410110652293
455,0.39057872557110823,1.0193442860379083
456,0.5516002416231965,1.1638854256621805
457,0.631275905851677,1.2887185110801642
458,0.4622359710893991,1.251487034057076
459,0.42467994367302936,1.2438846546505589
460,0.5039144946147898,1.3314290231889323
461,0.5432713322849735,1.297932622201553
462,0.6811598935893797,1.186429869174873
463,0.1613851019357968,1.113749543204182
464,0.6379648998783795,1.1388892813126779
465,0.5420628273653939,1.2327919824113986
466,0.47534426412577924,1.1542278444780123
467,0.41746889964048617,1.101723009923209
468,0.4521731775608954,1.1108841116397725
469,0.17339928524955617,1.0572455310805389
470,0.5393222179128002,1.1194531138855162
471,0.3438231976391714,1.087745055127959
472,0.7062500649818737,1.162585297197777
473,0.24452767226440147,1.2254249347878303
474,0.05050185025083387,1.1894558535358124
475,0.5802812866485685,1.1877969524881946
476,0.26930711222709997,1.1327461707685114
477,0.5294889170566801,1.1321790708681114
478,0.7505461446391998,1.0265716044280124
479,0.2297344032527671,0.9370278830692161
480,0.6038461308553144,0.997539984694469
481,0.021820478165394265,0.9007743189214543
482,0.6946938517947132,0.8733568677002861
483,0.5076708687029161,0.9498658417597923
484,0.6291950637669286,1.0621519056024646
485,0.723208195152222,1.1138630311441908
486,0.40297059394781914,1.0897189141727055
487,0.4493054205352181,1.192572097142338
488,0.5390761304108115,1.2408064592402892
489,0.4921367932543182,1.2413091638924145
490,0.339641634923235,1.1683209481585317
491,0.5089232195554408,1.1489559880068678
492,0.3490609227496814,1.0454046881253765
493,0.775337888869811,1.0912990056162608
494,0.2333199440223917,1.1166836005925198
495,0.7101334632003279,1.1127364800637807
496,0.4830172084399429,1.1630326914841438
497,0.4353191190915141,1.2414231870266104
498,0.44197522099079595,1.1090950520438267
499,0.4778250775432281,1.129437717788372
500,0.6853891923942768,1.0890825787161913
501,0.5161589064450187,1.2879245147939877
502,0.17148023883017438,1.0655839536769545
503,0.17798759381660786,1.0696160078131152
504,0.31190484527616696,1.00059008187049
505,0.49983289673643405,1.1827084378464572
506,0.5192928153766393,1.2881593236863282
507,0.48179817475318454,1.2035682492320372
508,0.25047437064812295,1.1918944109244491
509,0.25970329540902176,1.084689714740662
510,0.4605768938052089,1.1816899147299076
511,0.3809015232752458,1.0404375027832578
512,0.455162541505368,1.1451115006104882
513,0.48969528838828275,1.1030108645031906
514,0.5373443445601787,1.1701704664456312
515,0.4995989671564482,1.1611253714940317
516,0.13302739500055327,1.156634533268252
517,0.3563896343103716,1.2035851211980801
518,0.0316422298797499,1.1232467391554037
519,0.4883474615485843,1.1593668524129164
520,0.36964897736160285,1.072300806819583
521,0.537345896388314,1.0840325854157493
522,0.22250554188397176,1.049224767668439
523,0.02124863646246139,0.9848061938036594
524,0.3587216773733216,1.1865967015488224
525,0.5067155871208542,1.192603858345785
526,0.3185007675590945,1.169000823343813
527,0.6335224343072846,1.1701381011667835
528,0.4360924554206153,1.1157145527470456
529,0.40007522971115084,1.170549012240117
530,0.548360338081005,1.1494259769259718
531,0.34012548845641116,1.1659740398989313
532,0.5642195598750985,1.2010902445682095
533,0.6193525969425476,1.1967041327294425
534,0.6036172747689574,1.1456264650408026
535,0.4511772689624853,1.1543847568473
536,0.35351846780102064,1.2311812498148165
537,0.15669445353553077,1.185651891836894
538,0.1799481486516464,1.179376253518437
539,0.18132297359878566,1.1062818386651856
540,0.5245693496363892,1.1199598484329034
541,0.3440243762146803,1.1105406878562272
542,0.3656159166448975,0.9698640488685323
543,0.41219274148633367,1.0445455156727446
544,0.3616493292751155,1.0374385360581468
545,0.1160295691459772,1.0785876740329492
546,0.16355305751400392,0.9723601217160449
547,0.2609265494241961,1.0060487017386799
548,0.3559731730351956,1.0942544261765805
549,0.457065108399167,1.1693570807996767
550,0.44683600439552834,1.2360213107717823
551,0.30460036075933333,1.1795959421392916
552,0.4361945728311869,1.1522091760237372
553,0.35121392454702055,1.080913648807539
554,0.31350636983701113,1.0779456539213903
555,0.48016624478626146,1.073529501128259
556,0.5216432715805445,1.1099992272820016
557,0.4947775342899596,1.138418955956068
558,0.273314451536847,1.0780760472378297
559,0.27882014400154087,0.9646757996996935
560,0.3121442772254996,0.9693551872529059
561,0.3168351494419645,1.0441321894643882
562,0.37494184261116104,0.8985514964620276
563,0.5209574243863815,0.9826333644814388
564,0.3810684334824771,1.0280370036487807
565,0.4017178128877574,0.9867204001068254
566,0.13487914988409774,1.0010587126003838
567,0.38174112337591476,1.163685116131507
568,0.12773469935629111,0.9731989358221091
569,0.4753758323019264,0.9994104882627131
570,0.3629236349404607,1.0447348907084244
571,0.5886805856773347,1.0099268282034435
572,0.36123920446991886,1.0500434702120935
573,0.739820797798386,1.0975392264780757
574,0.47607277116572044,1.0676621266421493
575,0.17176946920905284,1.0971938422344438
576,0.32359732014832754,1.0954501595420132
577,0.5421260286761115,1.0520395346453768
578,0.44453609714035514,1.0497758846643936
579,0.2844859791459863,1.1031455701048865
580,0.45699222636605025,1.1012730324393545
581,0.45332041783930277,1.072969400372557
582,0.6142198294074606,1.046630316742881
583,0.5280732992322673,1.0794680194155917
584,0.41477618393780763,1.1367480009949098
585,0.17606427493321064,1.062591166139625
586,0.3588579565621502,1.0655698345140416
587,0.2681508223662665,0.9791314175489787
588,0.30559802633927363,0.957444468729869
589,0.5412055331668556,0.9187848029124889
590,0.40902271000441903,0.8715475317445356
591,0.12402989485529983,0.9563928524425648
592,0.6290065957673718,1.0552998117269783
593,0.6225583352410492,1.2208299117531285
594,0.44830082190361975,1.2203074298266767
595,0.4434053290015715,1.2117640996085046
596,0.16742002588154561,1.1608777636640775
597,0.23073002847157104,1.1213121927702008
598,0.17229390032909403,1.081446584213691
599,0.43237401281884147,0.9823821527066332
600,0.6022332865986856,1.0770446425553637
601,0.5835018595823728,1.0214119288891523
602,0.33774205040764765,1.1360688456719654
603,0.23566908630882105,1.2295831572395381
604,0.42742637123428523,1.192218989222801
605,0.31167003736067145,1.095989088300943
606,0.6460489110735426,1.0787658308436965
607,0.42217449144727714,1.062652010608338
608,0.409217459041797,1.0929721322771602
609,0.4088117079242353,1.1645897813378199
610,0.4240128867740508,1.053465260852304
611,0.34338232327368085,1.008677908022155
612,0.5500381945195306,0.9638250280307317
613,0.3013912074939341,0.8463874032372458
614,0.9414056157861379,0.9903594405229412
615,0.41037934701005385,0.8168433635917247
616,0.36714520795125977,0.9694203503493315
617,0.7737290301567051,0.9836016062378181
618,0.7166540455412541,1.0548555713821752
619,0.36952106853142147,1.1318778292136737
620,0.3227245271412663,1.08764604837532
621,0.6531697260664088,1.0931772410869156
622,0.3121375172461709,1.119906986166689
623,0.10195907050061986,1.0791712082039633
624,0.6656298876748492,1.140236413464881
625,0.6223888974031446,1.2048868885037074
626,0.49172240944988893,1.206416108837981
627,0.6318261141153739,1.1672240940672192
628,0.46562338384479834,1.24181886195813
629,0.8082696607293273,1.2011190261454618
630,0.4983941852241448,1.1418801372279317
631,0.4512672862206661,1.1716179071677222
632,0.5263000882284756,1.1192452447335928
633,0.311507689367112,1.0970002101778336
634,0.7280205622259894,1.198054301045464
635,0.6815743641835442,1.222744484780519
636,0.7637840207150386,1.232819571052612
637,0.4891030046988241,1.1655285895634244
638,0.08746749800036317,1.1402847583932623
639,0.060275178337835765,1.0334081668802502
640,0.07872056013282777,1.1172769746737394
641,0.4171831258666049,1.0419281586988458
642,0.7004311165591894,1.0863952515934028
643,0.35178191523840896,1.1282446771853563
644,0.5369742453175619,1.1634905568555303
645,0.576690690311829,1.1958716870527673
646,0.11163812616511748,1.1218770831928504
647,0.633833136779344,1.1137021123514095
648,0.8003396483018937,1.129570169699688
649,0.005013969633010528,1.133109919020075
650,0.2711029078445306,1.1720915670712428
651,0.386566330421527,1.0667341490858715
652,0.48354899722563865,0.9934585779389451
653,0.15740674310843358,0.9788826477132591
654,0.45230060615700335,1.0544485189447204
655,0.36471099756542147,1.1143222665129109
656,0.5125679193986629,1.0289815816414478
657,0.4077553988209377,0.9759543305111468
658,0.3825704733116505,1.0327908949576092
659,0.6043835303084927,1.064205183436745
660,0.24162125074517543,1.0294648028970217
661,0.7547313806928064,1.0276579991914325
662,0.464684702212843,0.940289099805764
663,-0.0215990447320624,0.9371780782275765
664,0.19292461800977212,0.8866874927669075
665,0.025002232117217804,0.977686551666802
666,0.3920609307496618,1.0755258960258736
667,0.31852688606045965,0.8961608395022964
668,0.2626750533757543,1.0574774748829054
669,0.33505540640102915,1.152691135922645
670,0.23159666483143043,1.1104231164765972
671,0.3853882938709406,1.0792398678876944
672,0.35006262469574606,1.2017799728789866
673,0.872762809254904,1.1521236876629761
674,0.26759843905360864,1.1789085416684844
675,0.36551557121198114,1.2515428290702497
676,0.3837213393972763,1.142942015907277
677,0.4123851227085754,1.1444807146302534
678,0.545988671355414,1.0824709520295823
679,0.27923709534339025,1.1192560741221729
680,0.4509832547807444,1.1726092755132207
681,0.3774903468848768,1.0827161486821633
682,-0.17769697097470652,1.0239405527818366
683,0.33093116165287395,1.0309771284869576
684,0.4961099109782115,1.0693432674295644
685,0.27878054801508156,1.125514232341046
686,0.09221371780628171,0.9263174293986213
687,0.628000870100935,1.0326469177706337
688,0.33751169191433505,1.0440157324126138
689,0.4812494904246518,1.0837103527958427
690,0.4559692933984301,1.1361747341757298
691,0.38037890551956854,1.0564740672823703
692,0.194151138290595,1.1439239042099956
693,0.43756830669366226,1.0355560578094323
694,0.45694071083228166,1.0254214672234017
695,0.28252270835246207,0.9842166621468696
696,0.47080851630401,1.054014957750792
697,0.538388032305081,1.2368906963676205
698,0.3118190995048053,1.0329032663071342
699,0.47355219631068346,1.0224149204263677
700,0.21042294169296374,1.008075265058209
701,0.49888924110055477,1.0439155185674125
702,0.7017507334029205,1.1151124704165405
703,0.429052193133586,1.1207796946102853
704,0.2475038326025489,1.0050537987631514
705,0.3102985115059838,1.0439391645840186
706,0.5949611160617652,1.108511263482776
707,0.5571420515890734,1.118975561814873
708,0.5550063245681373,1.2014747727104593
709,0.6989936764324505,1.1525014834794076
710,0.3729401402654558,1.2384945957971645
711,0.6330360571483291,1.194692603942273
712,0.5483732858592075,1.185134306014616
713,0.3646567537130667,1.2462876523086899
714,0.6087025010066335,1.1382691178675937
715,0.390893579549755,1.0903910925521723
716,0.199455527782897,1.1160941058681217
717,0.32220122124080736,1.0391478968471959
718,0.30923569498597264,1.0651988676413076
719,0.7263029299141462,1.0961207180722656
720,0.31961608987411844,1.1145443016960115
721,0.22202289097010333,1.1343277645649914
722,0.49105538241814184,1.2238838336324265
723,0.7502596016853587,1.183613014494248
724,0.3379016180570161,1.0654284748690062
725,0.5254987158152229,1.1090491924362795
726,0.7259819018455542,0.932837218292429
727,0.7869307255442628,1.0286370033330228
728,0.2607970156490895,1.0914141955727483
729,0.09559563179576794,1.0054232434327877
730,0.4062733421966005,1.0607234734837034
731,0.41489593924964596,1.168432063249918
732,0.6849195987120855,1.0509093455968037
733,0.778425301993073,1.2042601165958886
734,0.5470757589696171,1.2681128557754586
735,0.6236687040812967,1.2487000974405793
736,0.5778876097971803,1.1072564586404934
737,0.45240685740795433,1.2106554656487576
738,-0.029761959061293832,1.1452227510421455
739,0.329014949782382,1.1239828927746283
740,0.5014974698480672,1.107774141018378
741,0.7567454790060251,1.2067474907571967
742,0.5737078552543666,1.186077543853091
743,0.5692010405500206,1.2136722149547794
744,0.08842277440404621,1.142116161409937
745,0.6264100157076202,1.181600572870141
746,0.3271069902603755,1.0546678787221089
747,0.1749468299536142,1.0935813836621016
748,0.14277668593394757,1.1743484581877244
749,0.3200080818197083,1.1562190045972582
750,-0.04047829009551553,1.1303372335266821
751,0.6550323326717675,1.1749401200825742
752,0.42811609017182695,1.1833080684499293
753,0.17301399967884495,1.1060524387873594
754,0.4510202115030579,1.1587235166109777
755,0.47511538820671195,1.2564794986739378
756,0.13652068270596815,1.2342153163014777
757,0.6287749348012961,1.2236814240171376
758,0.14701526498011375,1.1627203471546825
759,0.5201589042294446,1.0775693793852985
760,0.11982110403825137,1.0801853323677868
761,0.33041614477104553,1.1068361944792158
762,0.23087775509773484,1.21882655043976
763,0.46232145210216397,1.2985246127134338
764,0.4082905867362958,1.1376997647950422
765,0.42916636110810086,1.0926451883752082
766,0.3481372516332072,1.1268117220130025
767,0.26514238134930496,1.003172063063134
768,0.5716968057364458,1.161850216038857
769,0.2561588758989579,1.1056267885119198
770,0.45863624632440125,1.2286360670558858
771,0.3655077841944176,1.2119324667415068
772,0.443399744568136,1.1315198114311393
773,0.4451338243223001,1.0683773546770188
774,0.363156835518729,1.0941637268760205
775,0.257202256371412,1.094576876019092
776,0.5637563235273055,1.1320820457093292
