t,lambda,delta_s
1,0.6193032000890615,1.2656300522615898
2,-0.09964119014383563,1.2050996753535128
3,0.5224113670622631,1.227680615700568
4,-0.1743304395573826,1.2442171282166241
5,0.569877582128147,1.275047405516056
6,0.18793367761892818,1.2081565377645231
7,0.18319836621697605,1.195668886238792
8,0.49957845045539206,1.1788920045416376
9,0.6345464362895015,1.2054390792110505
10,0.38425532179703487,1.1237148744729804
11,0.29911144390004657,1.108724337915943
12,0.3255521217318401,1.228488299472104
13,0.37490644845226023,1.1901827117845165
14,0.2761565737385252,1.086673200743939
15,0.5527570067678887,1.1057783324318375
16,0.5035568226125742,1.1954249592857513
17,0.35110755352622125,1.218419168950021
18,0.5582061513805558,1.1461942181256013
19,0.3993069403109596,1.1947647306712468
20,0.31544442712986526,1.1179704926809106
21,0.3115584337950185,1.1467502761548727
22,0.3901651021964684,1.2744651276336854
23,0.4667621222346217,1.3206809994246453
24,0.47382299721395366,1.2169569659216655
25,0.3467567959406447,1.1977637632364042
26,0.4669592897482715,1.0584934054227841
27,0.6090397570044827,1.111574445736411
28,0.3947262550785544,1.2052546801686748
29,0.28635084599686506,1.1126082975611917
30,0.345853117383048,1.1439835678583035
31,0.4012613887810996,1.1557852882465165
32,0.15672143844095834,1.1762564930086408
33,0.28979881082159803,1.2467790459793069
34,0.42141388335615804,1.3048478494881097
35,0.7135869826284437,1.2657554617309534
36,0.5492056890381687,1.2201229058240208
37,-0.030082489050836474,1.1911837831660308
38,0.2897874619356453,1.1893953604439271
39,0.48585851152981563,1.1016727213629207
40,0.6686707025454972,1.107100812220771
41,0.5571158337331722,1.150905184973574
42,0.4613907489901837,1.1554368751240067
43,0.30659320002244284,1.1065845008034816
44,0.5013805049237791,1.11770977763822
45,0.49830643153512644,1.1101761467217695
46,0.49386721677579676,1.1397659531815432
47,0.5149182876023904,1.2037271597381056
48,0.3683266766215761,1.1781154128663716
49,0.617787099547358,1.071092381557317
50,0.5980845359845899,0.9887260881397701
51,0.6690239777430025,1.0899382735648182
52,0.2636298100580161,1.1815594492083152
53,0.06764632080598225,1.1284738071563511
54,0.41063147928539645,1.1735279981290654
55,0.3310273005689081,1.147787274933575
56,0.266887471952766,1.1035229163642262
57,0.3392144667693675,1.2141593483026394
58,0.1297473970153224,1.0562693910166248
59,0.6741698045620286,1.1505220323090106
60,0.43393951168000855,1.127761400921294
61,0.595332638108792,1.1335162432141332
62,0.17333396264898457,1.1798187044940796
63,0.4575425487610403,1.1753118943277356
64,0.2564533813420891,1.107644418110817
65,0.5770366424341932,1.1000945665699924
66,0.3011313162535815,1.0481009364501273
67,0.5598562587760977,0.9985333874925624
68,0.20107247091028668,0.9782457670766083
69,0.2866859065354598,0.967757561613532
70,0.21833253226388682,1.066451320975398
71,0.28131905463497353,1.0637760901948645
72,0.43005254186614955,1.2405309119608086
73,0.2996266065641936,1.2657507286752931
74,0.40649484544131836,1.2177492872974711
75,0.36060178163212747,1.1249799234346831
76,0.3736909724690936,1.1044383454639926
77,0.28972343215353535,1.1004935639359394
78,0.4270947752232942,1.0922164221344732
79,0.4977180312115253,1.177853834475855
80,0.514909589710455,1.104579972061152
81,0.5623263159563289,1.0535205346668863
82,0.47210095087456055,1.1615246621507926
83,0.21986249058413215,1.0880894971445636
84,0.3184127635217379,1.1403548088965128
85,0.2854489064045292,0.9558692551095259
86,0.5033164663050126,1.059808114397363
87,0.29442928114688977,1.2462857827205376
88,0.5715191480093721,1.1800388223687754
89,0.3362297009104447,1.0424700521715335
90,0.3393520854701799,0.9574506082135577
91,0.7643106383147952,1.0859906526485401
92,0.593133547208676,1.2663873655943962
93,0.05416574747579246,1.0645839063500804
94,0.30544026828896687,1.1311294362526785
95,0.42620692752610795,1.1353798169658103
96,0.3748744417179014,1.1998588022915395
97,0.33829350362589017,1.0555862288721345
98,0.5156555656536741,1.0564732016214464
99,0.4655978881932247,1.0608943601268317
100,0.2538583066268812,1.0696702498471393
101,0.29139241882414524,1.006467469726417
102,0.507736717963222,1.0280496698731316
103,0.6781638664283599,1.1166966564345446
104,0.5756674527541531,1.1622298431018818
105,0.4343678310133402,1.1160287642670972
106,0.44294100416150345,1.0231198393510705
107,0.5818470076052346,1.0162677429878564
108,0.4204746587204053,1.000869163409033
109,0.42489970397554727,1.0207889687944809
110,0.6110380456002522,1.1064466659468255
111,0.22251979957397303,1.1373762887240721
112,0.5835899335185023,1.2233513836343484
113,0.4022732392459054,1.1974734659729405
114,0.36009914600819276,1.1668147297775913
115,0.356449825907565,1.1516620407052598
116,0.44902919620483256,1.0929740638535403
117,0.21545976137224745,1.0943285550321087
118,0.5051007290635446,1.0773820425357556
119,0.39976237748187654,1.1477256806525262
120,0.4588254682351764,1.0701346330565893
121,0.18953740934393226,1.1003310279710343
122,0.47166669450814036,1.1352444987130454
123,0.4616636386779712,1.2892338160801524
124,0.4035688988448814,1.2261248220067624
125,0.3603087769849107,1.2339961060917477
126,0.5208287114814574,1.143093845992651
127,0.42626041506439544,1.1648414634744602
128,0.2714782200106935,1.0771477725780525
129,0.5909156833210129,1.0579857899679745
130,0.39319564691741765,1.1532273632485308
131,0.3655163124305972,1.2155220610007011
132,0.4488423449901596,1.2962755778295314
133,0.5337404662711722,1.268295521271509
134,0.42293873909880286,1.2124891041858943
135,0.12662732444377056,1.134472529001859
136,0.699998470579427,1.1460630378135008
137,0.379199914514862,1.1569063147836687
138,0.48496208950900854,1.2534219569415275
139,0.4656178157849662,1.1609732940659383
140,0.4246424535641986,1.1449348983311944
141,0.5700216815197379,1.1616528045772605
142,0.2952559391762501,1.1521519825799107
143,0.4086547421454802,1.1177976940699537
144,0.49263109673099176,1.1513800928739708
145,0.5119085369763595,1.1526387211376365
146,0.42180378234016597,1.166480592987002
147,0.5839579505780714,1.1439126308173622
148,0.5563807368633291,1.255765722824668
149,0.49382590555900685,1.2961544330534513
150,0.3468456322801857,1.1615990772255054
151,0.6497911544893668,1.1779687896406792
152,0.49547623898475734,1.2125636063038276
153,0.6433421635968549,1.277921677830435
154,0.2960669601167669,1.1031959994260987
155,0.27039502860526016,1.1207133981154922
156,0.4424305419115492,1.2060449420392798
157,0.2567617655847762,1.171453615502626
158,0.5282651603807951,1.1822296465540287
159,0.2824915209161087,1.1541859386941424
160,0.21367693677161842,1.1379049787413678
161,0.19756697179848695,1.0201316276221093
162,0.18713187584225285,1.037714549142494
163,0.16042796340237625,0.9534453005156565
164,0.5784860475316754,1.0384219408074116
165,0.43669034080542923,0.9973315452354543
166,0.5313178293571258,1.1349087709800942
167,0.23343854328739133,1.0242322133621233
168,0.5060838653326594,1.0929968168043303
169,0.5179199230724707,1.142898207584972
170,0.4186598987789489,1.003853992993471
171,0.29452075143241385,1.11699959247048
172,0.4614539605900328,1.1304212335058175
173,0.44935975214024265,1.2141017582458944
174,0.4806226669568449,1.2148778227875296
175,0.409524917119043,1.1660201667271166
176,0.248229798650889,1.1117893097082219
177,0.40217273365608164,1.1172388600966874
178,0.4510671677494487,1.0992485443095579
179,0.4739276826818582,1.0673199737443866
180,0.5494186766175256,1.2046099322387767
181,0.5281550082740913,1.18260118608491
182,0.3811737444143929,1.1923938962613752
183,0.5916782718801888,1.2171561559051447
184,0.5120970028099356,1.2358868043796187
185,0.5817984039249884,1.1511051985505567
186,0.487651280481721,1.0838867005466526
187,0.6860091681742557,1.1408998204359464
188,0.5980289325759058,1.2537842253116258
189,0.593994840251411,1.2574095264351397
190,0.11122068938568314,1.1987450718562576
191,0.2796042626693217,1.1856055746265621
192,0.314264110271351,1.1017292703010748
193,0.42198371439016097,1.1206696862620735
194,0.34283411394250196,0.985597528173508
195,0.4745755373087919,1.0783728047479717
196,0.35703566927186536,1.2301149913526181
197,0.6341949244367152,1.233058459817514
198,0.1664374839019575,1.1049336502254306
199,0.20893503423625448,1.0425843141746565
200,0.4177062025437613,1.1419080985150711
201,0.42146153030709654,1.2779681228243378
202,0.13903033253487607,1.1483806447270657
203,0.406014577295718,1.0754184044932626
204,0.20854169459874042,1.034421885395638
205,0.3026358146674545,1.0173319931149334
206,0.33311579353143594,1.0735279882222
207,0.2219850452064535,0.9965344076548673
208,0.216060901589836,0.9705856613706725
209,0.3803503784554545,0.9768113486106623
210,0.4901707451847673,1.0707476078318734
211,0.4928623554761956,1.1644117166769405
212,0.4578961286417336,1.1464345843061516
213,0.39537733869981373,1.175095311908913
214,0.28808155158926196,1.1471693195212551
215,0.41373210941783967,1.1120338715474776
216,0.2806303315701745,1.1756594483604677
217,0.4778284503610233,1.0123514993638114
218,0.5242216513877882,1.2046317194332683
219,0.5901652128828754,1.2224914273060326
220,0.35934710342091825,1.2078353771835326
221,0.4430716199656586,1.1669370524119866
222,0.570240477254518,1.232919193439815
223,0.4743955081033631,1.2224044179726168
224,0.3718325460273321,1.0877408063440266
225,0.3614510792481718,1.1391370953558295
226,0.5368440099297154,1.19795065564108
227,0.4695095509946893,1.1683629780489944
228,0.4004017126444395,1.1872447887298765
229,0.22767062242551728,1.11097167602349
230,0.5274851720155452,1.118058812972785
231,0.5862978652216935,1.1776451660316773
232,0.5590758329700596,1.243231310650818
233,0.3850047391289188,1.2031892491856269
234,0.711331413382666,1.213654485899288
235,0.7712994637610732,1.187819866613878
236,0.7672833798544716,1.2121781047910682
237,0.3619585998545171,1.2775938581859654
238,0.638750708543799,1.2683825013421435
239,0.6485366539943772,1.2166133767082798
240,0.8176935136351418,1.0834190210460628
241,0.39987977653222,1.0617107942618198
242,0.32283344400839614,1.1619145755185405
243,0.3926080204433187,1.185629288081739
244,0.3267558719708317,1.1862977568049375
245,0.5053371514817201,1.1062495337851452
246,0.3220347955032231,1.1666395116302608
247,0.31494432944658973,1.0557510778576968
248,0.6840811639977161,1.0607856360879888
249,0.3470376246500517,1.0642828530703476
250,-0.035296950044640577,0.9362751169566224
251,0.4779777900440144,1.069575937089828
252,0.23592178486606347,1.0074662195631967
253,0.3701862213997591,1.0841686776715758
254,0.34325285753716567,1.0225788171345513
255,0.43346991588259703,1.0701786976904006
256,0.4741392949161135,1.1076947727921618
257,0.19750117462658628,1.0692945485430012
258,0.3960765938038262,1.2375457799421967
259,0.5679846657986056,1.2420559658515475
260,0.4777694692458627,1.262020858612933
261,0.6335470774307999,1.1799092051916735
262,0.4349960134508318,1.170084650898121
263,0.5300460823914509,1.1453098812698206
264,0.40666413596314605,1.2052466077384805
265,0.4743618992273836,1.2213783081446197
266,0.6651505118378426,1.1961200385684516
267,0.26885517290569866,1.1466547716928706
268,0.40061907051794127,1.0924376858006006
269,0.5009782230728854,1.1752193672065654
270,0.4394084837773987,1.0988015245576466
271,0.5957637217227483,1.228682466045523
272,0.40757986577926075,1.1684925890649873
273,0.037349891818375586,1.087265166247903
274,0.4793186468425873,1.1112169114751826
275,0.40969125375135207,1.2275098176816377
276,0.37859973174265227,1.15931435003856
277,0.6864747259853736,1.186343959753355
278,0.4003976703549616,1.148810783541682
279,0.5427956047353756,1.160162430135174
280,0.3850711440758109,1.2807851175638525
281,0.5146187581957958,1.1452674633277817
282,0.742861297559985,1.2004468621618574
283,0.7931634307018618,1.142123150818258
284,0.4996655171879808,1.1905024253753107
285,0.9424655633506214,1.2399495692403721
286,0.6940786694225412,1.2117225175725437
287,0.17773465268161193,1.2789164533732684
288,0.5303057242304787,1.217499400486752
289,0.6776873428979492,1.09567185167605
290,0.3722068803212016,1.125838973365406
291,0.2897852828952345,1.210789140350099
292,0.4574796806213896,1.2140653499605492
293,0.36468047920686886,1.1811234757796896
294,0.3442594612435999,1.0872387264348413
295,0.4723241715474318,1.1138438080327004
296,0.5298704034272882,1.1976879184112474
297,0.5972758833652924,1.2694059085312868
298,0.2290874839737005,1.1600309061240306
299,0.37250152156506294,1.215703637190265
300,0.46106065000779983,1.3231832441489364
301,0.5021281949389829,1.3678941416785342
302,0.5816763294408959,1.3346492308561935
303,0.7046100101616145,1.2448647232386556
304,0.5251484056522262,1.3014212532439062
305,0.40279044414770243,1.23711261038704
306,0.25250189083679936,1.0644380420803907
307,0.49785880868224286,1.057927252396689
308,0.0030045473243925187,1.0091236890185988
309,0.24359567656599834,1.020562538942439
310,0.4556240700759395,1.163864449608714
311,-0.03585422528582196,1.0358567950208715
312,0.37478632214069174,1.0951929456384057
313,0.44160836200208164,1.0814940420164183
314,0.3645861169920455,1.0262667502043719
315,0.48331562703523284,0.9787087242289358
316,0.5639969459014138,1.0911286620356166
317,0.4922375128423116,1.1662072246442743
318,0.21135340023463792,1.1083090969404894
319,0.37400534363154475,1.0416227967796934
320,0.5898489749414372,1.139451118693644
321,0.6709844728644594,1.1267597268507765
322,0.31331892540945483,0.9971798316178268
323,0.6322064591287585,1.1238637139363212
324,0.1489378166361913,1.1331100601010982
325,0.2140880906453871,1.199441291987572
326,0.6087734760833269,1.1729065276590012
327,0.4015712923021289,1.2123993772380994
328,0.509450146043951,1.2765051631874706
329,0.42612514107315086,1.2489296676098989
330,0.4924976939601058,1.2125962971248665
331,0.4308207014682043,1.2391860037216837
332,0.473895695798334,1.1600997170493186
333,0.2090521978962758,1.1156036971211778
334,0.19164962715882092,0.9958131345373704
335,0.4876825443717719,1.1006785276624735
336,0.40277260800317866,1.0812540325014126
337,0.4845058695811909,1.1424075015610158
338,0.45810640493442356,1.152168181872135
339,0.43543380603193443,1.0161564760155304
340,0.601873359467854,1.033691554563934
341,0.48337099601269795,0.9889390285994708
342,0.4021073863879466,1.0056442267436865
343,0.3784397173592912,1.012810561447481
344,0.5414349636212646,0.8489233950782937
345,0.3824051095188626,0.9937423537250482
346,0.14515690050205454,1.234634683162468
347,0.29140741620383287,1.0914157797017066
348,0.30820339625883125,1.103481964136611
349,0.6018740553497588,0.9631182450390257
350,0.6387405873843204,1.0509982641228393
351,0.5824461277634624,1.2167096776265305
352,0.6300136253229378,1.1738934712158193
353,0.25447837837327714,1.1633590248999506
354,0.1765945198587485,1.12167725531885
355,0.3897822747411418,1.1088804351363337
356,0.6033127512274747,1.1281931445046365
357,0.22741988901061946,1.1364677170997732
358,0.4199530988918264,1.2175131892998097
359,0.17577300028859588,1.1084757181357943
360,0.5754962705400588,1.0951180822849556
361,0.31955944994528035,1.0562384985030224
362,0.5799964644326784,1.1031915507797627
363,0.260377050008548,1.1216413452932492
364,0.5483932992108618,1.2095167735649566
365,0.4592044017609261,1.144914052763998
366,0.3358891662984359,1.0973277578910374
367,0.4075205969652813,1.1957473179059104
368,0.5526710737625524,1.2111807082713186
369,0.4547284157008124,1.2953736014105823
370,0.6064927370487612,1.2118630493889813
371,0.674330613237813,1.217997324157517
372,0.5890070177022334,1.1622608186093448
373,0.4159105004184599,1.057873130804529
374,0.4384840958599537,1.1031895159280358
375,0.098419185464371,1.2249314909648759
376,0.1607281535996722,1.2381310014374323
377,0.5452132673922427,1.1504429299724992
378,0.36841393829733826,1.0959520185955094
379,0.7734678502196405,1.1060997498506666
380,0.5896253666228217,1.1260785769174408
381,0.2043280934268255,1.0771681048496653
382,0.33720045902294704,1.1616089604599633
383,0.530128055847679,1.2667402143984752
384,0.6807488157270558,1.252378351401027
385,0.7260568982774511,1.2116384411504424
386,0.3647641614477039,1.1365498931093208
387,0.13632705777138296,1.1336918761153165
388,0.399151196084682,1.1803170022548974
389,0.5818424660847901,1.1825369311933345
390,0.41493945707793767,1.205881847319921
391,0.3405957353481775,1.121179401280186
392,0.2572093789198537,1.1040668145493757
393,0.4315198352338327,1.155017622853345
394,0.43099973197976926,1.1858207690462177
395,0.2938312288526566,1.2038690175879654
396,0.7471239528102902,1.1820901485043802
397,0.3180913807872213,1.1161069462100797
398,0.24074268338180788,1.0258094825556583
399,0.5863779926442201,1.010367510716244
400,0.21352075208941498,1.036318987177346
401,0.42319798839314454,0.9308989870773446
402,0.27907739062657905,0.966369838998539
403,0.5137944869157363,1.0204220706138416
404,0.32035345768678053,1.006310582407043
405,0.49611661708885446,1.1092757007212892
406,0.44748171028376843,1.1740857267563993
407,0.22359472164052355,1.13498938383697
408,0.7090452962497298,1.038553999522689
409,0.39630052910609687,1.0500025869139458
410,0.2522693975806928,1.077753753239927
411,0.32863171497028576,1.18697988367898
412,0.3813590865754458,1.1710201867803016
413,0.31670760778954576,1.1935726748165765
414,0.40230965702334043,1.2153451317413382
415,0.6120546946599219,1.2382780860157154
416,0.40277875659675066,1.1343809396625755
417,0.22970502424165087,1.0941294462230982
418,0.36936408226307893,1.2266560209012172
419,0.3230427536427116,1.0054532026016652
420,0.2514589549577568,1.0573642080200134
421,0.43035585289641465,1.105909298622368
422,0.4850674616884501,1.1755212510510211
423,0.45076798382204664,1.0461088133541185
424,0.5465491296724765,1.1143745736683177
425,0.4608870134350918,1.1478319841156843
426,0.8383406671857323,1.068728690458836
427,0.23266853837542223,1.2100280144870832
428,0.5094774131495311,1.1322281517948336
429,0.3713337765954705,1.047821447405861
430,0.5000943779747695,1.1126983526428482
431,0.33586394452487084,1.0686242922324398
432,0.3740726999473205,1.1318308010301048
433,0.5923714561247716,1.1597116115231383
434,0.1974825874442622,1.1281552748235626
435,0.33910825806130995,1.0548395465864924
436,0.25696997007971795,1.058543886457366
437,0.5296505571924844,1.1775664854133423
438,0.5473983620413093,1.248700598431733
439,0.3144512413378842,1.1996314008356803
440,0.27318014803624735,1.0880107548753903
441,0.4979864965072199,1.1392531766521734
442,0.4039646771844937,1.1815980518603248
443,0.5453245502129361,1.2716597590949492
444,0.500239964028759,1.0784297195609174
445,0.38863320554768527,1.1172138521948325
446,0.4801072719208617,1.0076055663524839
447,0.4486662741697962,1.0491130135770774
448,0.3274589716420281,1.0643342732282488
449,0.55493840660923,1.1183618136763822
450,0.3348348735005859,1.188478979968083
451,0.5609354775471043,1.2671768751448151
452,0.40425694311688615,1.1581171427985206
453,0.3936667949715468,1.0914791248734834
454,0.4745488554104571,1.2020407088909941
455,0.5216124757416374,1.031017582886419
456,0.3799573945466499,1.1335990330062318
457,0.431612044664185,0.996538785476933
458,0.4948565811679905,1.0704983780426378
459,0.5064184312070661,0.937866310694292
460,0.583255490273292,1.1280762904505623
461,0.5495321132450274,1.266697191105249
462,0.4273200760380493,1.1396066163311032
463,0.6923239317789857,1.1094157597215313
464,0.5465736746593582,1.1932483591148506
465,0.09868916351232873,1.1418995123512448
466,0.11671951348353397,1.0714225442254257
467,0.36888621683953104,1.1593629528716958
468,0.17743410051935626,1.112936001736696
469,0.4253111683315581,1.1516160263216286
470,0.4537340471934532,1.1380138387795304
471,0.5982691207472486,1.1774668663382848
472,0.731856648793111,1.1580333354716807
473,0.21490800176910244,1.1482558177114326
474,0.38086017643508047,1.201128015284159
475,0.598394953140165,1.1801259147026995
476,0.38391948589657393,1.086974327391869
477,0.42486830609318554,1.107551674284091
478,0.7151027601262634,1.1414430698136215
479,0.07464312768055198,1.0669872789967345
480,0.5538531159868633,1.0007553347187328
481,0.002115501627056923,0.9354469064414754
482,0.7255550743130752,1.0539793606723282
483,0.3118512540084467,0.9472807318173252
484,0.4797841486469705,0.9386912473561064
485,0.1619837668457388,0.9007866833671272
486,0.5479581996550509,1.052282086192421
487,0.28330419248409155,1.1252221446070556
488,0.25063374708619834,1.0382478296586592
489,0.4119135978551385,1.06269565779478
490,0.5291499391788629,1.2199472298306813
491,-0.017685867067611327,1.1501998504451227
492,0.43015346102972146,1.1007410612360964
493,0.6350518189122483,1.2572798618209289
494,0.4476921050193848,1.1062516359045242
495,0.16285944552631607,0.9612693882083758
496,0.33683217289795936,0.9371965326904645
497,0.5956360320773558,1.0620378277144773
498,0.5052373548709279,1.145080341143426
499,0.2783186177364564,1.1245461866003998
500,0.46482074314185357,1.1446227784390002
501,0.6827698999210401,1.114698813691041
502,0.49212456862832227,1.1029130709016504
503,0.4067219634024138,1.1246449286300206
504,0.3991191545981796,1.2014476710709878
505,0.27368135326975623,1.1776673072039772
506,0.31065643835303813,1.204706125683
507,0.18592258488054428,1.1391203099477119
508,0.49045628962913,1.0861641945854559
509,0.7520039391539646,1.1049752329305298
510,0.7228359624587533,1.1705983693819366
511,0.6365989612226052,1.153451386834369
512,0.3902088416308865,1.1196150243437446
513,0.5019851891519417,1.115345366386012
514,0.3410769019101849,1.0735736336319375
515,0.37248247960574304,1.0993276902292424
516,0.7447293308391384,1.1292566046022878
517,0.4009642717558471,1.1972625688508554
518,0.12535553553625048,1.0370684664707397
519,0.3440059530072366,1.0670371193816872
520,0.39193008706843424,1.1569236513752732
521,0.3937569958187206,1.252060415808017
522,0.057994451878537634,1.130629385764561
523,0.3394372365953169,1.101852984849376
524,0.5503231790823798,1.1346831641296484
525,0.40295507366836303,0.9907535529525714
526,0.4153102317150783,1.063463035734381
527,0.5903640951368379,1.1149660043238327
528,0.3368796959597467,1.0534299088988541
529,0.36162015590280105,1.1915828543229168
530,0.14310985179679636,1.0621487196059105
531,0.17781405160233313,1.0366158652663646
532,0.349484571675365,1.1652325286694922
533,0.25700214931482807,1.0299064537302882
534,0.1893403877108344,1.0727177563942807
535,0.6382464471466498,1.1186257969969096
536,0.5652725462172187,1.2357612523895096
537,0.15402895031146033,1.1424150917423546
538,0.37137049251189014,1.2480658104660212
539,0.5032136929024442,1.1598405999951342
540,0.7253319061133688,1.1465140989676268
541,0.49849031370461017,1.1503268103114406
542,0.6348624104723883,1.1618828466685323
543,0.10392089669102197,1.0716993389419591
544,0.8593586581255905,1.1653092029660492
545,0.37567671239048034,1.2257920996593576
546,0.5021404749561736,1.1383688751611098
547,0.3438060787682163,1.0903879553868576
548,0.65465777994673,1.2430244185728936
549,0.749696027764704,1.2605809529861538
550,0.6103254470407226,1.1881338241132648
551,0.6277860858188613,1.230756380363508
552,0.48564090269016386,1.1432979695152186
553,0.24788488905887127,1.1247926478363461
554,0.30418420082679154,1.1397078099471838
555,0.4979933082918567,1.114370124714819
556,0.4354710099214236,1.1954393284995453
557,0.42864601923127743,1.1833750494540198
558,0.6480926458045558,1.2089538155253103
559,0.35585123998073265,1.1732332796527056
560,0.22775911534352433,1.2211310335503929
561,0.6941346957375505,1.2746547204670857
562,0.44746249154644485,1.1724668258544004
563,0.1860068334822849,1.156771300716213
564,0.328152883577175,1.1706110418338103
565,0.6780691635579811,1.1015393532084132
566,0.6314114300627146,1.1259412669697422
567,0.22901004151664442,1.1303183572822126
568,0.3336807927822153,1.0817890792503597
569,0.5570296600030161,1.1773782092940397
570,0.43637684569220253,1.246337082263337
571,0.33457232155148753,1.2536744684187455
572,0.29780355363776756,1.1431699636018424
573,0.6974038960811348,1.196197176691399
574,0.6886832461489184,1.0390359259934323
575,0.3385295990710356,1.104387492368203
576,0.5237551118193426,1.1413447669110983
577,0.5965733333884159,1.2653454436161635
578,0.39945002605120183,1.2816350784857875
579,0.5154307513437087,1.2339077413800357
580,0.159449763627033,1.1459557780497105
581,0.15318947273880476,1.1518135972748798
582,0.4546277384890769,1.1089259042940947
583,0.018447710014060342,1.2173051147623843
584,0.4289311226079423,1.0968400114711605
585,0.06253293503470644,1.0826798828911492
586,0.362161311665649,1.18367736721125
587,0.5092263277536284,1.2132095695476068
588,0.3053599696849488,1.2291282448385825
589,0.29731354857572573,1.1815833803723061
590,0.6086567918545119,1.1658911736621589
591,0.4212756052358392,1.2421851009741802
592,0.3237434097317665,1.0837826712081775
593,0.53302396807518,1.073583015708126
594,0.41219340005002664,1.160132110895902
595,0.384541207281451,1.2176431104511714
596,0.3922146060105074,1.2311925884569603
597,0.43889239660368473,1.2884662906244841
598,0.4584865776800685,1.2348175128587426
599,0.40775334964080856,1.2538696600691932
600,0.508124978976511,1.089858883932673
601,0.5186383570260127,1.127285695336989
602,0.3876065827254231,1.2214289770354492
603,0.42398748876543735,1.304972137263483
604,0.6506620991436807,1.205939029682023
605,0.67265115079538,1.135260210171934
606,0.17184260192746878,0.9802538671558451
607,0.538217710773405,1.1591918368392136
608,0.5076200516126834,1.142797010701607
609,0.3785401814649483,1.1215504363817919
610,0.41189255954073273,1.2011041238321423
611,0.41769599273801866,1.2858764980638453
612,0.49404455185594054,1.3167707362573133
613,0.5125422312599409,1.2146809895720732
614,0.33704676499990444,1.1822023154632382
615,0.14727055420916754,1.0983816923028604
616,0.6683971941603837,1.1655416493845765
617,0.35198607195016884,1.1887959287157956
618,0.400456874421073,1.1320237342968384
619,0.12932778729943112,1.006191088576383
620,0.5999965779289963,1.1490632575802167
621,0.19665419354495425,1.0329864743966937
622,0.19261414376270417,1.0302780565055052
623,0.5425244383039868,1.094685466263835
624,0.3960318232165093,1.1445249814110265
625,0.28026284909297555,1.1096421734278552
626,0.41664370745658574,1.135167347780062
627,0.3791089249009476,1.208932733826684
628,0.3517094551609318,1.0758973971776427
629,0.4333909397585635,1.0932160164377678
630,0.5478546890379414,1.1627412616696329
631,0.39202606053466577,1.0881193601886274
632,0.3534977533712409,1.0763006347722237
633,0.20858772660862573,1.077701105674356
634,0.3931889592353791,1.0912125567491875
635,0.4791037682637808,1.0599442595366177
636,0.40926813178420235,1.0281182652383312
637,0.3411134998014561,1.043291521616861
638,0.5028035332312863,1.0525976874007374
639,0.14221017817045994,1.1999943726083533
640,0.6199039468456021,1.1021546751359634
641,0.32918452239390317,1.0951028135767196
642,0.2405368230500808,1.0726265005046172
643,0.28552048196004454,1.1309098810791587
644,0.5414966916707714,1.246968636970062
645,0.46137961192592153,1.1405793150950285
646,0.7303648657804932,1.1913941935323786
647,0.1887040307571975,1.1922101031069998
648,0.527317966096418,1.2017061439570715
649,0.6500339282461316,1.244847537882612
650,0.38468423294884063,1.2184191931316062
651,0.4375467257729435,1.1850107692429683
652,0.7863734266002009,1.1695705495079722
653,0.6781742349973378,1.2022478574047746
654,0.3006397149187283,1.0443122305421557
655,0.29030129092009777,1.0826909864591785
656,0.6841494105309248,1.205276466155606
657,0.7415588431907499,1.2682210824860276
658,0.5805634679813756,1.2034399561074351
659,0.5358011318755176,1.1480228084551196
660,-0.02976658555312575,1.06782578867561
661,0.3036601970240154,1.1947567783244146
662,0.32166492915653855,1.2617890036844022
663,0.5111895407423838,1.2264726085266195
664,0.6187660256537705,1.1307836537383316
665,0.4474830682309485,1.1590456650827248
666,0.42467775252100814,1.131321673751322
667,0.37964757083250233,1.1752608570271108
668,0.6464617436847825,1.1721888025877425
669,0.5064199896095004,1.2775882219154415
670,0.33193991202088663,1.0677454672414621
671,0.5609405729074767,1.1459862613269034
672,0.5461118496052538,1.1107315222374279
673,0.5319201359790451,1.0801219774696045
674,0.7769669259788653,1.0514697844360719
675,0.6224156357743098,1.110922314600555
676,0.1130851771079194,1.064265216091185
677,0.2986486573202218,1.2152409258114494
678,0.4073775939476444,1.0541796996134118
679,0.3529943131295713,1.0953806741790335
680,0.7082028913689392,1.1735463617486765
681,0.4720942006521192,1.1973890697905996
682,0.37033034517393365,1.1180935406642762
683,0.822242080303973,1.1649508793044319
684,0.40499908603264695,1.0832386755108412
685,0.335546401133682,1.1178767303452044
686,0.3646105482733856,1.0678347281665268
687,0.460969171306833,1.0777411490611284
688,0.36044909490050564,1.135838425909233
689,0.334387579141855,1.2666690982920585
690,0.4743041636748803,1.13440372567095
691,0.6146786234591309,1.2309135365528863
692,0.2261482560512136,1.1654282629752002
693,0.5868752391883768,1.1344484409317648
694,0.45937990078060614,1.096801355403664
695,0.22388230865850417,1.1141980681780792
696,0.3282260970404087,1.1672641620106734
697,0.6720903952331589,1.278580274867796
698,0.21568505999625728,1.1394464772729853
699,0.19740371552765668,1.1468508526507577
700,0.375950791545492,1.0835308328346167
701,0.4923721615097438,1.1356218408621235
702,0.4935683081476643,1.1527830862309016
703,0.6902045737013776,1.2348096155361037
704,0.5303193066593335,1.2423303002366455
705,0.14300669438939298,1.095428923184246
706,0.45833291622544947,1.131493301242797
707,0.34790440437587494,1.1663140451306158
708,0.47544046962442793,1.0992647047701067
709,0.5978462278966576,1.1499150894222379
710,0.5268226417605752,1.1492051379081984
711,0.46487687518037757,1.1290304321292641
712,0.36350042786198455,1.1523446669439568
713,0.2986257319709638,1.0908268656642237
714,0.19409643937283474,1.1014151876450025
715,0.6808670573108859,1.1374597410401137
716,0.6490442219444945,1.1880882465480826
717,0.07120676231439653,1.1083956029074735
718,0.3054258432217739,1.0634498067970983
719,0.3789905572266114,1.177008742868989
720,0.2903523236492235,1.0651128042396183
721,0.4263434829777149,1.0975631179154928
722,0.506282330357534,1.242020581042915
723,0.25995698954524493,1.115683881985051
724,0.5062420022526993,1.2203030013198903
725,0.21147011735577512,1.0781995445475276
726,0.34726834037403564,1.0773598871159396
727,0.5076034504075699,1.0860500668310722
728,0.19880341839198643,1.1776020362912107
729,0.4031429455141094,1.248462856806008
730,0.39219456661787644,1.3449990433566317
731,0.41295636214473347,1.238456115396393
732,0.41713736156341996,1.245328747934414
733,0.2449325681376859,1.284761831444769
734,0.37952941081711083,1.3263918225164326
735,0.49230839390506426,1.2248816855708091
736,0.34514459858001495,1.207783970326058
737,0.6861797451555838,1.3038649046502548
738,0.266212616263104,1.181083108799226
739,0.5116305885868093,1.1808613238593098
740,0.5015016427599853,1.1733720690732505
741,0.17249144673424094,1.094027967896522
742,0.5204937647623742,1.1176291658523905
743,0.3259751256558204,1.0743960603953635
744,0.33495783361411563,1.1345351261174583
745,0.5693376837426046,1.1084672238580244
746,0.43511775411258674,1.0759819089805593
747,0.3236844939093623,1.0898583203188845
748,0.06103750055440687,0.9023722326987007
749,0.2304387940012613,0.979553565675873
750,0.2022323372351141,0.8809601437775214
751,0.3833024492837612,1.0088057254536296
752,0.5609633003732243,1.0385028469988673
753,0.4576620664152984,0.9932309601200254
754,0.4711776446618339,1.0881301948763873
755,0.46032871870667513,1.17915037312949
756,0.06942529308891061,1.1489104253746818
757,0.558341575483116,0.99177471381927
758,0.689240276900973,1.0734824717959597
759,0.3968480888368095,0.9976611110613154
760,0.3734827618497455,1.0933933195530925
761,0.6629168888520236,1.2050042730351407
762,0.5535084811436454,1.1931506828217293
763,0.4959243217334065,1.1728528832550273
764,0.14126753592761457,1.2065714317179028
765,0.3061459023015119,1.1617387918069482
766,0.5957278310556023,1.2704018135826611
767,0.4129222236854307,1.2504637681420667
768,0.3049426465741288,1.1686933799886128
769,0.8602575313081748,1.1719366432831464
770,0.09538859964403702,1.1619265247737607
771,0.06383070668130653,1.1194962399521813
772,0.6310195762025245,1.1330258330585499
773,0.4288670376463829,1.0726260477949947
774,0.3376715114662768,1.2677548959676876
775,0.467372987912777,1.1658227400771355
776,0.5173531663413168,1.21386597884333
