t,lambda,delta_s
1,-2.0658622935444657,1.179584283685419
2,0.07940439188111136,1.1905292743440252
3,0.2489111148087859,1.1865765193643811
4,0.2598070426553538,1.140270408999996
5,0.21389219364659448,1.1601312908832455
6,0.47218423105442286,1.1232830889885972
7,0.22149328134166615,1.0738876388408398
8,0.4094527970458853,1.010164525496143
9,0.47251469514607275,1.1239719284310767
10,0.5484780959489769,1.196484555019778
11,0.27512496359805005,1.094368469664855
12,0.5537835716854691,1.0860155393420092
13,0.22889666262910655,1.0184253561216319
14,0.5377738588290514,1.000585833636571
15,0.5400193539963646,1.0157302429397
16,0.4530942099798294,0.9946546648655107
17,0.37620765541694445,0.9998476849512574
18,0.3692721850972097,0.9832426662647398
19,0.27610630752193766,0.9302549836936652
20,0.629143349180703,0.9665486876555978
21,0.6042883116872189,0.9458098120024966
22,0.1415540793376912,0.898697556337568
23,0.42814452837665423,0.8166909178966018
24,0.27385336115509223,0.7665572407252175
25,0.3943658501396029,0.6350726201175608
26,0.3686167942004141,0.7132034481217835
27,0.523282257540426,0.8334342555309721
28,0.548896758366801,0.9343188102770883
29,0.6618463648938308,1.0199529407856407
30,0.781877465323238,1.0721896458789697
31,0.28067386068151506,1.1381117068148843
32,-0.1395052193643655,0.9816052214844752
33,0.39240484840724565,1.050484786555157
34,0.35569052222341246,0.9674568224455553
35,0.11800116737128741,1.0218759478672568
36,0.25766326088814545,1.112487486033162
37,0.2038328774440277,0.9221882543946865
38,0.20214607090167022,0.9270033424927474
39,0.22653398208253855,0.9096054202789865
40,0.5787053599327396,0.8580415488478537
41,0.3806894927303993,0.9285895955838666
42,0.3474403032422169,0.88961162066352
43,0.3360901412648332,1.0180572078236814
44,0.2809147121487978,1.0152170535014937
45,0.31560205320653245,1.0591038812161233
46,0.2633738199621212,0.9059952132118578
47,0.0638934816185528,0.8426190195132114
48,0.31716459057317803,0.8341292358912855
49,0.4005353083979391,0.8584769874879404
50,0.22882783785350524,0.9467317243879538
51,0.4019768088600653,1.0227875321551292
52,0.4870158820204074,1.0756252018779717
53,0.35567323376158977,1.0089497869329715
54,0.49382000020162725,1.0552868287588715
55,0.39858258561741444,1.057734179366779
56,0.24989816065515627,0.8962610169645485
57,0.41377319178186434,0.993991411196752
58,0.616585505306254,0.886689390251558
59,0.6254763890446203,0.9902904914795182
60,0.5631522954701991,0.858086013449389
61,0.14555111324431277,0.8624269526000211
62,0.07460022450257078,0.7377142633839066
63,0.6664602664123993,0.7667217295108971
64,0.40674356445852816,0.7518500267122474
65,0.3731722215822041,0.7447686040229039
66,0.6019639382893834,0.7093764330078624
67,-0.1905690152532501,0.6010150775613318
68,0.1432795068594178,0.7611127328261461
69,0.31388747640632636,0.6722058662355742
70,0.2336694634049886,0.6633898714362166
71,0.4513808889708733,0.7807988027261732
72,0.6574012641781108,0.9226712212864963
73,0.32124898618541115,0.8455666779514099
74,0.5032414377100713,0.9921936430692135
75,0.4424650578630867,0.9217490976986539
76,0.6096858489494353,0.9870861920282922
77,0.5078312797569036,0.8874122334393737
78,0.1690697212841835,0.9489018958124489
79,0.39892985242221907,1.0597102590583116
80,0.003599410460892813,0.9685953379327248
81,0.3328743198400557,0.9833896230018503
82,0.2795488658097307,0.944895649108813
83,0.4784177892493685,0.983396600520095
84,0.6093275729526725,1.032589748909507
85,0.37461843973401415,1.0375823722557107
86,0.054162619839318846,0.8897881068411065
87,0.4398135258654463,0.9892302443078203
88,0.537354117866532,1.0801855589883904
89,0.36621752179547096,1.0524509444657495
90,0.599899635859209,1.0578065303092248
91,0.37791485274987263,1.0721243322071676
92,0.27798420464846085,1.0200726809182759
93,0.3838768628989809,0.9755629262960637
94,0.5387187755749626,1.017338750964056
95,0.5125573769166315,1.0639259139192065
96,0.20951660984706352,0.847917112168496
97,0.4636483751917843,0.8451899798419502
98,0.499053723884843,0.750634637837983
99,0.5967210141037791,0.7741058008783323
100,0.5907018040979742,0.7037274252705705
101,0.6535239778544613,0.7870084643277776
102,0.39031229554607466,0.8960279431224228
103,0.5219052679902305,0.9156197934427408
104,0.39482785289441935,0.9577097614339535
105,0.4044212210367926,1.0081976689722345
106,0.28234507917249974,0.9136191257244999
107,0.09991958992120022,1.005538248984523
108,0.28241502918196637,0.872367436156699
109,0.09797280393077855,0.8526973231805312
110,0.05765439220271824,0.7196346022535719
111,0.419736995143716,0.8550498824061672
112,0.2693322039283842,0.9201092542537656
113,0.5065339914228429,1.0733201102662147
114,0.6005693740692316,1.1178816179064028
115,0.48530143675108073,1.0691047535274758
116,0.3252610942115036,1.04155154467503
117,0.05578325799339629,0.8661095263753007
118,0.39477111585266056,0.8274182456638081
119,0.6940036413908754,0.835020215374481
120,0.0267118738746056,0.9730964330915528
121,0.4231569757589737,0.8075362963327256
122,0.5654076341784876,0.8530991900695397
123,0.46976471101470807,0.8886165879651102
124,0.19718297930248863,0.9501013228427653
125,0.318211057778803,0.9680619258179585
126,0.4203474568297983,0.8809154451710113
127,0.38054406185149053,0.7366451552483069
128,0.03621218087457031,0.6487312525456405
129,0.16109456349481505,0.5817825200614982
130,0.3137143664539369,0.7292676658486119
131,0.3661222693493557,0.813390226110516
132,0.6272750897712649,0.8774419907403368
133,0.1484231256353816,0.6848496115843398
134,0.3827130148010624,0.7603218787148271
135,0.5333248778875987,0.9547105327650804
136,0.40937583064535277,1.078678880591752
137,0.682440369832054,1.1357710642991063
138,0.4292444639497111,1.0495890319874208
139,0.40450193092884923,0.9944284237378839
140,0.5545849399658618,1.0124849119680435
141,0.7360299834881119,1.0914980998788015
142,0.8218423004285961,0.9599644208988165
143,0.5072907031687381,0.9259970739729227
144,0.5863168677501551,0.8056614777538413
145,0.5860800559364269,0.8470675635981232
146,0.5136878359883199,1.0187501138214574
147,0.38012172087641993,0.9491707071575973
148,0.3275870311424582,0.9622235566806793
149,0.02668879732244535,0.8896028478152567
150,0.4028329949554824,0.9469262797262121
151,0.0014996929126934856,0.8405161466092633
152,0.0562411414303092,0.706192844400211
153,0.20342840567598908,0.7119476933143871
154,0.382134032782498,0.6608628927748492
155,0.3417711845939093,0.6065173188241526
156,0.3306940931601669,0.6702215563465475
157,0.40863948427188196,0.9121605042292363
158,0.5146429122557514,0.9769990748246173
159,0.5166081817833208,0.9511982246698258
160,0.7962784787767345,1.0210468301402436
161,0.1351789942342466,0.8995553767704721
162,0.5674180539993166,0.9730767081830313
163,0.7238626274280388,0.875025254362688
164,0.22274910054898805,0.8668008520877649
165,0.259093353259581,1.0170930072578008
166,0.5987321667983138,0.8991286307345528
167,0.649025028217852,0.9606624450685031
168,0.44864843645851316,1.0199735282437927
169,0.1358847644018962,0.7914064056717096
170,0.19670924792716368,0.730308981598893
171,0.37217820132370577,0.7890844311935049
172,0.44791329646964745,0.8449989395171011
173,0.5768233216143718,0.9040762914499901
174,0.3460799840869045,0.7573230038402623
175,0.29975840742240345,0.7557765692670548
176,0.4207927309514029,0.8192534417429624
177,0.3160740771972006,0.857023224499698
178,0.07764894755778688,0.940798198280283
179,0.4673532186172118,0.8092026139614266
180,0.1014180645389884,0.842272767271224
181,0.4483903902686822,0.9880168052099627
182,0.22732512785992998,0.7751558530301723
183,0.049827718535454625,0.7467790827734955
184,0.1460267364318948,0.7773568105471419
185,0.26743351394556064,0.7034953068793467
186,0.17406105446037987,0.6889047417999946
187,0.34171899922120524,0.6551476081719967
188,0.4521627094802969,0.8142399545586103
189,0.3716944924319537,0.8579656107515661
190,0.5364486085447517,0.8553525145850929
191,0.25115958250438575,0.7843105310253297
192,0.652726322492493,0.8236596679248059
193,0.46105815284999996,0.8960682936738146
194,0.7251188173504408,0.9332663040554637
195,0.35464185965188527,0.8330226365517869
196,0.5236340595412697,0.7661968640940618
197,0.118134061382215,0.7200237060446362
198,0.7620624609162551,0.7856411286158528
199,0.9595637619353492,0.860944116941558
200,0.4964157371645834,0.8765204256474015
201,0.43614663566446743,0.716028055498069
202,0.2868872394640225,0.7975552065189364
203,0.6108157489192173,0.7416958719830338
204,0.6706839257820215,1.0136211050589725
205,0.6512399936205542,1.1517102821775305
206,0.13867498199680975,1.1089379944763422
207,0.374090136522373,0.97317351742586
208,0.6521723757687324,0.9070171661446829
209,0.6576900105313623,1.006385252387825
210,0.388128734618926,0.9928587122052339
211,0.21219150103713622,0.9256040959953538
212,0.4198209659183533,0.9342321118900033
213,-0.010824119796929607,0.8221245909324194
214,0.2153798741663052,0.7493488875650545
215,0.11448480162921894,0.7509303483165966
216,0.020542376999519222,0.7615474756041621
217,0.34850011228640765,0.7591693309086804
218,0.1567724018747329,0.7547145286928906
219,0.41708567825838583,0.8481134494957763
220,0.71440711772548,0.8030787716897848
221,0.7306670408482955,0.9098059576844079
222,0.5073375292475654,0.8610469963616062
223,0.4904472033219695,0.921465455701506
224,0.38128169840495346,0.8992555172778702
225,0.5305883529408522,0.9653262131985877
226,0.059615604958846574,0.9861789342404627
227,-0.014489261962060374,0.887557893877908
228,0.49052924619317695,0.9191089095894248
229,0.6371644950678195,1.0017438671581371
230,0.18656320543082758,0.9779623520140885
231,0.34559473326421203,0.9557091953879083
232,0.04916342760496274,0.8289958951905783
233,0.5443500794539629,0.9718831385709457
234,0.02409300622112642,0.9113117861698976
235,0.3089620769221452,1.0012377845293685
236,0.18541058797712032,0.8572102352075486
237,0.3535791490029492,0.8210372764344884
238,0.5774029169103174,0.7134111325783571
239,0.34149040132987835,0.7685612792393133
240,0.5897937415387661,0.6680506554241457
241,0.49308410532199914,0.6688052640823231
242,0.23833605794289608,0.7380729752527989
243,0.3713146297774685,0.7254137164494092
244,0.44716542999916764,0.899107840792158
245,0.2764586014609296,0.7499897361216205
246,0.2650374910705284,0.8386045581209816
247,0.49528350132683063,0.9479937069635254
248,0.4938142382012799,0.8833936050847072
249,0.661794239343151,0.8557634111953599
250,0.6380802077326194,0.8430139768938456
251,0.41202613241447833,0.8597026604034824
252,0.34506223749752124,0.894431784162658
253,0.6220537345868667,0.9579215929334978
254,0.5356134180471358,0.8668565131394562
255,0.32560820711071364,0.79928928230539
256,0.6308333304562002,0.9167563559198815
257,0.5853390165242871,0.9855661759742784
258,0.40373819041658127,0.9489439552031024
259,0.4727306715435638,1.0100502800403532
260,0.3141487672894141,1.0149840314688534
261,0.4307065184329209,0.8981921117115291
262,0.593080344626001,0.9726447469960223
263,0.7183725212983146,0.9777206478010259
264,0.06933603185503075,0.9719832566555805
265,0.430790101630614,1.012624357415718
266,0.26905762260744986,0.818615751682533
267,0.46438889161261565,0.8608563337738713
268,0.1998416454413684,0.6461981673180754
269,-0.10801341192931026,0.5520945102545196
270,0.18826497612753645,0.45608730786995505
271,0.34300493217399464,0.54478993299778
272,-0.053977886231794205,0.3476792561796051
273,0.36573431950565827,0.3995578259067948
274,0.38996176582968584,0.48959645666553464
275,0.18613835098616788,0.6273303546275213
276,0.0660703243064286,0.45656319352062363
277,-0.225925823639421,0.4571165171677256
278,0.08844517709540087,0.44534671708406054
279,-0.19159701534130977,0.3469458709685892
280,0.14898049182369733,0.3110382030064853
281,-0.3063751287380152,0.27466509285501706
282,0.402429764140279,0.31276067525311385
283,0.16577667275472446,0.40864377784947226
284,0.4640607309393857,0.37577466497780715
285,0.3488442236191962,0.3820524266751019
286,0.4145414872126508,0.37835341108526366
287,0.5857766773281659,0.478678806132678
288,0.4396719484116402,0.35016865638922146
289,0.6628023089264846,0.33846928895305245
290,0.5060474969142815,0.3631555345776592
291,0.32751215150646756,0.33620885615105833
292,0.04281740276126594,0.2821914393182145
293,0.18161551250152771,0.35189952546654024
294,0.39245185505999913,0.40086120108926415
295,0.525451856168658,0.3552524285685859
296,0.35571122186417126,0.3988697859279655
297,0.048529617907861984,0.3232978695664091
298,0.29898462141854326,0.3088423784249341
299,-0.06902918065837428,0.23571718270333736
300,0.42122381299324324,0.21592441686830366
301,0.22548183701626764,0.2698921343653477
302,0.14998073855827787,0.38283196472249126
303,0.5182302093278928,0.49418933010618366
304,0.49153091323578174,0.4512519222507377
305,0.8698912440502876,0.414985370506153
306,0.1651182831818466,0.47846584630002476
307,0.5353151802621539,0.5697269382133914
308,0.49798924212097445,0.6779453860877503
309,0.36863150291929353,0.5218116482858378
310,0.3343012394489446,0.593106690941204
311,0.574907544184004,0.6730178041040132
312,0.4706872478912202,0.5705804650324553
313,0.28358654169422176,0.6045965983880288
314,0.3936696423848967,0.491725731418783
315,0.5908203391686975,0.5263064170486657
316,0.24643336708222977,0.6356218910152345
317,0.31834614259582705,0.6697330141100072
318,0.5218995909555869,0.7075514659722612
319,0.5546927867645461,0.6507057728949429
320,0.4852110249986895,0.7391533537076999
321,0.02404217372311571,0.8457478642819471
322,0.2549109773821806,0.7976948682234145
323,0.15160587230702427,0.7056175056998659
324,0.31378043781458326,0.7755216413488332
325,0.5032382028695022,0.7887679416951927
326,0.03110723273388888,0.772633751129965
327,0.5953712470833084,0.8820555234340013
328,0.5359962425508139,0.8354308842225879
329,0.5024167295666228,0.8177661251008874
330,0.6570251763448068,0.8235474162993682
331,0.48116430541056754,0.9578580953710808
332,-0.08524139122701457,0.7438896686902287
333,0.48492613818103525,0.8898578148405014
334,0.5897281908904909,0.9686538238556335
335,0.5688076250184625,1.1206858738829204
336,0.4401275194896895,1.030132296522948
337,0.31841074923806273,0.9971267174694489
338,0.7123324368138636,1.0044550869495685
339,0.1735496130485898,1.0149990149622499
340,0.5652832260814484,1.061497385069944
341,0.3443800400752873,1.09273356330377
342,0.16762700130840683,0.9960255660072072
343,0.13036938953386704,0.9711451386415223
344,0.41633260759824176,0.8669188246310893
345,0.6539466937260894,0.8808708695007486
346,0.4622630915189315,0.7342622478873555
347,0.7371633028132829,0.667593042419618
348,0.44980768744151867,0.6380717025213506
349,0.4899068055624546,0.6748212910752409
350,0.6136882423344521,0.7561526116171224
351,0.573348341102663,0.8860761763183523
352,0.33333877635958825,0.9305276506280612
353,0.5512046898320598,0.8763159740738563
354,0.16410621236266773,0.8697453834161001
355,0.1938975494278188,0.8565100866979241
356,-0.02960644727097343,0.7992521321142269
357,0.7358374275615243,0.7660336538317495
358,0.32876804577703983,0.7309046634133651
359,-0.00905790426918656,0.6397048728557698
360,0.2565479475510122,0.7668505591799725
361,0.49371600068801835,0.7176367243728032
362,0.24861097777617377,0.7535610473710165
363,0.2029011702154431,0.8024382683195643
364,0.7065900978858511,0.7548034255866714
365,0.5126549298058951,0.8045226757401892
366,0.5645621584954402,0.691953186826013
367,0.08900199843387385,0.6589707365923503
368,0.21130028378611954,0.6988792900223179
369,0.5399375723268989,0.6198793440694096
370,0.18864323639243252,0.5453305761744991
371,0.592838167400499,0.476748290503723
372,0.46515306064453044,0.49240066181550096
373,-0.011144247970234843,0.3877924975657603
374,0.28574127441105845,0.4499497199742339
375,0.3336167636379287,0.4935105668329844
376,0.44699023447432296,0.5259297160402461
377,0.5094568883492961,0.63308484877953
378,0.2324454103491041,0.4862733646468019
379,0.40645161342722236,0.5104480837937365
380,0.26890572429629334,0.515826705259582
381,0.2350593123171014,0.5443494687457398
382,0.5913268707045172,0.7021374180845845
383,0.7008821530577325,0.8750396130088103
384,0.7554885143478647,0.8999597173106652
385,0.5590143346610684,0.8579901470278992
386,0.2674467360434247,0.9199767475376199
387,0.42912071225734305,0.7884430109878184
388,0.4643361771362036,0.8362050564836662
389,0.3963107519669828,0.9420103936035743
390,0.12664233364380134,0.9290843188972261
391,0.3052792879434625,0.8313268437337133
392,0.40317115840781986,0.8403439295864416
393,0.39375966724860695,0.8491884147891782
394,0.07688698378993578,0.9183936479115586
395,0.4843768561287796,1.0148078646861258
396,0.5174069552440095,1.1255201566842996
397,0.5749805309689874,1.034777116977355
398,0.19098579865783177,1.0194726703018224
399,0.4504688203858165,1.0771599920766977
400,0.5736370808439082,0.9295239406567252
401,-0.056710146328633394,0.9160132435060969
402,0.17060271045182618,0.7821996830940172
403,0.1037467265570275,0.8041562571863937
404,0.4050996594703,0.806423459843977
405,0.27349775139947946,0.8436171773671614
406,0.4464249444300067,0.9480294845808437
407,0.40449753196830834,0.8250008339486086
408,0.4991586281978899,0.8788933052641421
409,0.27844003071052537,0.8813548622587386
410,0.2637737048738521,0.7887485981824395
411,0.2972618728337899,0.8235036173517024
412,0.45691061816429823,0.706726029467307
413,0.3556443784552874,0.7566781232652527
414,0.866167605406418,0.8777384125255454
415,0.5126518966478464,0.9465891166351019
416,0.41147776916901346,0.9461424099304442
417,0.4064762332316741,0.8776698899214286
418,0.40666619047612834,0.9244360240657943
419,0.3121996077640212,0.9889998030576109
420,0.3043975532136802,0.8164658151206724
421,0.2707020927640713,0.8487020721273584
422,0.49321563433678367,1.0215825133584335
423,0.4224575966909777,0.9175414834744207
424,0.24131553251460475,0.8702360919279211
425,0.464981921116555,1.038506440405019
426,0.16779223259119222,0.8324021359108892
427,0.4817414716773869,0.8611968264183653
428,0.4134863071232022,0.8585720599238623
429,0.3550071467778676,0.9684722809737465
430,0.6819584769153431,1.038167363207771
431,0.8145259928583547,0.9549828211133486
432,0.5293144737661566,0.8977798036929336
433,0.2839043411516059,0.8392885333739291
434,0.41754114951951166,0.7842039773557774
435,0.21202970986756892,0.7450637387919218
436,0.38587709337317594,0.8172528650259183
437,-0.01752631399379255,0.6965812043649275
438,0.02169163512095943,0.6000794923685898
439,0.27829845651908947,0.589775796287548
440,-0.06503796029577591,0.4715459121484595
441,0.17724339121000665,0.5153839430240204
442,-0.11229229503090221,0.34375421974936216
443,0.25913953510479065,0.332954702838168
444,-0.0016926765441379295,0.29571336533640646
445,0.21001184328352807,0.34796162155616434
446,0.34002538721487774,0.26252239228327695
447,0.6822673677786902,0.3329842571407754
448,0.11053285726854183,0.3126775296571988
449,0.351733033640715,0.3414859991944463
450,0.2821391491619285,0.3421566056535079
451,0.599005686117692,0.3466042862403358
452,-0.057670289479041036,0.2805251221071748
453,-0.001857813413359191,0.3432229040312938
454,-0.08845336388946408,0.26394239747471815
455,0.2662876339593556,0.2919406956450078
456,0.1114534576190251,0.2569029772631371
457,0.2842508641691983,0.30353905574290824
458,-0.15177978106633047,0.20022936002256214
459,0.18132928791733638,0.23182819890069392
460,0.35963666735317473,0.3205630162421643
461,0.31505521963694705,0.41748568493471844
462,0.6526212403734204,0.4625552826811421
463,0.06472874744473417,0.43294436699678623
464,0.05783318187550345,0.37738685028453234
465,0.27056184370553854,0.3841699978717403
466,0.5477190245167377,0.48160415824644875
467,0.35260192770584975,0.5522766743349334
468,0.7294766364484446,0.5831469011338449
469,0.6626884760882368,0.5675343586587642
470,0.22478810464221402,0.6037427936191434
471,0.5197581312495544,0.6589686384090855
472,0.20552205935415996,0.5256929184843612
473,0.39688314826992194,0.5985570219697371
474,0.4333824115640696,0.6909541009667204
475,-0.04963643655714047,0.6762182900272035
476,0.6369895184055655,0.6548570992248524
477,0.2564266525789156,0.5858349785767849
478,0.24718355520456106,0.4914135587951544
479,0.36968091282683735,0.5627548489173871
480,0.4043441323771801,0.6565616469803355
481,0.27461534371978913,0.5379107699862165
482,0.12019843311640441,0.5274693823064391
483,0.44230717928132257,0.4735040705004964
484,-0.11797152880265868,0.4315347722119092
485,0.18303338479777786,0.4189921646114685
486,0.2724400238392487,0.4644311058462704
487,0.5251681508438011,0.5908454337433938
488,0.1805998390075328,0.5252236004189157
489,0.33274287309671696,0.6253546201835555
490,0.4711980972442664,0.7456954465137257
491,0.3241246007394638,0.6076487315940113
492,0.45473595473164846,0.6592288003240357
493,0.26492369839691265,0.5313225330367514
494,0.6275185904129136,0.6575289406950521
495,0.5026069050503356,0.7995829935922383
496,0.5493563859779943,0.9997020375187102
497,0.6909812783080284,0.9724881146875163
498,0.2210809642755984,0.9730583238951852
499,0.5215511535275017,0.9624173884836571
500,0.5626869271512805,1.068947236052909
501,0.36636931413004853,0.9259622565021143
502,0.3434907969763425,0.9074794761054292
503,0.03476048224710524,0.8013519249626216
504,0.15827471297017465,0.7997304064379354
505,0.3783609262565421,0.9116522321446936
506,0.11907958678468275,0.7334562707386185
507,0.5508758635528789,0.7758592740696613
508,-0.03639110104254691,0.6238609421289013
509,0.2381245761882327,0.616163266165941
510,0.21485956910556167,0.5763226125198406
511,0.805359773151785,0.7148609652834093
512,0.8653518172720158,0.7007338659459943
513,0.703595030911852,0.6538860947928762
514,0.15860933526166293,0.6344014190040672
515,0.16751720432001235,0.5680473245186357
516,0.6106525249262255,0.6127910827229734
517,0.5887989368217037,0.6575347421223185
518,0.30724247467675103,0.5786777500315835
519,0.8363527716966587,0.6793791050829031
520,0.6634525058956319,0.8446204715322523
521,0.1759769832456405,0.8729160457318317
522,0.30727641079959167,0.7648921938442512
523,0.22738557808729892,0.7855032605852169
524,0.04466695964961817,0.6845270562839141
525,0.10434802003000247,0.7094716236449785
526,0.524145562402644,0.9659596652686141
527,0.1978444772934727,0.7853235170982377
528,0.3066605785928165,0.8161481319925564
529,0.6782934371463781,0.96282541363359
530,0.29026656141220064,0.8801348159945819
531,0.36234079338923475,0.9079107384803398
532,0.4907510176388287,1.090448982699843
533,0.2835064000556833,1.0278539192067397
534,0.4301992418372401,0.9845896594278692
535,0.30821700229146404,0.88806934298976
536,0.46434243118819274,0.9116456235180304
537,0.18531419328727916,0.9211548573180539
538,0.20599742986216912,0.7882358242734778
539,0.5501801409728627,0.7839374663187101
540,0.3112629382234273,0.8126803274621685
541,0.19648882858308284,0.6962869246015576
542,0.35412336131558775,0.7541863165404342
543,0.6407884217301018,0.7580333879868456
544,0.6781107306506798,0.8293077662401165
545,0.37133472079837393,0.820206610205921
546,0.15730454606762403,0.6690938416866313
547,0.0380844665968679,0.636521766222786
548,0.3220335220540013,0.761250271977297
549,0.4793763094316286,0.9975633393558886
550,0.22622105587396182,0.8688410345042998
551,0.23979758896611966,0.8946598384183689
552,0.39433561339284257,1.0102586479706064
553,0.36482655625166605,0.8819234828210731
554,0.7121293602377112,0.9565349474992122
555,0.4744044185891643,0.7915653965754992
556,0.43631241681654415,0.7650516822786513
557,0.10776663301315537,0.8542113165136218
558,0.33791647630568683,0.6651365495032967
559,0.5405185045569567,0.759702084774841
560,0.4507608091498584,0.6378994063271748
561,0.5754525659332995,0.8027073982340885
562,0.7035662226973418,0.9122205793082145
563,0.15676848845719932,0.9943503976607373
564,0.4953077463097495,0.9900040666537859
565,0.1026076752532052,0.9995389130162474
566,0.5322825182788204,0.9855797608734456
567,0.6459954279332583,1.1466393128837271
568,0.630801055479444,1.0076280005720553
569,0.45405225623691986,0.9193093360281338
570,0.3486641761853211,0.8912380435602906
571,0.18866725065670467,0.8113477793786769
572,0.37115608820385926,0.7910820720624092
573,0.539062329154086,0.8986252148635856
574,0.10995391140745474,0.7472312471049405
575,0.06342321464997995,0.7147823456431346
576,0.07042411242348118,0.6763833829114835
577,0.00937436356451135,0.49468318194331384
578,0.41323703756132335,0.7007470616394682
579,-0.06909372432509489,0.6241208904916415
580,0.1704333190711559,0.7129875805764289
581,0.1398893145209163,0.6019093896093469
582,0.21125427756087434,0.5889547657295365
583,0.5046405049229264,0.6925434733076571
584,0.5379985391410319,0.8078931336423318
585,0.6778923542254581,0.8941076483160822
586,0.5746940349057145,1.0477492471472627
587,0.18693678427943017,0.806247173844364
588,0.058366828382381955,0.7849398639442299
589,0.37169616033450686,0.7475060541256101
590,0.22050209713488284,0.5991753032773864
591,0.44313445792427913,0.763356532532247
592,0.2565313509306804,0.619704058101976
593,0.3704536365846599,0.6441040341510597
594,0.4558787680592591,0.8167368431101949
595,0.5686134485182183,0.711583498581887
596,0.6014393397246164,0.8290810743817878
597,0.7543330442763881,0.9409860871649744
598,0.4680936981182693,1.0986498637379287
599,0.6375041298501787,1.0624066391948697
600,0.14243401154806545,1.0543777034176631
601,0.4283969403239289,1.068981039419386
602,0.4065567007059759,0.9320971558926936
603,0.407621398990132,0.9074872163032975
604,0.5372807839660814,0.9055087741682466
605,-0.058153748492203595,0.7299003578819212
606,0.41642342782744945,0.8300874399116287
607,-0.25944043560486285,0.6409904034166297
608,0.34734929804601045,0.7293302552005455
609,0.04866288230445001,0.5491642572788488
610,0.28418998887871494,0.6798768072956879
611,0.412517476788791,0.5901160987276348
612,0.2205076282110717,0.6695965983817965
613,0.336730832053407,0.645615492375202
614,0.39664154828595183,0.6366565484094358
615,0.4487441015647219,0.602373378879633
616,0.30448214404793544,0.6754616442484185
617,0.4185527271734778,0.835290902867655
618,0.30149983837263034,0.7485954642377229
619,0.32507785670497485,0.8548179285450532
620,0.4786957109193077,1.0033925489408608
621,0.4718866248447956,0.9147182390885281
622,0.2838752650092757,0.8417773543111375
623,0.26530836979168615,0.902231203177681
624,0.38649693859838463,0.916031115875497
625,0.40424476898536,0.890272431792539
626,0.3152907297241407,0.8925872372354651
627,0.47194533963401,0.9537407435551073
628,0.2887274014946284,0.9265507832180798
629,0.30216054459227054,0.9049318063073905
630,-0.02347942089511342,0.7936636841139986
631,-0.015423915212066895,0.8180831294740564
632,0.27428401237207484,0.8457966188531798
633,0.5223603691175263,0.8872480448352634
634,0.7614927034679442,0.8908222644282646
635,0.6470251469043679,0.9873269374995743
636,0.7513832350074772,0.8437590074897972
637,0.6690164071853313,0.7671183647730873
638,0.24586570273262376,0.6932359754320909
639,0.40657244830259864,0.7933210495881216
640,0.5073628455635635,0.8973801078723829
641,0.36327879272262614,0.8978893262096393
642,0.6369085868747679,0.8841917664376664
643,0.20206390033193697,0.9167578805266665
644,0.4131666303082335,0.9940951737525682
645,0.2608926275763151,0.999893996934203
646,0.4008683648182375,0.9743181473954395
647,0.3753481551596116,0.9967896829666676
648,-0.044556882338617536,1.0120651615605634
649,0.11999011566530755,0.8521947387829566
650,0.3916523065631936,0.8822346588348567
651,0.2705076651471319,0.8878265924085569
652,0.5697116532005375,0.783125302092899
653,0.23574424991340565,0.8477343658001484
654,0.4897687743898834,0.9615362151313631
655,0.4640560106730274,1.044900999496246
656,0.4459698420664958,0.9135340065026776
657,0.3655041767591487,0.933275857189268
658,0.2909406464898668,0.9458115608414335
659,0.5082166345545583,0.8777991075392838
660,0.40783695825816524,0.8757642068209505
661,0.34874181389052206,0.849095111359351
662,0.19258832028475098,0.7092258012043944
663,0.5052710559240475,0.7813233060344006
664,0.20445875541710337,0.846793164279541
665,0.0688106919480976,0.7735434866353827
666,0.37401135075869774,0.9133222799476414
667,0.37986407496227115,0.8689886864067556
668,0.31309000243084134,0.9071127889155656
669,0.42958189062431534,0.8932258341944405
670,0.41503851215538307,0.8340675673636048
671,0.5297035749398074,0.95992793758789
672,0.012697252976903182,0.8912820441098439
673,0.31727773290983163,0.858401059598779
674,0.2732825257904458,0.722693967125605
675,0.44653374590779704,0.8052488663037171
676,0.5085331164227175,0.8463505621294838
677,0.49954784166133764,0.9585291417198678
678,0.7697114844969182,0.7935737839102797
679,-0.02682224919193909,0.7544483639737978
680,0.12033916572996689,0.675576880212811
681,0.28176464009946806,0.8193535593600108
682,0.6172180561800245,0.9528874366038407
683,0.4680365627447253,0.9295450767289242
684,0.7774058996718197,0.9007764056260525
685,0.29694448463826467,0.9728218631143687
686,0.48034959139746974,0.8414446568642412
687,0.7154054712667182,0.8738044559029297
688,0.4708495460340422,1.0106148395659855
689,0.5900372676456213,1.042363853299609
690,0.31240946453577506,0.8210715735633777
691,0.11543517907812695,0.8548117452818889
692,0.10452323270114161,0.7394071743096539
693,0.13253267552878406,0.6250564104881428
694,0.0753968745924064,0.5574890804827578
695,0.5413904217699251,0.6476331577776069
696,0.3003751254384217,0.8146167087381242
697,0.5264082955033321,0.6821830638926181
698,0.06486642797068307,0.733019434939398
699,0.2206518947074185,0.6858725606972731
700,0.3034570213389984,0.7497591371276425
701,0.40922842529123926,0.9458975926086577
702,0.6410888906973844,0.9056704454824847
703,0.36320162820291324,0.8530714716886464
704,0.2119824744345334,0.8217270199528168
705,0.2493479314001345,0.7451985133880517
706,0.1108438263635327,0.658328050472311
707,0.40456009992749414,0.7455162521422531
708,0.7660006640790691,0.8838215322673116
709,-0.010593246872152297,0.7344257419033525
710,0.5769277899164602,0.7683162877612174
711,0.4562804369369065,0.9518228348482676
712,0.6023821350803014,0.7983590076552294
713,0.08653585400786791,0.7692092579056855
714,0.24638081590046523,0.727856802634557
715,0.42012263847645975,0.8482100896340311
716,0.3463132094873802,0.7140539793911893
717,0.5552088907638187,0.8186436582265952
718,0.48401125247336557,0.7967152999428412
719,0.4572512170084006,0.6978813472731734
720,0.4645243103657007,0.6766611174493794
721,0.537020506934134,0.8679122678119442
722,0.08398256230173409,0.7291990448008692
723,0.283247681131797,0.822958946039533
724,0.43997766564123564,0.8837106557995609
725,0.5941181528139394,1.0275212937582
726,0.22507681356531492,1.0433409187437617
727,0.44656379492010745,0.9714595182569841
728,0.5545699829820528,1.023959798409381
729,0.2147997245875755,0.9692404300852424
730,0.30961463789435184,1.0218816525425467
731,0.5330355120113806,1.0523798883355266
732,0.4719178736090563,1.1350616513010383
733,0.6671457016765514,1.1559573856317926
734,0.460444185629828,1.0484719887914111
735,0.5061209730348282,1.101464733090553
736,0.4316775517595856,1.0542559734042296
737,0.10188981785375191,0.8615394092983748
738,0.21716610238498998,0.8613597140617864
739,0.08452598936377265,0.640052760142188
740,0.22309944828579614,0.674624880228704
741,0.6365470748410939,0.8570650611917078
742,-0.02950733182570253,0.6643733917570064
743,0.18401245685444595,0.6942235607869911
744,0.43837420875900285,0.815810428472705
745,0.4985074428809118,0.7598305181588619
746,0.45565019265658774,0.8349631448785746
747,0.390214567212524,0.9728530050219704
748,0.4326604287194213,1.1059330874826303
749,0.5335863396817766,1.1052430699881637
750,0.4915946920640124,1.0772094166543016
751,0.40884339293271527,1.030637423802911
752,0.247344701679847,0.9226019307531604
753,0.1960413091594019,0.8391181760651314
754,0.05336522240021765,0.8239669419095099
755,0.1719280857934776,0.7786334460283336
756,0.3973328409676572,0.7069114133379115
757,0.35007488173638873,0.7414061751804746
758,0.5540228494174647,0.7645597788286671
759,0.6046070752446128,0.8818216992603192
760,0.3574854597668175,0.7507536166188319
761,0.5809919711441394,0.8299447474259534
762,0.5928616731762527,0.8825920102536594
763,0.4007533342761252,0.9171396141123146
764,0.5903022123113866,0.9822486374801523
765,0.1904850562096512,1.067899428533414
766,0.3600314277028214,0.9260342372574517
767,0.5054760755506605,0.9719929914946555
768,0.6148273560317142,0.9414543939394523
769,0.32800058388369535,0.8361195502520462
770,0.48460299068665225,0.8225123986209795
771,0.5590064879855519,0.8636491344325062
772,0.12211496729081721,0.7386616048370792
773,0.1253618195789953,0.7752825924529906
774,0.26603566998317635,0.921576688967908
775,0.22566955656906668,0.9800091300012084
776,0.33076736439432153,1.0485046578240895
