t,lambda,delta_s
1,-0.5369777272030967,1.1985666566678939
2,0.5496862772959992,1.1677808046912221
3,0.08258603092809683,1.1890882391205564
4,0.9134166919194526,1.0435641216932874
5,0.5631291089486714,0.9919402819025906
6,0.41241792060380644,1.0644018784867053
7,0.3554330344703251,1.1097251742619592
8,0.3979031914801868,1.1334606655731294
9,0.3757092083542226,1.0641461823731788
10,0.022606061870441462,0.9742924218305916
11,0.16746910511531857,1.0146308769879062
12,0.2830023422966001,0.9273419054661708
13,0.20446239035471286,1.0214609010165596
14,0.3745593242165203,1.0812632329427876
15,0.5837878763475116,1.086205514907676
16,0.642820552048784,1.1138858750580285
17,0.25645463238269095,1.0592045931398701
18,0.31318693299388933,1.0216405958037535
19,0.4382302778149395,1.0479224306912518
20,0.45053588937940303,1.019200904791041
21,0.35941126252002814,0.9846574091728344
22,0.3949647684228049,0.8528346583807186
23,0.36175651625773836,0.9559996047041418
24,0.4170170885645508,1.0697875583376264
25,0.23759428501005375,1.1285884337219818
26,0.386341224078825,1.0782069867281958
27,0.37594153390445195,0.9287769822678248
28,0.3785471685792569,0.8780600902110295
29,0.7139961639957976,0.9617500506145769
30,0.8258324919737893,0.9733406111513071
31,0.760185942568655,1.009590839548605
32,0.7213089586203004,1.1318280349985101
33,0.6148228160980996,1.1314682408510734
34,0.3404841548959029,0.895165097554776
35,0.2006816638114185,0.8841552157214985
36,0.3038027091220447,0.9733521797090244
37,0.34436779840056947,0.9085173755896456
38,0.378766834000649,0.7506094269946938
39,-0.06793769858473654,0.7853586536733665
40,0.44259652095377705,0.8045103361518887
41,0.26722488371965125,0.8030612748624927
42,0.3652258665722801,0.940793355287577
43,0.25554937525834104,0.8594357860287903
44,-0.09214013828343495,0.8317935999256947
45,0.09934637424765715,0.7848689037831873
46,0.15368071695428362,0.7619079607078729
47,0.27249989742695596,0.8049753831374387
48,0.47096728434068325,0.8509772541336084
49,0.02170478103944366,0.7890972300580383
50,0.24144675636289523,0.7016038648167735
51,0.38666868764356516,0.6763115784396347
52,0.17734635366340878,0.7236693532125884
53,0.656186393633355,0.8351721323056376
54,0.3222941871500778,0.828588870564921
55,0.769817466650361,0.7837651111961805
56,0.5507067556654066,0.8688542905736354
57,0.6005613858237282,0.8064581558895036
58,0.4915472268479002,0.8589396005999471
59,0.47398488002319666,1.00782556486643
60,0.21881088602294033,1.0764838542377475
61,0.2771091910227682,1.109954650741497
62,0.41868857655885416,0.9659338369597515
63,0.3769767257295906,0.9253716017402883
64,0.2439222144692471,0.7947823370960678
65,0.5574859337128757,0.8001619169485235
66,0.5734700219586673,0.9573654312179899
67,0.5828478535543218,1.0392833660146632
68,0.6337570001552701,1.1186588749741997
69,0.3523846429584061,0.9673362608593862
70,0.14191820084898452,0.9478185035885384
71,0.34411982405213,0.9843170314533802
72,0.3025356606037142,1.0869614226461781
73,0.37568196375498925,1.0243711382811413
74,0.093107612626236,0.8610796431567961
75,0.5312751471959178,0.9016477052414753
76,0.4368749400171628,0.9804751889103374
77,0.2951748889381599,0.7910622572250441
78,0.3474316375299525,0.7761300797899319
79,0.6204897710908427,0.9407289788329887
80,0.4503006591011741,0.6902796725973552
81,0.6273093195725536,0.7706291854211534
82,0.3540233035845036,0.7237472204897233
83,0.38109883270979006,0.7648680358261319
84,0.6679190103585606,0.6310747937960153
85,0.17021965822320884,0.716482948084593
86,0.6303497729365256,0.6115874359894322
87,0.4712509067219623,0.5614778592585742
88,-0.041920444189808344,0.6333524710112621
89,0.26006295558501275,0.4846215235062468
90,0.2842055756251174,0.4713777032201633
91,0.06411548765526066,0.4362402718623615
92,0.43185763445016806,0.5114832411570223
93,-0.2544585402858616,0.35443775348684353
94,0.4497863177114178,0.40050766311700714
95,-0.007717217959146638,0.3515186912733091
96,0.27349571181713506,0.3347507436448416
97,0.1642418833733848,0.2978954283448743
98,0.026706382470603498,0.2564057357641481
99,0.1346265100282523,0.2199679865476392
100,0.2771609296510392,0.22882845099238172
101,-0.1918996634104068,0.1619413853251239
102,-0.039284206786189484,0.1620724500245002
103,0.3826946233802205,0.2163103035442104
104,0.2831642458282646,0.26392457878048003
105,-0.11404555068955868,0.18139179816635553
106,0.20825810769981123,0.19556926017622678
107,-0.014301454113442148,0.14699073859273745
108,0.3913175369484647,0.17557204105756583
109,-0.26469233974368656,0.1135424172368634
110,0.07340554168878516,0.1248082141682662
111,0.3361956842937913,0.1491029655812628
112,-0.3557648473406697,0.09582792023529041
113,0.1618161062684674,0.10450660359346368
114,-0.3916738072121069,0.05882760717410019
115,0.39014975300494126,0.0656888851667922
116,0.2604450354608893,0.07821195437650742
117,0.47299703468983095,0.09264119626921025
118,0.5281863145040946,0.11565789266849358
119,0.4566732223363912,0.14467799878200904
120,-0.13070105020505918,0.12522060475841737
121,-0.16545313072107662,0.1178244432639493
122,0.10632879133079194,0.09920641589219291
123,0.10749474959555358,0.08587601401475531
124,0.36395454395133037,0.08659520608775179
125,-0.24742197201305963,0.06361458600574374
126,0.20938105050532438,0.08554997816845375
127,0.07339585359021013,0.05508408152246131
128,0.11647894252798892,0.05887809326068855
129,-0.4225376026048312,0.042211985159263936
130,0.03237048568103688,0.03744327206873409
131,0.1712192575086368,0.04790178154077275
132,-0.4872418871842773,0.025649739446420763
133,0.013192035637627348,0.025763772614994802
134,0.19852323154025678,0.03055161407971426
135,-0.5763132190070925,0.015939872261107754
136,0.10871137532266167,0.018608400668365
137,0.20419523578374882,0.021285871608230526
138,-0.6151226734979488,0.011325882855031827
139,0.18936748636818931,0.013047196713052387
140,-0.5652455016258867,0.006936678287700036
141,0.07607530933637985,0.007840199537982541
142,0.23101055536383922,0.008860450934813788
143,0.13278474145502156,0.009339359735467151
144,-0.6540754111179128,0.005105652933050474
145,0.14462324225840292,0.005539866982634193
146,0.06418936920445109,0.005597786541404219
147,0.005951692515084996,0.005457113197043997
148,-0.5379871122753787,0.003269621759119338
149,-0.6060219627473845,0.001902437083491353
150,-0.5883136402550239,0.0011843643264644352
151,-0.21204491200989484,0.0009617320497990889
152,-0.313887327646657,0.0006976148372498535
153,0.06216127234331978,0.0006643544442970447
154,-0.6095881731538353,0.00041201758327171346
155,0.07138877623701789,0.00039207868201499653
156,-0.6191059955420293,0.00024308267350902819
157,0.07899819652743306,0.00023121266990576398
158,0.05366974868696707,0.00023664148791368108
159,-0.5785648745082239,0.00013622012578910005
160,0.04409362123541252,0.0001394401214898656
161,-0.02080641392511619,0.00014092118284109487
162,-0.5049808725483318,8.21360988023637e-5
163,-0.02315088328747299,8.304567853164628e-5
164,-0.5018783720294885,4.838463726663786e-5
165,-0.5280127627648348,2.7866220558896126e-5
166,-0.4485746016310559,1.7465039864894836e-5
167,-0.1676047409331071,1.441390731290993e-5
168,-0.37415705938004257,1.0288087391546472e-5
169,-0.06268292037825708,9.671104107941802e-6
170,0.05055336520623124,9.893181977784295e-6
171,0.022999917203456968,1.0007269580829272e-5
172,-0.5334944100926411,5.8276501506770495e-6
173,-0.4792166971392429,3.3558909321876306e-6
174,-0.22959015440469324,2.103898424991243e-6
175,-0.2944315615339268,1.9768192373147393e-6
176,-0.22223853237843935,1.2393198868736567e-6
177,-0.29432746012528627,1.1644614430521834e-6
178,-0.013917771244809514,1.1911709326838816e-6
179,-0.479073604458276,6.859342469601723e-7
180,-0.0302879394444636,7.016684886323714e-7
181,0.0684552804156945,7.097916717732083e-7
182,0.019846159984222966,6.889556415788984e-7
183,-0.48517888846195684,4.18106575032347e-7
184,-0.04937446973021718,4.058341768931256e-7
185,-0.4491562563012593,2.462881077262586e-7
186,-0.07759189037666722,2.3905938572134593e-7
187,-0.3920658479331869,1.4507747146383562e-7
188,-0.17099766148428425,8.448127377451282e-8
189,-0.030706578656745556,4.8649048149787986e-8
190,-0.46689566899377083,4.976422915887863e-8
191,-0.06964818674825488,2.865702722494148e-8
192,-0.019380500920211284,1.7968146047000213e-8
193,-0.02425247314541102,1.4834739865872353e-8
194,-0.03687580270945221,1.4006964170589826e-8
195,-0.48430047035694734,8.738495892106301e-9
196,-0.04694618161850405,8.250889888063595e-9
197,-0.0657517355372865,8.314089999565942e-9
198,-0.09743070814762989,8.169680219583577e-9
199,-0.10936614086515307,7.743158640648136e-9
200,-0.11740992592031103,7.123472114779249e-9
201,-0.4035278880036321,4.561155959996821e-9
202,-0.38646883490145517,2.8347749117146216e-9
203,-0.143632838236121,2.686777421965596e-9
204,-0.11614567718509665,2.4717541092005392e-9
205,-0.10220487488362237,2.218696877411586e-9
206,-0.0954752700318198,1.9526355649172526e-9
207,-0.09409741498309691,1.6915566224117463e-9
208,-0.44603294538654686,1.1502121811061536e-9
209,-0.42680490418490563,7.698595563368545e-10
210,-0.32400678760442153,5.052142120131365e-10
211,-0.15919809025712361,3.234884189896284e-10
212,-0.367250960040333,2.9759958917800924e-10
213,-0.1548578986897832,1.9055287502017909e-10
214,-0.05287751649502349,1.1842929197119675e-10
215,-0.4705725272471642,1.1224636198226533e-10
216,-0.05659908587401305,6.976151461782418e-11
217,-0.47825144709990675,6.611942106010095e-11
218,-0.05886443407361862,4.109345619905644e-11
219,-0.04252456876506556,2.4634230935666683e-11
220,-0.06789501184183339,1.4400631777747046e-11
221,-0.09094617392684305,8.984078035094334e-12
222,-0.4260440158062961,8.482782152698385e-12
223,-0.4126588140962726,8.547764434261008e-12
224,-0.373132809772037,8.399297699568961e-12
225,-0.2980153678404334,7.960789042270114e-12
226,-0.21216917180954037,7.323685823155437e-12
227,-0.14031366111908103,6.573889802612983e-12
228,-0.09638149740515646,5.7855632507312144e-12
229,-0.07881774519831615,5.011999186288733e-12
230,-0.44655617251651736,3.408022192609408e-12
231,-0.07392271732392108,2.9523494456721435e-12
232,-0.08529850486786152,2.5253176046394127e-12
233,-0.4398954452201192,1.739099893155995e-12
234,-0.09078995851064389,1.4875541182480215e-12
235,-0.08395300723452785,1.2592604670108626e-12
236,-0.11445176150913504,1.0568702933018374e-12
237,-0.12914976539183196,8.806117821962562e-13
238,-0.39856254780806577,6.225560517082653e-13
239,-0.14277826298302143,5.187298741266233e-13
240,-0.3754485199326328,3.6672053323400863e-13
241,-0.32214508293566074,2.573865652031373e-13
242,-0.21291041000745586,2.160190221048329e-13
243,-0.15637091581078605,1.799926606414784e-13
244,-0.11752229357576982,1.490527442242086e-13
245,-0.4024326605645817,1.060258017049769e-13
246,-0.29960632193204956,7.495584981153591e-14
247,-0.16550313338427197,5.2608531501413057e-14
248,-0.39112007731794896,4.4153211805548534e-14
249,-0.25898823150071937,3.6789603023455696e-14
250,-0.25802800944948573,2.600872537163252e-14
251,-0.272890382933114,2.167114559598557e-14
252,-0.13338838673194522,1.7945974630593787e-14
253,-0.38743390756388313,1.2765523757975225e-14
254,-0.2272345432894854,9.024696500110105e-15
255,-0.11643604974699565,6.334075743393587e-15
256,-0.4222633979767582,5.31605387774301e-15
257,-0.1165516021376943,3.7311269046193684e-15
258,-0.4013038423495809,3.1314547620212596e-15
259,-0.2702242205298409,2.609209452033492e-15
260,-0.13787227185632706,2.1606982623370506e-15
261,-0.08568794486777237,1.779807938578494e-15
262,-0.07889360241213109,1.4593072126339136e-15
263,-0.4438902333207013,1.0484069900192776e-15
264,-0.4303056355848628,7.497347819734219e-16
265,-0.3532803645439187,5.33309411635186e-16
266,-0.24391434171484133,3.770276623121632e-16
267,-0.13092208426949198,2.6462072939635024e-16
268,-0.08814187397081052,1.8413563154739848e-16
269,-0.43433063474117223,1.5587649453047883e-16
270,-0.09589298283045959,1.084662446106922e-16
271,-0.42423014421690375,9.182002333126934e-17
272,-0.10595727154910066,6.389271930195706e-17
273,-0.4128537140758006,5.408715861843003e-17
274,-0.2989770110025649,4.5394191821830017e-17
275,-0.14568002806232994,3.782361980937238e-17
276,-0.3841563298666269,2.673973240634785e-17
277,-0.21130490419417594,1.8767555276547464e-17
278,-0.07602975732661842,1.3059353480473929e-17
279,-0.03615659479386598,8.99353023979736e-18
280,-0.48113610085447767,7.69269378863242e-18
281,-0.3720954795631347,6.5121026886083514e-18
282,-0.157609535050641,4.531429355530105e-18
283,-0.038206928921162626,3.1206404665743453e-18
284,-0.48605913596356404,2.66926678330848e-18
285,-0.32952355932960914,2.259616705643801e-18
286,-0.2089501721016014,1.5723482816252556e-18
287,-0.31172652728638517,1.331041343063891e-18
288,-0.08200920772061647,1.1171144425627136e-18
289,-0.44215167232526775,7.840582221401789e-19
290,-0.09049930046458465,6.580432443568323e-19
291,-0.004025680995650272,5.482987248758414e-19
292,-0.49936276127424506,3.8762448585866924e-19
293,-0.35035436351599875,2.7205821862184676e-19
294,-0.18205484363070149,2.283326260480857e-19
295,-0.3458990685640154,1.602575940430652e-19
296,-0.127217280239737,1.1151482106750401e-19
297,-0.3933671488706645,9.44007373810303e-20
298,-0.13456239033839998,6.568850231744492e-20
299,-0.021909936175674265,4.5237425641495114e-20
300,-0.023072727225206983,3.076021060479904e-20
301,-0.059969856229053084,2.0588411827089225e-20
302,-0.4298787530744733,1.8119494308073156e-20
303,-0.1020796317041242,1.2127732664320825e-20
304,-0.10999890348963552,7.958728120454007e-21
305,-0.11600167194927351,5.095969819954925e-21
306,-0.3930690156536959,4.688138541404186e-21
307,-0.34877550396163154,4.2081687958974175e-21
308,-0.1987731534203225,2.761577308680019e-21
309,-0.14239883855166496,1.7682366337327442e-21
310,-0.11461146759681734,1.09896537932583e-21
311,-0.3854935745885153,1.0415908405792336e-21
312,-0.2519918927273528,9.582321592588003e-22
313,-0.26324682747192224,6.135555945859512e-22
314,-0.1084901473791187,3.8132699203173894e-22
315,-0.034046591382770545,2.285935048771538e-22
316,-0.040174967204595936,1.3363075530758526e-22
317,-0.4861128843395834,1.3465443275729294e-22
318,-0.04366652967382528,7.871603160615376e-23
319,-0.0476944904668189,4.9108329342970134e-23
320,-0.0761657778230149,3.5037620922501354e-23
321,-0.09544251509184044,3.291694976504246e-23
322,-0.10453411055903473,3.367155266215717e-23
323,-0.12190291510577782,3.406126765607418e-23
324,-0.13049212578031338,3.306158907572735e-23
325,-0.13732672547762245,3.072680363601385e-23
326,-0.13827033538785993,2.7705066533263803e-23
327,-0.13778087887997123,2.4434367024911833e-23
328,-0.13838850315697282,2.119048464943624e-23
329,-0.13875686857899353,1.8136127440660606e-23
330,-0.14404808683145232,1.535767542504271e-23
331,-0.390226186216628,1.0683199219717634e-23
332,-0.13414020700535614,9.046534694592814e-24
333,-0.3979179476264463,6.293005270369795e-24
334,-0.12745406517138183,5.328917802691736e-24
335,-0.12769405993130492,4.473179613502521e-24
336,-0.13184698206855247,3.727433224315957e-24
337,-0.13692558054084963,3.086738097764522e-24
338,-0.13880740614799256,2.5425264808625958e-24
339,-0.14937959621259123,2.084548187849929e-24
340,-0.150071302255318,1.702111070252368e-24
341,-0.16071570694077567,1.3848377428158916e-24
342,-0.36530909073588763,1.0026391641263462e-24
343,-0.16461629093103067,8.157473276415934e-25
344,-0.17345639029474805,6.615664284061448e-25
345,-0.35382759793011137,4.805210617680783e-25
346,-0.17565168837084932,3.8969983944281707e-25
347,-0.18484084546317403,3.15137314413781e-25
348,-0.33790741254793205,2.295551260477879e-25
349,-0.1977218156949532,1.8563360466365274e-25
350,-0.3239796955798046,1.3522088171798724e-25
351,-0.31119364558893425,9.821611083392672e-26
352,-0.2917166872781943,7.110964427502663e-26
353,-0.27342579948011997,5.129904935867211e-26
354,-0.2485393246911698,3.6856970180167285e-26
355,-0.2224575428342074,2.6357893380336525e-26
356,-0.20482122844263081,1.874897607754425e-26
357,-0.19316762423082665,1.3253811457164146e-26
358,-0.3374732533834366,1.1044201539577927e-26
359,-0.19189640841617708,7.807240475164147e-27
360,-0.18390190902044473,5.478693554695327e-27
361,-0.18183733339173072,3.811122001781098e-27
362,-0.3451625752454898,3.2272586802279993e-27
363,-0.33714169701508656,2.7090130248590032e-27
364,-0.19265568894867618,1.9010368959550544e-27
365,-0.3349760192036864,1.595761053624601e-27
366,-0.1949004002826938,1.1198176650429243e-27
367,-0.1881960280591935,7.789743482861322e-28
368,-0.18315194135584453,5.361375872505428e-28
369,-0.3439522371973195,4.588597084476229e-28
370,-0.1898609140602816,3.1581519662985255e-28
371,-0.3345198704278911,2.7029417913425e-28
372,-0.32107386478506955,2.2888515125426143e-28
373,-0.2089399917121231,1.5921847555764957e-28
374,-0.3169551982390491,1.3482622887851802e-28
375,-0.29342653303366273,1.1317531264606358e-28
376,-0.2376589950307104,7.942023278482151e-29
377,-0.21505138071067653,5.524678347694918e-29
378,-0.1974634274440513,3.802420100463276e-29
379,-0.18573948311273153,2.5827184727817514e-29
380,-0.17200527348101435,1.7250112887307925e-29
381,-0.3627858314522658,1.5213664583825456e-29
382,-0.1689151361175704,1.0161286809474277e-29
383,-0.35517143326883693,8.961704208506032e-30
384,-0.17060335322066097,5.985569503163382e-30
385,-0.15199758458697324,3.9103932445811825e-30
386,-0.3840619043618069,3.525837125647784e-30
387,-0.14671555133269507,2.303441580678324e-30
388,-0.1472903440882379,1.4599578220384693e-30
389,-0.14513596739299067,8.860008955996206e-31
390,-0.39203373813163195,8.599972798081482e-31
391,-0.39746706520696323,7.992648956964775e-31
392,-0.3846165742804687,7.206635410335746e-31
393,-0.14246331850883506,4.708119822156081e-31
394,-0.12011910773141173,2.9840810459916085e-31
395,-0.41225180359548924,2.7733474069899274e-31
396,-0.37540465917179955,2.500610715670209e-31
397,-0.2876056288975946,2.2054031142554105e-31
398,-0.19535233754873782,1.9126159802216844e-31
399,-0.13513120990118482,1.6369350553418e-31
400,-0.3759269252568107,1.1266383969994596e-31
401,-0.29847425296621505,7.652467963024928e-32
402,-0.23009210069936253,6.636533892425127e-32
403,-0.2804016966116234,4.5077340815446025e-32
404,-0.2568897482661207,3.909291767669848e-32
405,-0.18354673040124123,3.345813692990358e-32
406,-0.1587323356571985,2.83323553485891e-32
407,-0.3608091425214259,1.9708724671915515e-32
408,-0.16589769648761613,1.6689350995307335e-32
409,-0.35313626715597246,1.1609547447521033e-32
410,-0.3033335509022795,7.990397593038989e-33
411,-0.22337907088115525,6.83867648363381e-33
412,-0.2959329844901845,4.706793642164573e-33
413,-0.2537167258832345,4.0283651244125183e-33
414,-0.26318045522907624,2.7725662123773042e-33
415,-0.1971599698572425,1.883210635470013e-33
416,-0.3384208410620611,1.633197455939678e-33
417,-0.18251334905333613,1.1093169948900827e-33
418,-0.35282207060740306,9.62045168905367e-34
419,-0.16803174489335818,6.534501090712211e-34
420,-0.12721514113779547,4.364427740187062e-34
421,-0.3991665107102683,3.8491887081158447e-34
422,-0.1259438181797385,2.570893438030564e-34
423,-0.11170021430224483,1.67957356894773e-34
424,-0.11761508537107453,1.0645403774261137e-34
425,-0.12784251104457806,6.460349152310251e-35
426,-0.3980897551602439,6.270741627002111e-35
427,-0.13309938087351633,3.805509045350555e-35
428,-0.1419872070929904,2.2160107499932303e-35
429,-0.3773584746877043,2.2416588875952774e-35
430,-0.15223475428538819,1.3053549823506995e-35
431,-0.37485071293087746,1.3204631781060455e-35
432,-0.3531295193897827,1.2817083446506933e-35
433,-0.18226026854651778,7.778270879582292e-36
434,-0.16157333537994473,4.5294155604682976e-36
435,-0.15397857810363516,2.6082870053995165e-36
436,-0.14537532575337186,1.6354119654275528e-36
437,-0.3819234610803409,1.5364277623243687e-36
438,-0.3394235887089058,1.571649520383151e-36
439,-0.261412695483765,1.589839812628395e-36
440,-0.184510118000342,1.5431789301587488e-36
441,-0.13395894018805088,1.4342007534366718e-36
442,-0.3809081723848794,9.090191936783243e-37
443,-0.30747071269659604,5.51654169427792e-37
444,-0.21757303380233775,3.2123733123802435e-37
445,-0.2912963894461907,3.249553363399998e-37
446,-0.2285423024897678,1.8922685769907846e-37
447,-0.13366717503404107,1.089672491781833e-37
448,-0.08385819043944608,6.832313421675408e-38
449,-0.41530689901982415,6.418783917371626e-38
450,-0.11061260272562132,4.024616922996783e-38
451,-0.4023094961777958,3.7810247839272396e-38
452,-0.20081750454274325,3.8677026892732564e-38
453,-0.3264065848425353,2.2272362803772394e-38
454,-0.20448181725932446,2.278294442258219e-38
455,-0.03281313497074128,2.3046634521347269e-38
456,-0.4570309392928556,1.3420435805524682e-38
457,-0.23685976688465754,7.728226269158956e-39
458,-0.026301558909464787,4.845645316619662e-39
459,-0.49081086634726273,4.5523599852622646e-39
460,-0.2046177719984429,4.656720324179088e-39
461,-0.3210216086434331,2.6815961015686436e-39
462,-0.1961422412765836,2.743070211459718e-39
463,0.03272238143262378,2.774818542209382e-39
464,-0.5443651902667586,1.6158226522491688e-39
465,0.00038326216246511443,1.634524204904325e-39
466,0.012562738427838987,1.5865518612675518e-39
467,-0.525222846769565,9.628266986751734e-40
468,-0.01651353681989984,9.345682898287843e-40
469,-0.05902539289958461,8.685697550786155e-40
470,-0.09260826429614637,7.83152817920486e-40
471,-0.41504570588935563,5.116364427900277e-40
472,-0.34976092870902514,3.242832954640289e-40
473,-0.22519435805183036,1.9679697993464034e-40
474,-0.12860796290519247,1.1459813073738e-40
475,-0.38553296513503515,1.1592449101162447e-40
476,-0.2509606534772234,1.1252217399359464e-40
477,-0.24830258318411383,6.828604595846622e-41
478,-0.2554392856822882,6.628188985451438e-41
479,-0.08470512849769979,6.160111086973687e-41
480,-0.03694863714131824,5.554313085688801e-41
481,-0.05987430755476979,4.898603089223574e-41
482,-0.06877927756857281,4.2482693928613294e-41
483,-0.09152328118388574,3.635931711134352e-41
484,-0.42933373837101985,2.502469637548671e-41
485,-0.40615562897709107,1.6997528915032171e-41
486,-0.31296309775168873,1.1352739204044199e-41
487,-0.19333120757157757,7.416783760931063e-42
488,-0.11849802114347188,4.7008752281664063e-42
489,-0.41378644678863313,4.368902829274949e-42
490,-0.348534966326357,3.939255934208501e-42
491,-0.24311918457662518,3.47421022021178e-42
492,-0.2742968471713093,2.320443328395106e-42
493,-0.2640560177094832,2.046505244029625e-42
494,-0.14576574260767586,1.7748132339334465e-42
495,-0.09399493579200809,1.5189949416680435e-42
496,-0.41839602431873096,1.0454648280312086e-42
497,-0.11801462257235737,8.947734641079465e-43
498,-0.3647230365156762,6.158375911069586e-43
499,-0.24309093548342603,4.182954751873867e-43
500,-0.2916039105138059,3.627629820264983e-43
501,-0.20029169707873548,2.4639956400585003e-43
502,-0.3369559657250434,2.1368780183134646e-43
503,-0.16908353668400264,1.828872378636717e-43
504,-0.0947325012607765,1.5486894033374435e-43
505,-0.4319600024016857,1.0773087050883246e-43
506,-0.2788288011275981,7.414694606322295e-44
507,-0.2372052251610807,6.345954259116842e-44
508,-0.10361315282076573,5.373755014269678e-44
509,-0.3986223742677051,3.738124018546896e-44
510,-0.13442157028761453,3.165443977124393e-44
511,-0.38770417739318974,2.2019653164001643e-44
512,-0.150595543766278,1.8646245587499803e-44
513,-0.0698841051402314,1.5651959500714101e-44
514,-0.06046442466884032,1.3042542198060268e-44
515,-0.0723895892194923,1.0800706403490892e-44
516,-0.09324357541557657,8.896472966976261e-45
517,-0.4264443005762294,6.362223611391331e-45
518,-0.1075858941307674,5.24052300415341e-45
519,-0.39414771489180245,3.7477075821876336e-45
520,-0.1354375221919806,3.0869628288653415e-45
521,-0.3824104717187109,2.2076105744600147e-45
522,-0.15210328005688,1.8183947478608098e-45
523,-0.13268278250450322,1.4908523096927888e-45
524,-0.11469572408210885,1.2173363202780009e-45
525,-0.40287453013858854,8.781958708514728e-46
526,-0.35969508969919667,6.309598214581147e-46
527,-0.18188776547170243,5.173067664492527e-46
528,-0.3509376457441586,3.716708263287864e-46
529,-0.18331938597258754,3.047227839442226e-46
530,-0.12550505607675774,2.488174784985695e-46
531,-0.09740750990929568,2.024379262429754e-46
532,-0.09195321219014733,1.6417600315738154e-46
533,-0.4397817974862443,1.1924732569046363e-46
534,-0.42449093085429296,8.63364965136453e-47
535,-0.34728133417215035,6.228381875992242e-47
536,-0.17662914692152876,5.085705287446596e-47
537,-0.3348737434988473,3.6688672714399544e-47
538,-0.19731192460790728,2.6359812376444075e-47
539,-0.34206746918869496,2.1611691966621512e-47
540,-0.18622127946220363,1.5527412229171734e-47
541,-0.3341736558161463,1.2730502226013193e-47
542,-0.19914707515083696,1.0394928212774637e-47
543,-0.32495552228372837,7.498981901871984e-48
544,-0.17817167414048998,5.3878143122390244e-48
545,-0.10315577703129385,3.853041487155764e-48
546,-0.42091640494383775,3.1737256944638483e-48
547,-0.34474996252620493,2.6020512253948498e-48
548,-0.22862374991076803,2.1246715340634594e-48
549,-0.14568502079676532,1.7286329798803126e-48
550,-0.11367322203700299,1.4019114838301302e-48
551,-0.10324516984429573,1.1336792457798614e-48
552,-0.43143903487100455,8.258047214969121e-49
553,-0.40516557693138483,5.9981363102538995e-49
554,-0.3149408225978233,4.342722754075304e-49
555,-0.22194070333977736,3.533239681906998e-49
556,-0.13430802951850854,2.865437222846861e-49
557,-0.38978698364831105,2.081276917375329e-49
558,-0.24883422566243793,1.5068694939736963e-49
559,-0.28741199707237614,1.225989176160671e-49
560,-0.14393703441033304,9.94270226887657e-50
561,-0.068817761361666,8.040333030440825e-50
562,-0.05297850871425209,6.485134063312946e-50
563,-0.07121937382027875,5.218494926160155e-50
564,-0.4593731594937227,3.8201087520823865e-50
565,-0.4569157071484875,2.7898931732611065e-50
566,-0.39503189849662296,2.0322388043420166e-50
567,-0.1415526868384289,1.6434040105417875e-50
568,-0.3805790329796872,1.1971029691901915e-50
569,-0.2432376065849036,8.69501784101787e-51
570,-0.10668049483300573,6.295297384410502e-51
571,-0.42445554840110555,5.121854603113082e-51
572,-0.11194933429375914,3.708284269895658e-51
573,-0.41174556862034134,3.0170604655550306e-51
574,-0.11660791771460902,2.1843880259587245e-51
575,-0.06991185360983872,1.575834477933155e-51
576,-0.0799975621185067,1.1321941651584085e-51
577,-0.4289366179792521,9.28255148192012e-52
578,-0.3885022312333579,7.579548282767367e-52
579,-0.14441508784615312,5.4679449663718064e-52
580,-0.11198656050008089,3.9285695756912204e-52
581,-0.40364206686491505,3.2209271570973527e-52
582,-0.34141130734625597,2.630006733606189e-52
583,-0.23812653707587927,2.139773750497833e-52
584,-0.289768778857229,1.5492219039728101e-52
585,-0.24806872187377735,1.2604471013166894e-52
586,-0.27692836248437186,9.125788451720838e-53
587,-0.1813490514676498,6.583414626727885e-53
588,-0.3468273414564575,5.375602723663981e-53
589,-0.18335057914760924,3.878001532215478e-53
590,-0.3333362076986564,3.166532381891291e-53
591,-0.20672210910616584,2.2843610400611034e-53
592,-0.2991191046809654,1.8652656903804514e-53
593,-0.23582656463767146,1.345617147904493e-53
594,-0.14102986161228537,9.667892819509636e-54
595,-0.3713895129569921,7.92644191080316e-54
596,-0.23695235872498027,6.472234416421028e-54
597,-0.2976622893128403,4.6691201478205445e-54
598,-0.16701598852906363,3.354635694174872e-54
599,-0.08975737902975658,2.399034145365313e-54
600,-0.41682276254635797,1.9760691221267962e-54
601,-0.11531834970764207,1.4131660572908464e-54
602,-0.06294034598413932,1.0052175346270155e-54
603,-0.45988457650963355,8.324342983350311e-55
604,-0.07041362300214855,5.921296713816348e-55
605,-0.4464291852316842,4.903506261486146e-55
606,-0.08085030506513595,3.487976837377981e-55
607,-0.4385849363251318,2.8884410102425486e-55
608,-0.271494755838829,2.3791904348055366e-55
609,-0.09557297614304552,1.950633413950189e-55
610,-0.029343792661682983,1.5927646802510926e-55
611,-0.03748676688527639,1.295873508600565e-55
612,-0.4808162943445218,9.382279896811575e-56
613,-0.04547625142120116,7.633423894505914e-56
614,-0.4693988402485652,5.526690612466213e-56
615,-0.054613976878794476,4.496516053958048e-56
616,-0.06073649244751717,3.646648864530392e-56
617,-0.08536728956162438,2.9489237958662273e-56
618,-0.11095453255269072,2.3785291089662324e-56
619,-0.40422149920015527,1.737081992728725e-56
620,-0.4103690636316731,1.2653407183403588e-56
621,-0.12444952968625353,1.0232390045793098e-56
622,-0.1392877336751207,8.253193118225717e-57
623,-0.3689363759224478,6.02745330891221e-57
624,-0.3388883834352565,4.3905711599032157e-57
625,-0.2859899752462411,3.1890401703240367e-57
626,-0.22990513840094767,2.586293382810738e-57
627,-0.17596414033137178,2.0914495425772536e-57
628,-0.13605182227195595,1.6869115519117236e-57
629,-0.12405007989348855,1.3574336765576711e-57
630,-0.12172119452848615,1.0899788462857079e-57
631,-0.126298323611835,8.735154058774088e-58
632,-0.13195406558706452,6.987891098647969e-58
633,-0.14379806875789605,5.58092813202929e-58
634,-0.1535630600308271,4.450472257311349e-58
635,-0.37096778400932284,3.287480596972678e-58
636,-0.16051891674629387,2.6215784986208585e-58
637,-0.1598926031845048,2.0876154531309174e-58
638,-0.364670096397736,1.5442571994782327e-58
639,-0.3465263249413892,1.140713903267209e-58
640,-0.19180781225746285,9.096543549601497e-59
641,-0.33060760738577877,6.7194465418144485e-59
642,-0.3004138294318105,4.955984845160756e-59
643,-0.230914165472249,3.958131981996687e-59
644,-0.29358484371858545,2.9193538479472257e-59
645,-0.23820152640062464,2.3315623823200353e-59
646,-0.2861472331194561,1.7196636300948628e-59
647,-0.22077186178812275,1.266265327369083e-59
648,-0.1719949146162618,9.30741297359417e-60
649,-0.14956053979766157,6.827886643979594e-60
650,-0.13761128942829776,4.998236061539173e-60
651,-0.13766973191056606,3.650300442057907e-60
652,-0.3925141115906311,2.9442421910250336e-60
653,-0.1330757329778704,2.1502322897719736e-60
654,-0.13809928376862265,1.5662913331251129e-60
655,-0.14776700330141485,1.1376574477103976e-60
656,-0.1536050603200138,8.236776606875823e-61
657,-0.37778968618629005,6.701442299328577e-61
658,-0.1493850030743478,4.851924740133996e-61
659,-0.15197360032440915,3.500216169919843e-61
660,-0.1594924726090473,2.5148100132788576e-61
661,-0.16384630905600772,1.798441214179748e-61
662,-0.362066012624717,1.4813645558844941e-61
663,-0.3605465070207194,1.2145304380336238e-61
664,-0.3449668770950979,9.917092422160477e-62
665,-0.17077231955442934,7.154267453389437e-62
666,-0.15244996079583295,5.140146366980188e-62
667,-0.37565570459797465,4.214265957590631e-62
668,-0.15101981355783378,3.0278353433844724e-62
669,-0.1410460562497674,2.1653261449332824e-62
670,-0.3853827288979988,1.7835653329915201e-62
671,-0.13900258873479338,1.2754988989613557e-62
672,-0.38669355125398147,1.0506203066819857e-62
673,-0.14762347816568147,7.513405983013051e-63
674,-0.13930931383879877,5.344458565170468e-63
675,-0.14042655322471864,3.7780434446355807e-63
676,-0.38424077468535667,3.1481867206796965e-63
677,-0.14632974824653902,2.2254801038341183e-63
678,-0.14931823339737751,1.5617199879733838e-63
679,-0.374633400290137,1.3109329644141357e-63
680,-0.1528687676647537,9.199409196656465e-64
681,-0.373571726388555,7.722132560191742e-64
682,-0.15391827699159227,5.418969483597969e-64
683,-0.371107683568348,4.5487704479094475e-64
684,-0.15644876156299864,3.1920778428726555e-64
685,-0.14001339479227734,2.220492527446436e-64
686,-0.1435796537658025,1.5282781888675263e-64
687,-0.15079195814491236,1.0380526626862439e-64
688,-0.15860579682969111,6.933208478979829e-65
689,-0.3637785139866419,6.114714087844735e-65
690,-0.17439504262815064,4.0840497870960604e-65
691,-0.16065059346695557,2.6681238417753484e-65
692,-0.3658437555033893,2.405735052400104e-65
693,-0.33122052986023576,2.1217279216587662e-65
694,-0.2772300171774945,1.840049423353236e-65
695,-0.24621560044675003,1.2498170930526065e-65
696,-0.1908134402179026,8.347594277445018e-66
697,-0.3309030727061055,7.362125700194693e-66
698,-0.2486695455045363,6.384737180960741e-66
699,-0.17005015281975897,5.464452989380251e-66
700,-0.12096033322657387,4.6272996074210097e-66
701,-0.10991942320232546,3.8842299761179567e-66
702,-0.4130464338041467,2.725739754373892e-66
703,-0.11875197895987423,2.288029943869633e-66
704,-0.3881741975077351,1.605614038187406e-66
705,-0.14085785189765782,1.3477783386235566e-66
706,-0.12724915917742868,1.1230833975980644e-66
707,-0.3697637984301238,7.939172539808222e-67
708,-0.16870805925439628,6.615592946263747e-67
709,-0.15537969378650723,5.478462404992394e-67
710,-0.3625628824831958,3.8969563724525734e-67
711,-0.33840099391653683,2.7547917712232644e-67
712,-0.20562223267336086,2.2955265071705163e-67
713,-0.20936495387098103,1.9009566899516743e-67
714,-0.29910115456900166,1.3521942360894622e-67
715,-0.24530110301108132,1.1197704191953457e-67
716,-0.23397593108628978,9.223477512888652e-68
717,-0.27214804458984865,6.596077639921384e-68
718,-0.27105220697044247,5.433147075701516e-68
719,-0.2360649966165921,3.88546075928094e-68
720,-0.3006078782382976,3.200429242111201e-68
721,-0.21254500554146227,2.62394473654466e-68
722,-0.3003594683782177,1.8852328477483662e-68
723,-0.15465851068090297,1.3482054047079053e-68
724,-0.06293698313352356,9.590095276484366e-69
725,-0.04751426238198459,6.779320327951077e-69
726,-0.48572418514397603,5.649105560708593e-69
727,-0.49094230668536154,4.678101069331068e-69
728,-0.4124196154427511,3.85332200925627e-69
729,-0.09748504560203938,2.755664673021148e-69
730,0.009945191223394432,1.9601676919579248e-69
731,-0.5463095229231617,1.6232414985473135e-69
732,-0.44725432159967654,1.3370536677149845e-69
733,-0.06762731883293545,9.56180549978661e-70
734,-0.4687026157791785,7.875998195529346e-70
735,-0.04342709051003693,5.6324412909336755e-70
736,-0.48940873064353796,4.639405962065284e-70
737,-0.10340371225938261,3.803722542800132e-70
738,-0.4207644889146524,2.732871078241818e-70
739,-0.10158108183625744,2.2406065371023102e-70
740,-0.42176828772124086,1.6098147890825815e-70
741,0.028181150693474794,1.1512429362834575e-70
742,0.10768184486604346,8.189055915949216e-71
743,-0.624309074706066,6.781468468861223e-71
744,0.09353803467597435,4.823814568889359e-71
745,-0.6174166316500044,3.9946663857606345e-71
746,-0.5386646919312194,3.2903812200211167e-71
747,0.014735289655077975,2.353083201197212e-71
748,-0.5281237357890425,1.938219622536064e-71
749,-0.1112312217175873,1.589093459684235e-71
750,0.10040465010161437,1.2975538705027514e-71
751,-0.5998934445776178,9.360654342611215e-72
752,-0.31477646606793214,6.725375270802199e-72
753,0.05295951933579418,4.809584821107823e-72
754,0.0784358384474323,3.421168355629763e-72
755,-0.5668150781260543,2.833115998778695e-72
756,-0.4850451251468476,2.3336195757803585e-72
757,-0.1823392375764786,1.9132711082614513e-72
758,-0.3331733039207267,1.3746331962357688e-72
759,-0.19602951777910746,1.1270243042658344e-72
760,-0.32672034202828254,8.09736275700156e-73
761,-0.21379969092846576,6.638807103296912e-73
762,-0.2983315948832429,4.7698021405289995e-73
763,-0.24161164316416364,3.910630816741442e-73
764,-0.0277163302536878,3.193175405415416e-73
765,-0.44765976315249084,2.3035815240441504e-73
766,-0.21611991655097423,1.6550606025007493e-73
767,-0.03885781310089932,1.1836000269545833e-73
768,-0.021863580653112343,8.419219347517101e-74
769,-0.06827876673664658,5.951618125010475e-74
770,-0.0995255880066081,4.176519471281843e-74
771,-0.12542499430322243,2.9052957769883073e-74
772,-0.3746589277058886,2.460204897805265e-74
773,-0.16751576064335943,1.7113826355335684e-74
774,-0.18146866664291061,1.1778777556618764e-74
775,-0.19085960053857454,8.000501148876196e-75
776,-0.3264070749387447,6.938362537086011e-75
