t,lambda,delta_s
1,-1.2105075055366454,1.152677718955126
2,0.41275743874495946,1.1110296500188437
3,0.7889457776268661,1.1419823016389141
4,0.8502536858355341,1.084708883333656
5,0.33446838822786024,1.053399582518676
6,-0.09689030704023777,0.9655514208974615
7,-0.0818642550200269,0.8731314551726745
8,-0.08753094142941793,0.8378147814295713
9,0.06080868163010964,0.8487897225330289
10,0.0033308546353284702,0.8564660798211094
11,-0.024310248548582856,0.781200337530239
12,0.5823257400461224,0.8762835201536252
13,0.3929727653476767,0.8830044914866347
14,0.3262772197650098,0.8416983663022192
15,0.5203500514045059,0.9053756905064163
16,0.3546916894826679,1.000263340531183
17,0.36395643176196885,0.917194983659912
18,0.3468322225773541,0.8659235325137548
19,0.7187332898148695,0.7343126433219729
20,0.21395109787081695,0.6904194098292441
21,0.38513569075495324,0.7034266327947238
22,0.6561009948459993,0.5610155402522644
23,0.2236633204665608,0.606282184745499
24,0.4305789934869892,0.6545229843105463
25,0.30180478106473363,0.5968113358111808
26,0.3872377175202846,0.6930255808978425
27,0.6008573729821555,0.7518498942239852
28,0.8181327653680912,0.8112834978611004
29,0.37913189401503106,0.8828426269744454
30,0.3310619856931932,0.6828288217210086
31,0.16967150015822888,0.7346236500148152
32,0.3890183382740969,0.8103517778894609
33,-0.07738857427078719,0.6850248907643139
34,0.008657085757866544,0.6583852196326665
35,0.2052760305722612,0.5284453907830144
36,0.753992529838909,0.6907086938206362
37,0.4442347503013309,0.8531854979662727
38,0.12334021645429087,0.6476292622097507
39,0.6033028125455793,0.7138146074533941
40,0.7017460627103136,0.858744330489649
41,0.39382209325587575,0.9754741834846243
42,0.41550285561234673,0.9730826582236349
43,0.3862105466571777,0.88584724439777
44,0.2668878879484331,0.9239630367428937
45,0.25127441637330483,0.876194050958141
46,0.6773025641671615,0.8419057975080814
47,0.7880777803762559,0.8756783982595231
48,0.47945845128051184,0.8023487727895765
49,0.4158134643640953,0.7396457042729474
50,0.03573286052181047,0.7723324978193102
51,0.17330338550302662,0.7731982878213342
52,0.25225044536318414,0.8615606345635066
53,0.3370101497756137,0.7991607249296971
54,0.4981810137922746,0.7927063446714961
55,0.544204858455901,0.8065825355274412
56,0.8879000720350434,0.9340872397445734
57,0.755920379976271,1.0139988151795
58,0.4461872907114698,0.9702401491358174
59,0.39812440938773214,0.9955422749841216
60,0.4773054673178306,0.9477703973036896
61,0.6649152647838962,0.9003916534117252
62,0.7084479839300404,1.0311242329459804
63,0.4943508412070907,1.1676728416249538
64,0.18234101711724485,1.0863663266135852
65,0.3668474384379757,1.019871489801675
66,0.34177120205613953,1.079264607003679
67,0.6480612001394995,1.101501747454323
68,0.7649593546504144,1.0688200086410202
69,0.8155382032921931,1.031554391567398
70,0.7514371841068769,1.1466234151328563
71,0.2040916299315577,1.0171955862338697
72,0.5458953791166412,0.8965786274776978
73,0.5502449328955644,0.9077890471813986
74,-0.09157733136559633,0.7974138619041627
75,0.47484440585441634,0.8804755434576585
76,0.19340788155004002,0.9368081502062624
77,0.22482420760644126,0.9217760989256303
78,-0.036708557597268376,0.8136923052028027
79,0.2942621900358935,0.9087015720034287
80,0.403840939201261,0.870102021429708
81,0.3657158201043236,0.9145236215379315
82,0.4239810768609133,0.8222056464360522
83,0.6730849625263433,0.8676247072728421
84,0.4028140079221164,0.8492536787317734
85,0.516910886942246,0.8977267820319504
86,0.41951417657614803,0.8255024303046251
87,0.5434787083825858,0.8524305871110496
88,0.5902971620800259,0.7528535310711469
89,0.2628459618548221,0.6739275010396528
90,0.047621293392400954,0.6692699088385433
91,0.3179231213606909,0.65856547530521
92,0.17320243164930618,0.665584415196576
93,0.3654063222435014,0.7517415383452568
94,0.5043380159940662,0.7387964447607489
95,0.36381864844577866,0.8215586243966301
96,0.22669283014081093,0.8897294674919092
97,0.3753335110956338,0.9739436239823214
98,0.3228317061962648,0.8921816805134146
99,0.37568773908142244,0.8133875413206908
100,0.6962138244750689,0.7938678473773553
101,0.3952063289947451,0.9588095640633166
102,0.7474788359900076,0.9131642283006347
103,0.6579365154344529,0.9692760710599841
104,0.4947825534080379,0.8943791408287942
105,0.2863201996784111,0.7866457038417467
106,0.30142427737303906,0.6932265614335005
107,0.27715447679651944,0.6415161285967135
108,0.46662639478081375,0.5855766058499249
109,0.458791252450579,0.6703197960005021
110,0.5273923758540144,0.7160558801517901
111,0.4880498105441268,0.7078364581619274
112,0.4240331816471867,0.9004192134798155
113,0.6525226089919622,0.8880084199843927
114,0.6020779888465273,0.9867881177154139
115,0.3390583834079136,1.0370518806442042
116,0.3592909310343985,1.042106037831736
117,0.2028281916195681,1.0332137499083047
118,0.3188431637523378,1.011904709135421
119,0.6212523151869151,0.9854418751759269
120,0.404081251232137,0.9370005105862043
121,-0.07067867987853095,0.9473742935214431
122,0.7829685890441704,0.9754610906481075
123,0.2764548250824306,0.9864474379293839
124,0.4320795855015706,0.9830209406524387
125,0.38234304295414634,1.0193307733641612
126,0.17005985335000037,1.0235692086013404
127,0.23515896832591218,1.0314953406366423
128,0.43974637737386696,1.0711757871152106
129,0.4162796894858403,1.1043146221957172
130,0.4649867442839692,0.9286958911003268
131,0.07403680687797361,1.0031458599751284
132,0.2914646105784285,0.8640229409403143
133,0.38345322698072026,0.9229676207929245
134,0.40027290554449424,1.0058231290294477
135,0.053474396243459274,0.9006253857394934
136,0.38976124428227177,1.087704153259394
137,0.39513200524123937,1.0019914508247347
138,0.559225834470854,0.9712472266817512
139,0.07232361899110767,0.9525928822203714
140,0.26822495998253126,0.9622562239007184
141,0.3110468700051528,1.0113809266466813
142,0.4875597184013925,1.0097020404731891
143,0.22008076365670387,0.9244293358525278
144,0.45233089842501023,1.0358126370816008
145,0.0029066158889546655,0.825582032867513
146,0.6517993438586008,0.8406206130282068
147,0.3281445303277392,0.8070772288304471
148,0.31887748484851475,0.8359923779827482
149,0.31662819683326104,0.6417217350773973
150,0.30206738929934235,0.67177762663938
151,0.42723529845868635,0.6175172990962124
152,0.19567934211847196,0.645837815699676
153,0.36428503112698546,0.7994666059776858
154,0.13915812241537706,0.6143670817623559
155,0.15964169500896883,0.6281788503797766
156,0.664441932855988,0.5436145640509967
157,0.18708792002083094,0.6480253245128791
158,0.3694422686123828,0.511959838710824
159,0.18139339158277584,0.5104189547266532
160,0.2935611715607375,0.47930433302751335
161,0.6812227625031485,0.6154517688607549
162,0.3435427388869539,0.47030128747073846
163,0.3952754418163589,0.6060274954908114
164,0.5074214043774572,0.5037900871569512
165,0.3791981678935485,0.5936056308264787
166,0.49846424066816564,0.6727864076540518
167,0.3856282172574062,0.7413780150239162
168,0.26785430596494164,0.8359558851201296
169,0.36987442324075837,0.699734782700657
170,0.31680982845017513,0.8070885635899401
171,0.5343563647592493,0.884424487298101
172,0.24401611282303057,0.8212090754821976
173,0.15012948689019903,0.8549770722873536
174,0.5925227723976428,0.9130855502291427
175,0.1092663792868461,0.7942445280550797
176,0.30520800553643646,0.9171993841357775
177,0.707891384484513,0.945691676398697
178,0.3532987777403149,1.0860395122495379
179,0.21093363060780412,1.0089385565696825
180,0.21690208485533854,1.0087622543431658
181,0.3955958116802698,0.8653815754503059
182,0.47033519737066226,1.0160839518785367
183,0.43941413303817217,1.1824300006613666
184,0.13791259094035538,1.052925228073052
185,0.267668988805655,1.0578708425610595
186,0.4557274730155752,0.9767738350464034
187,0.46416634445541444,1.0478170924844017
188,0.23949049080505083,0.8887237753305127
189,0.07812480560007101,0.8086107153348684
190,0.5421233301117444,0.8919487658727826
191,0.1679812155671245,0.8088390612641981
192,0.31366310268122555,0.7319763731189953
193,0.6510845437610577,0.6937240959636961
194,0.6833637166967196,0.7249048917834413
195,0.48813700750078337,0.9176591633735268
196,0.5754829315323484,1.0926005018451819
197,0.5216777152648212,1.0295260342516284
198,1.0299835835942868,1.0204599608415514
199,1.0619502415182653,1.020862745877174
200,0.045707670609824405,0.910814909428672
201,0.2991747618235173,0.9191840304071388
202,0.3755585755098228,0.9476309556761184
203,0.2693622102031125,1.0249248127420418
204,0.3673432693501104,1.0213927286604751
205,0.21485191005271206,0.921134912788682
206,0.6882141142175368,1.0566130966845846
207,0.5498019869150236,1.159205901518509
208,-0.015239300126507207,0.9662755474070984
209,0.43876479952064973,0.9717957947823413
210,0.4525857837872163,0.9944140490162922
211,0.5934217152103669,0.9983867054667798
212,0.47250163097450615,0.9488634253184188
213,0.700214144644493,1.01142596243003
214,0.4143574169432369,0.9521536976490016
215,0.419002925002968,1.0216939518446053
216,0.4789247583347517,1.0215457811867372
217,0.15677854729367377,0.9165210711808703
218,0.21459011171614037,0.9903968905232009
219,0.18811879559935635,0.9325095038027613
220,0.5220585645172582,1.015028679118765
221,0.5255102362578289,1.1205415903344955
222,0.5049770866350494,1.1338181999399162
223,0.5115239159742306,1.0408524068775442
224,0.5279821238519012,0.9780053818260062
225,0.47738332325897936,1.0034795903125973
226,0.6102914862285966,0.9082732859061651
227,0.4739225006171486,0.8875114861893767
228,0.6775622695615402,0.944019098756277
229,0.47218850768137793,0.8620803475782205
230,0.5443361979908342,0.8957159721947512
231,0.26937648825670957,1.0428051726393641
232,0.7986399022426987,0.9350623010080839
233,0.5394703548827675,0.9598425733952035
234,0.3572601912908813,0.8361573563673639
235,0.16372808057639748,0.8789392120608575
236,0.24103253917509712,0.6349145406984658
237,0.45597728636397516,0.7490720142145709
238,-0.10223957567158691,0.5766524999262076
239,0.48638148840862594,0.7104665139095987
240,0.6574327718208838,0.5656710451445645
241,0.4512026147000747,0.6775873790969422
242,0.6043006137409699,0.7927556076588474
243,0.740713965722145,0.8391501005993551
244,0.2230656975223323,0.9114048244291173
245,0.6561148257443097,0.7662367449570875
246,-0.3627792924110458,0.7547428845863996
247,0.3924620081539781,0.7851438148041792
248,0.5041844863046772,0.8645360709382547
249,0.15189815170535395,0.8006278568840759
250,0.5373711662401638,1.0263812739013538
251,0.548779314542,1.1377149740789474
252,0.22668166861045838,1.0817714769637752
253,0.6179528013495279,1.1588325427449846
254,0.34612301614323476,1.027734630950232
255,0.16328190851086813,0.9489522109224525
256,0.039998082940719944,0.823209920589249
257,0.33505395234594165,0.9663540826383253
258,0.19128853245467334,0.8363780787082972
259,0.3590622402922492,0.951846223524203
260,0.35511322279675683,0.7917781861959279
261,0.22440008555371846,0.8794467215234468
262,0.13886331175181232,0.6992642138482872
263,0.6732827709614986,0.7768490819227549
264,0.15849391114832592,0.6992448822480993
265,0.24358499207318782,0.7962417253862154
266,0.3493651732829745,0.9620508715899277
267,0.4180961328420316,0.8594685190973991
268,0.378367504200453,0.8435416207678318
269,0.46708212531069576,0.8641571607661568
270,0.2938781807119142,0.843574322119657
271,0.14427889808252176,0.7033167606182461
272,0.27091767353072205,0.7422768433583424
273,0.00397160518347371,0.8482829108248572
274,0.2851439682734136,0.7014959683505135
275,0.16532722477504427,0.6869044284722151
276,0.019212448794123673,0.5341488887734464
277,0.24054970529495515,0.664374755935277
278,0.14004512828691354,0.5891176646044118
279,-0.1834867770958254,0.5643420712423404
280,0.44142573731953727,0.6137541056254014
281,0.5282749462691873,0.723651601433063
282,0.4825623973959624,0.8311755835636573
283,0.5115718499621615,0.8739647693102083
284,0.28314729086802454,0.7597973244202261
285,0.4505925212292741,0.9262264767335104
286,0.3870949685301046,0.916844312749951
287,0.4336241608208004,0.9982637209232992
288,0.35718456466870185,1.0412512651067747
289,0.300086260821828,1.0838577532967555
290,0.4138692102201655,1.159954342379409
291,0.3782715684688609,1.0222204203782206
292,0.4421559032765416,1.0671004625422609
293,0.3652015872105919,0.9211596182929532
294,0.23812822326211971,0.8750597252536102
295,0.12232411416009659,0.8667860317549133
296,0.13580547467599505,0.8101527662738711
297,0.29076181071781,0.8152838893872348
298,0.1353530269890556,0.7401374374242994
299,0.24904919190748592,0.7880764248149265
300,0.2001065497117793,0.6414986164270383
301,0.6499807976744973,0.7375253861855174
302,0.602365917913253,0.646347026945427
303,0.46134030491939026,0.6172295188389727
304,0.4615737026549522,0.5409045901361952
305,0.4378333422592822,0.5684213421569125
306,0.31794865946851897,0.5325088989801293
307,0.7028939440922602,0.6832684448544241
308,0.18510789619750975,0.7992619058559246
309,0.6417357463428862,0.6354233879028498
310,0.62257177151963,0.5903953227708358
311,0.10198707460058286,0.7101124790670196
312,0.6476760752138904,0.8167865191061254
313,0.3078234410683617,0.6410047311984571
314,0.5087266906381723,0.5885873035979557
315,0.37281824375974915,0.649605892819605
316,0.6290030352843221,0.8127615684881021
317,0.12570169325966865,0.6989699374325654
318,0.21569616338116598,0.6060845540024791
319,0.573555555434334,0.6968108086520813
320,0.48759179255741225,0.744784924132694
321,0.3010567427941091,0.6950636070534337
322,0.19855449485335294,0.7799581600923753
323,0.5348669887246803,0.748913146193291
324,0.12840681920814948,0.752232864087662
325,0.1051308855183835,0.6963296039395214
326,0.4625326229178788,0.7885858991528701
327,0.2954979602440346,0.6590244561322955
328,0.5749684182107824,0.8014725752582934
329,0.47137361097928787,0.7546514979973733
330,0.5579856385949452,0.9548321527102718
331,0.3254680453066001,0.6932785084439237
332,0.35265011328671597,0.7273460060557335
333,0.628688856002605,0.6972073640899981
334,0.09293962103254241,0.7757482001951372
335,0.5535038570465464,0.7368499863118696
336,0.5151763547480374,0.7250276807813152
337,-0.2203260276715337,0.6611340712151275
338,0.48051399492018554,0.8336683197280516
339,0.5129192435378201,0.7362596766801119
340,0.14956229487174913,0.7640079771864227
341,0.2418272675689378,0.7103134194118931
342,0.4656632225688035,0.6440685319536156
343,0.1533652846724859,0.7312565457361667
344,0.09579114064944755,0.6628075643780502
345,0.028459842326959046,0.6128064244890699
346,0.32880372744286024,0.7151618898772226
347,0.5429327866378805,0.8228316075519633
348,0.47834603483621213,0.9831769970755125
349,0.403617655451709,1.099231408817698
350,0.26229316507941886,0.9110786020333902
351,0.2917385672930631,0.9069710089802551
352,0.3630039904102167,0.9672469639090192
353,0.3729967228586413,1.0198588440804286
354,0.4609144101571792,1.0049473560185516
355,0.5170342491842639,0.9314249269851776
356,0.6439318266724231,1.01025365449493
357,0.5045778108198111,1.1146320734502206
358,0.33688619530933506,1.0052142572119684
359,0.49415843666045783,1.1543816662271238
360,0.333119328830691,1.1141630778718679
361,0.49876243828829936,0.903180531734718
362,0.2552577903286066,0.8924500957585271
363,0.48578375473474605,0.8604902376693642
364,0.17331167776872866,0.8771213844287727
365,0.24103972397950765,0.7823730734163965
366,0.5440297886973104,0.8648946925271854
367,0.6068850799377282,0.9945514153687885
368,0.1987421553389777,0.8016919654018959
369,0.18584575271892742,0.7883473628514995
370,-0.08359743613681732,0.8010897084465649
371,0.3636704185245569,0.8602273187950907
372,0.42441631146126646,0.9180777579273589
373,0.367900382312215,0.7961394083402693
374,0.2573824120504097,0.7935561289124957
375,0.43703415652470706,0.7265209576444263
376,0.464800014180324,0.7884509072005375
377,0.17575164273632302,0.637441141153673
378,0.22708888228730148,0.7332757907682418
379,0.2295952373270506,0.5433253430115458
380,0.4696985468063729,0.6679415724029226
381,-0.05466837250196827,0.4714742514848922
382,0.4373811384542405,0.517196494393264
383,0.6395790077543182,0.6631250422282906
384,0.6262019737746707,0.4941907754548597
385,0.42351474439952447,0.5048158033848066
386,0.7185821154552202,0.40445659095255876
387,0.1722211843464868,0.5047039320256421
388,0.13724575970585026,0.36800927335126604
389,0.3002580503147571,0.39215253028525743
390,0.42338630877468764,0.5848802133383795
391,0.17318030180209695,0.48633215737219326
392,0.34262800102126734,0.6585618097715871
393,0.43381213672159813,0.532543691546183
394,0.5233015764795441,0.508941558166811
395,0.6035461878729704,0.5874195335533005
396,0.05902818987566614,0.4555976423687065
397,-0.22094580177864065,0.43169903067145826
398,0.36426169376069073,0.565007734468085
399,-0.3227381210846674,0.3953602856730235
400,0.3664103130753153,0.47611446595530454
401,-0.25949074768063457,0.35454496740160335
402,0.18397380295835394,0.4012719426486528
403,0.12243671921664473,0.5006404812989369
404,-0.18525166142519064,0.39529067762389714
405,-0.03586231120294049,0.3511372152041214
406,0.08306304342984577,0.30491008874393194
407,0.17585251689731105,0.3734605391640764
408,0.1737260363415378,0.2820846139918888
409,0.30044819762014896,0.3614100233441795
410,0.15568353812587649,0.25667177504245486
411,0.4176800392900205,0.3103247636562468
412,0.6642594931171129,0.37050374831820904
413,0.1419418329881547,0.4003055838450606
414,0.7759353593911335,0.4382555578096556
415,-0.12895727748607747,0.33635589293055124
416,0.3195368156071788,0.3067089221712846
417,0.23159201952715386,0.3641064363945834
418,0.3121995002231553,0.2723221261543716
419,0.18299721936648322,0.26361356250693296
420,0.3478423487396614,0.34891506898419444
421,0.5947055999638906,0.40215122079875215
422,0.4837602225371121,0.4263381537615784
423,0.6057923511672914,0.4451007983495299
424,0.41679859560915156,0.4712255011687873
425,0.49099714570362873,0.4807750852658935
426,0.3324505478532401,0.5169997221858127
427,0.35245771323658565,0.45293910751056515
428,0.4981091531586159,0.5146643180799915
429,0.49405529981205537,0.56302288512323
430,0.4330324389588626,0.5054679136422935
431,0.4196410403357209,0.5624298633006689
432,0.003646549563866787,0.47986974859822457
433,0.3286092181046237,0.44792149718326496
434,0.6728755093541229,0.5083492141787446
435,0.8149175764418831,0.4014211105434542
436,0.5975295964819444,0.42806756764522563
437,-0.08119598484476627,0.33741625957322297
438,0.20273654071569905,0.3649791512969315
439,0.3303657354388254,0.4465382122053052
440,0.4575182542787222,0.5502545367797955
441,-0.07401156502593606,0.4453858381034965
442,0.3678219081706221,0.48963319007970185
443,0.3351045411636771,0.42174021965424896
444,0.13210308590172232,0.4935915572362062
445,0.14196300751331958,0.5843116622168217
446,0.5333324076008983,0.43778156559297465
447,0.16970476893855693,0.4776211177498124
448,-0.06194806284880417,0.3606856274215076
449,-0.035425407555468,0.38234472682094317
450,0.6116139634917331,0.381328366936757
451,0.14290202781799047,0.35772585662191214
452,0.11268026931042986,0.3273741057572916
453,0.20216412641812462,0.3172023457696244
454,0.2536608265440264,0.25979149663672835
455,0.48126636519125415,0.2542021043172415
456,0.1913726665680166,0.32238438114698614
457,-0.17220377854512248,0.2767673862200504
458,-0.24705912582746728,0.2127367704710911
459,0.43154498826868304,0.26252072915702734
460,-0.2285378295008708,0.1829503517908336
461,0.023939961691977207,0.18046601527376263
462,0.40576672701926086,0.23691983927441748
463,0.2053639830922382,0.305560441852105
464,0.37169724435900875,0.3770528955363033
465,0.4590398721881298,0.4615108610695558
466,0.4583950657028827,0.5236266532258913
467,0.4709037383633766,0.6362042698708137
468,0.2127951550918607,0.5002587719447721
469,0.5611259656415366,0.5172409764213101
470,-0.030673293862909578,0.5724383473298665
471,0.08329805077608217,0.4814894937717527
472,0.31063490773974584,0.5297540828582602
473,0.2853968506721198,0.6437412404227246
474,0.4770122407159544,0.739082764379193
475,0.03083491128866172,0.6517218661492633
476,0.03247363543412222,0.5729808223568921
477,0.27238744361898237,0.56616939506573
478,-0.14755670989167377,0.43961375719546764
479,0.4659904878861673,0.39609977036819927
480,0.3820556361588466,0.5165451016120524
481,0.46878971976089956,0.60638892428562
482,-0.0044073909785818126,0.5361237566298289
483,0.45643792549978063,0.6368489560379167
484,0.03720426471309745,0.4703035356062293
485,0.37097558419530813,0.5736676875917714
486,0.4579438276239054,0.6921185319775535
487,0.4989157399527773,0.8456308303013526
488,-0.14909066060979695,0.7082089474279255
489,0.4999369821414686,0.6981925135612638
490,0.3289708831950007,0.5954749816123392
491,0.7491291144816165,0.6961978545459768
492,0.0962389042386032,0.772384422433295
493,0.276670408192315,0.6282514806542476
494,0.557454180869154,0.7369785671603185
495,0.4406362790875487,0.8674712239183571
496,0.669225570802383,0.9278674692354056
497,0.5981015206823569,0.8915404072475379
498,0.1564238370668756,0.9054333448644987
499,0.12069950743648737,0.6861032241538129
500,0.4471009978866764,0.7626634506745852
501,0.11647637771197822,0.7157878340632582
502,0.24644012062752388,0.8097632445902277
503,0.16859500341521222,0.6216767203319666
504,0.2374747120147226,0.6421450339877296
505,0.16185237069470906,0.657639611872855
506,0.09461824240093904,0.5483196378732652
507,0.34990554297171933,0.5963119868906944
508,0.4098331215694395,0.45137885011889795
509,0.14122866811168355,0.4981311056948262
510,0.28523686720291047,0.5050253024384026
511,0.2523619984381071,0.45815714144429665
512,0.018330345471656722,0.5119204681703955
513,0.17461567630058322,0.445936763919486
514,0.3312373463822284,0.5671830983435622
515,0.5241146860599021,0.4535161331158667
516,0.09444650965893472,0.5294154020758609
517,0.4095152606069505,0.5797333390854277
518,0.1080895154122254,0.6803587935876954
519,0.5071666700422448,0.7277520847298492
520,0.35922883546846474,0.7165605025992635
521,0.31401789698556115,0.7418359227420215
522,0.37618239870669823,0.8135459610438517
523,0.4954066041174696,0.8907862339988615
524,0.39000609136770614,0.9380310997549364
525,0.674858675149235,0.9590119056896238
526,0.19877814620584486,0.9392119339239281
527,0.40023693408006367,0.8688179046005071
528,0.38588210067834505,0.9331563758470488
529,0.5719193502252647,1.0058949139343882
530,0.47247724085419884,1.005388971971796
531,0.6661635350732091,0.9465611073730781
532,0.5959994549119995,0.8705536912568999
533,0.24150983973708445,0.9489375656043256
534,0.1395722764008764,0.7313231377724644
535,0.4428162232970062,0.7381495528327736
536,0.7999977570458385,0.7979830567397069
537,0.5227167815413335,0.9082181236249839
538,0.17562626439863072,0.9308385958200992
539,0.36504332760958935,1.0085342091874416
540,0.6425054276028495,0.8152802363484374
541,0.6076834735720928,0.8678258045101187
542,0.1442188664723025,0.7495060296940734
543,0.07715714867664752,0.678178598157652
544,0.06290990158396247,0.6245963253361613
545,0.05672609371333821,0.564002476813854
546,0.5637218675288322,0.6976489532617615
547,0.2898364333632333,0.8157819991942719
548,0.4999965424588469,0.8890664800685071
549,0.17221585339809864,0.7490647155603675
550,0.18390845168140466,0.8288589444566999
551,0.2790195076032007,0.9618526022298314
552,0.44621939676436656,0.9494559418496269
553,0.24187071023617476,0.9248255875309104
554,0.5540466625162112,0.9714236754431109
555,0.2975547180261997,0.9557117015919263
556,0.5229273354923559,1.0416921676496236
557,0.46691664178086206,1.0575552218508333
558,0.40950884264846954,0.9964324520955332
559,0.7154569749307176,0.9874239915928767
560,0.6672023233101173,1.1077016607815526
561,0.4207034002722115,1.0045843949477142
562,0.43802575015451406,0.9491406229034802
563,0.5251183994472076,1.0615911220068897
564,0.5264027089334044,1.1136651162096425
565,0.3737178829396874,1.1049566705853007
566,0.08540406831547259,1.0022373095929213
567,0.5076563347696822,1.0286191548423524
568,0.36866591856499786,1.053674125847655
569,0.223219318904888,0.9719519994139563
570,0.22078572197452637,0.927129032452863
571,0.16142703301270672,0.9811418535663022
572,0.2720787479477701,1.0472619220388675
573,0.45161547445722217,0.9251234043234583
574,0.46996912966487847,1.0047270773386474
575,0.4287423317076326,1.0480546563748387
576,0.43383774050171187,1.0404563008753773
577,0.5447638312685665,1.0516221992032335
578,0.3525532237730356,0.9372836304294401
579,0.49153903089549333,0.9491700097114647
580,0.45533636416580225,1.0364812245007036
581,0.5506906865026633,1.1034721093621256
582,0.56227415283952,1.0226825275824205
583,0.7071195346390448,0.9915890192821164
584,0.16905330643723918,0.9264836897221648
585,0.4257322731695603,0.9623123940158921
586,0.2778692225409013,1.0004213750649569
587,0.4047799748981284,1.0932914419815678
588,0.594671774945549,1.0718515235595094
589,0.44701086066056606,0.9704230862784593
590,0.6210058755918744,0.9778001353766187
591,0.01752098992461353,0.8567887045702046
592,0.5252453537645455,0.8796470610986572
593,0.41199692095498425,0.889193951800228
594,0.5950961741778822,0.8382818388418815
595,0.052434104250141854,0.8659296205375326
596,0.28196315372457814,0.71395224989471
597,0.3220883040556632,0.749905866924065
598,0.4668694306271749,0.8648892972948519
599,0.12003733552498513,0.65820498556243
600,0.2279498474783283,0.695256993716077
601,0.33707682449653287,0.757075315410987
602,0.23082735977330965,0.777996821763998
603,0.03361548976873948,0.8831621434452703
604,0.6810835838477123,0.7717722558010618
605,0.47217294197512566,0.8299445946611163
606,0.46658283207710627,0.7850509632044949
607,-0.08372607465842498,0.7464190905010082
608,0.5907454126629839,0.6809583038080589
609,0.5185822576192662,0.6799468397846335
610,0.35503605435848523,0.5738125262910478
611,0.24973027947517445,0.5791843079703775
612,0.23038102504251826,0.6318085253504532
613,0.4447758101654488,0.7447698719472117
614,0.11343717404213859,0.6661723727866811
615,-0.013103524109197467,0.6881632196527944
616,-0.03584906004359648,0.563467302276932
617,-0.19991630224739274,0.5727798446097443
618,-0.11793391497567399,0.5834765830439037
619,0.07414038216732606,0.5435529430715018
620,-0.11541052335070948,0.47716096970125405
621,-0.03837257769033757,0.468606707005899
622,0.44444196797408564,0.597658907926963
623,-0.043503997863419394,0.4637441012930754
624,0.0214317581995036,0.47837303867804054
625,0.027205156858727684,0.4663112332912954
626,0.500718247477881,0.4502669480398958
627,0.505892572603907,0.5712436482032158
628,0.36850151211660026,0.6798745491578371
629,0.3647871919519459,0.7053213059750052
630,0.35877068284767344,0.7054625524497693
631,0.341820470176391,0.6629503493726432
632,0.618574168835945,0.8617034526044357
633,0.04368408145920172,0.6245125945183452
634,0.44597264393387165,0.6795643810663642
635,0.5515593663395412,0.7519875052602086
636,0.9248112495658973,0.6435332603751993
637,0.6882902383726877,0.7649632906862014
638,0.6673760446563124,0.7906104689280138
639,0.45695336651584556,0.6354008266425102
640,0.1829509412327988,0.7100510114358146
641,0.2650413903583855,0.7858201987260652
642,0.5332312910128144,0.7177174565735758
643,0.5408728774260174,0.8670394590873943
644,0.4858896187470357,0.9931309907821518
645,0.6622537071643745,0.7972745729250575
646,0.6266181515967154,0.821872515913596
647,0.7759740888829469,0.9022333997481429
648,0.6236794729928377,0.9484595143910908
649,0.45593589486946373,0.9328286702520763
650,0.5900563702034738,0.9631180034982181
651,0.4921691671308935,1.0004106959608687
652,0.17993828006824425,0.9230648725671734
653,0.6486626776686255,1.0000733146946192
654,0.1695594005311177,0.8435148160266396
655,0.6362398932876255,0.9244335353450032
656,0.7102273622921021,0.9878280463280266
657,0.32641937027741535,1.016030448210745
658,0.4694706135602292,1.067395891463676
659,0.5255799967491963,1.0772754574240486
660,-0.11461765068734632,0.9701964665577585
661,0.3777928395033523,1.028064182325571
662,0.6266228953956291,1.11337536878033
663,0.23461896701267967,1.061441141948491
664,0.6176043981844609,1.1552741329632592
665,0.25668253260937834,1.0164513476992285
666,0.317019082908564,1.0387090867577806
667,0.48026351442492216,1.007253717695407
668,0.41344594964008985,0.8923962206648733
669,0.2076153796618254,0.9587302999945044
670,0.3196448344768233,1.0677092168154696
671,0.1318598861475964,1.1485779022175464
672,0.258735142475478,1.118199077811533
673,0.3998084240720848,0.9637876043865871
674,0.42949595540485214,1.047676560331746
675,0.49500509669295367,0.8860005344177532
676,0.3019430072268022,0.931524907518389
677,0.3555249453747499,0.9327331030129171
678,0.3879666164716719,0.9928764579580226
679,0.3325852405057483,1.023176204012697
680,0.07202524608679188,0.9188976239360378
681,-0.1724733080668743,0.7769382595734952
682,0.2776445575788633,0.6993947079192492
683,0.3414045513518063,0.6478852533939623
684,-0.21278432817838697,0.5587726374125973
685,0.19896713323546494,0.4663128492266448
686,0.18865502350323105,0.5702215791396894
687,-0.1015072967616403,0.42775004340069867
688,-0.1357230340479143,0.4047876001615628
689,0.30157317003319206,0.35851066249647173
690,0.6091780765068474,0.5017852994466322
691,0.20192020674364264,0.5948951595162157
692,0.24532412614663626,0.5532977054713883
693,0.25422462180898014,0.5943590346255341
694,0.414241840351598,0.52929630348155
695,0.364217002750299,0.4840917228699994
696,0.4828623255412208,0.4750227473640552
697,0.07623395129269296,0.4606554206473305
698,0.25359354283244384,0.5611742651816941
699,0.1797125459879962,0.6921824845147257
700,0.4430694841222067,0.6172683829888231
701,0.06817227045624433,0.6051501057572529
702,0.20866959788966424,0.6554049152111154
703,0.5729661838062021,0.8053203963082742
704,0.6926455293304108,0.9050119904199523
705,0.2574805925551181,0.8593092392905805
706,0.788239093029522,0.883933681415364
707,0.5005840189079164,0.8095559753017044
708,0.1671390890957027,0.9322808290162291
709,0.2784962536822045,0.8781311902856166
710,0.16389378310814437,0.8618378300591251
711,0.6922777047949693,0.7655261346483537
712,0.21781030613028182,0.803166281137386
713,0.30200746656910704,0.7062286381366334
714,0.420636931352465,0.6567747862406532
715,0.5508203113491186,0.7135205627799895
716,0.16506423477467946,0.7147476956680167
717,0.3719685882750211,0.8443696400238858
718,-0.0495357497649755,0.7307843409055013
719,0.433923826338956,0.8671061667460288
720,0.6242891660937879,0.866426336910549
721,-0.1637379601713385,0.7261412099842044
722,0.4826086150536961,0.7541749775210196
723,0.5042476809968903,0.8058671455786582
724,0.12956421024513862,0.8196486335768214
725,0.4860122430867613,0.919420514624168
726,0.45505978593509483,0.9907441586518018
727,0.5841359847283831,0.9631451916058215
728,0.7074239616674796,0.8999027838486493
729,0.7052565853861024,0.8265793915722717
730,0.6085632443097265,0.9246448684147243
731,0.21761446646118102,0.9861050246428955
732,0.09179739963769666,0.8317817532974832
733,0.2479993786986396,0.8185987843023834
734,0.5580987901488886,0.7399411522900415
735,-0.1676679480267248,0.669605689063461
736,0.33691883310269877,0.7444757495240514
737,0.5855648115743515,0.8563923583329848
738,0.3870954879459193,0.7288280874423523
739,0.49463973446431203,0.8732971285170167
740,0.356777536706385,0.9855369299137643
741,0.4963255276792456,0.9553785790724443
742,0.13991934303772124,0.9000956827311098
743,0.49655176186804506,1.024059725620807
744,0.18281439902528698,0.9383321781601606
745,0.5220246984736633,1.0079777810568784
746,0.30500840696806625,0.9415935190329173
747,0.5569176007241033,0.8975924370974403
748,0.5913341338593784,0.9304942128844604
749,0.5530707162980502,1.0426797867244675
750,0.4485402283861896,1.0820221616500636
751,0.45401014080211727,0.9833764019122313
752,0.06684860156567146,0.9064650233846647
753,0.3885421245368346,1.0639515558031347
754,0.7453509778067253,1.1281523191050673
755,0.8218274444894148,1.062038907258093
756,0.4105807585535183,1.0144821715312051
757,0.15893133194037995,1.022063491879601
758,0.27966800108305045,0.9106971394165656
759,0.4478794064678158,1.068136744605875
760,0.5834628322682601,1.0150326388581683
761,0.30942030060583536,0.9456797819396324
762,0.3932420819792719,1.0513360278470347
763,0.37120178393687414,1.1003993963253467
764,0.5029979313501128,1.1445437852294724
765,0.5210662867176847,1.070175310791125
766,0.6573269290256982,1.0433518353810867
767,0.4964648953713473,0.9387506365353019
768,-0.056337526179590924,0.9039922361088986
769,0.5947410326003733,0.9062914065858114
770,0.2549691252732555,1.025946159525043
771,0.4052057472617825,0.932614887510739
772,0.32817581661291445,0.9413522094517817
773,0.5106896839759781,0.9508500928280756
774,0.4296175742603577,1.0352396127065775
775,0.36099524708283964,1.0757069354472397
776,0.5070030463735072,0.8621474776961304
