t,lambda,delta_s
1,-0.4383784167102533,1.1253896584311747
2,0.057973590632268514,0.9650976851631219
3,0.35739152668929763,1.038393338137222
4,0.5678102183797336,1.1627382026935962
5,0.6702223891442413,1.0433763212111786
6,0.39874603126415287,0.9679384768107173
7,0.24259358422451135,0.9553842880324728
8,0.6005558073898676,1.0443634712698409
9,0.2887792690686345,0.7491100135941309
10,0.5497809153504393,0.7440738398262898
11,0.33202471264242633,0.7774395644763769
12,0.2600193024775456,0.6590919117072055
13,0.37777786824639226,0.7484171943313929
14,-0.1356771590214917,0.5365531290276606
15,0.08039897821596563,0.4654031448476481
16,-0.34030627805369484,0.45903923228233173
17,0.23095177174029372,0.5509314130015489
18,0.4212283143194774,0.6040229278837447
19,-0.007841865718589077,0.3975151376393387
20,0.27772713409131244,0.43967515550047204
21,-0.02502097782876892,0.32997040748608036
22,0.18982756182930627,0.4055639614973769
23,0.44203286448945667,0.46605919594265177
24,0.30770824933899177,0.5376643731778507
25,0.48595227534320395,0.5802497491438906
26,0.48786167634827904,0.43097954920877224
27,0.31346785520804177,0.38667716544800673
28,0.9237421109725034,0.4539520414852732
29,0.21787545850048506,0.49779905076948383
30,0.057738095071611886,0.48895985486370475
31,-0.014894113146002433,0.44961189762718595
32,-0.012703407116083682,0.38229982047314753
33,0.6002683309719279,0.4426037033124785
34,0.5453327013549253,0.4895884191160469
35,0.24900634994865004,0.5643655384641497
36,0.5815445175499522,0.43101856573491615
37,0.35841444634603026,0.3919899094137521
38,0.4425603773935129,0.29459052601463176
39,-0.49673160201608413,0.2743738557237007
40,-0.1856209916987135,0.18441325423032778
41,0.38144675572402204,0.2100716936562762
42,0.36881897271677744,0.248525613389904
43,-0.12228628431740167,0.16888187370151667
44,-0.5010357327367453,0.16549372157078768
45,0.048364922186916036,0.1091984274258334
46,0.17587407840556632,0.1262070795249565
47,-0.3671870619763403,0.05943109939383327
48,0.03960643915503904,0.06983509881402163
49,0.14869507350950828,0.08037319061367093
50,-0.19998756887240265,0.04147020182671038
51,0.1449471806755323,0.03831752080363723
52,0.09285711347747043,0.03944453471038133
53,0.038913016210016395,0.039633687353991275
54,-0.013267723798435178,0.04022107190569192
55,-0.3313624857255675,0.020031571041504978
56,-0.2993987181074027,0.02106331675843431
57,0.00867040002249409,0.021083905022796244
58,0.0736845016611755,0.019752159147470614
59,0.011280465341996972,0.017339032750697737
60,-0.6080050282870711,0.009852042319688649
61,-0.34749567669224735,0.005871493468825422
62,-0.29107827444741785,0.004914080411553236
63,0.0009123442535834509,0.004363710717323085
64,0.0012088785525428457,0.0037682172997581132
65,-0.6780584514324234,0.002132265012229408
66,-0.4599570544756826,0.0011857706792785091
67,-0.2327804045566221,0.001047508605421742
68,-0.4383714312031466,0.0005821098086482541
69,-0.25626852267524775,0.0005139300327568972
70,-0.4287076768822591,0.00028552745638560085
71,-0.2964793253139596,0.0002519574195200507
72,-0.39027635635204283,0.0001399821744772118
73,-0.019640978611607105,9.030480561044506e-5
74,-0.009675336560504162,7.602260605774775e-5
75,-0.07722139573796097,7.084523325597602e-5
76,-0.13706197392724268,6.284933241578115e-5
77,-0.17108556130740435,5.375247036532339e-5
78,-0.19187319518850696,4.479349448848838e-5
79,-0.21427586885852085,3.65081669722127e-5
80,-0.4950841149444437,2.194861679836051e-5
81,-0.2140472062913386,1.7889194535356158e-5
82,-0.20313498631902444,1.43143251177917e-5
83,-0.5100922671631192,8.76566660235528e-6
84,-0.19467845849721557,7.014053165020995e-6
85,-0.5147742526005409,4.295167357100959e-6
86,-0.3898822201137238,2.582141957394467e-6
87,-0.3200697915015029,2.104634681190739e-6
88,-0.1622030348401259,1.6840809828305996e-6
89,-0.09189416109833172,1.3274616776207e-6
90,-0.604165114526592,8.251997970072831e-7
91,-0.47052791014649314,5.053218805469132e-7
92,-0.24097291428616527,4.043480132152115e-7
93,-0.06269134921681435,3.187238456381094e-7
94,-0.05666958741748723,2.4818240572427996e-7
95,-0.10943041878569493,1.9132689415854473e-7
96,-0.597412935286617,1.2160936890795926e-7
97,-0.1045163908685943,9.37501867384467e-8
98,-0.5855293924552806,5.958859126168209e-8
99,-0.5294760814923306,3.749752603440214e-8
100,-0.33512815760733616,2.330983331613959e-8
101,-0.3659313167507247,1.837378799433259e-8
102,-0.1548823131798981,1.43072214379013e-8
103,-0.5476902276374083,9.003156088516612e-9
104,-0.18482656132563047,7.010538533400069e-9
105,-0.5205445057737277,4.411546473717641e-9
106,-0.16804402519818532,3.4351638923555086e-9
107,-0.5364470098438386,2.1616577711947e-9
108,-0.1978367602952613,1.683230307640737e-9
109,-0.5375902235444386,1.0592123074263194e-9
110,-0.29531662573993844,6.584450773544775e-10
111,-0.4248986260788263,5.190140307129025e-10
112,-0.3081548213399418,3.226380878675201e-10
113,-0.14646271248984405,1.97571313843435e-10
114,-0.5581318195718272,1.5809266305984635e-10
115,-0.40812665602447096,1.2461526879356375e-10
116,-0.227078549340588,9.703487754810218e-11
117,-0.15401071317492285,7.48054086115321e-11
118,-0.5543170186869407,4.754708999743546e-11
119,-0.4504548579303269,2.9920126035152313e-11
120,-0.27029279066675754,2.3298074098476084e-11
121,-0.19023550897462005,1.7960778607229897e-11
122,-0.16711080385321123,1.3731234266779345e-11
123,-0.5174048819426613,8.800781517643055e-12
124,-0.19951234539129323,6.728304790672592e-12
125,-0.49385941317152526,4.312382943655123e-12
126,-0.39257391419188337,2.7409951197225046e-12
127,-0.32277734666913754,2.1130676423861856e-12
128,-0.36078791722097225,1.3430876086663837e-12
129,-0.349621451239777,1.0354031447680727e-12
130,-0.25791903417360074,7.915783303107377e-13
131,-0.43755656690917666,5.073475409364108e-13
132,-0.2699514637353225,3.8787338185209754e-13
133,-0.18334145900378607,2.944562659279345e-13
134,-0.519258378725645,1.900579571075468e-13
135,-0.21033090729416826,1.442835703046969e-13
136,-0.4896015265485715,9.312839898269967e-14
137,-0.21495623688140686,7.069894944929595e-14
138,-0.4849530166189778,4.563291550152552e-14
139,-0.21839711029430148,3.464248523015368e-14
140,-0.13845598813543725,2.6141665623138454e-14
141,-0.1331097740802988,1.9624960109943594e-14
142,-0.1508072570333533,1.466650308160688e-14
143,-0.5599946833607905,9.616230453872382e-15
144,-0.5545325016623276,6.276613916115574e-15
145,-0.15589255344564484,4.711952922397455e-15
146,-0.14623612765745525,3.521427389893758e-15
147,-0.5700661585061488,2.30885693197476e-15
148,-0.50998018419325,1.5070150012593613e-15
149,-0.34449491418382916,9.785644641366575e-16
150,-0.18515742749390215,6.316182892755883e-16
151,-0.13541611811382417,4.0482410091867387e-16
152,-0.5736548414231063,3.0949296174503826e-16
153,-0.5260878433002951,2.3495332783921166e-16
154,-0.18724106818319577,1.516515512550687e-16
155,-0.5252664706912857,1.1512713064121371e-16
156,-0.38166853827116265,8.687641586274966e-17
157,-0.32658527906557244,5.64122940141947e-17
158,-0.1740026333632538,3.641153745634201e-17
159,-0.1315627047955045,2.33373038180007e-17
160,-0.1437202114440021,1.4833431239487686e-17
161,-0.16890230919268462,9.334285910264524e-18
162,-0.19630334337517197,5.802533224531781e-18
163,-0.2161407278577314,3.553251013513945e-18
164,-0.23058656871335761,2.1361025303060142e-18
165,-0.24183090234050708,1.2559032357019126e-18
166,-0.4696968691832095,1.046690239849947e-18
167,-0.4714226222433913,8.53135568344698e-19
168,-0.24332148230962905,5.128782175264739e-19
169,-0.46785497411633026,4.1803642848890196e-19
170,-0.454466537828573,3.3450449335314025e-19
171,-0.26069370761965655,2.0483784995956202e-19
172,-0.4481245947230342,1.639072017430387e-19
173,-0.26636050660947264,1.0037054648018535e-19
174,-0.24949694035945166,6.033960941377209e-20
175,-0.4610874340583798,4.9181567775290817e-20
176,-0.25368063738556534,2.956640861274833e-20
177,-0.4542544146666339,2.4098968209892496e-20
178,-0.2593449967294533,1.448754022024668e-20
179,-0.45010418000950747,1.1808494422847323e-20
180,-0.2633166827859698,7.098894707920872e-21
181,-0.4461428864981872,5.786162267195185e-21
182,-0.261930400935169,3.478458406881225e-21
183,-0.22068098571598657,2.0451299066767233e-21
184,-0.4897845525807892,1.7044446193718004e-21
185,-0.226913714833248,1.0021136542715942e-21
186,-0.48583733268620954,8.351778634921825e-22
187,-0.22821696577742995,4.910356905930811e-22
188,-0.4822745005125848,4.092371531111694e-22
189,-0.23442810063806724,2.4060748839060976e-22
190,-0.2056681415385613,1.378257010859667e-22
191,-0.20077407368825717,7.610635062885993e-23
192,-0.508935228118581,6.753459353212368e-23
193,-0.20427967609865577,3.729211180814137e-23
194,-0.20466052020704523,1.9635480267996206e-23
195,-0.2179911655413323,1.149691664980058e-23
196,-0.4965010694472424,9.621385331318142e-24
197,-0.2197905590847486,5.633489158402282e-24
198,-0.22649890650700444,4.291877241171997e-24
199,-0.48335042359458796,2.760409687617118e-24
200,-0.22698952734111785,2.103019848174279e-24
201,-0.48438295520941355,1.3526007469323875e-24
202,-0.4808040155503345,1.1319463628442478e-24
203,-0.46300910331671696,1.0534098568740566e-24
204,-0.41975220005719793,9.347657050809202e-25
205,-0.29518270446972217,5.161708298682876e-25
206,-0.4191573372994144,4.5803519548965115e-25
207,-0.29443359947808984,2.5292370663546094e-25
208,-0.4160894099591445,2.2443724578992895e-25
209,-0.29818089168645734,1.2393261625137585e-25
210,-0.41195802906160217,1.0997425043706514e-25
211,-0.34112816818475533,9.407322225562914e-26
212,-0.2799961524363144,7.840215771971507e-26
213,-0.430750916841099,4.6095878905258277e-26
214,-0.3774412291502081,2.6404817529939333e-26
215,-0.334717765297833,2.258698066357655e-26
216,-0.3786906700691087,1.2938360589670274e-26
217,-0.3366693178367117,1.1067620525152509e-26
218,-0.375324101695523,6.339796688938431e-27
219,-0.3249476353597234,3.5007896634828814e-27
220,-0.3878829259918856,3.106500377579831e-27
221,-0.3251159407533481,1.715386935106611e-27
222,-0.28176603008542805,9.032056561868141e-28
223,-0.25505347203225687,5.288426870685313e-28
224,-0.45255132973253714,4.425707715315386e-28
225,-0.26032381247424485,2.5913291666358037e-28
226,-0.24150582142932742,1.9742057474418961e-28
227,-0.469575754477646,1.2697512916515432e-28
228,-0.4496588978131202,1.0626124224472245e-28
229,-0.26398275806408383,6.22178132909256e-29
230,-0.24319198543312176,4.740067999607992e-29
231,-0.4678468751460172,3.0486728512553534e-29
232,-0.2459087744014945,2.322633319807916e-29
233,-0.2354264711369717,2.050147444016271e-29
234,-0.4703653106144581,1.1380903267058787e-29
235,-0.44395684129309315,7.319863515864103e-30
236,-0.26926941651822267,5.5766426008588025e-30
237,-0.24172968772235834,4.922404013083065e-30
238,-0.47354603787290905,2.7325548744208135e-30
239,-0.2407805947980055,2.4119779664107016e-30
240,-0.23048753480593007,2.092978688756893e-30
241,-0.48181691353060524,1.1818692035412437e-30
242,-0.23300376884263974,1.0255595574908774e-30
243,-0.4749230778570215,5.791159097352094e-31
244,-0.2396770861463405,5.0252418317052984e-31
245,-0.23137133239617277,4.26070775124605e-31
246,-0.47726611127123386,2.462368497535597e-31
247,-0.4502372782293038,1.3904572992742371e-31
248,-0.39464641845157655,7.718791185581827e-32
249,-0.32201269630941964,4.964500326564633e-32
250,-0.3873680924702575,3.782207680935094e-32
251,-0.30984081721002166,3.338487975557442e-32
252,-0.3995897442052542,1.8532817636581957e-32
253,-0.31207061466172253,1.191976528408168e-32
254,-0.24759287678985498,9.975253222263552e-33
255,-0.46295953289412306,5.840684989200022e-33
256,-0.39348650548292596,4.449729514543326e-33
257,-0.3120966584802562,3.927697718363575e-33
258,-0.399891239462181,2.1803674621262292e-33
259,-0.31226643294015516,1.9245718819981524e-33
260,-0.3993355210600126,1.0683800564418522e-33
261,-0.3136808582934343,9.430402221790941e-34
262,-0.24411452953073315,8.183172131537313e-34
263,-0.46828663670011417,4.62089708867756e-34
264,-0.39829257081727054,2.5651805155168883e-34
265,-0.31096633765790543,1.6498489466548372e-34
266,-0.24462263200705522,1.3807034475205038e-34
267,-0.21669485522906726,1.2849077207010896e-34
268,-0.48829042940124445,6.765446892850468e-35
269,-0.4460914962588554,3.961287320918263e-35
270,-0.37966892697706905,3.017909224700461e-35
271,-0.3319826172084399,1.9410307872499492e-35
272,-0.26898152412916204,1.6243837989733976e-35
273,-0.43662265809862,9.51105085752475e-36
274,-0.36464327412470443,7.24600004850581e-36
275,-0.3510526955526485,4.660414920187128e-36
276,-0.35798133478948396,3.550540023767845e-36
277,-0.3528235872236247,2.283603310891691e-36
278,-0.2860841307736332,1.9110712956542112e-36
279,-0.2461968676698046,1.778477678900607e-36
280,-0.23226263689473606,1.5781701022064428e-36
281,-0.23346227831344984,1.3499846208728351e-36
282,-0.24071426189039338,1.1250992006764015e-36
283,-0.2501903374603545,9.170450907718722e-37
284,-0.45271922661533903,5.512986083314366e-37
285,-0.2655524069063656,4.4935209447821734e-37
286,-0.2617462804365736,3.5956267075561567e-37
287,-0.26194785826917577,2.8342238025933996e-37
288,-0.4423887645155098,1.7618570867025156e-37
289,-0.4217845140551626,1.0788943788421999e-37
290,-0.38761232164589304,6.485972997158516e-38
291,-0.3270343916094045,5.286582456326775e-38
292,-0.37512562722925386,3.178126768607674e-38
293,-0.31949306025611385,1.8685524854434004e-38
294,-0.27198863672258067,1.070351376196873e-38
295,-0.2452639956643581,5.910402522248895e-39
296,-0.2358844819855889,3.112014484419654e-39
297,-0.4763698217158775,2.8960972359019588e-39
298,-0.236731752816093,1.5248870973656307e-39
299,-0.47527100711524584,1.4190876455919596e-39
300,-0.24064810174799062,7.471946777091589e-40
301,-0.23959361400122914,4.3749553428536805e-40
302,-0.47231315263642004,3.6612539207748778e-40
303,-0.24175220827743574,2.143728117998304e-40
304,-0.4689723101860484,1.7940144211796905e-40
305,-0.24338936372549133,1.050426777819169e-40
306,-0.466093695891808,8.79067066378048e-41
307,-0.43918755702392603,8.180757878396171e-41
308,-0.2759425845732696,4.3074286252524343e-41
309,-0.43481520696591336,4.0085713604141224e-41
310,-0.3804000283833376,3.557091297022752e-41
311,-0.3276446023037393,1.9641999666029203e-41
312,-0.2596764598989855,1.0342136129231093e-41
313,-0.4504659300711927,9.624579836354305e-42
314,-0.2619676871876837,5.0676467033232347e-42
315,-0.2132169873835776,2.9671956562073727e-42
316,-0.4913201489370691,2.4831468846283857e-42
317,-0.21889649141938505,1.4539258715416122e-42
318,-0.48440147223861924,1.2167419734679083e-42
319,-0.2247678281314203,7.1242367705539e-43
320,-0.48451438182458334,5.962035669992752e-43
321,-0.3784030144078762,5.548378746519511e-43
322,-0.33645548798275776,2.921397478296447e-43
323,-0.3757057984770675,2.71870558579456e-43
324,-0.3328079120130393,1.4314847643652592e-43
325,-0.38354532198201974,1.332165737039334e-43
326,-0.3263630392797895,7.014275345389768e-44
327,-0.21112989362706513,4.1069807259125885e-44
328,-0.16432969070917286,3.128905836480812e-44
329,-0.5428805042471138,2.012420555697168e-44
330,-0.17037681876848004,1.5331638598755975e-44
331,-0.16197836285333092,1.3532966834566992e-44
332,-0.5438472186463381,7.512502913390425e-45
333,-0.1703998048048116,6.631153748937825e-45
334,-0.1710617981870807,5.754141899998605e-45
335,-0.5394355679104181,3.249265336979533e-45
336,-0.17164314275004774,2.8195295309993167e-45
337,-0.17692904861764527,2.390569793438039e-45
338,-0.1869743078459388,2.0318788240025794e-45
339,-0.19696840504941174,1.681896967200114e-45
340,-0.20536910158300656,1.3620243377302037e-45
341,-0.5105141249252821,8.24129513928056e-46
342,-0.5124972127780122,4.878541056430191e-46
343,-0.4763509613645185,2.8124814562819166e-46
344,-0.3810743656989613,1.6254026659834372e-46
345,-0.33072010494733767,1.3781159135781391e-46
346,-0.3760082443454146,7.964473063318845e-47
347,-0.3295060634884525,6.752767976532883e-47
348,-0.21264819846731517,5.739554767479555e-47
349,-0.15774880273422345,4.750942646021968e-47
350,-0.14814060228682335,3.847381639443992e-47
351,-0.5663151284759398,2.3279618965507644e-47
352,-0.1439725210134324,1.8852170033275558e-47
353,-0.5686144064829949,1.1407013293098746e-47
354,-0.5244562672788109,6.752528788392017e-48
355,-0.3746186357119434,3.8928363583884724e-48
356,-0.3291309388871643,3.3087391063120897e-48
357,-0.1659292718312385,2.738823891673008e-48
358,-0.11664592026519652,2.217938952244835e-48
359,-0.5940775929143225,1.3420237069197736e-48
360,-0.5165256868605502,7.944282594255318e-49
361,-0.30758508842117577,4.579883047280451e-49
362,-0.13962666846620228,2.646827803367323e-49
363,-0.5667507499388977,2.2441426931674206e-49
364,-0.14591104753588677,1.2969456236499878e-49
365,-0.5647480986356632,1.0996299196520358e-49
366,-0.38317254206897156,9.346369029315444e-50
367,-0.32698653648304354,5.388186606294976e-50
368,-0.37764691252355687,4.579720824364567e-50
369,-0.16408123245878586,3.790884807760657e-50
370,-0.5445670007844915,2.244063203938638e-50
371,-0.1623218366480355,1.8575335558027222e-50
372,-0.09089605756864214,1.504257371582982e-50
373,-0.10900393617034637,1.1973104741887922e-50
374,-0.14110374608152726,9.40986662923205e-51
375,-0.5675771149958385,5.86682132352508e-51
376,-0.14343508230258029,4.6108346483237043e-51
377,-0.1625533459564974,3.592734086967697e-51
378,-0.547360342131834,2.2593089776786153e-51
379,-0.16092177462676988,1.7604397026141716e-51
380,-0.5479956990429197,1.107061399062521e-51
381,-0.5145511604606222,6.90225661891402e-52
382,-0.19600366072868824,5.424600855406352e-52
383,-0.5045113618989949,3.382105743267868e-52
384,-0.35600140386684787,2.082085830430142e-52
385,-0.3568715325857102,1.6572318142012553e-52
386,-0.3478180017580694,1.020222056910769e-52
387,-0.1881835915810766,6.173128369069587e-53
388,-0.1317516762786443,3.6542630358641604e-53
389,-0.5809901777062684,3.024832900844096e-53
390,-0.5208829217290307,2.449553158642756e-53
391,-0.34057210671416394,1.9497166570896346e-53
392,-0.16779235430837827,1.5323154773565213e-53
393,-0.11282662431799217,1.1939708246723621e-53
394,-0.5942960570059944,7.508345839046953e-54
395,-0.11593185217934045,5.850457040894574e-54
396,-0.5891616309824756,3.679089461133006e-54
397,-0.11649181990084755,2.866723950038341e-54
398,-0.5901237900631453,1.8027538359551726e-54
399,-0.11766925781901043,1.404694735518787e-54
400,-0.5843184714086261,8.833493796180349e-55
401,-0.4003410630441939,5.5074669819084186e-55
402,-0.15948658809689895,3.3904968782891084e-55
403,-0.07851659421447221,2.0515114648652366e-55
404,-0.6405728839385662,1.6613434703616627e-55
405,-0.06625955735355812,1.0052406177839657e-55
406,-0.6487741567871464,8.1405830047721465e-56
407,-0.5305112781283763,6.47947982954543e-56
408,-0.21255743085069514,5.092333386971424e-56
409,-0.05376002350524722,3.967914951846583e-56
410,-0.6537451145878872,2.4952433596159977e-56
411,-0.45892001704052143,1.5557231070738577e-56
412,-0.2513456586555456,1.2226692462118384e-56
413,-0.448172302507104,7.623043224661902e-57
414,-0.12001929602496879,4.6928841046493465e-57
415,-0.5902246554758424,3.7352911800843323e-57
416,-0.1164842318758606,2.2995132112781794e-57
417,-0.031042971859671295,1.391382409685853e-57
418,-0.07128551721329854,8.236467807704035e-58
419,-0.11895576199404528,4.7483279747944166e-58
420,-0.5990449245046807,4.035869225774977e-58
421,-0.6411669211129476,3.3407091656557325e-58
422,-0.6204914021124861,2.7053542979366646e-58
423,-0.39005575026119854,2.1533210330241332e-58
424,-0.12649471251755423,1.6923316188648225e-58
425,-0.06799875995896437,1.3186544210079906e-58
426,-0.10147043952170397,1.0179577347910822e-58
427,-0.13645917269226618,7.792006892136835e-59
428,-0.5928241219123298,4.987992900476302e-59
429,-0.6507102877454246,3.166089264840184e-59
430,-0.057972494253661265,2.444116521233387e-59
431,-0.09913124515887978,1.8708608548020527e-59
432,-0.13637808860021655,1.4217605589392582e-59
433,-0.16949990682136246,1.0738224920904478e-59
434,-0.19018456413670765,8.067293900783041e-60
435,-0.20649747375817012,6.032699342907752e-60
436,-0.2228188975337943,4.4929261695280413e-60
437,-0.4901077608943292,2.956022678024799e-60
438,-0.21952484955481008,2.201533823068739e-60
439,-0.4963113385429621,1.4484511122321514e-60
440,-0.5045811350176324,9.491090601332237e-61
441,-0.4950682071235611,6.190372976225502e-61
442,-0.4487239342038446,4.016121679047459e-61
443,-0.25811293369260113,3.0332827583504963e-61
444,-0.1950622399974937,2.278810853379869e-61
445,-0.5143662237256611,1.486308551591743e-61
446,-0.4245306942327947,9.642708151392949e-62
447,-0.28239664031641337,7.282911902799541e-62
448,-0.4303426030797572,4.7249269941825465e-62
449,-0.27021817166706646,3.0465352557580254e-62
450,-0.16276195116291348,1.950215963246472e-62
451,-0.5465578093942762,1.4928022753214325e-62
452,-0.16747099029792287,9.556058219907711e-63
453,-0.5419884247849839,7.314731149075018e-63
454,-0.4125204464921374,5.55882935938582e-63
455,-0.2989708164801913,3.584218263046759e-63
456,-0.16218893460460296,2.2944095785998405e-63
457,-0.1322854367946863,1.4563584353253153e-63
458,-0.587923433707938,1.1242606935139213e-63
459,-0.5667398587867313,8.605708049575266e-64
460,-0.4409187128472723,6.53990715302382e-64
461,-0.2749622177978823,4.2167969442918776e-64
462,-0.4319722355337658,3.20455450498167e-64
463,-0.23393940432070096,2.4203250561025756e-64
464,-0.13075706884406987,1.818314824547748e-64
465,-0.5748445299135576,1.185959277490262e-64
466,-0.4518256251835304,7.69413536646099e-65
467,-0.255006258636669,5.811200459702282e-65
468,-0.13480807627563585,4.36577389373914e-65
469,-0.12309021157994894,3.264713251303208e-65
470,-0.5816787600748944,2.139229207932179e-65
471,-0.5423271812510815,1.3952692303745177e-65
472,-0.17599624671910982,1.0482223118867675e-65
473,-0.5324764094146315,6.836819228835136e-66
474,-0.17652629914278692,5.136289328245159e-66
475,-0.527178374714448,3.3500414221292156e-66
476,-0.18525121643345388,2.516781770840128e-66
477,-0.5245408382954727,1.6415202968433155e-66
478,-0.35661956428930586,1.0649673737055789e-66
479,-0.3432143126204693,8.043449454532245e-67
480,-0.1704075353517675,6.042793031787146e-67
481,-0.545688127732741,3.941290232720801e-67
482,-0.16786838859870434,2.9609685855757016e-67
483,-0.12589732931782047,2.2142038532697095e-67
484,-0.5806097968236726,1.4508746069320932e-67
485,-0.1322485065986476,1.0849598881021572e-67
486,-0.5725378183341613,7.1092855739672555e-68
487,-0.14191133298867736,5.316303451700569e-68
488,-0.13857709172018648,3.9593816209950275e-68
489,-0.5684496651882224,2.6049886913332786e-68
490,-0.5345220602171058,1.706939466309538e-68
491,-0.40801601278525024,1.1133169398690753e-68
492,-0.23737665973395472,7.222854446785264e-69
493,-0.4551610560383813,5.455253005358468e-69
494,-0.25148080575738535,3.5391986789247794e-69
495,-0.45270942904048955,2.6730739726256483e-69
496,-0.25389090019029065,2.008197212718508e-69
497,-0.4616259112145964,1.3098062465865676e-69
498,-0.23868986113501617,9.840166342320684e-70
499,-0.13934253871733512,7.358448292265516e-70
500,-0.5694914471474167,4.8216815077371347e-70
501,-0.4832672336021304,3.144844798054348e-70
502,-0.2275267012148132,2.3626239387911962e-70
503,-0.48654784564654874,1.5409739510466308e-70
504,-0.2275425095809423,1.1576857300076856e-70
505,-0.48909375196356175,7.550772360128486e-71
506,-0.21573017080096307,5.672660077037661e-71
507,-0.1365824181340219,4.241999007370053e-71
508,-0.5712692335971227,2.779603437748453e-71
509,-0.14637246124394612,2.0785795136113244e-71
510,-0.5631946154011512,1.3620056844967422e-71
511,-0.48896158255533617,8.883408173967563e-72
512,-0.3404357566935492,5.763279254467801e-72
513,-0.3667932400131362,4.3528700052441055e-72
514,-0.34240443243034896,2.8240068346892226e-72
515,-0.18481031611711277,1.820861231289948e-72
516,-0.5164154569371802,1.3837633489977188e-72
517,-0.19954991609877773,8.922220033320744e-73
518,-0.13483095135021664,5.711490094753599e-73
519,-0.5745307009954821,4.371887816327163e-73
520,-0.493146770708253,3.3224158009435216e-73
521,-0.21772728416332,2.1422250300003105e-73
522,-0.48454201049267703,1.6279837424623252e-73
523,-0.2765255489536115,1.2295780385959592e-73
524,-0.1298773424920353,9.237436805771853e-74
525,-0.5863943771103849,6.0249323891202e-74
526,-0.12138322349651567,4.526344034828208e-74
527,-0.5900010024527269,2.952216870668897e-74
528,-0.41868436038052365,1.9153065931695006e-74
529,-0.2887820352353562,1.4465862666277597e-74
530,-0.09648775265387767,1.0867752027622526e-74
531,-0.6103045791076692,7.08827270647602e-75
532,-0.09200187091314328,5.325198493535034e-75
533,-0.6113323676573367,3.4732536261732503e-75
534,-0.35963914167280747,2.2533390537979853e-75
535,-0.08610233949895979,1.4529064425808506e-75
536,-0.6176755452681024,1.1041361363610123e-75
537,-0.08953625294797336,7.119241568646166e-76
538,-0.031651442709068375,4.557327385967517e-76
539,-0.07717724749670571,2.89272771653226e-76
540,-0.12567501300328904,1.8191064358612676e-76
541,-0.1637287756934924,1.1341682988915622e-76
542,-0.5409351071954214,8.913621535720208e-77
543,-0.5575732846987687,6.945439247393955e-77
544,-0.5614478985604171,5.361650096316924e-77
545,-0.15444036434830788,3.403265231223037e-77
546,-0.1594351464560665,2.1401605307264216e-77
547,-0.17341163181063834,1.3343376619629332e-77
548,-0.5389838859027043,1.0486786600559462e-77
549,-0.17094912857529954,6.538254543618373e-78
550,-0.182197617698378,4.0250684556834436e-78
551,-0.5123636456431041,3.203744726373003e-78
552,-0.4736092951622111,2.517877462794327e-78
553,-0.3890345080167062,1.9619146808219792e-78
554,-0.29559050407290666,1.514533446007996e-78
555,-0.24677046050104148,1.159306977719272e-78
556,-0.23790690965491107,8.810152462133423e-79
557,-0.45047502382329374,5.680604190824432e-79
558,-0.26858316431051055,4.316974706445378e-79
559,-0.22678126426356968,3.26051001233651e-79
560,-0.4767233130193546,2.1153176061582347e-79
561,-0.3871721972822653,1.363913066216946e-79
562,-0.2752533243132931,8.73098392408034e-80
563,-0.20644402391737743,5.541923379819436e-80
564,-0.18428599927457803,3.4850665099461445e-80
565,-0.5166443781958439,2.715542456111524e-80
566,-0.19664280480150723,1.707682589873611e-80
567,-0.5010149857284387,1.3306158034946466e-80
568,-0.21447085272853839,8.367644690380692e-81
569,-0.4853150283458349,6.520017437123766e-81
570,-0.22547206587032917,4.1001458982865387e-81
571,-0.190074057102063,2.556340523563245e-81
572,-0.48670036594338106,2.0090714901604041e-81
573,-0.36106415058832386,1.5654561866534165e-81
574,-0.2448528983489443,1.2084805604050987e-81
575,-0.1956726371971091,9.250373108685578e-82
576,-0.1897833459817312,7.029820313811112e-82
577,-0.20062672408642832,5.309458840211933e-82
578,-0.21010456302380948,3.9888310436407297e-82
579,-0.20843535838625496,2.9828364643571255e-82
580,-0.20909723811438977,2.2215037163899226e-82
581,-0.49733595106475287,1.4615898675349914e-82
582,-0.4684491755813814,9.577183335781391e-83
583,-0.3865909337247288,6.246525230920932e-83
584,-0.2642916254980445,4.052551517487858e-83
585,-0.45978650633704854,3.0607973631512565e-83
586,-0.31935119141688195,2.2994817189211115e-83
587,-0.374143921010692,1.4997907079441155e-83
588,-0.18605732170871753,9.73017619348835e-84
589,-0.5382237213760518,7.348974468926164e-84
590,-0.15210626900258375,4.76778633480929e-84
591,-0.07576942027536762,3.074170072638516e-84
592,-0.09670638450939271,1.9679061773740992e-84
593,-0.6179633657092835,1.5063433355928722e-84
594,-0.09453847645489839,9.642740269133086e-85
595,-0.13772613810465426,6.120653549211974e-85
596,-0.17653370592806178,3.849003900165189e-85
597,-0.20688167993679718,2.3997596401282084e-85
598,-0.23162664129397786,1.4773356962876435e-85
599,-0.25109556934582,8.939017575259168e-86
600,-0.26714280676255103,5.291566860310245e-86
601,-0.28161542674909734,3.0505910470267745e-86
602,-0.2925065641819405,1.7630120936752955e-86
603,-0.29855828805784146,9.955427210886544e-87
604,-0.29901433513439796,5.526517343912812e-87
605,-0.402208756054977,4.878159333334405e-87
606,-0.37509920467692387,4.232992036914383e-87
607,-0.3441674049964651,3.5889898609165287e-87
608,-0.3165027242692508,3.050482992788334e-87
609,-0.29481949787459943,2.5250512153867082e-87
610,-0.2782222185807909,2.044822766460658e-87
611,-0.44014464484867444,1.2372750955394868e-87
612,-0.26784815198162604,1.0019631555657217e-87
613,-0.25692960181314484,7.975104550411132e-88
614,-0.25247237960635255,6.267770289439342e-88
615,-0.25340673290703175,4.8838081791414535e-88
616,-0.25756447748180467,3.770138887027528e-88
617,-0.2638204950992001,2.885871111147919e-88
618,-0.27217358412407877,2.1931175231342616e-88
619,-0.43474809052899255,1.4140768444624805e-88
620,-0.2832113848444308,1.074627586335788e-88
621,-0.423715537170013,6.928976537866152e-89
622,-0.4175307024653351,4.435530699199013e-89
623,-0.4102447933884061,2.815418227492282e-89
624,-0.40120543869087605,1.7704899731841784e-89
625,-0.3089037866368219,1.3795549314712178e-89
626,-0.40862083018517764,8.675400868602476e-90
627,-0.39876669149584404,5.408899914471877e-90
628,-0.3102804506611424,4.250946425615211e-90
629,-0.2948769822175292,3.312311390462394e-90
630,-0.28423394205207575,2.556995181027316e-90
631,-0.27931612530704875,1.957264372848898e-90
632,-0.2805700746851092,1.4874229056591052e-90
633,-0.4267305228906277,9.590595426959599e-91
634,-0.2903986906178694,7.288372237729615e-91
635,-0.29324577235303145,5.504737060254893e-91
636,-0.4124380351791418,3.571302396487511e-91
637,-0.39729041503557655,2.3027019620129994e-91
638,-0.377972588475818,1.4740568376581452e-91
639,-0.3585670891990541,9.356459847864002e-92
640,-0.33743681340619963,5.883857035300449e-92
641,-0.3184438558779279,3.6684407207258066e-92
642,-0.30068914711459527,2.2583588522031594e-92
643,-0.417134775338782,1.7975359531556446e-92
644,-0.4043607436022444,1.4127140741756372e-92
645,-0.3073714524012653,8.807926170462661e-93
646,-0.2892721178537674,5.4223196041397835e-93
647,-0.27414293962962855,3.280920535655999e-93
648,-0.4438423051692766,2.6569366060284928e-93
649,-0.26571031070356066,1.6076510624714388e-93
650,-0.2546105911223105,9.516698019099464e-94
651,-0.4618990004947398,7.877490206110052e-94
652,-0.24297517058809395,4.6631820293587367e-94
653,-0.47409199738797836,3.859970200993925e-94
654,-0.4611064574526521,3.12585934762646e-94
655,-0.24831933326591465,1.891385398487023e-94
656,-0.23024459284347834,1.1196300052490328e-94
657,-0.22127016543257388,6.454672803274358e-95
658,-0.49403613438082467,5.48618702572026e-95
659,-0.21517842952390698,3.1627896736044337e-95
660,-0.2185336586026467,1.8278544578273055e-95
661,-0.5010231524936256,1.5497669400661726e-95
662,-0.5082946678045911,1.3172335048754339e-95
663,-0.20263125263632592,7.593858006324242e-96
664,-0.20487867798783013,4.388678553243361e-96
665,-0.49784352687664085,3.7209904230988786e-96
666,-0.20786555242453522,2.1504524910892463e-96
667,-0.20851850115094797,1.2143236749373996e-96
668,-0.5082500885602739,1.0537217206337308e-96
669,-0.500214866470399,8.934098005860407e-97
670,-0.2160341382430602,5.163236431105281e-97
671,-0.2039645098710547,2.915591143524695e-97
672,-0.4945725093138904,2.5299858512415865e-97
673,-0.46464336373257475,2.145076931207083e-97
674,-0.3948700100119892,1.8232207251760701e-97
675,-0.31001793290090535,1.5091792738749134e-97
676,-0.24561949576407857,1.2221550672259806e-97
677,-0.220773732445263,9.727717415356214e-98
678,-0.4907148602534665,5.988559829407304e-98
679,-0.2215283666502525,4.766581533524544e-98
680,-0.49333684350230733,2.934394316409579e-98
681,-0.4654315479944439,1.7755343239210948e-98
682,-0.2487199932027009,1.437853215040693e-98
683,-0.4632583802604019,8.70011818721337e-99
684,-0.4054365846051791,5.150147283260705e-99
685,-0.30301093807238993,4.263057911734551e-99
686,-0.2463494163250435,3.452285569312704e-99
687,-0.21741854120921136,2.7478393991043812e-99
688,-0.20670100447795187,2.159573713045482e-99
689,-0.20324180099356126,1.682726595931747e-99
690,-0.515293645060849,1.0581911193922858e-99
691,-0.1945099629128837,8.245360320065562e-100
692,-0.5236284235294717,5.185136485022203e-100
693,-0.18696259406111113,4.040226556832125e-100
694,-0.5237140871509017,2.5407168776608793e-100
695,-0.47771925895083595,1.584074731579633e-100
696,-0.23078601949388658,1.2449512700538303e-100
697,-0.46337416724739494,7.761966184740202e-101
698,-0.33295409244006857,4.7784076064724897e-101
699,-0.3861923344218676,3.803363430522697e-101
700,-0.3179069779285984,2.3414197271715193e-101
701,-0.40170227668048536,1.8636480809561217e-101
702,-0.26459772774916146,1.4646727197056306e-101
703,-0.16330201147024775,1.141264002657567e-101
704,-0.13914109657375054,8.810181806813663e-102
705,-0.5632735094204123,5.5921936130220744e-102
706,-0.4981510263352538,3.5166792000132175e-102
707,-0.3214712417458392,2.1925633307640668e-102
708,-0.3843947231146873,1.7231728080064762e-102
709,-0.21496958329092464,1.3426856864866e-102
710,-0.12480946485350053,1.0365090793898197e-102
711,-0.5798201765964157,6.579159863784339e-103
712,-0.47389319998867147,4.13733791202355e-103
713,-0.25724316229429883,3.223788333254325e-103
714,-0.1590137143733939,2.488658299614958e-103
715,-0.5476252156878278,1.579656283294619e-103
716,-0.17690201457612567,1.2194425668113286e-103
717,-0.1541524672435278,9.334282318812584e-104
718,-0.5470279256380715,5.975268577375509e-104
719,-0.17258642526537749,4.5737983362181664e-104
720,-0.5304986053093609,2.927881602914e-104
721,-0.1863920118446084,2.2411611847469007e-104
722,-0.5117727750285084,1.4346619854278593e-104
723,-0.42378828180519107,9.1064041215931e-105
724,-0.3026205977023125,5.726608228790356e-105
725,-0.2063304856958419,3.5703999420960265e-105
726,-0.510446841636428,2.8060380321072743e-105
727,-0.45008805278313513,2.186447629594502e-105
728,-0.2667719357661066,1.3749586357325642e-105
729,-0.4591256864075945,1.0713593385013058e-105
730,-0.2344603209890309,6.737297315089563e-106
731,-0.1792167905841641,4.200539827876554e-106
732,-0.540997515213117,3.3012756843938854e-106
733,-0.1687433987392747,2.0582645156595116e-106
734,-0.1667277896044159,1.267105084417347e-106
735,-0.18465034297759436,7.666960629036039e-107
736,-0.20731973491290118,4.5385563281806466e-107
737,-0.22604328622751071,2.6164800836255218e-107
738,-0.2394947587228242,1.5121286200548727e-107
739,-0.4653080973532173,1.2820752409765055e-107
740,-0.46061362268577444,1.0897073743961726e-107
741,-0.2506074469399279,6.282168680784877e-108
742,-0.4633022192295194,5.339566134541247e-108
743,-0.43955246768773604,4.419850230122757e-108
744,-0.3846665578723139,3.579258242299559e-108
745,-0.31788207067717755,2.848903029687044e-108
746,-0.26004695859740184,2.2390013389913043e-108
747,-0.451118527891378,1.3959624845466513e-108
748,-0.2591111899077044,1.097110656105739e-108
749,-0.22146336334851235,8.548618963812954e-109
750,-0.491945715835726,5.375842214918121e-109
751,-0.4580934107112824,3.3517059253965076e-109
752,-0.38726160086485373,2.063371149446673e-109
753,-0.2958214480463341,1.2484982942966327e-109
754,-0.22802349025651295,7.39064683969187e-110
755,-0.47080340274809396,6.1176416420535e-110
756,-0.3752785982954662,4.95415412982146e-110
757,-0.33730220026448793,2.997644404606215e-110
758,-0.2359665324357534,1.774494306210018e-110
759,-0.48902276245802423,1.4688457582570447e-110
760,-0.386568486545687,1.1894924065701322e-110
761,-0.3258281635729605,7.197344215459518e-111
762,-0.3852196889906423,5.828512792193648e-111
763,-0.25486592183223905,4.6391924326706524e-111
764,-0.18261937667942388,3.646020226153139e-111
765,-0.1720200600760787,2.8409566049037018e-111
766,-0.18940028143110552,2.1931248279264002e-111
767,-0.5141239642071914,1.3920687364028132e-111
768,-0.2041403071251829,1.074631165683936e-111
769,-0.21920496083925217,8.22581641980724e-112
770,-0.23697850822744154,6.251208538966561e-112
771,-0.46377522325292736,4.0306500457055484e-112
772,-0.44632135681098867,2.580189428807129e-112
773,-0.2727354930045562,1.9750185223957182e-112
774,-0.42893699534045626,1.2642928201154938e-112
775,-0.2898840825940711,9.67759075973902e-113
776,-0.40708433647782744,6.195034818565914e-113
