t,lambda,delta_s
1,0.10219281632190913,1.0785790288823116
2,0.2584844803442434,1.1184488215891117
3,1.2653490414528112,1.062510645290766
4,0.2362059911047169,0.9946324978364562
5,0.745066593482709,0.8891045911095568
6,0.9266665371290256,0.8207268552613203
7,0.8842241882948754,0.9435894799133696
8,0.11332944656362935,0.7372554519766742
9,0.35905423095462347,0.8116960398028833
10,0.3934806121976527,0.8010883367577274
11,0.3219021195964113,0.8530154320878359
12,0.41986363886213757,0.929917435064004
13,0.4415052035593319,0.9275770297766153
14,0.07306442382654088,0.80474942305963
15,0.1711928247549699,0.655867611083861
16,-0.03598061615381684,0.5790086810658082
17,0.33461669684966094,0.6371839006056579
18,0.25502797453346865,0.5424193597268395
19,0.5524207481820775,0.64860459508962
20,0.3530144732933989,0.7820285898581536
21,0.11794577019669653,0.8320170414728176
22,0.2868526413101163,0.6983248521546955
23,-0.12930460864570198,0.6310874921179035
24,0.2785682058064061,0.7292686721558981
25,0.4433787157358118,0.7497557488165856
26,-0.17057881630993368,0.5870961493223926
27,0.4092278777169195,0.6063207412848407
28,0.1546749036040262,0.45925245732540143
29,0.02686450110942522,0.4413042436405235
30,0.38243927608707307,0.4888055970210401
31,0.527058003497371,0.5709550466471942
32,0.013665142727414637,0.6356161654022269
33,0.1297788180772345,0.6815398357944429
34,0.34584306057040304,0.5438814559211917
35,-0.027014791721059767,0.4870506226664256
36,0.5424359840470533,0.5733908096861502
37,0.6610120849368708,0.7009174472574518
38,0.49301382190869875,0.5560264788396446
39,0.25393174394327056,0.5775838758602071
40,0.37273508614385903,0.4810938284487207
41,0.4122075441967633,0.5629297017371521
42,0.19734039882757254,0.38632561851155933
43,0.2788267491812504,0.4681253743042131
44,-0.2791125931334427,0.304081853123959
45,0.040782544669189305,0.25654787886069436
46,0.315713348092643,0.3127040800858896
47,0.39110259543524595,0.35616749671324566
48,0.5558650733748004,0.25961403597749955
49,-0.06972530914061922,0.27587548778860127
50,0.07210156100868548,0.1946038440523666
51,0.5835814525777864,0.20372873065889718
52,0.8426687023887621,0.23439379246709938
53,0.2592925078453572,0.1521609390200324
54,0.18775096709188974,0.13472987638147424
55,0.09019486997149395,0.09607672012643309
56,0.2080682596897795,0.1067177254892246
57,-0.3242995979020668,0.05945597922145839
58,-0.14466700378071362,0.05830445120208676
59,-0.392981049225883,0.03238118453541315
60,-0.011315608816338049,0.033772889761862206
61,-0.5075069597407125,0.016044352630063704
62,-0.0013893142550505378,0.014258922048082195
63,-0.7327495978396258,0.007879295645212354
64,0.021902241079216084,0.007062805714870999
65,-0.732277920583413,0.003887952184295152
66,0.012834263877542464,0.0034682425501245885
67,-0.7204116850404381,0.001918675925781076
68,0.006012490625608757,0.0017022787324365086
69,0.07040731256234228,0.0017971174620949983
70,-0.7767686461104278,0.0008349455307294407
71,-0.6901210767140442,0.00045668345657519046
72,-0.027966724402103592,0.00040924597509808954
73,0.06404309509356222,0.00043195475444705877
74,-0.022756062963904002,0.0004231145688660411
75,-0.09654626534228529,0.00038767829972170744
76,-0.14219706117801587,0.0003367115772744467
77,-0.5715534513208623,0.0001898992761487492
78,-0.5922830344857567,0.00010143573995347568
79,-0.5215297129457648,5.0646674388690294e-5
80,-0.3097466581801562,2.337679466668957e-5
81,-0.4012952337824459,2.4817549352606644e-5
82,-0.3146034628479966,1.1454667333439297e-5
83,-0.4178492374696104,1.2160721660452242e-5
84,-0.1866384819855042,1.193564700227594e-5
85,-0.09725621555455848,1.0950967454722476e-5
86,-0.09458062806081607,9.518625876243316e-6
87,-0.1228514904399177,7.973179208337954e-6
88,-0.5977553810455091,4.664170984033353e-6
89,-0.10606076851649052,3.906894799937094e-6
90,-0.5995523720845427,2.285454455652637e-6
91,-0.11018578629796236,1.9143876651925813e-6
92,-0.09004127121544503,1.561585022896102e-6
93,-0.613535103249213,9.380482367529159e-7
94,-0.08614733990547628,7.651782204568466e-7
95,-0.06698230658012824,6.11903778313826e-7
96,-0.6244948519400463,3.749374831589055e-7
97,-0.08018999971008027,2.998330967922195e-7
98,-0.6218023925691598,1.8371934065672775e-7
99,-0.396551441814608,1.1036037131663709e-7
100,-0.10128766755620146,6.455773526816292e-8
101,-0.06949425671123845,3.639294159092303e-8
102,-0.12018863520615249,1.9435863729212334e-8
103,-0.16678267485370943,9.703899627542788e-9
104,-0.19961213306359524,4.4795136102759794e-9
105,-0.49288599915125786,4.754910837097402e-9
106,-0.22021778762417288,2.194961672694989e-9
107,-0.19519765676858533,1.2514014517588723e-9
108,-0.18847896412924092,1.315600494719771e-9
109,-0.5170977436865731,6.13186711370287e-10
110,-0.46948958396710716,5.270102969778636e-10
111,-0.2521763828521125,3.0046148859015857e-10
112,-0.4363811610363564,2.582350455037606e-10
113,-0.2809434886910078,1.472261294136719e-10
114,-0.20061668699024274,1.5477908253746728e-10
115,-0.49810292604112527,7.214080341557262e-11
116,-0.35312782625452677,6.200223441721185e-11
117,-0.19714130536918195,6.581408651129454e-11
118,-0.1575107835279643,6.459107252106542e-11
119,-0.1721189788853148,5.926276459473162e-11
120,-0.20030727099098844,5.1512086323698334e-11
121,-0.2311219267933242,4.314894086167768e-11
122,-0.4667729385776408,2.52409222991922e-11
123,-0.45667257303929915,1.4228989781315071e-11
124,-0.2698100199846925,1.2368051926652806e-11
125,-0.42712712496712835,6.972204992825284e-12
126,-0.3879647830702361,3.723546796247124e-12
127,-0.3375280437462153,1.8590850499658023e-12
128,-0.36681485304414313,1.8245379301618524e-12
129,-0.33510462675052655,9.109516744837256e-13
130,-0.3747348249810843,8.940235857790793e-13
131,-0.3359675071926492,4.4636632049754076e-13
132,-0.26947627334578,2.06051595773654e-13
133,-0.23571552028801304,1.174750658277181e-13
134,-0.4541128045789355,1.0096528192908752e-13
135,-0.2625031065590252,5.756278225558821e-14
136,-0.43853148497073285,4.947298814525222e-14
137,-0.33178490566237745,5.251455124020623e-14
138,-0.24214174811681222,5.1538680613229177e-14
139,-0.46891411550508333,2.5732130107703693e-14
140,-0.2474512169251425,2.525395350048197e-14
141,-0.4528919688735331,1.2608743752775124e-14
142,-0.2684129192204765,1.237443721523601e-14
143,-0.4406434655498242,6.1782844388599625e-15
144,-0.2790539314834674,6.063474235465606e-15
145,-0.2652322326148508,5.563280374700871e-15
146,-0.2614846394871888,4.835686975307095e-15
147,-0.2679083786302855,4.050598339309393e-15
148,-0.27578919363890947,3.3041298969661273e-15
149,-0.26579510154193614,2.6422756525592036e-15
150,-0.43099833898662143,1.6190236495134083e-15
151,-0.2937613219616289,1.2947150697540087e-15
152,-0.3907416312850709,7.933215882615704e-16
153,-0.3320079433610871,6.344103841794639e-16
154,-0.3517379765521339,3.887275782481695e-16
155,-0.3625224822544219,3.108610882479373e-16
156,-0.3244979408188729,1.9047651334160311e-16
157,-0.38506381511521276,1.5232193324148917e-16
158,-0.29884555537725405,9.333349153738556e-17
159,-0.059896365327272334,5.606549495027599e-17
160,-0.6605820722912684,4.57334108533189e-17
161,-0.3913371145814974,3.6572496171281545e-17
162,-0.2911655044003109,2.240937131812626e-17
163,0.015393746046405872,1.3461325337561266e-17
164,-0.7523073937220897,1.0980591945881869e-17
165,0.052749309658060475,6.5960494154050185e-18
166,0.008078479823255972,3.8585042286561315e-18
167,-0.7209498103049532,3.2320642135484582e-18
168,-0.7784642945971623,2.6364401262062357e-18
169,-0.42108752641911873,2.1083316250069984e-18
170,0.0765871598784315,1.66031522268891e-18
171,-0.7765421449508768,1.033082496253429e-18
172,0.06914797332570373,8.135544591175656e-19
173,0.0665505404902891,6.328937638955274e-19
174,-0.03772463119804454,4.874777462720791e-19
175,-0.11136313289171926,3.723881832075678e-19
176,-0.5932369051424928,2.3886409567331866e-19
177,-0.6381733683864748,1.519577927113161e-19
178,-0.07949500621822257,1.1704340687992619e-19
179,-0.1322818137577582,8.941040278813703e-20
180,-0.17352279633926146,6.782829811434466e-20
181,-0.5292531316103443,4.381109736618713e-20
182,-0.5250721242771635,2.810212199187026e-20
183,-0.47834106045156083,1.7877682354693626e-20
184,-0.23746582683126655,1.3770039776016425e-20
185,-0.20133028894018284,1.0519044477621524e-20
186,-0.49421032231093237,6.7473194902480464e-21
187,-0.4170738733214174,4.2924315333619364e-21
188,-0.3116577580396575,2.7036798854443325e-21
189,-0.23307815388549225,1.6822855846623523e-21
190,-0.4653495640309674,1.3248031438677224e-21
191,-0.36735142143137967,1.0306128111602007e-21
192,-0.34617398883822703,6.491535404951841e-22
193,-0.2600760472691008,4.0391676887743076e-22
194,-0.447098109400972,3.180852348426401e-22
195,-0.35908645810742895,2.4745013595956413e-22
196,-0.27275642039009146,1.9059507530903692e-22
197,-0.43248786684687524,1.2125056662018644e-22
198,-0.3471601780888934,7.63722648857179e-23
199,-0.3674127333700539,5.941277764389137e-23
200,-0.3493022377623811,3.7422409794001766e-23
201,-0.28214727013459195,2.3284997931413806e-23
202,-0.423312528297077,1.833698079906086e-23
203,-0.3445278489837989,1.4265007912298304e-23
204,-0.27706721485071883,1.0987426807366102e-23
205,-0.43382527030649737,6.989853877026169e-24
206,-0.27547466221403777,5.3838391356093904e-24
207,-0.2331718692226082,4.112758150958524e-24
208,-0.4709608603100777,2.6380811764486003e-24
209,-0.411213972205958,1.6782639158739832e-24
210,-0.33280959627561024,1.057090452474068e-24
211,-0.2659425381098613,6.577435588640595e-25
212,-0.23171743027797395,4.030247094335551e-25
213,-0.22326726779160364,2.4209723047307733e-25
214,-0.4829430820284981,1.97482107622442e-25
215,-0.2337633195852111,1.1862764293180789e-25
216,-0.22528807992507927,6.939384972145251e-26
217,-0.48115107889692815,5.812754503658584e-26
218,-0.23310301620221052,3.4002986363511714e-26
219,-0.2187950195311385,1.916840200054866e-26
220,-0.4798244263499044,1.6661463318120743e-26
221,-0.41129616434087857,1.3956423563284252e-26
222,-0.30561336630131286,1.1384450515039605e-26
223,-0.4017808482693449,6.838647546009286e-27
224,-0.2827419047525015,4.000417342680789e-27
225,-0.19113497829547818,2.2551433269625487e-27
226,-0.15386997595595586,1.2043724644953614e-27
227,-0.5547229710730189,1.1050202302116489e-27
228,-0.15104925982182435,5.901425076027268e-28
229,-0.13224182556351766,2.9464517925253995e-28
230,-0.1424175651399559,1.3601409108194512e-28
231,-0.5646604987295699,1.443761378337446e-28
232,-0.5434614778472006,1.416932160754147e-28
233,-0.15882658565515165,7.074430753853484e-29
234,-0.5483338374312876,6.942967587695319e-29
235,-0.36845736874325535,6.370221728144338e-29
236,-0.1562961358850975,5.537092536390599e-29
237,-0.09117748863627356,4.6381285527856877e-29
238,-0.11022985610092854,3.783386535393692e-29
239,-0.1419394068243565,3.025531815764896e-29
240,-0.16793315203323853,2.3826121426354824e-29
241,-0.531009516365647,1.4825105897247984e-29
242,-0.48928137202267813,9.083911071480257e-30
243,-0.3623230279951995,5.456711861066832e-30
244,-0.34989882966183883,4.451116425025324e-30
245,-0.22277896316117932,3.55950792592924e-30
246,-0.47063488876280724,2.1810470482624075e-30
247,-0.3204308792874579,1.3101565178421457e-30
248,-0.19634790707019337,7.664048805469575e-31
249,-0.49846147543464875,6.4197669374265125e-31
250,-0.2039670482215538,3.7553839146800904e-31
251,-0.14659837443783885,2.117011364043842e-31
252,-0.15134561543385103,1.1306022829654547e-31
253,-0.5635697252230415,1.0373355683814833e-31
254,-0.5776819198320693,9.016676779146896e-32
255,-0.551354901933664,7.552791604212916e-32
256,-0.43349674891746226,6.160918080386383e-32
257,-0.2601751833078354,4.9268171497022416e-32
258,-0.4377193410056011,3.0188498593893274e-32
259,-0.22348000466290113,1.8134252641715205e-32
260,-0.49894617246260575,1.4792364311007706e-32
261,-0.30593791040626467,1.1829287976435077e-32
262,-0.3935784645787728,7.248258512393774e-33
263,-0.325612669296654,5.796351108453189e-33
264,-0.15069671677560684,4.564637681883949e-33
265,-0.5463542454957547,2.840212043142062e-33
266,-0.17328997243984912,2.2366724641231343e-33
267,-0.11154057973054154,1.7399893007233973e-33
268,-0.11874147038505505,1.3402029080415877e-33
269,-0.5797159680118941,8.52594757354465e-34
270,-0.1352390133903684,6.56699424940378e-34
271,-0.5677986839043748,4.177714311036874e-34
272,-0.14985861289407337,3.2178271822078523e-34
273,-0.1463487431406291,2.4581241449932893e-34
274,-0.16058168266700687,1.8647760451739648e-34
275,-0.18486963423808347,1.4062839349093235e-34
276,-0.19832298739875562,1.0551025130136253e-34
277,-0.5053758592832128,6.890791281055685e-35
278,-0.48570119608869705,4.477327284462689e-35
279,-0.4184107945104273,2.891958475343154e-35
280,-0.2955589894903415,2.193890369386717e-35
281,-0.22434985729470242,1.654478986581469e-35
282,-0.4882656022145341,1.0750062809994912e-35
283,-0.22578427555164918,8.106947034249199e-36
284,-0.17919815734407563,6.08245602212346e-36
285,-0.5230979648489738,3.9724040467821064e-36
286,-0.4190488205571262,2.5810900806797777e-36
287,-0.2684827862624483,1.6671565110616684e-36
288,-0.17701163297284045,1.0693782733128823e-36
289,-0.5327399219931941,8.169066904202173e-37
290,-0.18496529200863365,5.239953539233124e-37
291,-0.15938835494847234,3.333492928215985e-37
292,-0.16716556894380422,2.0996718778714034e-37
293,-0.5462315971719254,1.633411534825833e-37
294,-0.5330684190752123,1.2581128447698724e-37
295,-0.18170889113770658,8.00371652064658e-38
296,-0.5278899427540622,6.164752939372374e-38
297,-0.4767603548167954,4.709304505841156e-38
298,-0.3731055554416195,3.5725609098341035e-38
299,-0.26701999805578386,2.69417607920636e-38
300,-0.4293102305966233,1.7505548458187098e-38
301,-0.29331631351643617,1.3201462788111167e-38
302,-0.20211981819119137,9.90475409511813e-39
303,-0.16106889532136498,7.398187906743342e-39
304,-0.15425115829841202,5.5042810885830704e-39
305,-0.16166422228039815,4.080969760131813e-39
306,-0.1860617303054314,3.0163132645934375e-39
307,-0.5234146819040576,1.999675182464588e-39
308,-0.1898648766579747,1.477993499650784e-39
309,-0.5193659809742164,9.798408394076478e-40
310,-0.20002952198206697,7.242168148288841e-40
311,-0.19757351689930194,5.337893240815502e-40
312,-0.1978819404418595,3.924435923883132e-40
313,-0.1963356792821598,2.87867207831034e-40
314,-0.1910896734139233,2.107185591315231e-40
315,-0.528653844362378,1.4105493183720667e-40
316,-0.4987778762222629,9.422570653243407e-41
317,-0.4000444183825331,6.27997801888703e-41
318,-0.26659390079892553,4.174965818342364e-41
319,-0.44973232837033866,3.0771892292546437e-41
320,-0.3373716224503203,2.262359213843741e-41
321,-0.2204254794644598,1.659497167571552e-41
322,-0.4830864920240529,1.1085560147834325e-41
323,-0.3181150329554601,7.3883313394404e-42
324,-0.183148960590006,4.911805535621609e-42
325,-0.16603807664570336,3.2562982585293906e-42
326,-0.16860097077948483,2.1520754057459347e-42
327,-0.18645180009355153,1.4173539491587032e-42
328,-0.5154319813966901,1.0545169488155077e-42
329,-0.5103527430942817,7.818372118729066e-43
330,-0.46183755979671237,5.778690094603462e-43
331,-0.38161638084608496,4.259225989393734e-43
332,-0.30983694170477105,3.1313963630639765e-43
333,-0.26699218453692136,2.296957690560387e-43
334,-0.4511563052074986,1.5343842179013486e-43
335,-0.2675760607991033,1.1255092683745894e-43
336,-0.24412792249209336,8.23871857819507e-44
337,-0.22636993217425125,6.019255175401385e-44
338,-0.22884627704782243,4.3900130758174304e-44
339,-0.22720757659867657,3.196600849637764e-44
340,-0.2282070057320268,2.3241458905491786e-44
341,-0.4868347631766572,1.5663344163225035e-44
342,-0.4840847821622974,1.0540421395037647e-44
343,-0.216724104254296,7.675038639980269e-45
344,-0.49362704561640325,5.164806483568447e-45
345,-0.43555299611453124,3.469980825440907e-45
346,-0.27470717645207965,2.5307551769485386e-45
347,-0.2017268720126189,1.8427767774592617e-45
348,-0.50499706847534,1.2400700367047836e-45
349,-0.4112354901414491,8.331423961883614e-46
350,-0.27387053918738336,5.587689030441601e-46
351,-0.18430544392832474,3.740397137133511e-46
352,-0.5344948156691759,2.7379676249163837e-46
353,-0.17839467150360258,1.8327945971954195e-46
354,-0.5417291000753425,1.3416041362090278e-46
355,-0.4252160957676455,9.801836976916449e-47
356,-0.27666048809723953,6.573860267424235e-47
357,-0.12670080066915138,4.400539827866202e-47
358,-0.5885380369875488,3.221191531037875e-47
359,-0.12292192252370417,2.1562645156544385e-47
360,-0.5908336216154543,1.5783838502085587e-47
361,-0.3746249983354811,1.1531763184972428e-47
362,-0.3293268766322848,7.734080866021936e-48
363,-0.0962641697027787,5.177191102086307e-48
364,-0.05114484537860046,3.458400802394613e-48
365,-0.10072524830575892,2.3049634562372335e-48
366,-0.13292070878485449,1.5323530772523612e-48
367,-0.17142832075761416,1.0158787070705029e-48
368,-0.19190189209055886,6.71390458469477e-49
369,-0.20939084601772312,4.4217684714878786e-49
370,-0.5000368957739947,3.289813246500437e-49
371,-0.48654455670273566,2.4391247756762766e-49
372,-0.22766898428692792,1.6120084907852142e-49
373,-0.20209114447647258,1.0616666100042395e-49
374,-0.5043096041137393,7.898841604847547e-50
375,-0.44041770287456505,5.856338586398739e-50
376,-0.327407272095306,4.3285181705277665e-50
377,-0.38614233327858727,2.869605907335383e-50
378,-0.3203161801084207,2.1209739035586053e-50
379,-0.37610890974572714,1.4061068945943369e-50
380,-0.3343937695107337,1.0392772127437168e-50
381,-0.39616300642485763,6.88992378351225e-51
382,-0.31193439072015344,5.092458342444211e-51
383,-0.38514734507767473,3.376062653921003e-51
384,-0.25834117049332866,2.231227249140869e-51
385,-0.18457015442357852,1.469483246078073e-51
386,-0.1567650698359386,9.640044950948098e-52
387,-0.17586693936993736,6.2958373122669426e-52
388,-0.17989509639452014,4.090752865240244e-52
389,-0.19241432941097664,2.642265500719484e-52
390,-0.5153255187837344,2.0044689039677193e-52
391,-0.4898675244067257,1.5116305386752933e-52
392,-0.4196359396372966,1.1341416484340923e-52
393,-0.32371810284045544,8.471278486474116e-53
394,-0.23939292149447636,6.302664727766517e-53
395,-0.2086951183227556,4.672905280149081e-53
396,-0.4979013571271738,3.0883057166055935e-53
397,-0.4477400155120458,2.0339539646024342e-53
398,-0.3679338856297209,1.334306307966225e-53
399,-0.27874562234207145,8.71424924098586e-54
400,-0.44634170944144413,6.538100909034499e-54
401,-0.35917689932353375,4.883523469010444e-54
402,-0.2693979368713268,3.633360792529313e-54
403,-0.2215335105433708,2.69383690319087e-54
404,-0.20360642387125263,1.9910600816320386e-54
405,-0.20445607772184993,1.4675254611855968e-54
406,-0.5124084904531278,9.756194399996988e-55
407,-0.20055656007012762,7.190874759809425e-55
408,-0.51382280293353,4.780535255998523e-55
409,-0.19804888481505145,3.523528632306619e-55
410,-0.5172756394676239,2.3424622754392764e-55
411,-0.4974861654824778,1.5529433673351626e-55
412,-0.20962009734557396,1.1478065149652454e-55
413,-0.17938123411506637,8.459992246168184e-56
414,-0.17631723818905667,6.219812946570456e-56
415,-0.18453647568729725,4.562388635941639e-56
416,-0.5291570107944662,3.0477083438195217e-56
417,-0.5211463760600703,2.0312441383049816e-56
418,-0.18565363564048734,1.4933770884715665e-56
419,-0.5286925265582483,9.953096277694406e-57
420,-0.1770173188940313,7.317547733510672e-57
421,-0.13492596489386358,5.367604606298975e-57
422,-0.13778763324833682,3.929082152667169e-57
423,-0.5627674388921089,2.630126257086499e-57
424,-0.14731268177476853,1.9252502548069126e-57
425,-0.5629316234937581,1.2887618659723836e-57
426,-0.4957727167026944,8.609021732997967e-58
427,-0.20895587307280147,6.3149331432646786e-58
428,-0.13461584166307214,4.622525861791396e-58
429,-0.5736436259215565,3.0943172401996932e-58
430,-0.13995227327951862,2.2650376722777838e-58
431,-0.5633157683162373,1.5162154476978494e-58
432,-0.15015720733015572,1.1098684594161133e-58
433,-0.13070532071942104,8.108762794782556e-59
434,-0.14740517255248098,5.913950091910424e-59
435,-0.5491789363931455,3.9732937694434536e-59
436,-0.16657867849353275,2.8978355450361072e-59
437,-0.16383487437416927,2.1100674201632313e-59
438,-0.5407578841993758,1.4199394170676929e-59
439,-0.49526661589987786,9.53987834043373e-60
440,-0.22100704802491816,6.957703143631692e-60
441,-0.47864759134390816,4.6745403868125264e-60
442,-0.2391362264293927,3.409274540379529e-60
443,-0.46479266036799755,2.2905247895381373e-60
444,-0.25318406044270214,1.6705445247859694e-60
445,-0.17841086302800893,1.2164118773824404e-60
446,-0.5237230185648052,8.18566817145125e-61
447,-0.18771872133366116,5.960418199173958e-61
448,-0.5128064132077491,4.0109774040111105e-61
449,-0.36248753734298017,2.6947795096437238e-61
450,-0.20496045187146408,1.8073248912051193e-61
451,-0.14876813499570865,1.2098226676725964e-61
452,-0.16768034925134423,8.081702224490046e-62
453,-0.5353593085071651,5.9281310715957235e-62
454,-0.19292901959998407,3.960034090000124e-62
455,-0.21821464661480744,2.63929324113731e-62
456,-0.47306550191134555,1.9404167041000602e-62
457,-0.4378896852186418,1.4233442702901323e-62
458,-0.2900986296446687,9.508041850090293e-63
459,-0.27325929902217727,6.33694307197068e-63
460,-0.25587965336526625,4.212836516097839e-63
461,-0.44144018242387556,3.1051021052656335e-63
462,-0.2684048605753841,2.0642898928879404e-63
463,-0.4279202058749323,1.5215000315801596e-63
464,-0.27668061875930194,1.0115020475150913e-63
465,-0.43214134417593536,7.45535015474278e-64
466,-0.2861192150517808,5.481196916544236e-64
467,-0.4365875525771329,3.653121575823963e-64
468,-0.28851765446185523,2.4286164160837332e-64
469,-0.17375600490926865,1.610059549177272e-64
470,-0.13961634188700567,1.064082366685797e-64
471,-0.14951373512322166,7.008032063493147e-65
472,-0.5729182656287011,5.2140035967604044e-65
473,-0.6021918252666181,3.865752977574628e-65
474,-0.552059020955218,2.8572429273583494e-65
475,-0.3420227312681173,2.1059518913431545e-65
476,-0.3601773363807191,1.4000490344055917e-65
477,-0.3690879065360399,1.0319164267581459e-65
478,-0.3325023023394142,6.860240268587397e-66
479,-0.12064954313127811,4.5480197205867726e-66
480,-0.08667475820459197,3.0057693148607946e-66
481,-0.637512425047573,2.2285296630875183e-66
482,-0.07101653515738432,1.4728269642817904e-66
483,-0.10681855233027732,9.700018450462525e-67
484,-0.6081363173475482,7.21685212498077e-67
485,-0.6267800455311805,5.350699721073131e-67
486,-0.08344463026322506,3.536257541240576e-67
487,-0.08287786020860949,2.3289744299560517e-67
488,-0.6312177435727384,1.7327661952078822e-67
489,-0.07246553946597943,1.1411974706784654e-67
490,-0.09011655976143042,7.486437796830922e-68
491,-0.628565812595186,5.591867606324481e-68
492,-0.6192121394598182,4.160371634694122e-68
493,-0.3843854113810038,3.084571910274209e-68
494,-0.09575770448217874,2.279858885367457e-68
495,-0.6023656596745159,1.5114402360343624e-68
496,-0.28621827210625467,9.989052294900587e-69
497,-0.4117265072420611,7.406057156568375e-69
498,-0.3180596030784629,4.894635624501289e-69
499,-0.0402658946594531,3.2236003968806943e-69
500,-0.020106624446097617,2.114733380782825e-69
501,-0.0732859074339461,1.3811156889802159e-69
502,-0.6473834701038709,1.0362193565835841e-69
503,-0.7173203349712083,7.739864552910547e-70
504,0.006928116899944447,5.0774748472595614e-70
505,-0.05949496565295267,3.316058769241497e-70
506,-0.11846399091860581,2.1546263409870852e-70
507,-0.1609982721676013,1.391698554099108e-70
508,-0.19165868518785736,8.926889508452932e-71
509,-0.519608123089242,6.819322915085629e-71
510,-0.18946172715730392,4.374175859141937e-71
511,-0.5146572517756477,3.341468228391958e-71
512,-0.1901366670749151,2.1433461709795497e-71
513,-0.5073596696613483,1.6373194319120588e-71
514,-0.45267838149057943,1.2420992085148685e-71
515,-0.340121779754352,9.367045265401245e-72
516,-0.3436533167636912,6.086286121722854e-72
517,-0.37132804947254283,4.589852180046609e-72
518,-0.2160103676799436,3.4436605932218847e-72
519,-0.14383425997380195,2.572183813049918e-72
520,-0.1363586482314865,1.9137149389819246e-72
521,-0.15703229630403726,1.418861549730223e-72
522,-0.18276843236201096,1.0487043924909258e-72
523,-0.21061407221400238,7.729552771587455e-73
524,-0.236126424569979,5.682791544128732e-73
525,-0.2531730349140721,4.168469981987821e-73
526,-0.4591930768986636,2.784567856623079e-73
527,-0.2592766038644502,2.042550291174032e-73
528,-0.4421496877479608,1.3644382497453083e-73
529,-0.4360436871284367,9.093741540244925e-74
530,-0.4256363165397098,6.045572130536079e-74
531,-0.40291869088844806,4.007932695565705e-74
532,-0.3151900234749476,2.9623303439626785e-74
533,-0.3911528339032247,1.9638870208271942e-74
534,-0.35082485033998,1.2979256264733565e-74
535,-0.308039355396509,8.54812060713394e-75
536,-0.4078297339864406,6.359835569719446e-75
537,-0.36448029082083033,4.715292737006093e-75
538,-0.317192161539013,3.4851520263686507e-75
539,-0.27517453218136545,2.568756905922327e-75
540,-0.43798686749643995,1.707724492920638e-75
541,-0.2751489213654733,1.2586908839019402e-75
542,-0.2416158545740148,9.253935024549737e-76
543,-0.4734342969383337,6.167585331119506e-76
544,-0.23925058455221926,4.5344281620293696e-76
545,-0.47531006342527493,3.022116812248558e-76
546,-0.23730849324764483,2.2218697993943903e-76
547,-0.477141682737963,1.480837238001793e-76
548,-0.4475263002377525,9.844691864513381e-77
549,-0.3971441343332875,6.526572100969066e-77
550,-0.3126526734997058,4.823899013611556e-77
551,-0.40575666563462653,3.198020329474842e-77
552,-0.3021780691634956,2.363710516669662e-77
553,-0.4143628502344902,1.567029961442672e-77
554,-0.29859196039523633,1.1582181531681345e-77
555,-0.24887569469166254,8.536731990469968e-78
556,-0.46288308624123403,5.675268950523859e-78
557,-0.2490807517091275,4.182998675330284e-78
558,-0.4627269935035911,2.7808817857566904e-78
559,-0.24936562521635472,2.0496693509118388e-78
560,-0.22476093008706546,1.5069233628156535e-78
561,-0.49446551779104225,1.0043379819468007e-78
562,-0.4676288552876628,6.676897167601815e-79
563,-0.40393175849391594,4.426471785489789e-79
564,-0.30613925461999547,3.2716796121248865e-79
565,-0.4030756021848605,2.1689711748899962e-79
566,-0.28841718344950523,1.43346498098755e-79
567,-0.1943117996066797,9.440780961293452e-80
568,-0.5205250787270658,7.023978406838993e-80
569,-0.19796522015179674,4.6259826710337895e-80
570,-0.1700562490539107,3.0347185658694725e-80
571,-0.17674561636422778,1.9819507560855475e-80
572,-0.5196335587057924,1.4870120972760416e-80
573,-0.48120879402672795,1.1106984393152121e-80
574,-0.21851939533464718,7.286359276652602e-81
575,-0.16948630382280247,4.758663765361403e-81
576,-0.519288733503968,3.5703160455597746e-81
577,-0.4142274895861201,2.6667869527958244e-81
578,-0.2771982253225644,1.7494548623242895e-81
579,-0.15564570308516448,1.142555170063272e-81
580,-0.526565532927821,8.572328825389019e-82
581,-0.3464317839611888,6.402955473662773e-82
582,-0.33735398675276534,4.2004411244406173e-82
583,-0.3617805297042076,3.1374481820947586e-82
584,-0.3212850274570455,2.0582161509759026e-82
585,-0.37464460196791716,1.5373496092264313e-82
586,-0.3088821947216308,1.0085259139781923e-82
587,-0.4053979850239191,7.533013085209513e-83
588,-0.108454872276211,5.604591555071727e-83
589,-0.5805387623593941,3.691176411752661e-83
590,-0.136418656009134,2.746249861985146e-83
591,-0.5736405286690931,1.8086764417588037e-83
592,-0.21914776176275727,1.1865206525362029e-83
593,-0.04053062138897618,7.749072783398234e-84
594,-0.6288312726729336,5.813951197427394e-84
595,-0.3804631495825461,4.342632136662886e-84
596,-0.31982668372065765,2.848836086739422e-84
597,-0.4221587374593981,2.1278897469648134e-84
598,-0.13561759940360607,1.5831583950621818e-84
599,-0.5654730269486512,1.0426659760127587e-84
600,-0.16676517089830922,7.757476135804695e-85
601,-0.0638818198215483,5.751527768236242e-85
602,-0.6471357216483287,3.8011633065442976e-85
603,-0.0659355361761019,2.8182486064357586e-85
604,-0.07683882371929406,2.0830148602325295e-85
605,-0.6328608275804377,1.380941817153522e-85
606,-0.0784852171978242,1.020677281513939e-85
607,-0.11800142100243731,7.522976891021924e-86
608,-0.15767016377232101,5.530916306066588e-86
609,-0.5484768163968288,3.6862586766007405e-86
610,-0.5786770560983194,2.450646152914968e-86
611,-0.5938495557739147,1.624664238462946e-86
612,-0.1214548909865907,1.2008166149283337e-86
613,-0.1328865558433947,8.85070708251838e-87
614,-0.16081074493271916,6.507067724924277e-87
615,-0.18169966356431255,4.773097213135112e-87
616,-0.5384815203160619,3.1884631852128955e-87
617,-0.1734119781594013,2.338817634436204e-87
618,-0.1809247497996157,1.7120125828610049e-87
619,-0.5386687828825512,1.1460206408737401e-87
620,-0.1676593333024528,8.388861656018923e-88
621,-0.15996724711272006,6.128950571556052e-88
622,-0.5497809984681226,4.1105422114492716e-88
623,-0.1575918760773446,3.0031857800624657e-88
624,-0.557800630711633,2.0141656836101425e-88
625,-0.47872979520043785,1.348281823781546e-88
626,-0.28927277412663027,9.006619321703449e-89
627,-0.4270151672226627,6.606580936529576e-89
628,-0.27083332060986476,4.41324346763469e-89
629,-0.11010965358816288,2.941349339652087e-89
630,-0.10344595825283913,1.9554261043460917e-89
631,-0.6023999065184757,1.4412611764295228e-89
632,-0.5864182654612604,1.0596197565790889e-89
633,-0.44254098344405723,7.772576406017675e-90
634,-0.2159023514689181,5.689519530050299e-90
635,-0.4994396171831974,3.808562438948659e-90
636,-0.21175137646357864,2.787864569724647e-90
637,-0.0901128502646067,2.036829888090384e-90
638,-0.6148563586794785,1.3660536391650765e-90
639,-0.10031167352755774,9.98046645164288e-91
640,-0.09700896820678488,7.279036516764343e-91
641,-0.1382422431085818,5.300251710457746e-91
642,-0.5653043885512743,3.566727893214527e-91
643,-0.571331811613654,2.3963099950394544e-91
644,-0.14498107444465058,1.7476966676751172e-91
645,-0.557029031202771,1.1741918975693327e-91
646,-0.15375491239481257,8.563713671608076e-92
647,-0.5474581872819008,5.75354029808973e-92
648,-0.1624105611960555,4.1962196990879574e-92
649,-0.1386259074400956,3.0554896360698495e-92
650,-0.14682086955168067,2.2215484557892403e-92
651,-0.558391452709894,1.4971899216742263e-92
652,-0.15314113335333085,1.0885587433367276e-92
653,-0.5560012137632029,7.336230616203707e-93
654,-0.14827331912886677,5.333937842349964e-93
655,-0.5568915931834412,3.594753001939816e-93
656,-0.43068126792712325,2.419037151752194e-93
657,-0.27751576474354167,1.7614289709505096e-93
658,-0.4216638287819642,1.185328204358575e-93
659,-0.20030662450506606,7.963640368838704e-94
660,-0.10937813120860453,5.341025271900999e-94
661,-0.11288801751491252,3.575280501033425e-94
662,-0.1351097491227412,2.3883130272276532e-94
663,-0.575913470059318,1.7518874455063793e-94
664,-0.5258797148900428,1.282380167783429e-94
665,-0.19322738479428048,8.584248482981258e-95
666,-0.506187722330008,6.283662822138807e-95
667,-0.34086839947723485,4.5908801961921715e-95
668,-0.19440773265632713,3.348258796729111e-95
669,-0.5148397102836357,2.249531296134164e-95
670,-0.19596842230162584,1.6406468103972645e-95
671,-0.1442862622695872,1.1946417692833058e-95
672,-0.5489264700951284,8.039169370946593e-96
673,-0.16637063425046508,5.853744669488198e-96
674,-0.15639564779374662,4.25606988731698e-96
675,-0.1745932737934851,3.090175856450155e-96
676,-0.19929730166503165,2.2407801666747572e-96
677,-0.5046529254229907,1.5141861696605763e-96
678,-0.491804207493375,1.0218823799448067e-96
679,-0.4534451919240263,6.886872066206168e-97
680,-0.26713852681185485,5.007223661729552e-97
681,-0.2357097314495574,3.635560993355042e-97
682,-0.22190876949226834,2.636255458291183e-97
683,-0.4816451994134316,1.7814248867439707e-97
684,-0.23416160810770897,1.2917651745626794e-97
685,-0.4685118557164295,8.728981945045453e-98
686,-0.24679030116002773,6.32964935535713e-98
687,-0.21865974734883187,4.5843227591295375e-98
688,-0.4874805722907205,3.1015281841249926e-98
689,-0.2195988934534735,2.2463181519734722e-98
690,-0.48610208942716504,1.5197488102212463e-98
691,-0.3771872471346265,1.0269559968526527e-98
692,-0.3341558611729823,7.446769170084107e-99
693,-0.19085475621468695,5.3934098828883084e-99
694,-0.12116372789359416,3.901868108059702e-99
695,-0.5872033996677726,2.6427708426152706e-99
696,-0.12145833536050424,1.9119153729492528e-99
697,-0.5806679577290433,1.2949577128814824e-99
698,-0.1380386923841754,9.368385327451344e-100
699,-0.5599197544787426,6.345292793119261e-100
700,-0.358793142583156,4.292914235847001e-100
701,-0.1382808928745636,2.900896509229961e-100
702,-0.5828719058294018,2.1035279755650303e-100
703,-0.1203453821303189,1.4214392895226804e-100
704,-0.5867750549507534,1.0307287080268647e-100
705,-0.2903739933333009,7.465173518176876e-101
706,-0.40640071812747963,5.0505706693316364e-101
707,-0.31099921667051406,3.65793502390667e-101
708,-0.38568452536031267,2.4747796279725017e-101
709,-0.32463431283546984,1.7923881617142687e-101
710,-0.3722771978478472,1.2126420177065259e-101
711,-0.04747664457151618,8.194314637679633e-102
712,-0.6595996837009304,5.941945886761974e-102
713,-0.29281443425767206,4.303523976275957e-102
714,-0.40289050077905597,2.911553484513367e-102
715,-0.30920624682923525,2.108726748375219e-102
716,-0.3886201029295994,1.4266612074115498e-102
717,-0.31839388750045267,1.0332761067038573e-102
718,-0.01022357870704595,7.475246968266375e-103
719,-0.6960620208306634,5.0630529228489e-103
720,-0.022902316280459207,3.662871014450522e-103
721,-0.012643371810193246,2.6471302222747916e-103
722,-0.0776328265761721,1.9111798528414731e-103
723,-0.11312871288076279,1.3785607878162038e-103
724,-0.13561094029745918,9.935087901352871e-104
725,-0.5777653610148791,6.754947860299398e-104
726,-0.5732668882884855,4.5887428266723757e-104
727,-0.13198692362566683,3.3099244515467056e-104
728,-0.09834203616876856,2.385414605114824e-104
729,-0.10398497180854549,1.7177202949526195e-104
730,-0.6040422273645323,1.1688531565062635e-104
731,-0.5471143416865003,7.947128608163637e-105
732,-0.33755964849767994,5.39861004815178e-105
733,-0.15155513743413063,3.663968966495232e-105
734,-0.5886879818228551,2.645318923594373e-105
735,-0.13433703470935843,1.795344793582663e-105
736,-0.10742717633425543,1.2172793810863807e-105
737,-0.6148706029258776,8.797189488555051e-106
738,-0.11393327408157035,5.964668967323266e-106
739,-0.13949661419555612,4.039924670988617e-106
740,-0.17905223094972647,2.7332151087879e-106
741,-0.19473508551598595,1.846944460676616e-106
742,-0.5155916153217075,1.339275403306071e-106
743,-0.5062530901396131,9.699859135043661e-107
744,-0.2156130645070269,6.562449476199746e-107
745,-0.1966111421770123,4.4345136500845535e-107
746,-0.1820761012895335,2.992730651913125e-107
747,-0.18107998172221904,2.0169202965856685e-107
748,-0.53135512557454,1.4664380194374302e-107
749,-0.520407861561472,1.0647267273853009e-107
750,-0.1894255733688828,7.185546295243408e-108
751,-0.5366547960005136,5.217160964187973e-108
752,-0.43724550129327505,3.783121530284575e-108
753,-0.2793967730300012,2.5564088724521068e-108
754,-0.4188396598201518,1.8537295498394416e-108
755,-0.2988880355142551,1.2526403475015322e-108
756,-0.16988915750577868,8.453723360890917e-109
757,-0.5217837082378678,6.137937702757507e-109
758,-0.3645200983537247,4.450804649164496e-109
759,-0.3558621529146953,3.007589474351178e-109
760,-0.35623887192497106,2.1808942780906045e-109
761,-0.35998464579814976,1.4737188424320771e-109
762,-0.3449440452096902,1.068638196264396e-109
763,-0.1892590580067217,7.739737431527276e-110
764,-0.5352295352463816,5.23632716169554e-110
765,-0.17935363759621084,3.792471341448366e-110
766,-0.15288370394596956,2.743667419914916e-110
767,-0.552909311352285,1.8583109573096985e-110
768,-0.5303371799685668,1.2572421515230988e-110
769,-0.4609885530937467,8.495695856571281e-111
770,-0.33669334198203066,5.733510234838809e-111
771,-0.23219032058731337,3.864040740163391e-111
772,-0.4776201720257882,2.809420015071016e-111
773,-0.2423039939893501,1.8933799626800606e-111
774,-0.45613978167430613,1.376615807384798e-111
775,-0.33544461465775716,9.995101218297541e-112
776,-0.3842446608647115,6.745417456185508e-112
