t,lambda,delta_s
1,-0.2520974315555083,1.1351221423884372
2,0.1672679736236899,1.1205082763602896
3,0.18683493887424885,1.2093660716484542
4,0.20407382058914736,1.126292577258949
5,0.2981089596600532,1.1803314943691432
6,0.596796028299278,1.0667020197336436
7,0.7430025384760939,1.095812467608052
8,0.1723682023379909,1.0925062224947342
9,0.3639558300183443,1.0093266094783
10,0.04115564303007092,0.8029608842370641
11,0.24505338227441692,0.7050950150479975
12,-0.2537287275063731,0.5481309697036199
13,0.47711065755327753,0.5626014491030346
14,0.09390461187002906,0.45042919721848473
15,0.09190593501690769,0.3358571328536134
16,-0.23816375705903572,0.26709817373089395
17,-0.07024342551228405,0.21986617826116572
18,0.1143076385402482,0.2417373581276948
19,-0.41998394337228506,0.114891351409983
20,0.14068660133460245,0.099476760960553
21,0.1883090743103859,0.10416955234193975
22,0.13766501253311408,0.10346095641959623
23,0.06835314980683602,0.09569547802093682
24,0.028890995604348563,0.09387000010650881
25,-0.5605833560842006,0.05024048573235857
26,-0.15472233775398303,0.03248319651543387
27,-0.012812415365701778,0.024369133284620585
28,0.03216260774180106,0.020641647076709072
29,0.05705587820631494,0.019153068635143038
30,-0.7677969845415158,0.009778044870584836
31,0.06115685655274959,0.00917722367345514
32,-0.7118145625793626,0.0046566669165305375
33,0.016097454493309453,0.0043936267255630795
34,0.003867976650637779,0.0039229459387802685
35,-0.0692798551029838,0.0033525348600556212
36,-0.12395723595957042,0.0028524498537258617
37,-0.15468685684741182,0.002365742113345727
38,-0.5880527804849588,0.0013551823598160363
39,-0.5524761001804498,0.0007509530826138462
40,-0.19249432011826056,0.0006455354034739165
41,-0.12226071187741011,0.0005374437280571834
42,-0.6064951190310918,0.0003073320148499772
43,-0.4613832946099857,0.0001701550125307768
44,-0.2879754409135921,0.00014633227644282877
45,-0.4232269163446273,8.103183955697432e-5
46,-0.321453654424333,6.967086711840803e-5
47,-0.11735210018535368,5.800973575956755e-5
48,-0.6081328210337046,3.317022901447042e-5
49,-0.3365338418048766,1.8367566179787585e-5
50,-0.3971474830647565,1.5792392342418384e-5
51,-0.12491035078058514,1.3148995039483188e-5
52,-0.06334718943161409,1.0676049355236641e-5
53,-0.09989838692572163,8.496287129944444e-6
54,-0.6050580643645724,5.082828450888882e-6
55,-0.130910601751766,4.045095724629037e-6
56,-0.5714645551427495,2.419925866178877e-6
57,-0.41689659121424233,1.418957298514896e-6
58,-0.32290075063811063,1.1521269323440288e-6
59,-0.425275063076752,6.755665207654491e-7
60,-0.3085624758615017,5.48527595374141e-7
61,-0.3995057193619613,3.2163706080296435e-7
62,-0.3393094484519105,2.6115399985176477e-7
63,-0.39310262364256,1.5313141877420064e-7
64,-0.3467812218595791,1.243354219744356e-7
65,-0.10048928387775741,9.895102249759325e-8
66,-0.618944848436095,5.919609432953401e-8
67,-0.13413134720061548,4.7110579525996104e-8
68,-0.06869973649844488,3.686638201000831e-8
69,-0.09973949280832835,2.8457490401420023e-8
70,-0.13581137650305486,2.172340317955314e-8
71,-0.6042063578859534,1.3548611212664959e-8
72,-0.13814289818194,1.0342512199094588e-8
73,-0.6107065900738269,6.450493749657037e-9
74,-0.13007708999912035,4.9240700516742946e-9
75,-0.6041859474612326,3.0710800846975658e-9
76,-0.13662780845306105,2.3443497495794237e-9
77,-0.14743712060674324,1.773251755417244e-9
78,-0.5865193894453452,1.1161449171683385e-9
79,-0.15484670643372578,8.442451604830339e-10
80,-0.5598399518413909,5.313965957698475e-10
81,-0.4652698388021632,3.314253250506841e-10
82,-0.29414465586491056,2.0441736772777895e-10
83,-0.18112353959766764,1.2436663567779441e-10
84,-0.5527556319514286,9.732310875856087e-11
85,-0.19487311612324504,5.921095525489975e-11
86,-0.5345483841810408,4.633553207841366e-11
87,-0.3777921021217069,3.57668122520131e-11
88,-0.3701086164048432,2.2060346822045765e-11
89,-0.21600412351983153,1.3421418871581997e-11
90,-0.16460567897346146,8.029180287549874e-12
91,-0.17975981050578385,4.7080262053811406e-12
92,-0.19686066195157176,2.6919777894316626e-12
93,-0.5411919280497205,2.241491276375366e-12
94,-0.5214688936514756,1.819984011064631e-12
95,-0.2317139708302907,1.0671739966850748e-12
96,-0.2080169676460994,6.101938628300152e-13
97,-0.21038366597262315,3.3784659404475683e-13
98,-0.21926389144418937,1.838795650744317e-13
99,-0.519266279928806,1.608487634247138e-13
100,-0.22086505212718474,8.754506093193693e-14
101,-0.22009371236494657,4.643853377385029e-14
102,-0.518627038362479,4.1680203509694813e-14
103,-0.4924451263722398,3.645978383248383e-14
104,-0.249579719465966,1.984394489096622e-14
105,-0.21037213415404954,1.0526278641146284e-14
106,-0.19812498008905546,5.885803592746904e-15
107,-0.5528594527092383,5.011561261049712e-15
108,-0.5304782051835634,4.498050999608555e-15
109,-0.21229886567367445,2.3860043163857767e-15
110,-0.1813738094410909,1.3341422221903177e-15
111,-0.5690290477302444,1.1359766550312659e-15
112,-0.17324181364421418,6.351851119848108e-16
113,-0.5630444907733033,5.408384854603859e-16
114,-0.505284786125729,4.854214013224094e-16
115,-0.37284118873689914,4.2462267142624064e-16
116,-0.37862505395939905,2.311091291695992e-16
117,-0.24467279714467907,1.2259251391387336e-16
118,-0.494088526902741,1.1003105639764615e-16
119,-0.3503516325297042,9.624973472561836e-17
120,-0.22451552109659076,8.276486538165444e-17
121,-0.17540868225871253,6.891465615739352e-17
122,-0.17265826947719437,5.59554139942833e-17
123,-0.5762032431445369,3.2810267796535044e-17
124,-0.5616951816450676,1.8760412181546715e-17
125,-0.4744742779742298,1.0387094568622261e-17
126,-0.3225673278322649,5.653377791377669e-18
127,-0.4128944631300421,4.945295724121058e-18
128,-0.2736797949381988,4.252445329289933e-18
129,-0.19657128389305656,3.540823830797749e-18
130,-0.18723298019869675,2.874980075074437e-18
131,-0.19556656894738164,2.288022239702339e-18
132,-0.20737869898296943,1.7904917668617998e-18
133,-0.2325689656841832,1.3820966328392036e-18
134,-0.24117885725340552,1.0550418015151505e-18
135,-0.2535884793433534,7.98027136859703e-19
136,-0.2609446588675247,5.990118451724574e-19
137,-0.4778524048016295,3.7994071985890463e-19
138,-0.2756745192601819,2.851895394866069e-19
139,-0.2684864309585881,2.1268113379880015e-19
140,-0.28159485058441286,1.5772603531583544e-19
141,-0.2758735495787636,1.1640699721500278e-19
142,-0.46206264929673835,7.509336541386923e-20
143,-0.2817100276109697,5.542137137406281e-20
144,-0.4488443110863022,3.5751951273543135e-20
145,-0.4170516082306457,2.295215728155088e-20
146,-0.35917751075214444,1.4652992179227123e-20
147,-0.3113846447699756,9.294087323197456e-21
148,-0.2695156049872077,5.850014430207254e-21
149,-0.4694543296701749,4.4249149745743085e-21
150,-0.2596630432127677,2.785191870221673e-21
151,-0.48138969372475277,2.1067020193948275e-21
152,-0.2622319992206788,1.3260298494125384e-21
153,-0.4804865779354433,1.0030008314338771e-21
154,-0.42566285073632537,7.528683562202481e-22
155,-0.3131099387756975,4.775286958456689e-22
156,-0.26868208657041986,3.005727904624578e-22
157,-0.23766803636433853,1.8746344191466167e-22
158,-0.22994345357968857,1.1562418579262633e-22
159,-0.5147757336407979,8.925134469557037e-23
160,-0.22314444418253485,5.504867485586938e-23
161,-0.22315294983919137,3.349137389022982e-23
162,-0.5208127505035254,2.6208674098879417e-23
163,-0.21856645449328455,1.5945243109138422e-23
164,-0.5240351101546155,1.2477949738476487e-23
165,-0.5209092922047472,9.631841172055106e-24
166,-0.22641036734012687,5.9407518704886535e-24
167,-0.2340458664605186,3.614327549292567e-24
168,-0.2476892085943578,2.1622220265571683e-24
169,-0.49657933615510647,1.7207813462181905e-24
170,-0.5042992881322004,1.346597414793426e-24
171,-0.23842766413335822,8.1926399893448055e-25
172,-0.5031176219883169,6.411150291831498e-25
173,-0.49542827221937624,4.948824336956765e-25
174,-0.24905814407257815,3.0523486539409773e-25
175,-0.23845001827292261,1.8570356194791735e-25
176,-0.5016094952720227,1.4532231941412989e-25
177,-0.24173049495600962,8.841346584340343e-26
178,-0.2231348069762516,5.289214679181041e-26
179,-0.21519762729018918,3.1014076685237986e-26
180,-0.5284858751773521,2.518195108758093e-26
181,-0.5099740767271895,2.0040787283017922e-26
182,-0.228325124897896,1.198912691279728e-26
183,-0.2048851838278508,7.029998289275682e-27
184,-0.5454843197982644,5.708023323182784e-27
185,-0.19423592782207985,3.346982185524153e-27
186,-0.5426988318670541,2.7175899041673224e-27
187,-0.19599019759788558,1.5934982185280484e-27
188,-0.5480120910947516,1.2938445533740626e-27
189,-0.18496756227854405,7.586645018412038e-28
190,-0.18076211346241505,4.3379282517017015e-28
191,-0.1912067664821074,2.401784702078381e-28
192,-0.20570182302790385,1.3072179332436326e-28
193,-0.21914109939786144,6.934175782906092e-29
194,-0.22896292642710178,3.8772673731278167e-29
195,-0.4924260256753096,3.3013610902415895e-29
196,-0.4442333588093495,2.9630867066203326e-29
197,-0.36866234744473536,2.591961931643456e-29
198,-0.2939479379171148,2.2288204841124097e-29
199,-0.4555902142223702,1.2340330756554491e-29
200,-0.3891991551228534,6.716464491245455e-30
201,-0.34722702153597107,5.875231473195593e-30
202,-0.2802512390170714,5.052094360065454e-30
203,-0.2518319846785044,4.206656340140575e-30
204,-0.23998561683045044,3.4156043165426015e-30
205,-0.2519543345152709,2.7182722781375952e-30
206,-0.47106214241663114,1.6261692151059326e-30
207,-0.2748605756007393,1.2941694316213086e-30
208,-0.4569056696567336,7.742191633119344e-31
209,-0.41068605596819874,4.539746249410129e-31
210,-0.33787932793219877,3.686057436528119e-31
211,-0.3915358251388338,2.161373189344162e-31
212,-0.3579349812508126,1.7549319455310374e-31
213,-0.3724721670247977,1.0290297754467553e-31
214,-0.2963179765927856,5.883835771832473e-32
215,-0.4413358571508767,4.899210760902001e-32
216,-0.2953795274353797,2.8012942109694403e-32
217,-0.4577086894840992,2.3325142432654426e-32
218,-0.3974721806960718,1.89389031893875e-32
219,-0.33607318603024455,1.1105100312186769e-32
220,-0.41332764416570056,9.01681180846739e-33
221,-0.3147982514832118,5.28713825863212e-33
222,-0.42952933506956265,4.292904102011323e-33
223,-0.3131109605332433,2.517206524934752e-33
224,-0.2540561777993679,1.43930041189246e-33
225,-0.23066872354881754,7.96898775267281e-34
226,-0.22726435845371099,4.337276230912061e-34
227,-0.49387085764852623,3.7940350690475237e-34
228,-0.24764836080795344,2.0649772135372323e-34
229,-0.4809842019965429,1.8063400963735259e-34
230,-0.28503415993037207,9.831356513650761e-35
231,-0.28944877707721156,5.215071834343292e-35
232,-0.304698327974726,2.916024702122975e-35
233,-0.3061058837605696,2.1845636227583906e-35
234,-0.42829727989746763,1.3883193606807477e-35
235,-0.37356765559563504,1.182106642927513e-35
236,-0.30752953743421735,1.060981935547614e-35
237,-0.2645988828005986,9.280946051819918e-36
238,-0.48546550432407887,5.05133499514219e-36
239,-0.47123534213653223,2.6794954310141736e-36
240,-0.44029981011024283,1.4982487517445457e-36
241,-0.3699236312809886,1.1224252382092034e-36
242,-0.2784859792977533,1.0344483993975277e-36
243,-0.42593456838657867,5.343866559114016e-37
244,-0.3089729473089526,4.925008829531629e-37
245,-0.42705040605966077,2.5442148687941826e-37
246,-0.2121813447839198,1.6168825312667251e-37
247,-0.5336961317188995,1.2113006990329103e-37
248,-0.18763817397703092,7.697977731360877e-38
249,-0.07991194801708514,6.554565808898429e-38
250,-0.6773263181199273,3.665007197900913e-38
251,-0.06129220691812872,3.1206287816165415e-38
252,-0.6617515875494163,1.7449099269206238e-38
253,-0.07460099278980722,1.4857313629276354e-38
254,-0.6836891022048734,8.307516162069089e-39
255,-0.6234698033640144,6.223643301073854e-39
256,-0.10138072579333357,3.9552084447610934e-39
