t,lambda,delta_s
1,-2.2657187887679755,1.0486805536958397
2,0.16458854751938665,1.0548299084532493
3,0.41874978211037006,1.2351023396590795
4,0.47839875750587096,1.224242037270518
5,-0.11621041794055353,0.9396384711580363
6,0.32341858096975035,0.8096680871118982
7,0.005073423926173452,0.6372266626032799
8,0.018151134214975922,0.6090673240209873
9,-0.05421386223689482,0.4116867745068243
10,0.04386027517135857,0.48429782665009097
11,-0.09065290672065551,0.2999627060488618
12,-0.33227264830664827,0.2700209840633294
13,0.12060339685327463,0.3106842088022549
14,-0.4337492054570625,0.18397208661162234
15,0.23936265274959614,0.17192893331794687
16,-0.705670341557239,0.09703032299989434
17,0.07723801746655477,0.1031789562093125
18,-0.6744653323762569,0.05075633196736586
19,-0.017872370846494224,0.0491709987619146
20,0.143040011676564,0.05247761484085297
21,-0.7282945933559762,0.02526110905705681
22,-0.2770119332889143,0.01618198106856649
23,-0.444991636111507,0.012035463626109926
24,-0.2899758106699111,0.007796107866408814
25,-0.44160186612962643,0.0057334405135450175
26,0.008561975134975423,0.005675592698127727
27,0.007401102064212463,0.005464272212536056
28,-0.7285732503070717,0.0027317301736862333
29,-0.008615737357613127,0.002605739527911577
30,-0.7267291246707371,0.0013034304868639265
31,-0.012682101003695653,0.0012415726563528037
32,-0.07849289964146128,0.001125967063989113
33,-0.6570792576071232,0.0005907363642934391
34,-0.6955121371276858,0.0002957774381232002
35,-0.043788919809551546,0.00028131131692764967
36,-0.679751638594519,0.00014087002494035588
37,-0.5097521626833901,7.25135099742533e-5
38,-0.1684399548419309,5.207448462473139e-5
39,-0.5550228339405661,3.4524054041514736e-5
40,-0.18457673504144645,3.193382769755349e-5
41,-0.03664010772149648,3.0364094742458188e-5
42,-0.06765711489933333,2.7569151930884103e-5
43,-0.11516489901292853,2.3873095952222926e-5
44,-0.15349256438782585,1.9857535726373385e-5
45,-0.18918582123758548,1.6051245118989406e-5
46,-0.21186198258524555,1.2702367690328817e-5
47,-0.2099352122922603,9.889924511037668e-6
48,-0.5536675005971857,6.04759995754643e-6
49,-0.1772115326579556,4.708604119518039e-6
50,-0.5591061439375322,2.879254406144012e-6
51,-0.4673312243597618,1.732193910603187e-6
52,-0.2706157487937296,1.3708146859669492e-6
53,-0.14970113583112324,1.0673099869715453e-6
54,-0.11442780934119484,8.203809867208463e-7
55,-0.11642410717470571,6.240501860238229e-7
56,-0.6382162213659324,3.9058338821353044e-7
57,-0.6485495865497657,2.419283652895968e-7
58,-0.4400950117481923,1.4793557730561e-7
59,-0.12086098320969267,8.899948112775827e-8
60,-0.6140477142668929,7.043213154484353e-8
61,-0.28176303482515813,5.483820565538861e-8
62,-0.4587864548300917,3.3532736765170444e-8
63,-0.11247244036643425,2.017361787617805e-8
64,-0.04282230262924252,1.18818580904368e-8
65,-0.10195909145129953,6.800518955924556e-9
66,-0.16109927902255958,3.7387638328055385e-9
67,-0.5614249336314177,3.2377270756325587e-9
68,-0.19504541193641872,1.780025461282301e-9
69,-0.2263876266560874,9.334495698651057e-10
70,-0.24898541450636552,4.678877911236268e-10
71,-0.47275012106069425,4.4441534027009786e-10
72,-0.42395363781651296,4.0348052559746077e-10
73,-0.3290507650281721,2.1158614351071464e-10
74,-0.2915163716386249,1.0605669187287524e-10
75,-0.26012204262271765,5.4699740553579724e-11
76,-0.4734460791077193,5.049359099992022e-11
77,-0.38455996908840195,4.79604871689854e-11
78,-0.3682116498775954,2.4039998676006248e-11
79,-0.35689866577705415,2.2833987941305262e-11
80,-0.2378335191551245,2.0730763818312988e-11
81,-0.17763073625969042,1.7952606375253705e-11
82,-0.1724237421266328,1.4933719788277273e-11
83,-0.5430417032331603,8.547235895169715e-12
84,-0.19557652689772562,7.109943991238555e-12
85,-0.1864106349444014,5.747299049281163e-12
86,-0.5178528578678528,3.3850443342155586e-12
87,-0.4150910400881291,1.9374123024807922e-12
88,-0.27981678361141454,1.0651432749673172e-12
89,-0.4226381029244528,9.224019972117609e-13
90,-0.24215707100663755,7.672920951422047e-13
91,-0.48708464586443934,4.3915559087253405e-13
92,-0.2516374726190681,3.6530776649723546e-13
93,-0.1504161560928861,2.9529529088936743e-13
94,-0.5416428528234374,1.739230276292992e-13
95,-0.19884240026752095,1.4059008799244326e-13
96,-0.1317352048026597,1.1125975523996233e-13
97,-0.5954006810131498,6.69349408932009e-14
98,-0.44167542985035785,3.9423343119591296e-14
99,-0.20917254961968604,2.25637428711351e-14
100,-0.5157711805280856,1.876945365923749e-14
101,-0.2224853439430983,1.0742597980947431e-14
102,-0.4806342870401965,8.936136887163033e-15
103,-0.2044719779112304,7.223495867129873e-15
104,-0.09067818626453994,5.716508138162473e-15
105,-0.10916402379157679,4.450853038330265e-15
106,-0.1416429377623128,3.4211216254470518e-15
107,-0.1726634428086415,2.6023909553636596e-15
108,-0.5642962075189325,1.628796005875341e-15
109,-0.5841770146218415,1.0088802437304965e-15
110,-0.5820728242368499,6.16915057508079e-16
111,-0.5057472390645956,3.711420434223307e-16
112,-0.2328460177647687,2.9371325887959644e-16
113,-0.14795358645480305,2.286841055914866e-16
114,-0.5717422945629901,1.398368825525759e-16
115,-0.16731489450974177,1.0887650267210673e-16
116,-0.14878535053254607,8.368727400946128e-17
117,-0.16259426692858764,6.365953298512248e-17
118,-0.5651226206429261,3.9843511155904536e-17
119,-0.18340057478828467,3.0308303654216814e-17
120,-0.19293977804601886,2.285780430414911e-17
121,-0.20306160105141763,1.7115031393758433e-17
122,-0.5096790396347324,1.0882600629205392e-17
123,-0.2311064476179082,8.14846644656839e-18
124,-0.4967420133782188,5.1812061595646864e-18
125,-0.3997747823726299,3.2708164564642365e-18
126,-0.2823383140580215,2.0471531263433155e-18
127,-0.45935970717525854,1.5572357149226225e-18
128,-0.26873644641656286,9.746496034520526e-19
129,-0.47248193125709453,7.413999238746604e-19
130,-0.30834244257863397,5.5914625128418315e-19
131,-0.39351684901106515,3.5298050375672574e-19
132,-0.19682416815748457,2.209250049404968e-19
133,-0.5420917829150473,1.680540178385771e-19
134,-0.31503510229937104,1.2674235734554982e-19
135,-0.41089843594315395,8.001051789294658e-20
136,-0.1514194023369678,5.0077338189118376e-20
137,-0.08103750616170917,3.101802618337151e-20
138,-0.6545566193420749,2.3841820711839245e-20
139,-0.0906285036592168,1.4767682265903176e-20
140,-0.6536802514286277,1.135109084090667e-20
141,-0.09082543314536395,7.030893526796501e-21
142,-0.12320703178515746,4.299285382354576e-21
143,-0.16389791344438062,2.586491515555099e-21
144,-0.5733504071494113,2.0468897705390126e-21
145,-0.1707483348929697,1.2314286105557821e-21
146,-0.20096342166300307,7.252868530754443e-22
147,-0.5360777513027227,5.862831614856079e-22
148,-0.20814245285203672,3.4530907074921903e-22
149,-0.5277312444142861,2.791294131832979e-22
150,-0.5236563754809814,2.2089658406585975e-22
151,-0.21862744933454287,1.328935136165681e-22
152,-0.5192531874570054,1.0516886367375579e-22
153,-0.4762066283548847,8.188410566499132e-23
154,-0.39021213375974245,6.293972913920024e-23
155,-0.29415229376204993,4.787721682461077e-23
156,-0.2326671378430592,3.610786223108228e-23
157,-0.21348904392054913,2.70361574289225e-23
158,-0.5326916462981532,1.719095320821827e-23
159,-0.5267704066884336,1.0852386669066878e-23
160,-0.49130249827037953,6.792339953518177e-24
161,-0.2506387320613684,5.166821293142739e-24
162,-0.4929236126786256,3.2338330518700035e-24
163,-0.24864502817884812,2.4599236176652575e-24
164,-0.49575547393268565,1.5396279159953083e-24
165,-0.41471878858026423,9.536493100060465e-25
166,-0.3274034505833727,7.330168508053662e-25
167,-0.4107413447524242,4.540324364938788e-25
168,-0.32965846523997155,3.489893226684348e-25
169,-0.23763981742280102,2.6547043813800273e-25
170,-0.19634844858478084,2.002115127499369e-25
171,-0.18355383474215536,1.4991056360934206e-25
172,-0.18501853797422121,1.115615743230905e-25
173,-0.5686988627980101,7.137241933440775e-26
174,-0.5901774400520002,4.5382185850958626e-26
175,-0.1443277889492665,3.398040884511152e-26
176,-0.1529048960061915,2.5287797041319846e-26
177,-0.17374504522245526,1.87200674063519e-26
178,-0.1898491659895878,1.379518553266571e-26
179,-0.20298006339030308,1.0125719980450942e-26
180,-0.21457620659474635,7.40612395938479e-27
181,-0.21947717803180572,5.3997806405247204e-27
182,-0.5300386731080085,3.526055617063099e-27
183,-0.19726567938096348,2.5708355629538187e-27
184,-0.18121719828235983,1.8690333805094442e-27
185,-0.5605924588173146,1.223974811522313e-27
186,-0.1606521560103058,8.898467924605463e-28
187,-0.570384420342526,5.827344077657731e-28
188,-0.41917009755866197,3.805254451148914e-28
189,-0.20024066831971998,2.476947607603231e-28
190,-0.13957025670793197,1.6066328205934918e-28
191,-0.14717929567883403,1.0379936065503712e-28
192,-0.5736566222183891,7.649178858845613e-29
193,-0.179146368090529,4.941887560786316e-29
194,-0.18846675807343016,3.178298116199777e-29
195,-0.1939659356304999,2.0333419216747086e-29
196,-0.1920237531147578,1.2929014015292204e-29
197,-0.5439464294942562,9.680740889093288e-30
198,-0.4927149138253693,7.204286797397236e-30
199,-0.25056290331505193,4.6090007372973124e-30
200,-0.4722572280733338,3.429960944240824e-30
201,-0.2797418797249799,2.1943452510272497e-30
202,-0.17610735844984016,1.3952754429788377e-30
203,-0.12515506448018476,8.808161149447563e-31
204,-0.13530109881838404,5.512891008846029e-31
205,-0.6051862584791586,4.193565523251985e-31
206,-0.14210244421379556,2.6246874093115934e-31
207,-0.5974276223674656,1.99655654562027e-31
208,-0.5074745019894908,1.5057556279830466e-31
209,-0.22062649003013196,9.505605713698104e-32
210,-0.11272883856138784,5.94941070940424e-32
211,-0.6309567430062117,4.525618880291666e-32
212,-0.11457481009452447,2.832514438747359e-32
213,-0.10304923433015756,1.7544663954390228e-32
214,-0.6367312853157797,1.3485601242876174e-32
215,-0.5989480250429043,1.0258275075945569e-32
216,-0.34880222276878,7.736547939444664e-33
217,-0.09486862971940789,5.792825028206119e-33
218,-0.6432405029629882,3.683370473969603e-33
219,-0.09239185079317994,2.7579639959289335e-33
220,-0.6631935535867476,1.753652682656928e-33
221,-0.37451192384650056,1.1070542025756515e-33
222,-0.05355135106403536,6.928879996782636e-34
223,-0.6506066234789524,5.270685058462676e-34
224,-0.06871148619002715,3.2988397664682114e-34
225,-0.6324510042068096,2.5093731563340787e-34
226,-0.18397107990687528,1.8925097619440343e-34
227,0.01190907865389257,1.4170374178410042e-34
228,-0.05281420716048435,1.0545415973555704e-34
229,-0.6778511902342452,6.746515146341018e-35
230,-0.07395120205434777,5.02067254500987e-35
231,-0.14220785887384405,3.716706849324651e-35
232,-0.560518748474846,2.3903421986791994e-35
233,-0.19390134694981023,1.7695241309634656e-35
234,-0.5267214851940506,1.1380419207911665e-35
235,-0.22501869682497844,8.42470438751706e-36
236,-0.4924229768214532,5.418217584886743e-36
237,-0.2678748884274274,4.0110017588968715e-36
238,-0.26041510934260437,2.9557860148012054e-36
239,-0.4628511211235855,1.9096379374108002e-36
240,-0.29431169131966556,1.4072497216468538e-36
241,-0.26333616007209315,1.0329267837842624e-36
242,-0.4644667033965104,6.6999159247606706e-37
243,-0.3422688823699382,4.328599419348103e-37
244,-0.20302221473448384,2.783871387415485e-37
245,-0.14618127551366247,1.7810042323376676e-37
246,-0.6093233471777699,1.3254011675485117e-37
247,-0.12872246332994217,8.479361150159633e-38
248,-0.6242383847719304,6.310234958698463e-38
249,-0.6326883954875024,4.6713449804953027e-38
250,-0.09903173028286331,3.0043028638363377e-38
251,-0.09519740778742947,1.9220270519336748e-38
252,-0.13301339765000983,1.2221217901096665e-38
253,-0.17071389925232797,7.715068537689832e-39
254,-0.5678371865393884,5.818521842712119e-39
255,-0.1762846405991899,3.6731441307941304e-39
256,-0.5632935636662826,2.770198249315239e-39
