t,lambda,delta_s
1,-1.5940645517735361,1.1746711563268273
2,1.0278401778947492,1.11789454782345
3,0.1476735607204147,1.0621467149353716
4,0.3252114685089456,1.0474127845746743
5,0.030120181170762518,1.076973317737347
6,0.5584752982131928,1.1344445826586522
7,0.13557764047998153,1.0201684186722983
8,0.38450780664572104,1.0413664624297645
9,0.5907150054023782,1.0451249573233894
10,0.1754810079266492,1.0858132304152086
11,0.4181787201059741,0.9972731539153287
12,0.31274770238053873,0.9785542307472288
13,0.43435055883708223,1.0110908701623391
14,0.24545553722554148,0.946998981149467
15,-0.030665175154445928,0.8827159971308748
16,-0.03768781462086949,0.9345536143938106
17,0.12790079036085025,0.7436283964485371
18,0.3041889067610373,0.8673237199767174
19,0.5593498814699562,0.9577745958573368
20,0.3502236910059011,1.2069214566097708
21,0.31983141500275747,1.0953487619718292
22,0.43824714054953645,0.9399513581685639
23,0.5336208413545097,0.9543104644325161
24,0.3634956030951921,1.0038435193506172
25,0.2649730381341228,0.9178227126480192
26,0.28728482771395025,0.7878739262536821
27,0.40781058231547557,0.978885604074861
28,0.11426168972358318,0.8735372318684504
29,0.35345711958895837,0.9852595890972281
30,0.5562549714330373,0.8948693958423746
31,0.44456441430841587,0.7957330288110144
32,0.22933993231645144,0.7573207146852637
33,0.5319429732741565,0.6984520821091388
34,0.23007367312769061,0.673510104105547
35,0.4003970617590563,0.765364221336648
36,0.5241593051325096,0.5976582839439746
37,0.3066677683119217,0.5399641807451131
38,0.14900639839256893,0.7029011742260205
39,0.5226804763079366,0.8970505801086367
40,0.36241117800189,1.0629257192884707
41,0.5835306629384486,0.9914218970349874
42,0.2727304480361881,0.9642391207840507
43,0.46936359304248193,0.8524013435932479
44,0.6866447553757341,0.94764298930107
45,-0.06556542126397191,0.9440033038951429
46,0.4639347190476984,0.847962837849288
47,0.4459086394641296,0.9482584297175056
48,0.24021306636524434,0.7890159882419037
49,0.3497640850743906,0.8541338204782141
50,0.2739356096659762,0.9540696291754
51,0.16002173113605792,0.7698415063717099
52,0.30116830379120346,0.7345363976611189
53,0.4156709818775185,0.6624646629823835
54,0.5251348279959352,0.7926330763215894
55,0.45341004570211435,0.8473977547795394
56,-0.19282589095890298,0.634135508586351
57,0.38892939359034734,0.5554724722889887
58,-0.03317147993847366,0.46849832728933394
59,0.05783019218510352,0.4392070737724708
60,0.4655714231242814,0.5138070153903731
61,0.1171172055640821,0.5056037555839611
62,-0.21646356500711714,0.4696984530423404
63,0.1324902224854297,0.5389751519987985
64,0.0471413683235807,0.4819093515338476
65,0.42774001248560123,0.6002947559837201
66,0.4061732624734593,0.8009447520569255
67,0.23904016167109612,0.9779215012486627
68,0.27990477672355074,1.0591555482786728
69,0.2857210760074671,0.9274635261642065
70,0.3150936654672794,0.9624052471047142
71,0.34320565107385387,1.0834936809690647
72,0.36380330539984196,1.125224486132763
73,0.21503749082390608,1.0925807242971088
74,0.32532100161112415,0.9836607154538042
75,0.4543160332661669,0.9296596608286594
76,0.6351627978557106,0.9147536149276977
77,0.546621985267866,0.8119741673584936
78,0.39242944178433786,0.7860537077220271
79,0.6579891962514098,0.9188672786460681
80,0.6576593706838643,0.7216562755345393
81,0.6252627896281998,0.7308510179511986
82,0.6556333170171834,0.8378302626026779
83,0.0253923330143611,0.7108992702747549
84,0.5063196642542683,0.8681260301153347
85,0.32129857984359944,0.9093955671145663
86,0.13961051331321975,0.9297988970377965
87,0.6647478714587582,1.0042448511834479
88,0.6472374525984367,1.0225634661105127
89,-0.21977567206158613,0.9449978038583753
90,0.4687771633719478,0.9507485126730583
91,0.33385510956128917,0.8656961513447037
92,0.23756634580685987,0.9178353862488755
93,0.3462954084428389,0.825792795875846
94,0.41300732654331374,0.9864406109678714
95,0.5241541061197429,0.7464754831957996
96,0.11205853482955982,0.7851973800933157
97,0.32654124583076793,0.8845121990668539
98,0.5398167060125347,0.6987674656316809
99,0.8100983171862276,0.8511768351916961
100,0.5437399195460733,0.9546043208090169
101,0.4764370609162568,0.7987923291641857
102,0.11637535083631968,0.7229042624470999
103,0.36831858778767296,0.8422371544289599
104,-0.030704131404437163,0.6605165941151739
105,0.8897715738069447,0.8228426708292187
106,0.39940139591273727,0.8622945313645198
107,0.31113263892182824,0.9129481832304985
108,0.6034669068915451,0.8079264247699712
109,0.5504718447701377,0.9094815149106197
110,0.50294657805135,0.9443024723576552
111,0.8537999565265907,0.9413206019622776
112,0.08398340120321289,0.7772022093939649
113,0.34246310269635033,0.8354635075903684
114,0.6082635013741361,1.006785349911445
115,0.23916248711978527,1.046879811294119
116,0.6075310275982123,1.0113866054240475
117,0.4979922835167869,1.1004759016244934
118,0.7174679796952697,1.0889869497334026
119,0.18187257328917805,0.996523389709058
120,0.8256830052834597,1.0477894646913213
121,0.503687310417253,1.1461407650717073
122,0.15088525143332152,0.9023674510747466
123,0.5308578494733758,0.921825950697393
124,0.5010641534511189,1.0566776746167017
125,0.42850919645258323,0.8097345515755965
126,0.15052074742022803,0.759460095018547
127,0.2768162156142659,0.7405149341494065
128,0.3180881496201988,0.738446116778864
129,0.5068087084275423,0.7866229078954788
130,0.24657368100822474,0.7134300428436897
131,0.3433168231350482,0.6422831329159547
132,0.4937853232253266,0.7203182845505331
133,0.4700073506158034,0.8477938248322039
134,0.28950901488911207,0.9520703450653477
135,0.4349319531824223,1.0192770682139245
136,0.3867214621455077,0.977406295753273
137,0.48025952906981567,0.9958048504305423
138,0.21042742217399735,0.8934808724916993
139,0.2947119693308303,0.8837055191476496
140,0.3820285841468009,0.9095566852642404
141,0.3507933690367612,0.7945919728401254
142,0.35939647905385214,0.8222565101839249
143,0.4565438814590284,0.7878405336096937
144,0.49559695534677906,0.8926621507900914
145,0.337696657295628,0.782655486236277
146,0.5447672043378806,0.978469712606665
147,0.12896610501162267,0.9401079028004076
148,0.27947028273989666,1.0755991137578471
149,-0.040822928036021784,0.8377220838398295
150,0.5016275111368937,0.8118040927550915
151,0.36464947527214414,1.0173836502048454
152,0.3129528111354132,1.1403329847118973
153,0.3245753570839901,1.0349507847699182
154,0.3559265370490883,1.1402922541929823
155,0.3382923864937858,0.8279844907274145
156,0.31154504974676545,0.8888149270217516
157,0.6393115672798639,0.8205072647885014
158,0.22192842132916138,0.7782517859988666
159,0.5443087223781614,0.6491847681566542
160,0.4099108052608793,0.8492121903602653
161,0.03312181824639397,0.981379991981773
162,0.4075205801728355,1.0517205873623805
163,0.19449811468551592,1.0892972863072579
164,0.3563193089096594,0.9939086805820978
165,0.712438623256282,0.9812819097862929
166,0.402799643818674,0.8290682793496689
167,0.25758135261985254,0.7490598538309831
168,0.5657841230573428,0.593394436832315
169,0.47241702255798546,0.5632627401949553
170,0.20184407558256673,0.4476013405523345
171,0.28277944675183225,0.4159120954305555
172,-0.17324610361931497,0.3453897326625272
173,-0.05865427129513439,0.2709821859880268
174,0.5062486557430439,0.3633307698658552
175,-0.24518703968115174,0.21167491531616178
176,0.10750630640271773,0.259529097289065
177,0.23664106634086643,0.2984256621052609
178,0.36048808708028407,0.3512058740535454
179,0.12667357809581944,0.2795089787054862
180,-0.052597399488521164,0.25747848703384046
181,0.10921702425879806,0.20268577821810654
182,0.42591625883789075,0.24482349915925405
183,-0.4136203474952493,0.13188203389457284
184,0.1322154093021585,0.14728599270438594
185,-0.20210649928038527,0.08573236153151963
186,0.10772318776224975,0.10011010884157777
187,-0.5027881177276105,0.05326802581408463
188,-0.027154608972672273,0.05921736679814733
189,-0.43275157700545186,0.03121598120712687
190,-0.10524613055509863,0.034847368930276526
191,0.026289608222435326,0.03998381402107725
192,0.022675139992021878,0.04254242358475565
193,-0.49252181356489694,0.02362324754328605
194,-0.009944334156481232,0.025352060801037395
195,-0.45022324554963716,0.013976137758118517
196,-0.09429454497895225,0.009292866691767598
197,0.06194014239037619,0.008714563258593624
198,-0.5964894402205666,0.005430431240473845
199,-0.4439841398365731,0.004811655580997046
200,-0.09839744099967028,0.0031861276834083056
201,-0.43514306454298673,0.002814086115828475
202,-0.07318724242373552,0.0030710432759025047
203,0.05083915299275182,0.003125896588483554
204,0.015415326737135094,0.003001488606005632
205,-0.0391980600476469,0.002769826066934292
206,-0.07473502923254496,0.0024850767015729613
207,-0.09479644132687856,0.0021836652899356376
208,-0.4543960646191648,0.001446132575249762
209,-0.08587895371075821,0.0012706242695306954
210,-0.11036200106530578,0.00109766914843208
211,-0.43079831004080665,0.0007394053540961923
212,-0.10800181369979973,0.0006384749629565518
213,-0.11992901950948906,0.000544128091758319
214,-0.4176782505521324,0.00037139161802008747
215,-0.11884682829002399,0.00031642370147294573
216,-0.11629513660013871,0.0002667901764436836
217,-0.1220370529970454,0.00022305145626250493
218,-0.42493372938956747,0.00015513459946858764
219,-0.43114949998057606,0.00010700013379815552
220,-0.3986483583042911,7.304635544493225e-5
221,-0.13512266589416122,6.221403247399974e-5
222,-0.08336679396299206,5.2446818671659936e-5
223,-0.45691915774189135,3.617318082775188e-5
224,-0.07594733885870142,3.0493717400941645e-5
225,-0.05599679477447884,2.5494680949848626e-5
226,-0.4798743766773635,1.772960769346851e-5
227,-0.41834432873314187,1.22283516887856e-5
228,-0.23433220497931556,8.348418691263751e-6
229,-0.2947068761720639,7.109683805739496e-6
230,-0.23606750326943796,4.853857132083253e-6
231,-0.03252399014699404,3.27380144623411e-6
232,-0.4935120004277105,2.8220678194267143e-6
233,-0.23799535501245384,2.4033133197001753e-6
234,-0.00216392221274426,2.025922939389168e-6
235,0.027023937199790724,1.6938004429867857e-6
236,-0.5600206083608744,1.1778859146967874e-6
237,-0.4665607385855434,8.124025032567521e-7
238,-0.05692649091973251,6.848307099903621e-7
239,0.051422403667375216,5.725619003103803e-7
240,-0.5908389662192457,3.981650181621295e-7
241,-0.477927817366641,2.7461932450448143e-7
242,-0.12141851970540109,1.8748645716699162e-7
243,-0.3987248799550587,1.5966540757719918e-7
244,-0.021037595648629663,1.3459303036716832e-7
245,-0.5337284519846534,9.283047662970776e-8
246,0.005734637026012205,7.82532343261532e-8
247,-0.5382197084071443,5.39722227481704e-8
248,-0.09982163195141751,3.684759771983714e-8
249,-0.4224487877063663,3.137978847297619e-8
250,-0.10657941997550638,2.1423424208201792e-8
251,0.1254574741208229,1.4449666526116049e-8
252,-0.6356484472163633,1.245571282630069e-8
253,-0.33925079746978487,1.0607411340714003e-8
254,-0.1901420065214346,7.241829353735436e-9
255,-0.337915661163638,6.167215293714726e-9
256,-0.18835536229383718,4.210444875420709e-9
