t,lambda,delta_s
1,-1.037276223660013,1.173054598910784
2,0.2738123280417368,1.1361580436096392
3,-0.019681433811844267,1.1498920358760776
4,0.3134465246294584,1.1800772702262732
5,0.5272849725711831,1.1426857103754515
6,0.5861299554415411,1.0248104769525146
7,0.4353594042857649,0.8770898062399168
8,0.7919711121264018,0.9009345598730586
9,0.41346763900975336,0.9479566550615057
10,0.13253711187840517,1.1755493315540297
11,0.36054970002506453,1.0990364681308182
12,0.36412449546659553,0.9892643538125748
13,0.07872197259705033,0.7666322001032769
14,-0.13735306459705637,0.7637671568536768
15,0.17298165056239617,0.7485753108925173
16,0.025347018660831798,0.7164650058954171
17,0.326335897982095,0.7664126506897193
18,-0.45979880128697376,0.5171792091187586
19,0.24672970947211303,0.5350901132056585
20,0.561070882479044,0.6092387217597585
21,0.5455135364214342,0.6427556059856683
22,0.324927221420572,0.7143502902870159
23,0.3214466271636237,0.6081384219283549
24,0.38457516186489554,0.6819058549366713
25,0.5184769446001757,0.7382129275478071
26,0.07269631773028852,0.6541681340331881
27,-0.007555712149444361,0.6411169411849115
28,-0.07544116153575509,0.5969676223082417
29,0.3244428143954114,0.7217618769787836
30,0.12010349327990724,0.5178771799610175
31,0.16077940981557104,0.5694061552708765
32,0.4856611961077698,0.42514856271105317
33,-0.14368297501432814,0.4283774593818308
34,0.005646842061663235,0.5415938463500544
35,-0.02938080304997378,0.40798199339965335
36,0.4260495703814308,0.4423969585961781
37,0.500734686547155,0.5346815148016826
38,0.02988824402948889,0.35464531608041694
39,0.38646403403978913,0.4702724647227908
40,0.2079505786660343,0.59617142158893
41,-0.08644170553870294,0.36479481394499047
42,0.319911045599289,0.4117759218717619
43,0.06680557253649123,0.3018104963041585
44,0.06836935219512016,0.37456378178785654
45,0.477155436494193,0.49667769484868673
46,0.39068534680327294,0.45951669878804763
47,0.3728892267208531,0.5672565714581135
48,0.12630605683982168,0.42907704513451567
49,0.5633354098797344,0.6013445429596371
50,0.33729853724396647,0.7038051522310674
51,0.3012712684896988,0.8272424516969364
52,0.6747731481949676,0.9073741561590364
53,0.7824566465132323,0.9400904748651513
54,0.263278717465887,1.008170542327646
55,0.21281664686252494,1.0346073835062497
56,0.5097158272629702,1.005096110962548
57,0.38230445424673,1.0594096683199445
58,0.09767002418783967,0.9715993372036144
59,0.4510228612377727,1.0373252873962053
60,0.06540571951225164,0.9056136278593122
61,0.3999325316690474,0.9560821512296945
62,0.5150680433495284,1.0560773422013296
63,0.6362815125356932,0.9366170961351377
64,0.8319598249209158,0.8984705794351566
65,0.32424039099383345,0.9723073703222409
66,0.30444472351973934,0.7488669607640768
67,-0.01357606475913556,0.6735727427815392
68,0.10211502511798905,0.7291079358270607
69,-0.014098961187359179,0.5572481572603061
70,-0.169373038607566,0.5761016248819587
71,0.4206259022151733,0.7233091647174628
72,0.2214582807928633,0.7277738905418232
73,0.14042669845111377,0.7038549599021309
74,0.1920769671190149,0.6820098745623462
75,0.3972529321443608,0.855676690698326
76,0.3980586937909102,1.0744609258778277
77,0.3333318071763189,1.077961294366442
78,0.4801452525320484,0.8608607086118543
79,0.4942702096473735,0.8254357063843251
80,0.32116904585135286,0.7081928798140347
81,0.1878208794904217,0.751428915802523
82,0.565550373258866,0.795286173608288
83,0.2568531224099265,0.8586560925596209
84,0.3300373533580913,0.7973791087477395
85,0.34734274967714784,0.773497190809069
86,0.4142885172697143,0.6946977830086457
87,0.31395194032163454,0.6938940618234477
88,0.42533059773049847,0.8151015971880005
89,0.47669679075421967,0.8658023529767793
90,0.5626268422052115,0.8072099786642966
91,0.5038426282215092,0.8404353286759463
92,0.5400798281457465,0.9056577369920819
93,0.24685698712864693,0.8832867128935763
94,0.3723140553807504,0.9590546259277125
95,0.6219221827196482,1.0325671708996267
96,0.327291212095265,1.0184030706228469
97,0.6657069383967551,0.9176311130409481
98,0.24510070313878485,0.9883577097037599
99,0.7258299529011809,0.9898404206030916
100,0.3007620813621807,1.0248817574821203
101,0.16172914726199908,0.7336952906473684
102,0.4514641447651047,0.8267970807522467
103,0.35862292557415,1.005017240246158
104,0.6145956592498375,1.0837074001553992
105,0.42581714592522907,0.8726612652235092
106,0.5426819002800287,0.8721383738082458
107,0.33696605412875913,0.7479217483958657
108,0.1522959952892334,0.8871501994733965
109,0.21695699229087248,1.0908373688431938
110,-0.047654288265338234,1.06999215053734
111,0.47985081093743887,1.0245396588613
112,0.1962405304740797,1.0983529445912663
113,0.273835932571044,0.9016864030814903
114,0.21987374395199322,0.9458931945528504
115,0.5532280402574792,1.0231390586284823
116,0.3560642077051215,0.9592955783284135
117,0.3371718004335129,0.872610064550225
118,0.7661595636149546,0.9808218592636165
119,-0.0439290965015948,0.877238712045711
120,0.6229832011331597,0.8847763529410732
121,0.2776925714614888,0.7201295710820292
122,0.5251808851349423,0.6907770281342487
123,0.4294823184908887,0.7964328807036207
124,0.12454436045022632,0.6037518082729281
125,-0.04477513457721346,0.47782063163576316
126,0.4506353083213376,0.5505822083501033
127,0.6439761336929264,0.6873263971750843
128,-0.03239083017958412,0.582816153559928
129,0.609624301449545,0.6237262523599775
130,-0.024643054809214342,0.4975967924436084
131,0.12212524533258619,0.5457338800079334
132,0.2573438492428831,0.4710745759073912
133,0.23576985482888196,0.4503085239559779
134,0.007199184742133831,0.3720791558673572
135,0.06530592086540912,0.31702581997129986
136,-0.17225019150404472,0.26026062126512467
137,0.1780475677331478,0.36871349099133505
138,0.37594291570569915,0.46624778622631285
139,0.02866964300029921,0.2952882999980415
140,0.467316933895804,0.38315303079674473
141,-0.14268649601610756,0.19912119639647424
142,0.021711933239986003,0.23213673313454602
143,-0.1603578146409647,0.12486994402690732
144,-0.18991846235334664,0.1394896042550136
145,-0.1328710073178696,0.0784170497461363
146,0.2205764722761787,0.09809554067655318
147,0.09674680155134492,0.11608375265359971
148,0.11080431392377638,0.12807497211734223
149,-0.39775935838423143,0.07069973463602365
150,0.01830779959370174,0.05725124193351485
151,0.1554722002789366,0.06252222583846423
152,-0.4827840425566079,0.03621030262298782
153,0.0130472672984919,0.0367835062593448
154,0.03917327904875316,0.038399326252178026
155,0.03476997933293315,0.03795240318129131
156,-0.558217342162911,0.022750685690970544
157,-0.513857686917148,0.013917618892552825
158,-0.012680907052288476,0.01325442307943068
159,0.01450055776501604,0.012902826376005302
160,-0.5427480948005112,0.0077713689292154406
161,-0.4443713428071635,0.005066977155420126
162,-0.1650560455473686,0.004312384699489131
163,0.010785614084936565,0.004144113364879303
164,0.01692212194114245,0.0040829319163485445
165,-0.020045856726824508,0.003882925535970186
166,-0.5445702323397719,0.002371602398015529
167,-0.5948762529563048,0.0014033621089471636
168,-0.4804994400770891,0.0008511713868035231
169,-0.09613410887637582,0.0006002981153716126
170,-0.4564723416296511,0.000495020164684826
171,-0.08417386444990835,0.0004743873987402935
172,0.06322427073322834,0.0004660256826983863
173,0.030232101809000905,0.00044309578350250367
174,-0.5833062760535549,0.000271028126625277
175,-0.62828381767677,0.0001604781314385322
176,-0.42801690925821984,9.740220449225413e-5
177,-0.11301520541457111,9.329618231426049e-5
178,-0.4195546442369414,5.663222729709303e-5
179,0.03040372410673707,4.008891355810794e-5
180,0.10117733358411386,3.489239802551908e-5
181,0.03625594080275773,3.308948128698543e-5
182,-0.5798162268389724,2.0286910638231792e-5
183,0.03574900468471748,1.923841655438804e-5
184,-0.024595631975277397,1.856903354753476e-5
185,-0.06846742976381218,1.7735205948855194e-5
186,-0.46401083565713275,1.0796205595703676e-5
187,-0.07689536303806084,1.0311368536721085e-5
188,-0.4492092613002497,6.276999478767793e-6
189,-0.43037775972219205,3.781034571177713e-6
190,-0.34644811112636476,2.318040918611897e-6
191,-0.20531790296957214,1.548643328488629e-6
192,-0.09311870968885586,1.2722782075050029e-6
193,-0.4570954302909673,9.003908325116891e-7
194,-0.08282475392229524,7.397106694724454e-7
195,-0.44213988918746716,5.234932646606665e-7
196,-0.2887275268014874,4.5557628453126804e-7
197,-0.2456771139505204,3.0436225326222555e-7
198,-0.06813188306895632,2.500469436918474e-7
199,-0.4897699948276625,1.7695811328343231e-7
200,-0.32062622354255543,1.5399989717904524e-7
201,-0.20853991159039917,1.028845527217505e-7
202,-0.020031535323952004,8.452418019527111e-8
203,-0.0034992713555031625,8.096805739003367e-8
204,-0.54596819375901,4.914288540652412e-8
205,0.0002602925217748803,4.7075332896329196e-8
206,-0.5359579008088586,2.8571981218392186e-8
207,-0.5963911737707137,2.022038394146636e-8
208,-0.6453837649810652,1.7597027489193923e-8
209,-0.46445492107053543,1.6688182586077203e-8
210,-0.013454745844558323,1.610760613906719e-8
211,0.09773340007590978,1.5384220795415442e-8
212,0.03636148402433658,1.419936312533844e-8
213,-0.5729161005342962,8.944482142214974e-9
214,0.028397602210131778,8.255598470640317e-9
215,-0.5654523086383352,5.200377829965761e-9
216,-0.5895891354341599,3.165702468892025e-9
217,-0.4221218790444912,1.9068996048907583e-9
218,-0.06612176510076613,1.169062628490641e-9
219,-0.48000742417430287,1.10868334840996e-9
220,-0.13571122811645953,1.0701126231479928e-9
221,-0.3991054312762076,6.44595428238541e-10
222,-0.04660860750713019,3.95182014013054e-10
223,0.052890340983353205,2.640140345657193e-10
224,-0.5942794456665822,2.297612928229254e-10
225,-0.49349445299419425,2.1789467304692372e-10
226,-0.1404041657701932,2.103141897367522e-10
227,-0.3995215744819902,1.2668532475415108e-10
228,-0.1342753350793457,1.22277984373398e-10
229,-0.40417013870038204,7.365563959673351e-11
230,-0.1315117418844787,7.109318435194983e-11
231,-0.4064126744376938,4.2823849209758294e-11
232,-0.1288059490804007,4.133402171457644e-11
233,0.07469529912498016,3.9477729098725567e-11
234,-0.6088369897647317,2.4031858562774352e-11
235,0.06988733847167496,2.2952598433770123e-11
236,-0.6033121396039693,1.3972272767535991e-11
237,-0.3427050748327102,8.416369411384937e-12
238,-0.19313760662528692,8.123566713748313e-12
239,-0.34373263478867344,4.893329778094159e-12
240,0.02764831734477944,2.9999528896027925e-12
241,-0.5697817789555379,2.8450125162927944e-12
242,0.030903507705595107,1.744191359722564e-12
243,0.08951800742494467,1.1652630481245378e-12
244,-0.6396977752984825,1.0140837577383086e-12
245,0.10225272379158742,6.774912190738205e-13
246,0.02901520907586458,5.565888163129721e-13
247,-0.03212656064526109,5.331718882238153e-13
248,-0.07630217587344376,5.235030702848253e-13
249,-0.10622385529559823,4.975911678065086e-13
250,-0.12709255521669427,4.577018959831538e-13
251,-0.1410098432675375,4.098250075270701e-13
252,-0.14232319838775495,3.5936940291156137e-13
253,-0.14272616484995443,3.1004476733140316e-13
254,-0.4051767594848439,2.0893961691159177e-13
255,-0.4083586260707148,1.3853447002072077e-13
256,-0.13256772380795806,1.2147879914500074e-13
