t,lambda,delta_s
1,0.042525248622281665,1.2116987036446816
2,0.08314326518585166,1.22988007431352
3,0.11002759640878286,1.2877409478361204
4,0.20872891841756483,1.1931932416521178
5,0.6059073040341596,1.138109467584359
6,0.13891371602238115,1.0916713776869011
7,0.2740701484985245,1.037750669603949
8,0.38826671677329017,0.9812059552831843
9,0.07335490454468095,0.8712118522087943
10,0.3705861417572665,0.9889685182842575
11,0.4329124485830507,1.050801435575716
12,0.3716086353538937,1.0146130429510525
13,0.5057585544380373,0.9837118830681277
14,-0.02870713215529086,0.752168112435916
15,0.04838706130398946,0.6390765141247468
16,0.4609749180784554,0.6983330931721823
17,0.020906923256614557,0.5112347905758623
18,0.06942602620557292,0.4441804174363698
19,-0.03465696992602313,0.3489876554384553
20,-0.028524568416154607,0.29780256386065224
21,0.15309169841030879,0.35100140277349384
22,0.2933154002250464,0.4191831449820546
23,0.48092847664268995,0.5410342572486633
24,0.16414983494186694,0.6896593945158344
25,0.08303515039116315,0.5241994386372787
26,0.45637026403625597,0.6116761885869232
27,0.40724351342274434,0.6402047692101287
28,-0.11527566267670111,0.48180298521189835
29,0.184278827272339,0.57950517854685
30,0.10055110609278715,0.4263756512554063
31,0.5327648805404439,0.4314343495663924
32,-0.16679501287507092,0.3508238733727803
33,0.4352877728562174,0.48107697688472134
34,0.577027872648387,0.4334527867879145
35,-0.18804538611829863,0.4023712442298038
36,0.39471515254490636,0.4149757487862239
37,0.7891530096180868,0.6005118735361133
38,0.32771574661583125,0.435116055109277
39,0.2671996434497412,0.4968519080070802
40,0.45911329819946967,0.4309188192529505
41,0.339472963319566,0.4903297324642884
42,0.18703540023986534,0.6024378452391045
43,0.1573203944129906,0.49973296566882797
44,0.1900459803768636,0.5650369057631287
45,0.3339862759325335,0.6981863191300499
46,0.24743156651984494,0.8178865924877042
47,0.08727833397284532,0.9516640841902609
48,0.6249684750254617,1.0475946092181563
49,0.36449257322874057,1.0325840611627828
50,0.23067281971952958,0.9394525002641696
51,0.21202797969742046,1.0424653630279828
52,0.47197480911507805,1.1792172568695403
53,0.6589165990932029,1.1345985043110327
54,0.5480007468874719,0.9448427929205426
55,0.41397484341681046,0.8839958877649206
56,0.41450745439969555,1.0878611626617423
57,0.2322750718003181,0.8527549304883871
58,0.1475153898670206,0.9548045260120226
59,0.4612908473886859,0.8992203044140487
60,0.5686286540952982,0.981654946129976
61,0.16804314315571936,0.8325767106425552
62,0.6861397242718781,0.7209456469983504
63,0.3338679015568788,0.789622938886712
64,0.04649024960280082,0.5900276549302234
65,0.3650346154799076,0.7283670904536358
66,0.28989996983826916,0.8739428063741693
67,-0.030069227098021054,0.6328578505041218
68,0.47811562595569773,0.7357709541001677
69,0.026536151408912675,0.5941851309243782
70,0.01701439959610112,0.6568864447032722
71,0.4169580424756294,0.5084789861928856
72,-0.10315378979619308,0.47977041257948416
73,0.36927642104608005,0.4768249771200207
74,0.6200038678999648,0.514503976134622
75,0.522106258812181,0.49321500294438986
76,0.336237705185999,0.6111595100819958
77,0.6591551920527076,0.7664962979146859
78,0.5748115136410038,0.6752640744901649
79,0.6436261786979359,0.586405089638454
80,0.6002413870717531,0.4781548713907928
81,0.5335079512920923,0.5308192209874402
82,0.2890652886755815,0.4549956507918672
83,0.2908136900626858,0.4349786234285116
84,0.35882147145643367,0.5016280386934859
85,0.2071674794755729,0.40356209275943117
86,0.3428086552569321,0.5177685517112496
87,-0.38158632882722626,0.3690289732958188
88,0.08223697625016427,0.42710811750540145
89,-0.385431787658915,0.3365840574927974
90,0.4381258585791736,0.3881779374359381
91,-0.4733985388308961,0.2783496634208525
92,0.21805957907740878,0.278859391098422
93,-0.08676777994092626,0.21586960103062228
94,-0.09420443935489818,0.18772249357281703
95,0.00020297163594422277,0.1833087045035914
96,0.22592501197087395,0.2336211625318317
97,0.4716235400314136,0.3062532674176824
98,-0.0018837858426969363,0.20632285058879077
99,0.026146640618795784,0.2574478204331211
100,0.362340823386355,0.36906862641535093
101,-0.014282544390132677,0.2600660820526109
102,0.5173499190508681,0.3249874233181955
103,0.556410397777217,0.42256311618546183
104,0.7287592192737011,0.5502941339912801
105,0.6236135917764557,0.5857810659270061
106,0.2555372884499615,0.758266713605208
107,0.4070714599257108,0.8150291156631432
108,0.3425520642811599,0.6812804822330901
109,-0.07497148896242173,0.8229132436213342
110,0.40752196458661405,0.9398904885847101
111,-0.012950109293353067,0.8886849867906337
112,0.694331396543733,0.9658518553539184
113,0.3988486767186262,1.0644013454242653
114,0.8670125601850024,0.9530487395447832
115,0.3269007530292027,1.0054420934326052
116,0.5436782440599677,1.045033135202397
117,0.21248286036226607,0.9174981728594668
118,0.39831489127195174,1.0430959401812565
119,0.20938944226591139,1.1899801533216392
120,0.2109509399330188,1.0587011211452928
121,0.360223810155121,0.8679776459202623
122,0.2610127117883342,0.7715838510534571
123,0.003752082188379906,0.6317036085482943
124,0.2686528498011923,0.5972755726473773
125,0.2986997652131754,0.6959051691552472
126,0.013623397419529086,0.657885094397046
127,0.3097411871086433,0.5879643967858001
128,0.1056563175641098,0.6742769487346891
129,0.43994555087357906,0.7181741623733824
130,-0.07048502526170652,0.6019037710085706
131,0.3321651589626435,0.7033405835654352
132,0.5664603890783391,0.8002499362038692
133,0.8508149068690074,0.9271818660363849
134,0.6296371582893517,0.9952640020857656
135,0.0957631081610914,0.9647703617656259
136,0.3314839401017671,1.0068951541079587
137,0.178536820609431,0.9777806289090488
138,0.20546423301917777,0.9561297084097379
139,0.34771473234474903,0.9094402842648347
140,0.2796586808862485,0.7711160242700007
141,0.07341654577370184,0.7559901620874648
142,0.6448667364485448,0.8915359935539819
143,0.36590288040474545,0.9803729950970156
144,0.5487370083915946,0.9714697288905528
145,0.8143742405813865,1.0489256296346359
146,0.8358211331432062,1.1812030735445749
147,0.15391967553275318,1.1631408720364853
148,0.7136300654462115,1.1618357832212742
149,0.06546728873318983,0.9126428414592533
150,0.24912371790428284,0.9758389338822395
151,0.4637211647115546,1.1064788919851056
152,0.6195541396217967,0.9076381341545552
153,0.5323676397679901,0.8253195372072007
154,0.2787929597774667,0.8119275329095483
155,0.07036851002696339,0.6787978683949476
156,0.31817414888344275,0.7300539908351321
157,0.3924780363099447,0.8459795914927165
158,0.41712116245664965,0.7399670913839089
159,0.22520206375229104,0.7581553319064893
160,0.5284993818406251,0.6779017527683181
161,0.45542651114107907,0.598986668780315
162,0.23164107394134228,0.6968663626691758
163,0.37628905897636516,0.8617368254834983
164,0.5223910423682182,0.6888210850959724
165,0.24212452764448578,0.7248450207954917
166,0.35451130878972154,0.7778063891799163
167,0.12035271211427576,0.8134159805081402
168,0.3241662154044287,1.0332481943580216
169,0.05522583756347456,0.7746442833345021
170,0.3531885218010019,0.859108191405274
171,0.49411782567450047,0.9619259639280204
172,0.5707727815621868,0.7693650576214686
173,0.53680047230576,0.7975193574375552
174,0.5814796393530666,0.8320254560673361
175,0.039529324840338456,0.8981002168462977
176,0.3270423376863454,0.9128847777516141
177,0.3439564420458799,0.7907793590200685
178,-0.056563058308595635,0.7751932401660347
179,0.09355020592728318,0.7091683247734821
180,0.37094808664307455,0.7007469548681929
181,0.5285580159684043,0.834046278893643
182,0.4364168616031439,0.9603345613934836
183,0.3930126886336648,0.7910182016139372
184,0.3953694756127817,0.8853091350319364
185,0.41463588120880895,0.7126086616512309
186,0.3603604962980435,0.9266197504497877
187,0.19077736520273753,1.0790160406693374
188,0.34189328893483556,1.0705840236215882
189,0.17911173226587976,0.9829061841251795
190,0.4798526829650511,1.0388349762141307
191,0.6274314561869762,0.9477677739379552
192,0.4896619371810947,1.0414733297326464
193,0.20105567458569382,0.907779892035218
194,0.2995753191021175,0.8454320909199422
195,0.43612211494486247,0.683278860529937
196,0.424305209304642,0.7929637724070867
197,0.4765643112277451,1.006484197661896
198,0.5873769901468012,1.0464791407619016
199,-0.46508350906232954,0.8986951058625251
200,0.4415165060073978,0.949380032915202
201,0.3223784698990208,0.8504602325444014
202,0.05897125840337378,0.699399214703593
203,0.15295357267115522,0.7295328823090528
204,0.4496739277038589,0.6701640996351996
205,0.2828801004748477,0.637624104755977
206,0.20289721655439688,0.5870238019332727
207,0.16366370788884463,0.615124118788797
208,0.30103504710391693,0.657738212421963
209,0.27145976008100403,0.5106789393326227
210,0.009972741697726328,0.5168527678492408
211,0.47948367998005764,0.5635583331104438
212,0.2726755584953505,0.6483458883020523
213,0.6593666706640844,0.71619824283103
214,0.3604597383025829,0.6987252722246199
215,0.24510849398513151,0.6076468291060543
216,0.2575108785391369,0.6525876670859146
217,0.5527593866507758,0.8104550689989545
218,0.26946644746889914,0.993166335624883
219,0.405068820077673,0.9253915936385171
220,0.1408153846308126,0.928605834085933
221,0.025775331905854473,0.929249134660938
222,0.3276902704014856,0.7088620370809328
223,0.742225287925432,0.8155139280821494
224,0.48089801665583387,0.8828385876356026
225,0.23516315627043832,1.003269378097505
226,0.6019343831423032,1.1191360936165484
227,0.6427312005343138,1.0331222815191599
228,0.2507505570575607,1.0272250114045463
229,0.4415569420294095,1.0118882377635408
230,0.5311084463524676,0.9304087340025872
231,0.6085106049460547,1.0164574059880678
232,0.35530398762142323,1.0501528833152598
233,0.45973104943879844,1.1119913464440836
234,0.2966520295385054,1.1012710015962162
235,0.1633947583793915,1.0807261408427355
236,0.12963163555527776,0.9895053765542234
237,0.43901494753324116,0.8969775361792193
238,0.28616847635977705,0.8532961153577399
239,0.7061549368493925,0.8576911170981183
240,0.4699095585541905,0.9718784860288868
241,0.5805041371778009,0.9797002677783562
242,0.6687036319892347,1.0508076258415302
243,0.28443618346746874,1.0304404063751775
244,0.6689694803630302,1.0733850710470156
245,0.25396396505576707,1.0875708330253797
246,0.5445557780156635,1.0297559732196142
247,0.5471096231519743,0.9782531251192415
248,0.256802785953852,0.9389169496443374
249,-0.04930861056783115,0.91493682666609
250,0.5649048533004061,0.9627214558405425
251,0.4042733147765577,0.8384196663067132
252,0.4203635514589065,0.9572406789976367
253,0.5398354555231318,0.9436135431140531
254,0.7578942539739469,1.0755785679538052
255,0.23182836548896882,0.863740152749006
256,0.6577327639152455,0.7936625652968358
