t,lambda,delta_s
1,-0.5246850276491536,1.1767448117017323
2,0.39956351533800655,1.0695269902805784
3,-0.053258620684338745,0.9607918027871984
4,0.046108100605776484,0.9060181235120047
5,0.29526085047331563,1.059454769240301
6,0.16582254218730452,0.8221504425258597
7,0.12252118974010517,0.908391020299075
8,-0.11085226079901445,0.7082844940930371
9,0.3065800060574635,0.7964683741802493
10,0.6005570296848495,0.8534571775808348
11,0.5011257307519699,0.998836809752948
12,0.4556881058801166,0.9969984813936802
13,0.5007034656124516,1.0309534202284125
14,0.5612882061772388,1.07582510064724
15,0.7738989336307722,1.0631744446850713
16,0.347471318753271,1.0628117795215277
17,0.15818741519334756,0.9147568666285645
18,0.310023787762666,1.0569968712205304
19,0.0039124868867616985,0.7886031709100723
20,0.4613951303812249,0.7980100346358986
21,0.26522313162872835,0.7845834231499103
22,0.08222391570191719,0.7342902630731316
23,0.23963983784768564,0.7934698008361319
24,0.24721862540000897,0.6600048044806921
25,0.2584259584497908,0.7074607057778811
26,0.45689476540412105,0.8080634250177776
27,0.00714305219645668,0.6450696698196678
28,0.4915672763862956,0.6982616453506827
29,0.3643895488284295,0.6346603963207651
30,0.5771694018638787,0.6505582309303923
31,0.2369978690384647,0.46095792784778866
32,-0.08543046817830248,0.44971255168208996
33,0.2794189257071384,0.5189815063894421
34,-0.043432458166782845,0.3138667397697556
35,-0.06379132719605887,0.32437931759308797
36,0.525155841975317,0.3737812764762506
37,0.28801809416595625,0.43508265162700804
38,0.4926885167225173,0.4705915618155216
39,0.40533769337738784,0.5601755672564035
40,0.30359703076412164,0.5536376070861738
41,0.293119300275477,0.499307101501308
42,0.5730494446335447,0.6263357868501505
43,0.6331249250754305,0.7125642141860263
44,0.20052006750790172,0.6006162927348699
45,0.42570222463904744,0.6175533515794431
46,-0.12626607351008098,0.5318253574058597
47,0.4793148522079381,0.5594965360913318
48,-0.2501277061042049,0.37254829690036445
49,0.4325172650267991,0.49001232209827766
50,-0.08831607338274275,0.2939965475922098
51,0.29250078928334894,0.3615806696659728
52,0.3944166508621953,0.44070616799092777
53,0.24047106229933624,0.26774515862703013
54,0.07536008987183933,0.2844790702304329
55,0.4909965064839591,0.3436325448585202
56,0.34422965083937973,0.39176743082618426
57,0.39931941200516313,0.4642782236142215
58,0.4502809700730772,0.5657772794521719
59,0.40596464822025885,0.6228332892960345
60,0.011099882119797963,0.6379937136616023
61,0.014333662829729326,0.6908199498081034
62,0.12495653778750998,0.7895067722138315
63,0.294150325059291,0.7100342512586936
64,-0.022970778024834132,0.6318911543979248
65,0.1731427022256875,0.7142729228410394
66,0.49088981328930037,0.5701485396658704
67,0.2290425687183907,0.5472685314593843
68,0.361164513194685,0.7138964707860219
69,0.3071928445565559,0.500357669271071
70,0.36856556282361425,0.5353268810552984
71,0.4357686792196459,0.46521758882061376
72,0.7143058307872466,0.5250627202977406
73,0.6284617601350501,0.5228379130110877
74,0.26208073939713705,0.514325825467693
75,0.4370247058622557,0.6038175066344947
76,0.38602664983199375,0.44316449733828644
77,0.17136233502519813,0.5354684303124342
78,0.6637740310794455,0.5854203758517897
79,0.36244855137468185,0.556329492497197
80,0.4635487251169197,0.5014888438874481
81,0.631995614662591,0.5512677853659527
82,0.28863228401439023,0.5646997412810885
83,0.5777755922007934,0.6024213506610808
84,0.6005675513054896,0.7301293369069146
85,0.4914512467157045,0.5526077202331577
86,0.12251493438765731,0.552911557945656
87,0.48356384493767196,0.5425270049172589
88,0.6627486963757354,0.6239950591390729
89,0.17377691271640397,0.6419521034515515
90,0.4544990661309734,0.631016725960586
91,0.412870680600523,0.5607238605445998
92,0.743696815085685,0.5748133763304789
93,0.7664782230251003,0.5290852432950855
94,0.38213312566415986,0.4821056278068498
95,0.06824896723424531,0.40360150563571473
96,0.4695288130339378,0.312689363678606
97,0.13553477275832113,0.36801182312686676
98,0.22010127484499895,0.2564847418590955
99,0.4029256400181987,0.3323262937059812
100,-0.0420825353348381,0.22466270106997113
101,0.27106370811255576,0.28248541855632686
102,-0.15068104792131257,0.1475958628113051
103,-0.1503514534012346,0.1630147530930914
104,-0.14157353046971788,0.08491625030445268
105,-0.11518816247076176,0.09254882037771155
106,-0.3381955467748364,0.05039069425658102
107,-0.21851657307299407,0.05386675656371095
108,0.24809569601776352,0.06491000748629339
109,0.24136020026663588,0.06960490406030867
110,-0.750936846583889,0.03961418345813782
111,-0.2527433464799766,0.027306154392658464
112,-0.2204599229559465,0.022582289778214228
113,0.2185562314084013,0.022807599507785655
114,-0.7439265650239815,0.013193800570659895
115,0.18552799635163308,0.013043587881081042
116,0.12194175693655442,0.012876998922520115
117,-0.6762615174917024,0.007463573454100174
118,0.12204829991261856,0.007318168200454568
119,0.038851433587425266,0.007178511018059176
120,-0.5751085698896078,0.00414705385469489
121,0.008300895266091053,0.0040755380274361186
122,-0.016849203294092657,0.003829455585521755
123,-0.5118566540983477,0.002307491480129839
124,-0.049342102908756034,0.0021703948238188187
125,-0.027199548131895308,0.0019687416779368473
126,-0.047522124757585285,0.0017392753533059973
127,-0.06690524758079533,0.0015144915632395919
128,-0.08905839895451549,0.0012992520110732802
129,-0.4655776470187209,0.0008573456645255568
130,-0.44676985235775496,0.0005590178909532489
131,-0.36201031332045475,0.0003603300282229263
132,-0.2046235460469074,0.0003165369053418569
133,-0.3425817963608006,0.00020407762288908224
134,-0.16176586043277116,0.0001286876153319625
135,-0.40462023329142977,0.0001155652804040218
136,-0.1509058796680238,7.287351069052281e-5
137,-0.03632034011486015,4.4960745450304244e-5
138,-0.019971400878906097,2.7254767096261956e-5
139,-0.5493698468843519,2.54600394363817e-5
140,-0.5229554073127882,2.3368416320819457e-5
141,-0.32180391392738544,2.098599740558831e-5
142,-0.06840398802940993,1.843448753616852e-5
143,-0.4601168742958043,1.188358498059907e-5
144,-0.10585885753373217,1.0438657469083561e-5
145,-0.004024227609446037,9.076808855006583e-6
146,-0.02782357392134021,7.796768175278568e-6
147,-0.07057200618631905,6.599901092782097e-6
148,-0.0988918736887185,5.519731697872083e-6
149,-0.11351295104467674,4.570828783380699e-6
150,-0.45150723127925135,3.1255813376906734e-6
151,-0.46149191982496246,2.1162311314222253e-6
152,-0.10988094809701188,1.769879899745874e-6
153,-0.1073584851329447,1.4656184799043201e-6
154,-0.4599418703796717,1.0022054532530222e-6
155,-0.11192655927491153,8.299155450841854e-7
156,-0.11163108727784629,6.816000568596841e-7
157,-0.44798791900643703,4.699448447728716e-7
158,-0.1198947377095823,3.859602661580058e-7
159,-0.45869692839221415,2.661092063982543e-7
160,-0.10947286755957841,2.1855240440808533e-7
161,-0.12969136469809922,1.7824988186547846e-7
162,-0.14190727751670204,1.4451767513742017e-7
163,-0.4340770013214287,1.0093511107507671e-7
164,-0.43884253145995505,7.007799040325287e-8
165,-0.4265106677641101,4.8316893427721546e-8
166,-0.14240526444210833,3.968209975512758e-8
167,-0.12935633718924144,3.236445307256992e-8
168,-0.14187752439689152,2.6239766622786537e-8
169,-0.4230612320422931,1.8326573853518277e-8
170,-0.14622325148486712,1.4858431777789812e-8
171,-0.13406198838060815,1.1984900462864642e-8
172,-0.4218119247797373,8.413679865316091e-9
173,-0.1454914119649637,6.786524777048526e-9
174,-0.4274338249816355,4.764298817897751e-9
175,-0.15008976756791972,3.842912059973988e-9
176,-0.12405708475330494,3.085864094209511e-9
177,-0.4358289487585048,2.1760729738465393e-9
178,-0.13028486528856775,1.7473898289125304e-9
179,-0.4334320331204332,1.232214922581176e-9
180,-0.12773556193727928,9.894704115176577e-10
181,-0.4293828736271681,6.977494014281905e-10
182,-0.3436133257548321,4.898363714030853e-10
183,-0.23937344653199022,3.951049594281971e-10
184,-0.13056556028555086,3.17269868563533e-10
185,-0.4227922139539313,2.2373065270003409e-10
186,-0.13626474081398623,1.796560460012024e-10
187,-0.4160781540424473,1.2668888041368797e-10
188,-0.1415625678884339,1.0173135889539764e-10
189,-0.4220075038603889,7.173837034195271e-11
190,-0.162188745590514,5.760601779407626e-11
191,-0.09144753125942803,4.607584112322537e-11
192,-0.4698828608685405,3.261976761397231e-11
193,-0.38263460122905824,2.3002631589070238e-11
194,-0.17788250194894342,1.8471147284858183e-11
195,-0.37344652583580024,1.3025383903818856e-11
196,-0.23502681340451623,9.144123633398029e-12
197,-0.11907278510290688,6.3865072912303435e-12
198,-0.09115125692451932,4.434072672407951e-12
199,-0.46138073580129224,3.6163996693250467e-12
200,-0.42259734504711277,2.9320279527898455e-12
201,-0.3304387139917284,2.3649913570686654e-12
202,-0.2078553843159497,1.899091567591424e-12
203,-0.3437431587282669,1.3391911371367523e-12
204,-0.2281903514583314,1.0753724694705304e-12
205,-0.1310365522284702,8.601304680812152e-13
206,-0.431015052577606,6.089363819157565e-13
207,-0.1391786318883731,4.870542533663262e-13
208,-0.4284181737030351,3.4481403211224777e-13
209,-0.33048724440215255,2.4315409727792856e-13
210,-0.25779199158585575,1.952531007712445e-13
211,-0.3035846388529282,1.376875272967435e-13
212,-0.1932615280859808,9.665985906342118e-14
213,-0.3766831249257764,7.796642287882457e-14
214,-0.18779016648332547,5.473424931878269e-14
215,-0.3700792561078863,4.414897424527683e-14
216,-0.2412508199764481,3.545169180269133e-14
217,-0.32142953163019816,2.4999632597477302e-14
218,-0.18119440298333486,1.7550325806213027e-14
219,-0.3876305455663783,1.4156198206025185e-14
220,-0.1703144919953502,9.937981677304448e-15
221,-0.10075141614043051,6.9409595700253295e-15
222,-0.4632785793495113,5.6274442371591145e-15
223,-0.3740622510592632,4.539130321237461e-15
224,-0.18830547225097108,3.1865754708178344e-15
225,-0.10267317982670533,2.2255918986339252e-15
226,-0.08793515415046649,1.5452008065960147e-15
227,-0.09430561588639275,1.0653745310890477e-15
228,-0.11637263520529363,7.285146959746458e-16
229,-0.44184427734549514,6.032749868199924e-16
230,-0.4141234935297716,4.954626751860082e-16
231,-0.3432640717544777,4.0409600542726504e-16
232,-0.22723175132126044,2.80558836465797e-16
233,-0.3326820230869281,2.2882188867322273e-16
234,-0.21399217913898755,1.8551936598375606e-16
235,-0.34885764880152376,1.2957182459801654e-16
236,-0.21524376756007008,1.0505150048433925e-16
237,-0.12867085153246066,8.473517125079098e-17
238,-0.44130146756471605,5.948606872113512e-17
239,-0.36582044443499373,4.1546705496154837e-17
240,-0.20206918581990643,3.3684358201272265e-17
241,-0.3692839837197549,2.3526081654107024e-17
242,-0.2035279878025607,1.907397835870917e-17
243,-0.3624316402735694,1.3321790774648439e-17
244,-0.2647083954351572,9.249153837648848e-18
245,-0.17583629645975704,6.377043611867492e-18
246,-0.13662995365915231,4.360691806070966e-18
247,-0.40002938200066446,3.6110408017425416e-18
248,-0.3067291756731943,2.965705482450304e-18
249,-0.19980053527831365,2.4188093246014718e-18
250,-0.3709277061359697,1.6793492650967493e-18
251,-0.18436897602923666,1.3696658976138619e-18
252,-0.11782834331297815,1.1104687161190765e-18
253,-0.10455797453161282,8.957107361167435e-19
254,-0.11347141012251348,7.192570496599619e-19
255,-0.13629218121397657,5.752936032468364e-19
256,-0.15564843036533255,4.5854145191890035e-19
