t,lambda,delta_s
1,-0.18294373183682788,1.1102053719183738
2,1.241384902936745,1.1556902560978761
3,0.23859663847906185,1.2248203651017686
4,0.709614663819671,1.087196039792616
5,0.8474611222741699,0.9858397772717901
6,0.8772029003156354,0.9989084803039023
7,0.23503052105172706,1.1448009535797798
8,0.16143452113503387,1.0654146128818485
9,0.7356301400624145,1.0150420548116974
10,0.6755871733520988,0.9986916789103247
11,0.3975576179300072,0.9988308582586424
12,0.40941966151944836,1.0978718974627906
13,0.31929680603928434,1.156338494569387
14,0.4336879743812025,0.9924636960855384
15,0.594005707204657,0.9600590829245856
16,0.7175982900077739,0.8717684054078351
17,0.8243404097232394,0.8423686605894549
18,0.4687905301086852,0.7540219353189445
19,0.11190355893747213,0.8314051522513374
20,0.31946771701531307,0.9194286446799621
21,0.3018474493660897,0.8317913470227057
22,0.4766974278218966,0.8964172184222432
23,0.38242594699347743,0.9736275497490869
24,0.4614602434932237,0.8221677580292226
25,0.3660187541527775,0.7094149739715822
26,0.2983798459167752,0.7643519530812717
27,0.6311673109151353,0.8871903912876644
28,0.8065483334347773,1.0087074124337607
29,0.44326408482350904,1.1325933788305422
30,0.36162851010636016,1.0004686160556235
31,0.1677658245351448,0.9209920655061571
32,0.34853632137140156,1.0078455125723276
33,0.25434036567742285,0.9397199311497929
34,0.47647420424709896,1.0624615304029006
35,0.5701801350359663,1.11512409355045
36,0.364513754558115,1.0675705905894834
37,0.4650089221719838,1.07334136857183
38,0.4694786942607374,1.054734327464213
39,0.3916934267553503,0.9908262931991882
40,0.5276684273624489,1.0501075122449095
41,-0.221859448825032,0.937535541089623
42,0.44441836835693177,0.9917847267241254
43,0.11350319599589845,0.6953052385353079
44,0.4247902637985344,0.7778133580116052
45,0.3109183157115992,0.746905287186621
46,-0.2105448983099488,0.6304566493046457
47,0.4239504776486329,0.6695763136262228
48,0.33782188365351706,0.8666026119052626
49,0.4474277576402434,0.8535988254808196
50,0.46893787866125203,0.8678159745019136
51,0.2490021585181734,0.8185555999349364
52,0.335078865168203,0.651688968381463
53,0.5325964346778139,0.6773299684363135
54,0.4713662158189367,0.8497041479436487
55,0.3549793466009612,1.0558065463143407
56,0.4008010819610944,0.8716824509865965
57,0.5426498610470569,0.934874830459861
58,0.3367005648127861,0.9142431706454555
59,0.2249384196048669,0.7449709535686196
60,-0.05705016869631687,0.5928430274563611
61,0.09382586723650306,0.5554354000424564
62,0.22238052793196653,0.5145727001017548
63,0.11497792309434189,0.6737216005095209
64,0.07943279289261583,0.5824099259222418
65,0.4055811659645137,0.7170251273217412
66,0.15800503639075303,0.8263604358762511
67,0.4232031007077538,0.8832060843473918
68,0.36190358724981203,0.7915995781759576
69,0.23139383247302622,0.7660908877080826
70,0.5088902670895962,0.8092230509514495
71,0.5041658761084413,0.8792647147746496
72,0.14085553991306185,0.833323684435445
73,0.17918765403436787,0.8171320905114572
74,0.026549879052779248,0.9183450190126606
75,0.24935634889585187,1.0331653623842232
76,0.3428151275541244,1.1162925280523894
77,0.4658914492404578,0.9536632597227902
78,0.24374621342108563,0.858615660048534
79,0.0896281406665669,0.8171873142966215
80,0.2896359972630935,0.801252162005673
81,-0.04339854715010188,0.7257050068387861
82,0.17551276125695936,0.6406607217483072
83,0.2409863312741997,0.7816425506131002
84,-0.04047947475422898,0.503663876072399
85,0.2602099222307529,0.5610956469635173
86,0.5569493274447033,0.635588190512306
87,0.1590316884779325,0.4930894743300908
88,0.07074585924575594,0.5119819713848422
89,0.13084094020077366,0.5249412389582555
90,0.3670960181064578,0.6691854925345194
91,0.33572317251835004,0.9072261165596316
92,0.2925166052472543,0.897063973068496
93,0.22097322210502782,0.9269588726561306
94,0.3685916119696381,1.070998610878875
95,0.4499443428771385,1.2327716775110371
96,-0.0022921180505684337,0.9340861036373074
97,0.34092935153188086,0.9809442487326568
98,0.27576053050315247,0.9200698947534944
99,0.6658357300453691,0.8222952364341839
100,0.1611999513629415,0.8318327242680693
101,0.44221446914801504,0.8842644253923531
102,0.5124379122345345,0.9181291385546739
103,0.6451332306903066,1.0593740576251325
104,0.3825945109544373,0.8892554197464363
105,0.0733061055776625,0.8214448211372424
106,0.45920313912712635,0.8024867306130579
107,0.2729727411650626,0.8287948144533881
108,0.3551619646961885,0.8962745785718628
109,0.028311010912251067,0.6677550705857437
110,0.47143163411912214,0.7584922857022753
111,0.3197845945261089,0.771120463055421
112,0.1281742936050087,0.6793536491022077
113,0.6566538447303399,0.752976805783773
114,0.3540409145419504,0.6953600959062246
115,0.5414701105472445,0.8217885497880131
116,0.5625318130471475,0.96390705524449
117,0.26712910275876983,0.8803912309667944
118,0.2370639311855312,0.8292063267217045
119,0.34968489582198486,0.7934269746272784
120,-0.039466455537279,0.6640344720908836
121,0.11294434062140399,0.5968511053699286
122,0.40493993399058203,0.7258429908144423
123,0.13791555099871727,0.4932667576124155
124,0.2831493188618975,0.4860355069169122
125,0.4520666583687883,0.5528401133253303
126,-0.027216866672285914,0.3876457940110361
127,0.29132998734992116,0.40082928393059863
128,0.0016947535480211172,0.26648600033826014
129,0.2816220965055861,0.2831546307660926
130,0.23678262600212413,0.33340120257813355
131,-0.05471250536037188,0.2996725183251076
132,0.0784564180550829,0.33003785166217026
133,-0.16708068993779163,0.22752385453328622
134,0.18900512213064105,0.21277914450631402
135,-0.07530457663352241,0.1636521401811531
136,-0.1238693647295345,0.1247515718392443
137,-0.3453207224843167,0.10363138596393237
138,-0.1705414812788068,0.07372977761300833
139,0.16185110314072287,0.10383691988332876
140,0.10876022620266107,0.12371456642137092
141,-0.32851011909291045,0.061880517634284274
142,-0.07133651673637972,0.07345828770645683
143,-0.3702136880429947,0.03696421832162382
144,-0.09720506705006195,0.04304691663123874
145,0.11991354027890772,0.04649287202701544
146,0.027429954421195592,0.04629970801683539
147,-0.44725041182827013,0.02768281162261736
148,-0.1769316459578782,0.018331028508894016
149,-0.35756108068769843,0.016016143893843295
150,-0.17646167832667997,0.010621717073461483
151,-0.3717543677295111,0.009185977825601929
152,-0.17600893988637248,0.006151034985068948
153,-0.3784963442327502,0.005252082812987489
154,-0.02137532817506995,0.0052443446404761476
155,-0.5413950090932028,0.0029940665290747416
156,-0.17480126996097037,0.0020529994666514868
157,-0.4005947789924685,0.0017051033975937929
158,-0.034922406074188145,0.0017059923679132692
159,-0.5423096108933789,0.0009676712039029168
160,-0.18873043069048648,0.0006683548726602854
161,0.03340031069508096,0.0006297111198408008
162,-0.5996221422353082,0.0003785023682023234
163,0.031286929427617814,0.00035657822371986216
164,0.03675014798014702,0.00036825722438852825
165,-0.6012807006647617,0.00020190759058593704
166,-0.509053428262837,0.00012140157808099658
167,-0.06101382189327831,0.00011434210065470377
168,0.045196758044860175,0.00011810443844368393
169,-0.6260036396160775,6.474974934773718e-5
170,-0.5374910700911888,3.896705728307519e-5
171,-0.1284699367943914,3.202391842922979e-5
172,-0.446437985961939,2.2066479657573367e-5
173,-0.11138436618581739,1.8133776735567864e-5
174,0.07394960146686007,1.8090889684250016e-5
175,-0.6443545359135847,1.026894005466763e-5
176,0.07465567063400831,1.0244152087416077e-5
177,0.03517389559672652,1.015831662987859e-5
178,-0.02470589347808124,9.645649082918473e-6
179,-0.5417996337483602,5.752276948119741e-6
180,-0.5979099866036892,3.2849673956916798e-6
181,0.028023521990155426,3.257259302802204e-6
182,-0.026333625911981132,3.0928154762216445e-6
183,-0.5478945797640673,1.8444461964710837e-6
184,-0.6055286703051446,1.0533267984025968e-6
185,0.04149170099712895,1.0444291205402712e-6
186,-0.608287992949438,5.964525846985545e-7
187,-0.541301435328919,3.386302860105249e-7
188,-0.026879142075783655,3.3774512219451254e-7
189,0.04605710162431618,3.348922694616449e-7
190,-0.001565176588709257,3.179847038387092e-7
191,-0.046088598640035026,2.9166056193452645e-7
192,-0.526040139505878,1.8006078746824128e-7
193,-0.035989382242240846,1.651545977205517e-7
194,-0.07416792914949906,1.4750988916158572e-7
195,-0.4928867724158277,9.351981304778917e-8
196,-0.5312015379878805,5.773580672992728e-8
197,-0.5575461693250802,3.44316439610984e-8
198,-0.4696560817614485,1.9663290769876936e-8
199,-0.19502106263864558,1.1163755514600434e-8
200,-0.37413972609674695,1.1134461362710313e-8
201,-0.08707856148392244,1.1040373816539025e-8
202,-0.4676714791827916,6.304958386740294e-9
203,-0.15509539916534903,3.5796152944483445e-9
204,-0.4123630762167526,3.5702220967799695e-9
205,-0.1432747458992641,2.0269795338328747e-9
206,0.02014303953908235,1.3976206323743813e-9
207,-0.5909725519853156,1.147789832108772e-9
208,0.024885288849334476,7.91411418540166e-10
209,-0.5869942000170076,6.499431659891418e-10
210,-0.3761141306627656,6.482376647772907e-10
211,-0.1911884206029972,3.6803437989753785e-10
212,-0.36233209563761765,3.670686291679194e-10
213,-0.20402311344596175,2.0840176789065718e-10
214,-0.35387919624312164,2.078549054378975e-10
215,-0.01609267279630962,2.0609850444578542e-10
216,0.048647892273578325,1.956930176767538e-10
217,0.012108265293803048,1.7949268312838497e-10
218,-0.5903256764909801,1.1081239434409231e-10
219,-0.6084125334501913,6.608469006183339e-11
220,0.04466861158896435,6.274821087478387e-11
221,0.04802449869696441,5.755363612620289e-11
222,-0.611618495285809,3.553156658491694e-11
223,-0.5635450193695863,2.1189800828200353e-11
224,-0.23846801510158724,1.2101113138197168e-11
225,0.023470173980295553,6.870359306914347e-12
226,-0.5844595891812441,6.8523309464554365e-12
227,0.01436310780517736,3.890383897331947e-12
228,0.025373097549853837,2.6824547201645284e-12
229,-0.5887923357772925,2.202954196772612e-12
230,-0.5520263322866161,2.197173472553482e-12
231,-0.01921208568859696,1.2474365823909535e-12
232,-0.5341640292007115,1.244163211167129e-12
233,-0.24417765023972227,1.2336498699020126e-12
234,-0.007110421687648242,1.171365441842834e-12
235,-0.5438985641375302,6.985619491442363e-13
236,-0.013533301962096306,6.632930024775137e-13
237,-0.5373196973864954,3.9556506971524877e-13
238,-0.224310529132237,2.2590007810652596e-13
239,0.008529798140310088,1.2825387932213694e-13
240,0.011928465463207222,8.843220439302399e-14
241,-0.5686924428506066,7.262456075290908e-14
242,-0.5154794628022148,7.243398822057623e-14
243,-0.05673269255636776,4.1124111429841766e-14
244,-0.48179699520238484,4.1016198542327144e-14
245,-0.212097659931734,4.0669606319543874e-14
246,-0.34482309322835486,2.322567877583489e-14
247,-0.07509991698710025,1.3186287618222734e-14
248,-0.46055940210647733,1.3151685767308802e-14
249,-0.10851440838565427,7.466817778116333e-15
250,0.008745954911433283,5.148438077742696e-15
251,-0.5588963488816378,4.228132234469519e-15
252,-0.3728821086494402,4.217037284514128e-15
253,-0.19655146766548712,2.3942063035948385e-15
254,-0.3550409783241815,2.3879237188391506e-15
255,-0.22195443815479873,1.3557342831999745e-15
256,-0.00359686667951846,9.347909932106075e-16
