t,lambda,delta_s
1,-1.0445082358972035,1.2445614493814159
2,-0.014406238810657316,1.023564927075558
3,0.13631226141600325,1.1789600955984703
4,0.057053590026079966,1.066539044643172
5,0.0012084543767985165,0.9683761220361221
6,0.28686955672410297,1.2060504251079933
7,0.5578152110088158,1.127070575417364
8,0.5468158198149928,1.0554414697598935
9,0.48038786387959276,1.0684057792583068
10,0.5983914668055769,1.1009434819598531
11,0.651632213227478,1.105023205797889
12,0.38138608885054487,0.815621974089678
13,0.39303454576027136,0.8838242320868206
14,0.5096174110477999,1.0148044491741166
15,0.5554097668576239,0.7586315462931709
16,0.14093922844114987,0.7644142723148549
17,0.4188736193037131,0.8707866421814247
18,-0.1272293370166207,0.6048182121112978
19,0.10976186178634385,0.5885484379670549
20,0.15232282608308667,0.6214588994672195
21,0.3066634835340318,0.5230634869168719
22,0.17683949785901584,0.6103693778722249
23,0.504239068123236,0.7296918123419802
24,0.7303888004814029,0.8515588914059479
25,0.2722867997343703,0.8909308776159511
26,0.3208663241581464,0.8498062919119134
27,0.6173085136744495,0.7795201632387556
28,0.5109424155025662,0.9156692894710834
29,0.44452198582024777,0.766578585923291
30,0.31984130236176866,0.6502739370342739
31,0.43036889287370594,0.7643733307557904
32,0.49476569684604327,0.8561926310203617
33,0.3066093791579669,0.8191204476038577
34,-0.1796160052159028,0.6840975120696224
35,0.3159228811916265,0.7962820625661349
36,0.6128526644299639,0.9508217029321664
37,0.09718677586316961,0.9599337650786274
38,0.588861810121308,1.0516536807642591
39,0.7962182500018569,0.9646254463364384
40,0.5271898117945897,1.0253027742325431
41,0.5513261807180381,0.9885277671071001
42,0.21332567965219004,0.7969926879037701
43,0.41765821752234517,0.8363450355351867
44,0.8419476997882854,0.9579319500499541
45,0.45875440681373575,0.780769418843872
46,0.5617907349835034,0.912140566506683
47,-0.09539601518110097,0.8709573103961094
48,0.1685179575553798,0.8149244845749778
49,0.5612895432472169,0.8954713692411856
50,0.3482784588452507,0.7072711571685054
51,0.6868656654121068,0.81827858956601
52,0.7304295839105561,0.9894197767726673
53,0.5190571307440696,1.1183139884473827
54,0.49077577508325193,0.8564165844359943
55,0.15255190108149394,0.8681673197398557
56,0.166843026614925,0.7399266422825508
57,0.3778854995803443,0.7422484547867942
58,0.14059938590642468,0.842153252419082
59,0.15676182291504157,0.6044980627880184
60,0.507584360282738,0.5623527204522425
61,0.5176206705102618,0.6717693432291935
62,0.5798564531720705,0.8460753347885916
63,0.41850571120124547,0.920915118043493
64,0.4988042295553541,0.9645867196128058
65,0.41571467120830574,0.9095209982691494
66,0.044644064917725136,0.801585078446158
67,0.21471463639663108,0.595830380152417
68,0.344077801766189,0.7075820457110703
69,0.4551301567867302,0.9095328538868479
70,0.06576911027479723,0.7774869579131968
71,0.19453226098318266,0.7858743755502378
72,0.26519901329144424,0.7866092758075506
73,0.28776542673763317,0.8674482966928274
74,0.7717104106782866,0.8365882045465547
75,0.304655511931247,0.8327682523044523
76,0.3523648739858237,0.8712066045101401
77,0.15294176550919977,0.8672021265730685
78,0.5935058039346431,0.9572913691945252
79,0.6927637992241227,1.1270461391679003
80,0.49458739110531025,1.107632644039322
81,0.6867095002786703,0.9663375764828451
82,0.008811977835536167,0.939245041914395
83,0.3613704902575906,1.0381225468137072
84,0.560880178982339,1.079663084078641
85,0.05001206095299504,0.9570919625992867
86,0.376234596277343,1.1275192691530505
87,0.2939790056105909,0.8392887434841905
88,0.3204588461059191,0.75407985726255
89,0.47231552360658247,0.821166050044591
90,0.019797686525413694,0.6958620339423166
91,0.6829753871283819,0.7709758679071416
92,0.28320314232327176,0.9421537745232719
93,0.30214315086419635,0.9527986211897195
94,0.19945606729786056,0.905292272668573
95,0.36027794067012897,0.9138700270098348
96,0.5741112932624635,0.9257249001284482
97,0.05926639734467001,0.7526312293616992
98,0.17004629818248723,0.7962200414445096
99,0.25488128967962187,0.9131853540246986
100,0.26644010488976166,0.9301916020662082
101,0.28777667497115006,0.9902013726304963
102,0.23019594844395974,0.7631193121759774
103,0.44300433504706105,0.7650890152668153
104,0.06919030643543184,0.768802596301528
105,0.26543528228460467,0.6803595030424546
106,0.05418990724086521,0.6966687891682671
107,0.19781519920857765,0.6368629536233261
108,0.04699501543828927,0.4940243751780689
109,0.17724811896636317,0.47464736947676756
110,-0.06634054713507959,0.36197879623925483
111,0.2450298108109165,0.39754939315248994
112,0.570588992142654,0.48498723914790737
113,0.2379586983541608,0.3205924374332423
114,0.006104251271252125,0.34910954540528394
115,0.23181548484797337,0.3990589503039563
116,-0.11438965678229049,0.3356604293476533
117,0.35223622577951524,0.3395452841952149
118,0.1635490852380024,0.2912498520200438
119,0.3938916145471344,0.349391624149266
120,0.15592528639986894,0.43759269810588747
121,0.4189089981068021,0.5262800314435726
122,0.5010169869165196,0.46776038991042523
123,0.8321362171647387,0.45159694628948127
124,0.3713502654263681,0.4766625049296297
125,1.0006777904291704,0.6028656031308408
126,0.22379534091787542,0.6557094097883618
127,0.8184339799803532,0.6377885751698524
128,0.10280863876891527,0.5570767110919675
129,0.07562196622061344,0.5104909363606424
130,0.6423644346230153,0.49380806746984374
131,0.4954988195008094,0.6423252594855307
132,0.5976321940783783,0.8236076968103199
133,0.3310011373810901,0.8074491189926428
134,0.32176115164147456,0.8394347129474944
135,0.5025350285398921,0.9549300149107051
136,0.6488016884268253,0.8610936464876918
137,0.480338002262251,0.900245429724904
138,0.4360566448386926,0.7977296757103118
139,0.3773176557356071,0.8410908640441771
140,0.35023423030813783,0.6483504962174601
141,0.3436083182674941,0.6362011678203857
142,0.28103825360384976,0.46614182609454596
143,0.18426383201249438,0.6047250485436829
144,0.04353220409419071,0.4231558219967093
145,0.4614475419768178,0.4952658424259909
146,0.4994212273423068,0.5940530134110252
147,0.45288836058691484,0.6582976088746305
148,-0.47188211361002086,0.5200232865886063
149,0.33982140682669504,0.5301169743738154
150,0.03831036742119872,0.4162377143645834
151,0.1712436488113965,0.4002518555950354
152,0.2685761143819427,0.4582741783083518
153,0.31358669833059655,0.54674733682144
154,0.1026019594559277,0.48084733468073815
155,0.30033917229866264,0.5257872786715944
156,0.4983743232288295,0.5386277903192357
157,0.42502083118109046,0.593862640280267
158,0.013667530101506817,0.5617488265913283
159,0.6931280831871166,0.6547508868238126
160,0.5606757298424954,0.5353086584597639
161,0.35738625212196196,0.5596926578620351
162,0.5003276913656018,0.4512109351576747
163,0.6168442591586258,0.5438175300519713
164,0.6489056455527292,0.5019064669553829
165,0.1321924369723326,0.5282048015610198
166,0.3664584780249635,0.5113774882176926
167,0.3123072621758796,0.4814325934960295
168,0.08065055966662829,0.4551522038410581
169,0.20174174856444854,0.40337473440025096
170,0.6675307271519508,0.3996759994289495
171,0.2673762179206214,0.364016751119544
172,0.5293894419162047,0.43043323370862346
173,0.09556699775747837,0.3059468510132792
174,0.1824331702259106,0.32987788436143817
175,-0.15535093410681053,0.279179387931191
176,0.047493860740231646,0.24853869206899334
177,0.18241457828772606,0.353132282660593
178,-0.17509580815052306,0.2430617466522607
179,-0.004119066678964974,0.29511471625334834
180,0.21357792147172527,0.3975721050172506
181,-0.1972509484143206,0.3351823832354022
182,0.5651972611842335,0.4426363944933949
183,0.5646074418638559,0.47879911823194826
184,0.29845854133234895,0.3952938804724919
185,0.22257692437856477,0.39161141568556784
186,-0.2510641087945456,0.35277648997333527
187,-0.1576399316914043,0.3219667944727655
188,0.48718461959140885,0.2680976817887977
189,0.41366512409376716,0.36844748593592513
190,0.43275224806113294,0.46134033650920536
191,0.23881759651903514,0.6234184891282396
192,0.35620710676469325,0.7095393966595303
193,0.5848122927983129,0.7961762305300736
194,0.5631721664576803,0.9135223960797001
195,0.19077724150729813,0.90293285497067
196,0.26454029430802617,0.8489153281030354
197,0.5293884917728412,0.7866767264795536
198,0.30328681670750024,0.7742703797092301
199,0.2644564345666209,0.6738802586110141
200,0.35026392690688796,0.7260088572092942
201,0.15049963401638977,0.7255105948398434
202,0.4470677633256052,0.7380186946560996
203,0.06817113657126507,0.7843276940539249
204,0.28133115483010196,0.7624470172416129
205,0.41427867533646834,0.9378877359596065
206,0.43731848013335106,0.9128867103495254
207,0.4204492572465455,0.9768684096726196
208,0.35681909870277073,1.0025883518601655
209,0.3760624200091084,0.8762729613955751
210,0.13667962952514928,0.7651052819437749
211,0.3559505470794461,0.7847505491991896
212,-0.071128791459636,0.6148551530447838
213,0.32277498362470025,0.6794559095798253
214,0.3701070538493278,0.7950081594834538
215,0.6461813077345098,0.8816781888859675
216,0.4700896276666603,0.9232977647889136
217,0.4413560377536285,0.8160133750013325
218,0.44683873012157466,0.9906787381231615
219,0.32170999204960343,0.9235645751510171
220,-0.050386371534163886,0.8091938274309808
221,0.5042884784491257,0.8236211822879519
222,0.34716920617254027,0.8444935005330951
223,0.33485481000259837,0.9631488854094788
224,0.10365099913246058,0.7297539320320828
225,0.4580546683233408,0.6761954557218723
226,0.39042251734077166,0.5686027507136034
227,-0.08763373525199317,0.45030297512886597
228,0.4286298692265246,0.5879780113848844
229,-0.13052268039807327,0.46549417587119796
230,-0.11639697418320927,0.4915270886170511
231,0.33578975221438817,0.6412522704425146
232,0.35092669998210113,0.795051699128288
233,0.1762424380658377,0.7764087061617838
234,0.18269062727540242,0.7063867203203179
235,0.3440038450425695,0.6840903123529999
236,0.16107811938729066,0.562025265176888
237,0.20354722154074484,0.5704539189159075
238,0.347176114809723,0.6908602816408771
239,0.47422390557379046,0.7737010631718862
240,0.28257195144465924,0.7744937371714739
241,0.5857597155083686,0.7899607368802049
242,0.11848095096224456,0.9042089931935005
243,0.4470684274917828,1.0060980330104972
244,0.3945804933229422,1.0557895968421207
245,0.3822452898122681,0.9542453278585531
246,0.4147287756561464,1.0550408213545897
247,0.41426118051643657,1.088139231105528
248,0.726044371599816,1.0820013325339979
249,0.4942630263676414,0.9669867241333518
250,0.6911043294795642,1.005690541008189
251,0.511933045020993,1.0384030888503049
252,0.26290216238816794,0.9145105111585984
253,0.22536525200082674,0.8782745861189827
254,0.4588921190472458,0.8524509875505182
255,-0.09113942295527536,0.8545305808106396
256,0.10337450314342177,0.9629779908045083
