t,lambda,delta_s
1,-0.3520758920022693,1.1575527538463337
2,0.25520751980023015,1.1506915509390168
3,0.2313742392255888,1.0480092469323656
4,0.6303836123528161,1.1062498841316957
5,0.09747138779416066,0.9268239578072345
6,0.3834317027956911,0.9141455518304888
7,0.017084287766464187,0.7558790500471637
8,0.24768431648974326,0.7631379830090818
9,0.26426544459411583,0.8594632615957708
10,0.3035423121324076,0.8509824375768014
11,-0.0558545724677591,0.7584720554988325
12,0.30583411859877135,0.8900121164978819
13,0.42704851506494595,1.0398379157557271
14,0.557749067039577,1.0687366026168659
15,0.10829757261295023,0.8557480688216451
16,0.3194685890622831,1.0134508983117536
17,0.2050307320842673,0.6667120946370496
18,0.3497648214336872,0.7525992011196911
19,-0.044661464273052655,0.6650332723180246
20,0.4772739307510304,0.7875711136015323
21,0.6146475924867301,0.9629975711039275
22,0.012078639454234584,0.7768069138770363
23,0.40852132596656004,0.7809536465689699
24,-0.11394104811865743,0.6218166252823396
25,0.33800454111687217,0.7363112733741473
26,-0.07484012910766534,0.642209425480178
27,0.2439384457830357,0.793683796576115
28,0.44316889134103493,0.7669014524321975
29,-0.15599610437839276,0.8254050234692645
30,0.3635598176683637,0.8545817301196367
31,0.5793234871821248,0.9148736059535456
32,0.6166241721874798,0.9071060672121485
33,0.6233252201074173,0.8854984482567889
34,0.5704760568986527,0.9733568741005334
35,0.8639443854284998,1.0014128190137437
36,0.11237977490676263,0.9669683587866016
37,0.5393640059768147,0.9486974178517404
38,0.148751514039106,0.9448995088777569
39,0.7136769196172414,1.0540027549510442
40,0.025527518268602094,0.7368937610486618
41,0.01937400128945869,0.7092642760665444
42,0.13238539200438207,0.6289424830460535
43,0.47383946539580035,0.680769123661115
44,0.08782937971392239,0.47765819881323424
45,0.09481606596874274,0.48490478440960527
46,0.4677824746138608,0.5412588252726984
47,0.5507409024898288,0.6817531158657317
48,0.48183664824770644,0.8274784032347748
49,0.4023247622317985,0.7686785417252463
50,0.1081281678763393,0.7819708329095058
51,0.11331707511430401,0.6692790318706945
52,-0.0023993907321212416,0.7495377110446034
53,0.026214792220741516,0.9100611091713372
54,0.42839653671697786,0.9974618668019753
55,0.5510934485781769,0.9500776624796581
56,0.21927753646917145,0.8295612357070786
57,0.3896613999534885,0.8625622002718495
58,0.5455642828410976,0.9258215062964514
59,0.26249907957561586,0.7509861509540386
60,0.7764413347781325,0.7247015880079314
61,0.5918157089302396,0.8497846760386674
62,0.6080179512277545,1.0007083922120534
63,0.3898002013143567,0.9831212469530646
64,0.4859632977709372,1.0428840004421147
65,0.28611135215408606,1.146840892306509
66,0.04049514430344326,0.883709079061516
67,0.6709159989855547,0.8026908222864219
68,0.5840743242442615,0.9729209457111692
69,0.379628532442411,1.0639433871776391
70,0.3207372487589213,1.02435019310925
71,0.7295539110118283,0.9680609401553429
72,0.6335996056100771,1.066937604775729
73,0.550553489870965,1.154963374722656
74,0.05702173505912201,1.0086691889511672
75,0.6004163862986898,0.992003895471959
76,0.22826017030162404,0.7932713201523622
77,0.4040848398435353,0.8899051533440522
78,0.536656981271178,0.9571303028371243
79,0.5091136945706011,0.9410885233944325
80,0.4875679258200507,0.9487581538153668
81,0.10497344027522175,0.8011499160697663
82,0.2551711598925479,0.9973400389517405
83,0.234078625025476,1.0874839216947034
84,0.05106458898778776,1.0474535786636316
85,0.6048929673284777,1.1390493300457964
86,0.20060106076243112,1.065380573981507
87,0.3580796952533031,1.0933947568846567
88,0.49811267825999056,1.0465186484851472
89,0.1634804206650927,1.027028971753136
90,0.33172699445687637,0.7886204812139612
91,0.34087649757251437,0.7721127468218816
92,0.28000114146634925,0.662921233683533
93,0.13325693174691372,0.6599356619102006
94,0.48543189529143427,0.8455363314864053
95,0.20546321825634817,0.7255129123477495
96,0.5556883437660914,0.6905230540202723
97,0.702828931304668,0.8183622443792316
98,-0.07162166435329677,0.6772494498500577
99,0.28480257911568474,0.6432231808530419
100,0.4258487748683252,0.601639616194174
101,0.2450659288270723,0.4893212560294493
102,0.6651519739669205,0.5438184968972325
103,-0.09945676079516379,0.4466227306346211
104,0.8350311635693429,0.5188512433932103
105,0.4761266644096298,0.5964916817695705
106,0.31030139115258476,0.5453692234136814
107,0.2567821766601703,0.702205675001488
108,0.33889056953281066,0.5180133322228601
109,0.7959831785485748,0.5876489259808347
110,-0.06309290061978494,0.4221991446058577
111,0.5933066453836309,0.4340887652851148
112,0.18035247079750763,0.37381474725400976
113,0.15472648512927764,0.4040080485056397
114,0.4725501922404898,0.4883119686142486
115,-0.09632526920474203,0.3094571113090126
116,0.2297164536144472,0.3791456260561651
117,0.40640723075039314,0.5023670166641737
118,0.30039557300480363,0.579207287487148
119,0.2912688322176262,0.5471579226151475
120,0.9242442584667933,0.7775074227552501
121,0.5262963494999071,0.8386071600743472
122,0.3311383367518777,0.9056175302544667
123,0.3335876791205407,0.8340023107091259
124,0.43114480327304144,0.8680993619219763
125,0.08241639210928775,0.7724888199023646
126,0.46030022348783944,0.748089422198979
127,0.036368286016805335,0.5548336365071564
128,0.25670211986507097,0.49420635133640667
129,0.5729102476604825,0.6257322329131464
130,0.1243192808027984,0.4519738181495278
131,0.023473707871121192,0.5033745200903713
132,-0.12144620605766789,0.4208460657015573
133,0.16711693931447902,0.37851882921903757
134,-0.0976391990531874,0.34270186350753473
135,0.1983492287733329,0.30792629628022716
136,0.28388113231151474,0.358790117396881
137,0.35666166017351514,0.4598207758291617
138,0.6870645192618219,0.3912673653706279
139,0.6460374218760064,0.5212697808067883
140,0.2132610011131367,0.5048027036933737
141,0.2747082229019506,0.49617813085544793
142,0.34758836208041816,0.5620267601344008
143,0.41956454603066645,0.6258843063260507
144,0.2265346007993288,0.590179751678038
145,0.4938764982743729,0.5334984430650236
146,0.43994335261096384,0.6181145302245155
147,0.5343668174533563,0.7237242921339413
148,0.2394019310974325,0.7114566863814984
149,0.1607718925800499,0.6835092607570187
150,0.23802587280426737,0.5854298671307658
151,0.01705691222256967,0.5895344610533169
152,0.25830774494097847,0.5856132822812753
153,0.3982243083307125,0.6288918025372808
154,0.5488378074669652,0.6999741672138007
155,-0.05886112532910338,0.5146855107974484
156,0.41364428345485105,0.5226173561522724
157,-0.2064959062238317,0.3414163883300664
158,-0.2318281014541798,0.2898325088307256
159,0.3625203012016698,0.33423423479454023
160,-0.1773008546551204,0.22019317930111634
161,0.3200397726386136,0.24456450922267894
162,-0.16599018017266398,0.14069068753381714
163,0.23601306930968993,0.16319165219438136
164,-0.579819042850007,0.08341416664271048
165,0.07728010252561986,0.09657144688842063
166,-0.523915419730794,0.050605956031212096
167,0.12759415989576656,0.06128880752755984
168,-0.5919726929806566,0.0303012789239588
169,-0.001814207319712999,0.03396772377530977
170,0.1579932513549324,0.040322490731959856
171,-0.701200504562136,0.01954649301262395
172,-0.40905103732908976,0.011264111987020833
173,-0.15063099994199125,0.011111129285566776
174,0.12806273235367943,0.013064857843627393
175,-0.6709032556776362,0.006445942259320706
176,0.10600933691497076,0.007408197926798746
177,-0.6721274167815886,0.0036724054724261014
178,0.10390557693745303,0.004202415478855544
179,-0.6670250905992556,0.002097944763441386
180,0.09977510925745876,0.002380910966713357
181,0.07090827454828798,0.002528899077306146
182,-0.6390131905714007,0.0013490508223274662
183,-0.6617494323635557,0.0006802728366157866
184,-0.29825666918719695,0.00046682985984415615
185,0.08347031310921396,0.0005086326759720212
186,0.07365026655205566,0.0005467091763341553
187,0.0030901204016158625,0.0005515149920499264
188,-0.5808099448194413,0.00030969592312736895
189,0.015801297286376415,0.0003122626007633888
190,-0.03593201490817384,0.00029717100094370176
191,-0.07177812035924168,0.0002711551722007981
192,-0.5015531109711413,0.00016826341882069588
193,-0.06220947433213859,0.00015354503330654342
194,-0.08613716202813078,0.00013598247025162712
195,-0.10071965823546072,0.0001177899747641682
196,-0.47906267431328,7.700854529011516e-5
197,-0.07668224557189525,6.669492789370908e-5
198,-0.496536786493397,4.360901948048948e-5
199,-0.0575370578593427,3.776501875461962e-5
200,-0.05398679639873833,3.215683121176442e-5
201,-0.5159479933730647,2.1385234565039e-5
202,-0.4716470837265011,1.3984580911227579e-5
203,-0.27647416499889405,8.946230919827885e-6
204,-0.29592082389892643,7.918796427146312e-6
205,-0.08248601451753011,6.856940985168207e-6
206,-0.4667603400714761,4.48409390708041e-6
207,-0.0886164613780698,3.882770932368602e-6
208,-0.4755863916695566,2.5391501600049613e-6
209,-0.15676060683785245,1.6243968107738865e-6
210,-0.42734234206980604,1.4378098127269205e-6
211,-0.13475603476941383,9.198251877073953e-7
212,0.019055675545689658,5.711933529552378e-7
213,-0.5934988402432498,5.208566663473667e-7
214,-0.48681954407903183,4.610277596395119e-7
215,-0.15899665940210098,3.9920250659318825e-7
216,-0.4124119144028153,2.610598309541103e-7
217,-0.06217517663965896,1.670106461609017e-7
218,0.040403816216796805,1.0371035245769221e-7
219,0.002641162921086874,6.17574727923076e-8
220,-0.565954337970747,5.872663413096694e-8
221,-0.5963256609856895,5.3551316851252993e-8
222,0.03068757540349163,3.3254323160131726e-8
223,-0.003896612298158304,1.980229520762859e-8
224,-0.5451998008264832,1.8830468041197506e-8
225,-0.03153135035923973,1.1213173627526175e-8
226,-0.513892543084368,1.0662870108255141e-8
227,-0.05365502211439526,6.349529678654452e-9
228,-0.5133323852305229,6.0379168421922166e-9
229,-0.048765760765509175,3.595460859195797e-9
230,-0.5056274260905942,3.419008139377777e-9
231,-0.0679330550396849,2.0359521883607106e-9
232,-0.019649644726531666,1.1419805261364266e-9
233,-0.038137741990534456,5.956378625978476e-10
234,-0.528083830968593,6.466536101429803e-10
235,-0.5149152046657068,6.528202110952847e-10
236,-0.33913821728613,6.207820618668485e-10
237,-0.09256522568469566,5.660752794548778e-10
238,-0.010312396977093212,5.010522817700777e-10
239,-0.03870907032323787,4.338595831178371e-10
240,-0.07846848207242352,3.694100272676035e-10
241,-0.1165297816129498,3.103848745178464e-10
242,-0.44035287083631075,2.091807367867108e-10
243,-0.4425223303516185,1.3911540101739215e-10
244,-0.4174642310700106,9.097500133047753e-11
245,-0.3511756028592932,5.820043428705902e-11
246,-0.26094125336996155,3.6141336157459e-11
247,-0.1871411495191532,2.152145589693723e-11
248,-0.14885964903023716,1.207154261099786e-11
249,-0.1371281426359276,6.2963137880827015e-12
250,-0.13959403630023928,3.1860175399371164e-12
251,-0.14437177799600487,2.6482289049735705e-12
252,-0.42350592585643343,1.8041023446005825e-12
253,-0.41253438019765704,2.018888716559771e-12
254,-0.15734567120275128,1.0215842282702602e-12
255,-0.13537602402679946,8.491443779755581e-13
256,-0.1322216589867567,9.681745356962007e-13
