t,lambda,delta_s
1,-0.23072589275282557,1.0973609143086334
2,-0.09456474679108336,1.0297004022110632
3,0.3099592137046387,1.0557155210697418
4,0.02469307765232693,1.1189326291368675
5,0.449810409864289,1.1380416248581788
6,0.05867961926006153,0.9980529062264925
7,0.01654148683320892,0.8836960175348619
8,0.5158212012862329,0.9948100194577117
9,0.43581789036824453,1.073138351028843
10,0.5359633910674719,0.9560876114914498
11,0.627732958797308,0.9004752501154456
12,0.6220149032284316,0.9950986334157572
13,0.5583301387628867,1.0457584841493583
14,0.5363230723052299,0.8823067427747271
15,-0.046085662662478266,0.752297924233085
16,0.15675874080005442,0.8200245844489865
17,0.053305641737239076,0.6770416618261886
18,0.33579266485736164,0.7317523663848015
19,0.5665630233726154,0.7539507353838126
20,0.49907162388598175,0.7201556189471897
21,0.6814843104209123,0.7074547212080279
22,0.5850171550641243,0.7268451546230776
23,0.7066729924825751,0.7331032166658684
24,0.16273461734197214,0.8151007129493052
25,0.532662894460491,0.8809132333340293
26,0.577907873572972,0.9854736882204529
27,0.7859349960964852,0.9142200597786854
28,0.2042655077116412,0.7934284897979036
29,-0.29470613246335425,0.922844516975034
30,0.35584967774906917,0.8404847558519254
31,0.1506906434663472,0.7220631507314091
32,0.3164741435078977,0.8226613689224558
33,0.7252506083555099,0.9926998908321943
34,0.6619488801560778,1.0381346613498796
35,0.3740654697630407,0.946154767477271
36,0.9751717962477017,0.8333552026742321
37,-0.2274515523700303,0.7993354952236457
38,0.3970723660077353,0.8994291896666605
39,0.029123083870657283,0.8391005237554591
40,0.48910724379470255,0.8621873636046848
41,0.413453687347591,0.808508061733745
42,0.8724224717338092,0.8991620274703485
43,0.47016903052188547,0.7753914715590532
44,0.286452145011625,0.8550446808211957
45,0.4402791552644522,0.6382199410199717
46,0.39937231612667795,0.7221601317496893
47,-0.13535823203930605,0.5709164289608663
48,0.4402540257469574,0.6796269856568953
49,0.05601088956484833,0.4936439565611953
50,0.5135650195933659,0.5455615311682958
51,0.4886617902907468,0.42303863442726475
52,0.08270849002714376,0.4192739540487168
53,0.3018411703751188,0.5087631443788952
54,-0.05423941650762096,0.4100716725341367
55,0.08628656947560348,0.3816422060339635
56,-0.008407904887215994,0.3122086052606024
57,0.07897337945913765,0.2833076110785799
58,0.08502123640756831,0.25456085130788664
59,-0.2064681108969437,0.19324736843830415
60,0.14347234021951982,0.2489521139852361
61,0.256879861126359,0.30808293667578535
62,-0.23170026770399935,0.21030899293209906
63,-0.03142863160052821,0.20592883311307034
64,-0.29399048075473766,0.1540830346675741
65,-0.013266102133489265,0.12162973642269209
66,0.2757541576767727,0.16231725412230494
67,-0.15102676347203262,0.11527273422632565
68,0.08501120373127062,0.10854400709011089
69,0.25181378333840976,0.1378552122245799
70,0.16394325469694956,0.14734109762390782
71,0.29403731853991943,0.16705307954158272
72,0.3620156319747112,0.18192227670634556
73,-0.3231134467287573,0.13802898158808719
74,0.11487146119931804,0.1662978668437383
75,0.4431322824151863,0.2166486422714983
76,-0.14137959100817007,0.12330920060353742
77,-0.06194611259558601,0.14516012811810133
78,0.27612723428623165,0.19319690146883817
79,-0.23411550022049965,0.09677428870675087
80,-0.05898023698861732,0.11927901134592908
81,0.4895915107176716,0.1596758221221305
82,0.31027227838625254,0.1884743863520457
83,0.41148276970140363,0.21915709968498145
84,-0.0390409502041237,0.16265807626630727
85,-0.08382638632089183,0.16207189353295212
86,-0.07419099640380096,0.14204780161469477
87,0.36861054206880595,0.1753515999642026
88,-0.34702280236204913,0.09785898919085524
89,0.40741479398944025,0.1243466804025951
90,0.37904731073324777,0.147842777931231
91,0.37036910380487015,0.17028282969149133
92,0.3046128578636444,0.21827855474211558
93,-0.07160918445243465,0.15590462023691104
94,0.2286233332938851,0.18306567107274999
95,0.3046841785420304,0.2223030554022914
96,0.4710074046045909,0.2713586145821627
97,0.556793971697727,0.3509274722877931
98,0.40998532101598895,0.4231190156686852
99,0.34049149287915775,0.40210245770828784
100,0.39065100784438817,0.32498784901424893
101,0.4483370317416854,0.4465438563237967
102,1.0980834668281048,0.45915858445322677
103,0.4350738043950344,0.4424455396424852
104,0.7210129620512447,0.44539782253434707
105,0.8755197983885483,0.37413896417287335
106,0.061496736973156656,0.46931970747882973
107,0.4208506970762394,0.3784602384888332
108,0.35597618101016115,0.5068848621376234
109,0.7221310220135808,0.6075535224003159
110,0.6478308209356534,0.5518017717495386
111,0.7258257713913023,0.6352774888977171
112,0.6618459382848081,0.7788851023320815
113,0.6266170638224426,0.8914065343801197
114,0.4804593225019105,0.870825268092817
115,0.4922409614613345,1.009427213644069
116,0.4392255215909684,0.9830627814408945
117,0.027746271472706082,0.8610971267725063
118,0.3441106887824315,0.8965277991267648
119,0.3961906141771281,0.891015921485734
120,0.10615186044029669,0.8446208128183731
121,0.4902038971493286,0.7648709084861897
122,0.02657893311851548,0.6565778771708939
123,0.5710117363868465,0.6900368042245744
124,0.8494296232741626,0.6115175922062586
125,0.7394898402990231,0.651205406433937
126,0.5077229414548002,0.8319387792371604
127,0.03656318089516723,0.6415621492104384
128,0.3802879632235106,0.7894412982899668
129,0.6264308210830936,0.8798129921311223
130,0.5361136045821203,0.9314153961917455
131,0.3124220345386494,0.8677123951152315
132,0.24356225998243994,0.8789859924235998
133,0.0811209527044553,0.8966893206018488
134,0.34227342629895885,0.8193177956937113
135,0.5079821750854412,0.9336020513668187
136,0.34470671102774847,1.0103023417933528
137,0.28900054852417734,0.80077062788579
138,0.20944037879274913,0.7645670381001479
139,0.42955401119187137,0.5894900297858391
140,0.7995503884291894,0.6095987015011612
141,-0.19860511884209125,0.4370210709385545
142,0.7208904079276683,0.5079372917571974
143,-0.1399982089655581,0.3850334171208897
144,0.4466978535094657,0.40433635312386135
145,0.5184634043136153,0.556283842566511
146,0.33910495308796995,0.6838938879438685
147,-0.24311183173262293,0.5865526062827057
148,-0.08445985791891429,0.5176828809738299
149,0.3072367179135039,0.6176149962713998
150,0.3873660197833747,0.42817029069628154
151,0.3682239062935191,0.44494504444580424
152,0.4689652180770191,0.4188812450209794
153,0.43860848980949957,0.4903907817178432
154,0.5470889747031285,0.6043330180418871
155,0.48599696102305945,0.7512172935671485
156,0.171053885900989,0.5397990449312221
157,0.38322851626077076,0.5832004795278278
158,0.5495709704097125,0.7805351311854098
159,0.20852349967021927,0.9288470367044639
160,0.21596269192598724,1.117809559545446
161,0.43450173629143224,1.1531673338768895
162,0.432246873195089,0.9757970071448278
163,0.46762837849588673,0.7377973350639054
164,0.29453768656854595,0.7104320924852219
165,0.25044305094366837,0.669217483800253
166,0.21465927316332767,0.8077885976442291
167,0.28867976667973144,0.8000498373546847
168,0.4685598789694549,0.8779826607988307
169,0.5435902608196841,0.8839661599773402
170,0.45054741568077783,0.7872922330146306
171,0.6838214033384084,0.8559879958664581
172,0.18621169136437088,0.6888228403851476
173,0.21809230475835578,0.6734959046940606
174,0.4374474692366318,0.7435293399442233
175,0.45716675561250164,0.6896875541524581
176,0.2690140115219699,0.6558708773137263
177,0.16763017559474702,0.6133631517755839
178,0.9345703432714474,0.7132322523184546
179,0.30665401984374036,0.7408850715356885
180,0.49909496883436427,0.7415968747885259
181,0.2753574447668107,0.7711509930607494
182,0.21938170964875808,0.9515595555774433
183,0.27380468901752786,0.7067242032652292
184,0.3341010927686966,0.7092989257356653
185,0.37402498349797575,0.6325189304472062
186,0.5995234704160686,0.7160116731276358
187,0.2843155063623834,0.8493237778577751
188,0.40561339271459823,0.7688298989718423
189,0.4533537424070508,0.8465901836201488
190,0.6186230294708642,0.677841011700093
191,0.2508507928817756,0.7090981312257111
192,0.17222720469906544,0.7853385777094998
193,0.42927643254683256,0.9752554502247064
194,0.7012817521891626,1.1115728548300745
195,-0.041335841242746155,0.9010227001043045
196,0.2070793579425683,0.9335830506578701
197,0.5053306791453929,0.8057052494377245
198,0.5245398684606304,0.7889915243303605
199,-0.12957825930734776,0.7970436583114339
200,0.5289613849540408,1.034409529785037
201,0.49951108339798345,0.9113912193103998
202,0.4657545271803369,0.9252247624206206
203,0.3099724967897279,0.9084843892131036
204,0.07517796900469953,0.974218376342053
205,0.3841736926933844,0.9851092224483996
206,0.3063356799525321,0.9689614246306949
207,0.3484537268409869,0.8990049081126295
208,0.3975163635430654,0.9471808062461355
209,0.24573424291944204,0.7596757443952133
210,0.2167563479038122,0.6373788296531198
211,0.28040237813076724,0.683887787281112
212,0.47442389563079884,0.7668825535004661
213,0.08015659778519336,0.6346251401817731
214,0.04537014415109131,0.5905613109642134
215,0.3725945613486851,0.5772939306752938
216,0.5232178673623408,0.694896616065188
217,0.09987789018246468,0.4801739214390667
218,0.39093133127703966,0.4203114067899623
219,-0.26702716176946845,0.31312372696036883
220,0.21193770690364178,0.3408167970254723
221,0.002181740995012229,0.2255088105619393
222,0.20829091963811563,0.233154063443111
223,-0.3262954000515847,0.14916005526993237
224,0.34402073974638875,0.16095492937545394
225,0.17131050820590543,0.18639695445592439
226,0.19921518328519783,0.20475529297220224
227,-0.4307288561132585,0.14143320765350376
228,-0.04143335794729634,0.13001218173809742
229,-0.29115321719038667,0.09827444341500487
230,0.0015722225261934513,0.10598915268420467
231,0.10038339775838184,0.11621513875685024
232,0.23279587794103895,0.12640352324535076
233,0.28067629950762085,0.13488985213044413
234,0.15653048450316734,0.1310224899199831
235,-0.04442170375737456,0.09010491791085105
236,0.1730462363901731,0.0918982556347446
237,-0.43177460645877913,0.057503152467273805
238,0.07375585575274195,0.05342689771325181
239,0.18007942316001388,0.053650880626568705
240,-0.692072852289334,0.029601948842241002
241,0.17559354782305006,0.030521144985280295
242,0.130787185406943,0.03208809652341677
243,-0.6804045102755936,0.018079498619357617
244,-0.5823835565291795,0.013074787514654445
245,0.04328272854468935,0.01037036502535105
246,0.1614014002194253,0.01079580771282665
247,0.07779332750179055,0.01105188579273927
248,-0.6418878020123059,0.006282234907776932
249,0.09591253840218067,0.006374915507376699
250,-0.658983735904797,0.003625025295334668
251,0.10633166424426485,0.0036477504286188556
252,-0.6602299387879978,0.0020755730363647275
253,-0.5408547045887223,0.0013302326520667268
254,-0.0475476291030528,0.0012129281840729058
255,-0.5362823082773317,0.0007539574621506169
256,-0.057151072780241834,0.0006693061531081907
