t,lambda,delta_s
1,-0.6418186300207223,1.2643792142941406
2,0.5301080404669213,1.2129312143818902
3,0.20121555251336135,1.1095858604973134
4,0.05990519373073034,1.2443404536934468
5,0.09210946036863728,1.3209846236558986
6,0.3225518310283779,1.0999366049928387
7,-0.05873852709088385,1.0834401318743712
8,0.1552098729131037,1.0530594314734791
9,0.17697917730401239,0.9219477962175707
10,0.3507492836218385,1.0147080619718056
11,0.8231570325105564,1.115167323014399
12,0.07258499702187779,1.0194684711507596
13,0.46315612723905253,0.9834566713405832
14,0.7594059839489652,0.9930192198500088
15,0.7385275963296406,0.8571621775158543
16,0.4489918092188015,1.0298682059427788
17,0.35017241223369183,1.0902550336641885
18,0.5753622969334078,1.0686626871009255
19,0.4078601162734759,1.2074076770930164
20,0.19125667115889497,1.0028711683523892
21,0.07685543085559204,1.0767026348542925
22,0.437489132961349,1.066591445947029
23,0.0322371271636677,0.9276995803769008
24,0.3524502478419046,1.0608199333645723
25,0.055328711914014235,0.9496722216008309
26,0.4580412358049034,1.0630911592960088
27,0.09883961127967539,0.7598900860033896
28,0.5336887564084893,0.9246201987206634
29,0.5474972745771661,1.0766261368592902
30,0.5007341684935275,0.9707276078652891
31,0.41822103972521496,0.8515222346792595
32,0.22527143684164275,0.6100466425673813
33,0.12333675133834865,0.674564232164612
34,0.42525078440135655,0.7852593775648077
35,0.17878925532778348,0.7273920792514152
36,0.46325150775952767,0.630346531611828
37,0.5072369795666714,0.6693033802795332
38,0.1750605840906061,0.8100915350026635
39,0.3656752764631372,0.9100236026142683
40,-0.0747690325336666,0.6515579886857501
41,0.19936200357420747,0.7331764721952793
42,0.2931414316458804,0.853719543224213
43,0.22027600423522511,0.5887848509239806
44,0.290603876002121,0.555479186233027
45,-0.053712928904716774,0.40863883255229483
46,0.35406409828903534,0.4413707021855894
47,0.27657668513972405,0.5766493422037537
48,0.22724333959215806,0.4886849531049062
49,0.23770912216281204,0.48737532485187784
50,0.2612075735396114,0.39847786800591956
51,0.033036324546797884,0.3618401725257974
52,0.2501349978883169,0.5369864889686096
53,0.35536934835970463,0.7285502612419367
54,0.3761524082507474,0.8414841620275723
55,0.18458290637848535,0.6360359594592949
56,0.237361952250251,0.6494797737334719
57,-0.12489210930622315,0.512639356539647
58,0.339065967098773,0.5705395216952606
59,0.4696603916588663,0.6943574794094237
60,0.1165430734073739,0.5861088054881284
61,0.3807800912564456,0.619722540930573
62,0.5681947934060639,0.849869394515573
63,0.4600396045674971,0.8839851430758123
64,0.5645663831767603,0.9733881732510472
65,0.5585666076351211,0.8971693254792638
66,0.3376433405488676,0.9023441046794485
67,0.494479491553801,0.9085120478159218
68,0.11021585545605495,0.9255378095943327
69,0.8763209109370548,0.9833897968299842
70,0.7276262214822411,0.8534017932424601
71,0.5486874886722585,0.9700003409181546
72,0.4915545408968813,0.7937433608280943
73,0.34021471449479096,0.8764925332991023
74,0.5530173229372167,0.8950762238930167
75,-0.165306180384435,0.6856209465605461
76,0.39100065684611685,0.6579276623609904
77,0.6319494325912152,0.7434631118900592
78,0.5859729048211504,0.9150757132156181
79,0.3349023249584303,0.9984503228827919
80,0.21731635683804462,0.9134098008457252
81,0.09167225528265874,0.8301462902847551
82,0.2820148812256775,0.9260105398349436
83,0.33295325930682074,0.8371280232892189
84,-0.0029250116977828423,0.6504645422095929
85,0.17644930606855286,0.5922977999423376
86,0.4886937881111819,0.638774794579149
87,-0.06355713242906293,0.5176228259920377
88,0.405409768442263,0.557852293002251
89,0.3858492180846386,0.6378033589174137
90,0.3877125050795972,0.6532927698443609
91,0.2421367395450926,0.7077666843832414
92,0.42183766224676417,0.7546751601786864
93,0.05451407370039548,0.7731182750906364
94,0.5415965032946927,0.8809154192640952
95,-0.05486189299495276,0.8520977506571804
96,0.5091920189788629,0.9520072451924306
97,0.03457811308567285,0.6991243477718619
98,0.3713165181458823,0.7257875070422393
99,0.48815177277385585,0.845663476882491
100,0.6741398711142694,0.9360270050401702
101,0.27316725298493494,0.8144463112745046
102,0.29732501259195143,0.7307108484052637
103,0.5751656972847079,0.8997185773529547
104,0.11232845392325698,0.68061392062662
105,0.2901445292674936,0.8292452312490892
106,0.23006662073319442,0.6195356198646798
107,0.3506550875067482,0.5570297636700507
108,0.6221299035190033,0.6635066732007764
109,-0.07868511505324889,0.47053070305299666
110,0.24183687405033247,0.6020979980534044
111,-0.26131681067185997,0.3778637670502476
112,0.17210539085835644,0.4537003907577803
113,-0.23281392921545707,0.26570825486651223
114,0.030376126626544767,0.2769177227333316
115,-0.1465098215295005,0.18497010160209446
116,0.16253034152638648,0.2037779424152473
117,0.20115288591758929,0.24171432459551664
118,0.3488889203765439,0.27753032737754174
119,-0.024709236238089526,0.22720126847108013
120,0.008235260686687298,0.19854028550308975
121,-0.17091870342283097,0.16682591613751452
122,0.14658931167231812,0.1957873604399911
123,-0.28419064463114674,0.11134743525709509
124,0.051070157788972864,0.11443606799578337
125,0.19682540984668287,0.1466989323805201
126,-0.38544212588247106,0.07704134874835984
127,0.07423620990100763,0.0878951620140937
128,-0.42310100759408,0.04788606739178139
129,-0.14049583642422528,0.04513302531779579
130,-0.3777496545966265,0.028184517565522333
131,-0.010775311444178266,0.03161737086264689
132,-0.4629508110100628,0.016839580768052642
133,-0.17873496485481627,0.015963160627517434
134,0.011054689383192777,0.018148561434808277
135,0.01231592933674887,0.019581032768014178
136,-0.5677230764638512,0.01018557910466624
137,0.007224188508973834,0.011096114809991637
138,-0.027114749771160455,0.011211893008585182
139,-0.5287193406793805,0.00624117307356092
140,-0.03187463507632765,0.0063761833050848815
141,-0.06323104513591406,0.006156537744288626
142,-0.48542115348722187,0.0035873910148906465
143,-0.47283282658888676,0.001992995545048848
144,-0.3874714530420991,0.0011461624849044628
145,-0.17223613624530237,0.0011289187662146694
146,-0.38580231824197725,0.0006500789880844217
147,-0.21723813335961373,0.0004532313712272982
148,-0.08142572683568075,0.0004151519447500246
149,-0.5125175381002339,0.00025653442154624463
150,-0.3320767263466925,0.00020815634312352428
151,-0.09621769012191725,0.000204647143600393
152,-0.4563798015793882,0.00011788527663826052
153,-0.21960207754187916,8.23373918660926e-5
154,-0.04965627474965275,7.551105968117496e-5
155,-0.5329094606658593,4.662420496177734e-5
156,-0.03524888856479924,4.2758650951388176e-5
157,-0.5336029969144974,2.6402203142196162e-5
158,-0.2795612467355832,2.1403620071502145e-5
159,-0.2853366429868225,1.495081158663654e-5
160,-0.2705649950165087,1.2119883945098738e-5
161,-0.2975138722114486,8.466122067419847e-6
162,-0.003977376308012656,7.764386226501467e-6
163,-0.5734680318525692,4.793986177468617e-6
164,-0.1999615047079665,3.886162249689761e-6
165,0.05936999393240364,3.820430171136269e-6
166,0.041256070161560354,3.91113842344406e-6
167,-0.5987593069135508,2.1633452192426236e-6
168,-0.5792798983195361,1.2461108466078194e-6
169,0.012983952548236982,1.2250082717595397e-6
170,0.03871006589745749,1.2540987344229837e-6
171,-0.014151255644751403,1.228392331403832e-6
172,-0.5527502160978114,7.101410655434499e-7
173,-0.5418210664409685,3.927943270007949e-7
174,-0.02712635898421378,4.0212196769298406e-7
175,-0.006899135386492483,3.938796304106454e-7
176,-0.0318645269999324,3.669305343130692e-7
177,-0.07555123082719135,3.297339041066075e-7
178,-0.5046479792507961,2.0777670943877135e-7
179,-0.5232996351867033,1.262959582931283e-7
180,-0.4893747046635953,7.301237571484593e-8
181,-0.3282426074359367,4.038477303998367e-8
182,-0.12288751301864809,2.326267898745829e-8
183,-0.4450945166285862,2.2868130271433645e-8
184,-0.11560055460220398,1.3172637541145309e-8
185,-0.043263046706932005,9.20238234853155e-9
186,-0.042272925218705716,8.43996265065869e-9
187,-0.08179453436415235,8.692813268340023e-9
188,-0.48247144289751664,4.779181570867315e-9
189,-0.46065447282205074,2.9507083476532343e-9
190,-0.36898321405277784,2.391727783895589e-9
191,-0.1995900190726951,2.3511626645534496e-9
192,-0.09045462377543219,2.4069914371396545e-9
193,-0.07483644297432211,2.3576567668230902e-9
194,-0.09429498616930965,2.196347725192603e-9
195,-0.11789099343954491,1.973699069701549e-9
196,-0.13676277788947627,1.727997217120194e-9
197,-0.15028219902317774,1.483602590455885e-9
198,-0.4080951856932244,9.784892229358735e-10
199,-0.37845683139792835,6.328589860185392e-10
200,-0.18937242353280856,5.540756381683752e-10
201,-0.3721854398638843,3.5836035616387644e-10
202,-0.28731238159962447,2.25815176540069e-10
203,-0.1896567121487528,1.3726051057996005e-10
204,-0.1281703894191586,7.935103161989843e-11
205,-0.4381445653978484,7.772462199382009e-11
206,-0.3761922644171146,7.240676486518424e-11
207,-0.27823701294124253,6.506673058881576e-11
208,-0.1892523527540053,5.696670362609443e-11
209,-0.13930800362230766,4.8909771642737313e-11
210,-0.12071665912175915,4.136114452307801e-11
211,-0.1158380030150465,3.455821415780873e-11
212,-0.11878485148958959,2.8591977561114885e-11
213,-0.44567868930482446,1.9568804755661925e-11
214,-0.41595917253115117,1.3262291364535345e-11
215,-0.3305682343736703,8.880443606030371e-12
216,-0.21727232178090888,5.8569716761298055e-12
217,-0.14608069709780272,3.788122613757226e-12
218,-0.40926604518757936,3.316546817683878e-12
219,-0.3242990336706328,2.847479969674866e-12
220,-0.24290326536405613,1.878015363926535e-12
221,-0.1712408617476526,1.2146468964517905e-12
222,-0.3871959201884236,1.0634379374190415e-12
223,-0.29825488567982045,9.130334628941944e-13
224,-0.20825210893389443,7.721178763856443e-13
225,-0.15310206465530743,6.451227410490811e-13
226,-0.13336344413334345,5.337467628431774e-13
227,-0.42497966405408366,3.6530478413616114e-13
228,-0.3647601478771148,2.475766172008169e-13
229,-0.26521124906358057,1.6577755131273838e-13
230,-0.18450068697251854,1.0933625229148066e-13
231,-0.15483139176205948,7.071557670214384e-14
232,-0.15417789475720464,4.456031521304857e-14
233,-0.16563066321071002,2.708574202007746e-14
234,-0.385844271634822,2.5232556991358717e-14
235,-0.33758743843301336,2.2674676754376088e-14
236,-0.24120769268732795,1.4288093099838164e-14
237,-0.1994745654159516,8.684938645760447e-15
238,-0.3504608034458716,8.0907220183653e-15
239,-0.27364874164782466,7.270547592095957e-15
240,-0.30382156190112913,4.581421909911974e-15
241,-0.24780256638361361,4.1169930149467914e-15
242,-0.33824357108263364,2.594258790374581e-15
243,-0.21295936444689995,2.331273025919966e-15
244,-0.36450978555018493,1.4690152541670471e-15
245,-0.25659012299351097,8.92932826163578e-16
246,-0.14820606607875586,5.162092186746904e-16
247,-0.4048413372411235,5.056287936452897e-16
248,-0.2554999338694694,4.71034071825301e-16
249,-0.3167499623961859,2.8631546458160554e-16
250,-0.15382665948737068,1.655204937432506e-16
251,-0.06586726398297611,9.155307656693685e-17
252,-0.04986912574620523,5.273696112052933e-17
253,-0.06417058433380428,3.6841959383604996e-17
254,-0.08509776564896283,3.378959550986563e-17
255,-0.4848744318204499,2.086198976321247e-17
256,-0.07762947638355247,1.913356964243334e-17
