t,lambda,delta_s
1,-1.4693109655412993,0.9358838487954304
2,-0.03153574821035435,0.8074812898380038
3,0.05202139878733952,0.8325627022712387
4,-0.2889173020257332,0.628052748473647
5,-0.07371676398593008,0.5155516172963818
6,-0.39989477912993465,0.3664334740555482
7,-0.07569765596612911,0.3310548035918214
8,-0.6653064304063186,0.18349461720771368
9,-0.07418788605095901,0.15260470044146865
10,0.054014597834694644,0.1361890375221698
11,-0.4016503311890149,0.06320355687575849
12,-0.32697223812985116,0.052568802263228125
13,0.002304785049962093,0.046227640941182334
14,-0.7666893702816903,0.020254227831682133
15,-0.16833488689562956,0.011453796212571775
16,-0.08056570581461793,0.008802167705501632
17,-0.9394604860613401,0.004132182131602923
18,-0.09460708468793089,0.003165040043339786
19,-0.9401886147079219,0.0014879320542370018
20,-0.9190656450576599,0.0009754721508957808
21,-0.10228199881429935,0.0005359746907139794
22,-0.07844048178243489,0.0004104299697084121
23,-0.16885214873922733,0.0003459471555408969
24,-0.24027904184389792,0.0002755843481888184
25,-0.2846275647256071,0.00020839200620761814
26,-0.30399701446860716,0.0001513938886816573
27,-0.7279340939589475,7.501420909901521e-5
28,-0.27159112713132,5.450044948391257e-5
29,-0.7517811586470813,2.7004178272905462e-5
30,-0.7173771243686297,1.2852474662455191e-5
31,-0.28370122482207977,9.721455629885193e-6
32,-0.7369381435721906,4.626858956694686e-6
33,-0.2636798175716621,3.4997177411190166e-6
34,-0.20154274127123237,2.5427559879670877e-6
35,-0.23765600855376937,1.7936919447836343e-6
36,-0.761702537525727,9.153913407265696e-7
37,-0.2557230669445601,6.4572898331454e-7
38,-0.7573481662706792,3.2954075234196525e-7
39,-0.686404008941657,1.6328216318451612e-7
40,-0.4703415891063498,7.771262440516424e-8
41,-0.2686722200576343,3.5097945315720506e-8
42,-0.22562273805872293,1.4954475415775964e-8
43,-0.2621800113473111,7.030758773174969e-9
44,-0.30758234065047074,4.608920207663747e-9
45,-0.7004435232401187,2.5310731681045734e-9
46,-0.6960478529809504,1.9381000222371144e-9
47,-0.642925537312148,1.6375297253987231e-9
48,-0.5198889976926009,1.3052736545312089e-9
49,-0.38355822933886113,9.873047766723284e-10
50,-0.3170908952237416,7.173384682324969e-10
51,-0.3133091254645427,5.060200935981806e-10
52,-0.3219882017231943,3.493159143782894e-10
53,-0.33163360690264354,2.371836502680397e-10
54,-0.3412693500229398,1.589448709331333e-10
55,-0.6903648609153764,8.53861140961327e-11
56,-0.6960549357623063,4.527134250117777e-11
57,-0.6594987841381675,2.3608873481321337e-11
58,-0.5585775035377745,1.2048531678239447e-11
59,-0.46391435660962804,8.499194453260436e-12
60,-0.5491379519898488,4.337471404162477e-12
61,-0.3916543500931848,2.1491475950353195e-12
62,-0.6291116334808033,1.5614897054978302e-12
63,-0.3835638907365158,7.736931342128208e-13
64,-0.28415346332373653,3.6823204295998007e-13
65,-0.7262328300676861,2.785295283166007e-13
66,-0.595638432095196,2.0236906583248422e-13
67,-0.42584992350855094,1.0027063019397694e-13
68,-0.28482906012534953,4.7722872767615005e-14
69,-0.7216636069687666,3.609742686983145e-14
70,-0.5659447054726908,2.6227030931889037e-14
71,-0.4509319005829183,1.299507367313935e-14
72,-0.311815993954229,6.184884310682955e-15
73,-0.7017434009491201,4.678226522330162e-15
74,-0.327495348042488,2.2265583518458646e-15
75,-0.6993155943927747,1.6841615480388571e-15
76,-0.5255184623840791,1.2236483551582092e-15
77,-0.5038259809862216,6.062981572939885e-16
78,-0.3503443025850636,2.8856196239922405e-16
79,-0.6554579696870075,2.182673366258359e-16
80,-0.48431200742989716,1.5858482682850387e-16
81,-0.5362819318285498,7.857624118530088e-17
82,-0.393133813462883,3.739763032693945e-17
83,-0.313791613539381,1.6890177131978667e-17
84,-0.3059649625292145,7.196539232345815e-18
85,-0.3014004973682844,3.3834106456994494e-18
86,-0.7227566825923047,2.590754123644493e-18
87,-0.3016995237903663,1.218027832451802e-18
88,-0.29017197458185745,7.984618824417085e-19
89,-0.3048188167467127,6.691343332421501e-19
90,-0.31238838564773336,5.3776439158481e-19
91,-0.716948554977046,2.40888359967174e-19
92,-0.2987363283369175,1.9359518097053164e-19
93,-0.29317067386864276,1.4982543077373762e-19
94,-0.3069599573745984,1.1107568771778992e-19
95,-0.32639052736390345,7.964605835997947e-20
96,-0.3440579853642095,5.568794300858641e-20
97,-0.3637582421716999,3.818841655840289e-20
98,-0.6401045265217093,2.0047659483091105e-20
99,-0.3830776632740477,1.3747829961025034e-20
100,-0.3737873404558614,9.28508340572701e-21
101,-0.36828741481786303,6.194837637752346e-21
102,-0.3574010279172909,4.092006411907939e-21
103,-0.6615873223617275,2.230141549590845e-21
104,-0.35435252831936315,1.473122308286858e-21
105,-0.657419671198354,8.028509578527041e-22
106,-0.5610230717693325,4.332048513775994e-22
107,-0.4161475526939714,2.3091075167817024e-22
108,-0.6244790600163667,1.5595374649593576e-22
109,-0.3864858229861513,8.312787060414128e-23
110,-0.3194699683102727,4.3639391040935604e-23
111,-0.31891639211631845,2.2469028432915676e-23
112,-0.7044380130851525,1.5710180774736817e-23
113,-0.32274194024374453,8.088850235849643e-24
114,-0.6909511330294715,5.6556650789052524e-24
115,-0.7053000005151793,3.878413930906815e-24
116,-0.7066922142138423,2.6194240787451762e-24
117,-0.3231992316472398,1.3962290151264533e-24
118,-0.6850059487660538,9.429926683482631e-25
119,-0.3427831676520227,5.02642445445523e-25
120,-0.659569107061835,3.394773606053747e-25
121,-0.5615480323099475,2.2649307914088017e-25
122,-0.48061810199625865,1.222118498179349e-25
123,-0.40350761288026316,6.514246092973981e-26
124,-0.364177679450541,3.419764400581388e-26
125,-0.6554828914092926,2.3451285934706325e-26
126,-0.5967399611804366,1.5838655736404366e-26
127,-0.4345089778078229,8.442462936494276e-27
128,-0.5676158913883623,5.70191606510557e-27
129,-0.45011295895621645,3.8042139961428855e-27
130,-0.3572929048739486,2.5128774916746138e-27
131,-0.32443356476455043,1.6461617602679713e-27
132,-0.6943240907837198,9.04635897002861e-28
133,-0.3339364761811416,5.926182336964697e-28
134,-0.6865328862369552,3.2566892292102985e-28
135,-0.6767975411827644,1.774894082040424e-28
136,-0.33999985877380695,1.1724081225157074e-28
137,-0.3326929863894587,7.680332308706247e-29
138,-0.35220958848728146,4.996210541695768e-29
139,-0.37128487887285483,3.2307582531812704e-29
140,-0.38539130433062596,2.078381764959184e-29
141,-0.3969914214520622,1.3310374888032038e-29
142,-0.6192551146086791,7.48217435385306e-30
143,-0.6132260520817987,4.187062696122926e-30
144,-0.5975382417609569,2.3310319903335772e-30
145,-0.42121238783062864,1.5073425706042532e-30
146,-0.4013921214396928,9.696897962593564e-31
147,-0.3901893915090174,6.210088507760225e-31
148,-0.3845914252704443,3.961343398842485e-31
149,-0.6306542274796321,2.23563186279368e-31
150,-0.5882777496728863,1.2567179759521259e-31
151,-0.43653518770608984,8.04827470605725e-32
152,-0.4019587962553991,5.133901044899859e-32
153,-0.603513783894077,2.89737889418061e-32
154,-0.5438787757543906,1.6287064968339548e-32
155,-0.4707517232231713,9.114324116644917e-33
156,-0.5526108080475098,5.863343388602237e-33
157,-0.4632878360321655,3.2811566819921705e-33
158,-0.3960486359575914,1.8266937340352584e-33
159,-0.36705976411795105,1.0108984245467287e-33
160,-0.36245227147893044,5.555316768625107e-34
161,-0.6580636038648151,3.639234328368223e-34
162,-0.643457175345191,2.367395079309695e-34
163,-0.37777233926361553,1.3101243582125603e-34
164,-0.3625955330020838,7.19969053213814e-35
165,-0.6545800327767339,4.7164476895652154e-35
166,-0.6206785670738325,3.0681440227853647e-35
167,-0.5427779008072123,1.9839899741691452e-35
168,-0.4410970110659422,1.2763222318211727e-35
169,-0.368565161479947,8.17382430402682e-36
170,-0.33405000568097337,5.2139876765996495e-36
171,-0.33000009446722156,3.3142876399996853e-36
172,-0.33565121316566915,2.1001495737508827e-36
173,-0.3445264675556346,1.3270563072456524e-36
174,-0.690688474645177,7.560538465503176e-37
175,-0.32118953889115054,4.777402706084347e-37
176,-0.33858121353660164,3.0111270862933993e-37
177,-0.692388443933593,1.7198649741903651e-37
178,-0.7303283107046663,9.798457851292114e-38
179,-0.28157359787130304,6.191513907085313e-38
180,-0.3012892704230318,3.902420703836245e-38
181,-0.3192687086573682,2.453985130472797e-38
182,-0.33378512163400165,1.5399238905624197e-38
183,-0.6986768590852047,8.834346469702065e-39
184,-0.3135641005231045,5.5437260060247095e-39
185,-0.7205498202469923,3.180364729092745e-39
186,-0.7616007749221757,1.820713403581839e-39
187,-0.2517290277191076,1.1449313024733876e-39
188,-0.27412068307437176,7.184668903808024e-40
189,-0.3000458638738879,4.49988227556687e-40
190,-0.32627163785368474,2.813394957224315e-40
191,-0.34310023280749113,1.7561253629839675e-40
192,-0.6867014890560608,1.012822184600753e-40
193,-0.7204378613898479,5.831847429134661e-41
194,-0.7540843997152599,3.3520791237606714e-41
195,-0.2569290956941832,2.0994650744884782e-41
196,-0.7695742099213799,1.2067484845538414e-41
197,-0.7302765797364853,6.922961764326507e-42
198,-0.5229286588864153,3.963296775835384e-42
199,-0.2989078921731023,2.2637155828157242e-42
200,-0.7057783147175533,1.4267868393007379e-42
201,-0.4402597705107835,8.972158446567153e-43
202,-0.24565858148455336,5.6302057295344e-43
203,-0.7758489920931501,3.229977040764174e-43
204,-0.24028077654514243,2.0268740626323845e-43
205,-0.7775769019044658,1.1627917346751023e-43
206,-0.23933948628319668,7.296746625476582e-44
207,-0.20380491197782086,4.570078489195441e-44
208,-0.8183920161684699,2.626828785171569e-44
209,-0.19586682038690764,1.6452282561103588e-44
210,-0.8246873074008152,9.45658362661765e-45
211,-0.19080858967101952,5.92282172199729e-45
212,-0.8233653239690597,3.4043701055823526e-45
213,-0.19149815259800185,2.1322158199190244e-45
214,-0.21514197727703008,1.3330938162639822e-45
215,-0.8116911061953145,7.675976951708487e-46
216,-0.8154547022054186,4.412063656834729e-46
217,-0.5758692751096324,2.531144508487561e-46
218,-0.45338573178487174,1.588342916460502e-46
219,-0.567415607825487,9.11212023055522e-47
220,-0.44655177174421506,5.718034499257808e-47
221,-0.206457366560603,3.5813038065891117e-47
222,-0.19667367976713732,2.2390857032980443e-47
223,-0.24489286543228803,1.3976406630570991e-47
224,-0.29215026447298603,8.71101774035399e-48
225,-0.7235731121830448,5.0315063870055565e-48
226,-0.7404496053869373,2.901855071474265e-48
227,-0.2814800153959026,1.811342299322001e-48
228,-0.727228345320949,1.0446678257307357e-48
229,-0.6346365638724033,6.015215174407976e-49
230,-0.381142382018135,3.760804172630647e-49
231,-0.2822112695932894,2.347499619921312e-49
232,-0.7335919227990091,1.3538895021470332e-49
233,-0.6110420424117773,7.795718866032735e-50
234,-0.394986865893459,4.480889938064278e-50
235,-0.27551201672722175,2.5706292660349563e-50
236,-0.726946652849397,1.6131203777031406e-50
237,-0.5632787516135419,1.0103251650378421e-50
238,-0.36111367117541343,6.316706861217194e-51
239,-0.6568219854566487,3.637170594136233e-51
240,-0.36804899413191533,2.27401447003819e-51
241,-0.28774553084527527,1.419443251780951e-51
242,-0.72573009381382,8.186452092137483e-52
243,-0.2938228013881736,5.109995706411425e-52
244,-0.2843698437398097,3.1848861032933526e-52
245,-0.7294087710853635,1.8395984543081126e-52
246,-0.6775516669637198,1.0609641911410183e-52
247,-0.3464515067022188,6.622554435509204e-53
248,-0.6559393316381994,3.8194710881076633e-53
249,-0.36571762217196735,2.3841195967833137e-53
250,-0.6408818886060749,1.375009591718759e-53
251,-0.37956217486415955,8.582830548419928e-54
252,-0.26831898109436275,5.349385657269166e-54
253,-0.7447527242733838,3.0898189974311735e-54
254,-0.27339706215991894,1.9257788366168995e-54
255,-0.7357199195636578,1.1123348390752224e-54
256,-0.5556462184993026,6.4152447511230406e-55
