t,lambda,delta_s
1,-0.2787557375463851,0.9785418703490549
2,0.22806298212445725,1.029171806788772
3,0.36797227205133726,0.8965370571010559
4,0.015480599978275182,0.9097285262545879
5,0.3369313942084015,0.6939899972060034
6,0.16773096427440193,0.5958229681789873
7,0.1632267314682256,0.5272484488901581
8,-0.48805434589491564,0.3841861163755543
9,-0.06988773285376103,0.34385914734297607
10,0.019188753354673006,0.36512345099540244
11,-0.6848563766928023,0.15522690036786935
12,-0.18476786964350952,0.1527873009853812
13,-0.12340602527894316,0.15329773650466802
14,-0.17473168563426933,0.13662737898589683
15,-0.2138672000673027,0.11516957617334717
16,-0.21858682148259814,0.09291390316384285
17,-0.15918426316380968,0.08036572832039462
18,-0.04696580228398054,0.07316360793239944
19,-0.9609373264976134,0.03182242906643618
20,-0.03477973419725517,0.02726750594014649
21,-0.895128515326011,0.012226423613973816
22,-0.3069055530229714,0.008257317605070612
23,-0.04426723316212389,0.006871989067646373
24,-0.13937135844320078,0.005662483431983256
25,-0.8912133485774709,0.0024611416290814185
26,-0.12611729060515464,0.0020431922056704612
27,-0.9068913640476762,0.0008855365302615125
28,-0.9985127326401402,0.00039173088007963527
29,-0.5091410274627276,0.00021708446715518838
30,-0.519094897464258,0.00014105354497688093
31,-0.4996017000858238,7.81642675452837e-5
32,-0.5348594495963557,5.0779140802304924e-5
33,-0.4785397608303766,2.8139841457368925e-5
34,-0.5520149968340493,1.8280671819543306e-5
35,-0.008735172104786993,1.4882708469144242e-5
36,-1.002395576579631,6.581098495200719e-6
37,-0.39582861533632135,3.6472766560408365e-6
38,-0.004235878081974405,2.843462473145013e-6
39,-1.0237139700274627,1.3130188832228368e-6
40,-0.6256552434068433,8.529160667852014e-7
41,0.004542728241382178,6.943767458777902e-7
42,-1.0170091778021275,3.070500303930567e-7
43,-0.0003716959450498639,2.499756816039956e-7
44,-0.9957340305944059,1.1053805241845342e-7
45,-0.026533967632960186,8.999125520336483e-8
46,-0.9920145540980699,3.9793700964567215e-8
47,-0.20209675567139726,2.205381722528243e-8
48,-0.831606519421224,1.4325732541201469e-8
49,-0.04145779430609524,1.1662867159736935e-8
50,-0.9646055475519821,5.157263758604557e-9
51,-0.1532546807832862,2.8581749044391266e-9
52,-0.009379156489951399,2.2282719740859592e-9
53,-0.9915047291538119,1.0289429657235002e-9
54,-0.0337018473042448,8.021779106264729e-10
55,-1.0014635439407855,3.704194678501667e-10
56,-0.8940372822958537,2.4061729880653565e-10
57,-0.1371892149297382,1.3335100844761527e-10
58,-0.042352101849755755,1.0396225722660463e-10
59,-0.98199376516821,4.800636304432783e-11
60,-0.044622238134053666,3.742641260130173e-11
61,-0.1766760781640781,3.087531729445101e-11
62,-0.2589634640063686,2.4207470303516975e-11
63,-0.31115834666846254,1.818791957273228e-11
64,-0.34623712459551015,1.3269619327997592e-11
65,-0.6635404559174453,6.547651046227223e-12
66,-0.36082957416990186,4.7770629580791275e-12
67,-0.37771177776103104,3.3822535392248154e-12
68,-0.39572059482814737,2.3407511051311665e-12
69,-0.6180131632123915,1.2176112741208248e-12
70,-0.40985126157265334,8.426703978480326e-13
71,-0.6045286756103331,4.383400586833597e-13
72,-0.42306363095417293,3.0336134322529527e-13
73,-0.43419711826598567,2.0631427327028857e-13
74,-0.5752102423349661,1.0921008356111637e-13
75,-0.5626389698218996,5.680887160537257e-14
76,-0.5428194127106521,2.8885072958536676e-14
77,-0.5221157060676996,1.4252811139564017e-14
78,-0.4977481747999613,1.039862626507325e-14
79,-0.5226278332526842,5.131012010243046e-15
80,-0.49886133158402934,2.4585096351313093e-15
81,-0.4806446108889253,1.1288505191801159e-15
82,-0.5249409366062662,8.850634686472711e-16
83,-0.4777351652291163,6.649791565274979e-16
84,-0.5392474987667427,3.1862284871301763e-16
85,-0.47385384644248285,2.3939249634989925e-16
86,-0.43026281476617056,1.7465699052837264e-16
87,-0.41609547205374814,1.2366054823866768e-16
88,-0.6020474059108765,6.287651659021413e-17
89,-0.42989594664434394,4.4517797365920347e-17
90,-0.5707914926321501,2.2635545972477085e-17
91,-0.5367358419308296,1.1169096309700894e-17
92,-0.5008082479658403,5.351640346639637e-18
93,-0.47299460023102563,2.4572618701357037e-18
94,-0.5254888825037071,1.926590524790269e-18
95,-0.46784607864258193,1.4475148817372352e-18
96,-0.42837376263297716,1.056084032891891e-18
97,-0.5789783417754002,5.211053574254046e-19
98,-0.4558859616676958,3.8019025184108065e-19
99,-0.44481227024920206,2.691820970660076e-19
100,-0.448602649637835,1.8629244788491067e-19
101,-0.45846241798810583,1.2669640301720479e-19
102,-0.5344788002424619,6.706528123856781e-20
103,-0.4837196975733854,3.4885999779754576e-20
104,-0.4424963617244504,1.7738156389897448e-20
105,-0.5919898810756767,1.2558959920711645e-20
106,-0.41169844860927646,6.3857363003630805e-21
107,-0.39046633329923963,3.1509248256627405e-21
108,-0.38685572907065713,1.509756560304633e-21
109,-0.3933079641744973,6.932205807053686e-22
110,-0.6173043769267138,5.435123617096677e-22
111,-0.4044161800346371,2.495594090539326e-22
112,-0.40750649190792615,1.0890384691838642e-22
113,-0.42042434602916623,5.028822720167945e-23
114,-0.585204947203742,3.9205384890619096e-23
115,-0.4476582425213178,1.8103761792604597e-23
116,-0.5621329418535511,1.4113938560622874e-23
117,-0.5443374072045316,1.1643443788820277e-23
118,-0.4856294610903533,5.081017881824234e-24
119,-0.5265341318714158,4.191639763975299e-24
120,-0.5017681204906553,1.8291664374567242e-24
121,-0.49735732515683323,8.4464911019576e-25
122,-0.5074068994134852,6.584999174844206e-25
123,-0.5256338299649868,3.0407367967047354e-25
124,-0.4818814335220459,2.3705997029439147e-25
125,-0.4518072513687825,1.9556514482803153e-25
126,-0.43515883367884206,1.5333081084439514e-25
127,-0.4275287670924122,1.1520280395350783e-25
128,-0.585195736929653,5.519909190398225e-26
129,-0.5701377532697258,2.5345242769712887e-26
130,-0.45240914422451234,1.9871673085433613e-26
131,-0.5707340906121916,9.124287397096636e-27
132,-0.5536988346283586,3.9816971906598446e-27
133,-0.4527469474454513,3.284743462954789e-27
134,-0.5729489178605484,1.433410988637544e-27
135,-0.5385570684714027,6.61902214749209e-28
136,-0.4669223074383308,5.160279559095158e-28
137,-0.4094470772376008,4.257027527989406e-28
138,-0.6058983349051106,1.8577006412742565e-28
139,-0.5437881796782297,8.578252703149745e-29
140,-0.4599178836932768,5.572266498630322e-29
141,-0.38766403470187943,4.536494282924358e-29
142,-0.33959689330081705,3.7716387461678106e-29
143,-0.6848120058461382,1.6331379418527686e-29
144,-0.5894038856304873,7.221657382224895e-30
145,-0.40987570197402123,4.0022695811815454e-30
146,-0.28193559773505295,3.1202237202945004e-30
147,-0.2596696098436379,2.5740617574425226e-30
148,-0.7449074503643556,1.1232805393060203e-30
149,-0.6749791914753808,5.18694137721128e-31
150,-0.3366089587413746,4.043809941501674e-31
151,-0.660594992518336,1.867298895796061e-31
152,-0.4328945484163279,1.2129611285703048e-31
153,-0.25977657582959335,9.874960622434724e-32
154,-0.7561927714401513,4.3666600628530954e-32
155,-0.26751753355345675,3.554985824076501e-32
156,-0.7533846054294668,1.5719976226271149e-32
157,-0.2694322802803944,1.2797948966675398e-32
158,-0.7447123538829902,5.659191441457611e-33
159,-0.28342340874347005,4.6072616280031445e-33
160,-0.7468105507456992,2.03730891892474e-33
161,-0.5657867594129495,1.1290842367781024e-33
162,-0.3295178614276655,8.802494050802029e-34
163,-0.2542858586713806,7.2617111263247e-34
164,-0.2757637100220435,5.693468823885919e-34
165,-0.7252333326883673,2.6142160054768913e-34
166,-0.6679234219252611,1.1408032289839433e-34
167,-0.3559368540423722,9.411177619716809e-35
168,-0.3102941158155793,7.378735595756151e-35
169,-0.3123581290647297,5.543902269748794e-35
170,-0.6869354338401528,2.656344814472214e-35
171,-0.613088335246852,1.2196886195152982e-35
172,-0.4200463119712146,9.562841332099971e-36
173,-0.34279321235858357,7.184897341594439e-36
174,-0.3139069753319751,5.241987806936196e-36
175,-0.7017014872642777,2.5865630429739976e-36
176,-0.3228670092211255,1.8871156104970313e-36
177,-0.3052652259912341,1.3361145767933164e-36
178,-0.7050112776379209,6.79361619778931e-37
179,-0.660912190231048,3.3521857036943003e-37
180,-0.5286043360927969,1.6061901306856418e-37
181,-0.49046367366397636,1.2067868533299479e-37
182,-0.5225015866336632,5.78228447046831e-38
183,-0.3634325709428793,2.654996642381124e-38
184,-0.6531643817841921,2.0816224093685915e-38
185,-0.36681189796130365,9.557987912572049e-39
186,-0.30802214070138895,4.170957354100735e-39
187,-0.3012249977607453,1.9260114036992853e-39
188,-0.32799491343431286,1.25109963441306e-39
189,-0.3440009187760381,1.0185453872815814e-39
190,-0.6717738799958674,4.5039586838870155e-40
191,-0.3450878880956594,3.6667633942136916e-40
192,-0.6744242463597158,1.6214251261993253e-40
193,-0.6682774230805929,8.985998805099386e-41
194,-0.635032774844407,7.005606707265259e-41
195,-0.38990518678815306,3.2349595698357787e-41
196,-0.6353248659889693,2.522018414615492e-41
197,-0.38909984213760207,1.1645854451408803e-41
198,-0.349016668097538,7.564921068795573e-42
199,-0.351205654571545,6.158754465135623e-42
200,-0.6685967109647235,2.723371584766406e-42
201,-0.6436307573501034,1.5093027369025807e-42
202,-0.5742773894187524,1.1766729115230044e-42
203,-0.44793969067787953,5.433489852849289e-43
204,-0.390915599415149,3.5294895738572615e-43
205,-0.6372197297668296,1.956056347025744e-43
206,-0.5688207918096388,1.5249680933338125e-43
207,-0.4514865271768804,7.041802849292677e-44
208,-0.5674263479816947,5.489885136001725e-44
209,-0.4813984437034573,4.528939155683492e-44
210,-0.5353902470170322,1.9763586489606214e-44
211,-0.48823324232531945,1.6304180960460579e-44
212,-0.4005513902881544,1.2783122928267532e-44
213,-0.36114985036694985,9.604407597591635e-45
214,-0.6524223803019921,4.6019242541763093e-45
215,-0.5680432642394213,2.1130218524756897e-45
216,-0.4464602354460643,9.22089891259067e-46
217,-0.5805731798238638,7.606878668912484e-46
218,-0.4265459078007959,3.319523608532641e-46
219,-0.6011034282925951,2.7384763208084938e-46
220,-0.4352532996890142,2.147073780028499e-46
221,-0.3072276274077569,1.6131716671436468e-46
222,-0.7062089025330555,7.729465608102594e-47
223,-0.3102774666654017,5.807418001717129e-47
224,-0.2594306773738912,4.2370006010450983e-47
225,-0.7558177755814447,2.0906704806181658e-47
226,-0.26152062520853314,1.525320216376235e-47
227,-0.7529331715594799,7.526413730225398e-48
228,-0.26378413423329095,5.491152778954445e-48
229,-0.25346357206991604,3.887843029091252e-48
230,-0.759398933578452,1.9768150004236002e-48
231,-0.2638638343591149,1.399623490472851e-48
232,-0.2848118445951979,9.686353178735843e-49
233,-0.3150181625273308,6.587632080814492e-49
234,-0.7010760059258396,3.487087144344904e-49
235,-0.32714459867395046,2.3715475490932173e-49
236,-0.6782098929702269,1.2553513719641653e-49
237,-0.6490249349372212,6.53008335715013e-50
238,-0.37860821042353654,4.519264939070995e-50
239,-0.34745179818108557,3.0735256236248085e-50
240,-0.6654099747548783,1.6269353780655575e-50
241,-0.35617726530979404,1.1064692245049308e-50
242,-0.32300139812233947,7.422415286056372e-51
243,-0.31941204472897133,4.924338034603523e-51
244,-0.6938392410489327,2.6720695029802933e-51
245,-0.6579770196140745,1.4339841149583904e-51
246,-0.5349890332399987,7.590629699902665e-52
247,-0.3788791031566612,3.948491695681106e-52
248,-0.6460326324372174,2.73262669196496e-52
249,-0.3684064260793233,1.421457010445198e-52
250,-0.2897865369645336,7.2275488482418385e-53
251,-0.7235217432547502,5.117245237602713e-53
252,-0.6379787992678762,3.5414841927865867e-53
253,-0.38054316644099456,1.8422082855369764e-53
254,-0.289364990927892,9.36690330732142e-54
255,-0.28647288878704247,4.6219271799468696e-54
256,-0.31171912383921613,2.2145831040914735e-54
