t,lambda,delta_s
1,-0.6509525623170511,0.9611405644033736
2,0.3733577993293191,0.864489440271989
3,0.13829725766352388,0.7510607356247269
4,-0.4105811197605743,0.5681029095577566
5,-0.26320405700568406,0.4258595581629301
6,-0.44377237128715,0.33198602599807137
7,-0.16145308185584298,0.22494923078039808
8,0.19450548714416685,0.22268943597317595
9,-0.6432139045025784,0.1067611445584211
10,0.006589856657542881,0.0900975561646465
11,-0.08045091427683553,0.08399261386223211
12,-0.15590721321103582,0.07340716699409089
13,-0.22817278980957537,0.062030233555211
14,-0.25575828070382844,0.05030271962527111
15,-0.7073034111827434,0.023645753224175694
16,-0.3008474610502532,0.01850290916050497
17,-0.6937242080385524,0.008861270324381727
18,-0.32776338299951624,0.0067183435541419605
19,-0.24539678656930752,0.005263855860380685
20,-0.7583984231661449,0.002455227902520802
21,-0.6218643271854746,0.0012279873409901266
22,-0.4064905212160162,0.0008851051255181723
23,-0.28348867077255135,0.000686603825931239
24,-0.2824118049496012,0.0005354916574145818
25,-0.7098229756691131,0.0002472853776198292
26,-0.6365282905245613,0.00011501782573242208
27,-0.3913997707754791,8.902772068066013e-5
28,-0.6128831356889318,4.141442961963052e-5
29,-0.41585454696087404,3.205062782744609e-5
30,-0.5886000179866153,1.4910233676149825e-5
31,-0.44046199104722294,1.1538231987829878e-5
32,-0.34487389612403613,8.993210144833946e-6
33,-0.6482933285447363,4.153795070661943e-6
34,-0.48687522063286004,1.932431780718741e-6
35,-0.350940778801757,9.731317451459289e-7
36,-0.6631914429129525,6.956760955126048e-7
37,-0.357882224112762,3.503277826212469e-7
38,-0.31977212961491014,2.1738342196587993e-7
39,-0.334781122328174,1.5523055657487345e-7
40,-0.6736769130948658,7.82580083268704e-8
41,-0.3627197060054652,5.588299920680465e-8
42,-0.631628640616685,2.8172880103197176e-8
43,-0.40514603351375317,2.0117879210463623e-8
44,-0.39240946069221533,1.5558549477299663e-8
45,-0.5902503131205746,7.242436405884418e-9
46,-0.43920244271997966,5.601077786114758e-9
47,-0.558413432977953,2.6072770837768342e-9
48,-0.4374408449028092,1.3144337079681584e-9
49,-0.34665977158807415,7.625867348818765e-10
50,-0.3219726091619772,5.451604191471975e-10
51,-0.3336351320677212,4.2186129652088773e-10
52,-0.35699973329038903,3.288074896797803e-10
53,-0.38693182361302586,2.443285030513854e-10
54,-0.6111174488963541,1.1837069631053623e-10
55,-0.4236550878810298,8.795826109058625e-11
56,-0.5840446770260013,4.261345067534408e-11
57,-0.5614904585130301,1.9682360674297782e-11
58,-0.5346848924459122,9.156601667186836e-12
59,-0.510715378245622,4.611070411969884e-12
60,-0.5114452479197464,3.2963766001926472e-12
61,-0.4927088991376876,2.550833943402431e-12
62,-0.4786942897438665,1.9881731547075396e-12
63,-0.46739161459128975,1.4773610265527077e-12
64,-0.5461061495839264,7.157423356957158e-13
65,-0.5135502468705148,3.3058807906763765e-13
66,-0.48020158855920286,1.5379574666334332e-13
67,-0.4556050084903643,7.744827641499633e-14
68,-0.5660602822285742,5.536646879880414e-14
69,-0.45618044165526284,2.788137950939882e-14
70,-0.5668607093078727,1.9931928767569344e-14
71,-0.45428002885683194,1.0037296623383639e-14
72,-0.4423059057821508,6.22828819146311e-15
73,-0.4368982473866046,4.447538323039141e-15
74,-0.5815667444275838,2.2421837489267127e-15
75,-0.5709403367600303,1.3008336423905154e-15
76,-0.5556622805274133,9.29944068579716e-16
77,-0.535313222652145,7.196182910066764e-16
78,-0.48131091622816374,3.3477986468869795e-16
79,-0.45430797378441395,1.6858804005381156e-16
80,-0.43570574760075514,1.0461132498992523e-16
81,-0.4255722584362024,7.470156527989735e-17
82,-0.4234280723642701,5.777189564636376e-17
83,-0.5952271995074514,2.6892563500763035e-17
84,-0.5878763186941373,1.3557627718694307e-17
85,-0.4352534113694175,9.681322860274698e-18
86,-0.4307643055946975,7.487237675768743e-18
87,-0.5849159582596072,3.48527622969889e-18
88,-0.5611289498851295,1.7570685523427816e-18
89,-0.5276895826884536,1.0193874101388812e-18
90,-0.49435446814323275,7.287428959028276e-19
91,-0.5301141769267768,3.6697946764999727e-19
92,-0.4937708757946429,2.623474425250179e-19
93,-0.528629429590007,1.3211260835399895e-19
94,-0.5112509894200323,8.197779037810485e-20
95,-0.4928930031477127,5.853925719821929e-20
96,-0.5299382619564084,2.951200453611773e-20
97,-0.511841658740583,1.7121794042678266e-20
98,-0.5114326213552498,1.0624321633002384e-20
99,-0.49711582647517544,7.586687732889219e-21
100,-0.5224799640242759,3.8247557878808575e-21
101,-0.5049861476880112,2.2189845079311016e-21
102,-0.5194137288351969,1.3769120836371084e-21
103,-0.49998475340992476,7.988344228551965e-22
104,-0.4813959819064052,5.710732787832338e-22
105,-0.46202663714520775,4.419134341543923e-22
106,-0.44448118565845457,3.4443654349072056e-22
107,-0.5818856167642066,1.5908883629558126e-22
108,-0.43702780219328996,1.2399715565665938e-22
109,-0.4292382909249349,9.213914026372682e-23
110,-0.5975801864955311,4.4638976036397384e-23
111,-0.41930387432699856,3.317009049494164e-23
112,-0.41871134225578427,2.3790613734301732e-23
113,-0.421523239755208,1.6624232143268092e-23
114,-0.6020769056305698,8.564620944348623e-24
115,-0.4164380238899446,5.9847235715765106e-24
116,-0.4209414788425279,4.100564979787186e-24
117,-0.5997662237967809,2.1545004857675438e-24
118,-0.6036245904057238,1.109974874387581e-24
119,-0.4161059740912135,7.756201748763158e-25
120,-0.6050480346930727,3.995909547795292e-25
121,-0.5971495113254773,2.0056685298030683e-25
122,-0.4233338435770346,1.4385274372063054e-25
123,-0.5881382894399095,7.220406707291044e-26
124,-0.43588139891358335,5.178698773942698e-26
125,-0.41616838025420355,3.6187334879029375e-26
126,-0.6067822867404316,1.8643315586193717e-26
127,-0.5909077680638601,9.357647092649192e-27
128,-0.43786318670664626,6.711593611029735e-27
129,-0.43040234679348194,4.689878600322206e-27
130,-0.4284629562182141,3.213373469623538e-27
131,-0.5895361999769594,1.688356296115994e-27
132,-0.43031941105497407,1.1568144490644738e-27
133,-0.5904889672645309,6.07808266601758e-28
134,-0.435090560559435,4.164532016632104e-28
135,-0.4302629794076509,2.810248753307009e-28
136,-0.5915204953403893,1.4992315259875579e-28
137,-0.42969212204990387,1.011689551190523e-28
138,-0.5916876857050555,5.397233493555208e-29
139,-0.5851283146945359,2.835790248657161e-29
140,-0.43594174043587186,1.943004057679875e-29
141,-0.582579853772215,1.0208844895165778e-29
142,-0.566780311089736,5.2594842308039894e-30
143,-0.541379493160744,2.639895092354946e-30
144,-0.4742372748802698,1.8934143230894368e-30
145,-0.43824265491421255,1.3230662984134847e-30
146,-0.418958396221535,9.06527973151122e-31
147,-0.5995649341888795,4.763038674288545e-31
148,-0.5755734263710016,2.4538649627239096e-31
149,-0.447763885057742,1.7146939227438758e-31
150,-0.42310098647774125,1.1748602532038541e-31
151,-0.4112462082726129,7.928020600370268e-32
152,-0.6073182702481473,4.2294969115338743e-32
153,-0.416114936458652,2.854087416133297e-32
154,-0.41171617688102546,1.9027217765668332e-32
155,-0.5993371724765694,1.0274714698079869e-32
156,-0.42514142708453706,6.849798395640601e-33
157,-0.4206368735366954,4.521641837577795e-33
158,-0.4239485369393263,2.9604464998962616e-33
159,-0.4300549492611872,1.924957637106975e-33
160,-0.4373539661919488,1.2443018300668981e-33
161,-0.44315031168747127,8.002381519061902e-34
162,-0.5706998000499086,4.479486588240833e-34
163,-0.558029599255783,2.49474509769064e-34
164,-0.5375037017454458,1.3812259189915995e-34
165,-0.509081522363171,7.594621976665063e-35
166,-0.5222780412798519,4.972413308369759e-35
167,-0.4898126213808423,2.7340639115994225e-35
168,-0.4642888070455191,1.4910520152791594e-35
169,-0.5647988082315758,9.842630081757922e-36
170,-0.4502850962946532,5.367787255004973e-36
171,-0.4312580667748528,2.8986099431036883e-36
172,-0.42171153729596345,1.5463710830324855e-36
173,-0.605381736814144,1.0434995795173278e-36
174,-0.6049372734372505,6.956652282486443e-37
175,-0.41039723022028024,3.756598486262379e-37
176,-0.6180212648266992,2.5043948216951194e-37
177,-0.6108721095844014,1.653183896740191e-37
178,-0.4040464367821554,9.015821358102429e-38
179,-0.3877610996960498,4.868551638196043e-38
180,-0.6389233921827528,3.245695688916874e-38
181,-0.6375526475350735,2.142526330175287e-38
182,-0.3769918666550381,1.1684504480100747e-38
183,-0.36315516858757924,6.30964292310207e-39
184,-0.36176274535068387,3.366113258446302e-39
185,-0.36684543398078134,1.7686081518570425e-39
186,-0.37781470160608377,9.111674024519943e-40
187,-0.6418998599402267,6.366989346685353e-40
188,-0.6508693425307148,4.362482782946406e-40
189,-0.6573435281990702,2.9438270022025e-40
190,-0.3644863020298751,1.5704938018607056e-40
191,-0.6609260150140344,1.0597777207929e-40
192,-0.6741321666553943,7.0651730436656e-41
193,-0.34482484876435127,3.8151997948544407e-41
194,-0.3561146392379566,2.0353599672114748e-41
195,-0.6667672137590456,1.3734719261475988e-41
196,-0.353538923498391,7.327295881961308e-42
197,-0.3685313783125598,3.8498749842680126e-42
198,-0.3814383345856862,1.9834131067965038e-42
199,-0.6400808252296827,1.3859549943364851e-42
200,-0.6552296653398064,9.496175463021855e-43
201,-0.3661211642980837,4.989437979611345e-43
202,-0.3818545072110355,2.5705033864082686e-43
203,-0.395380718317566,1.2902138264655725e-43
204,-0.6270657923654542,9.253812191069766e-44
205,-0.640127673033118,6.466311621576303e-44
206,-0.37994983681079275,3.3313723887851157e-44
207,-0.640844575918415,2.327872183767468e-44
208,-0.6526825656223871,1.5949928246498905e-44
209,-0.6643673070853369,1.0763097940187952e-44
210,-0.352980706686464,5.741974168739606e-45
211,-0.3616428478686593,3.0169223501626385e-45
212,-0.6607686497989598,2.0671107007462582e-45
213,-0.36020258017816087,1.0860920460585498e-45
214,-0.3726682177440281,5.5954263661616986e-46
215,-0.38755532004622106,2.808514667113226e-46
216,-0.40166693849661084,1.3606510606057068e-46
217,-0.4141459094193766,6.284594301241501e-47
218,-0.4244978458205076,2.9237106061461556e-47
219,-0.4348225103616542,1.4723186570167744e-47
220,-0.5817752691416193,1.0525358182126158e-47
221,-0.5808477511962843,8.144834214408984e-48
222,-0.4419062180122986,3.789128945565417e-48
223,-0.44471559664888444,1.9081249794937394e-48
224,-0.4495433666644863,1.1840192358099672e-48
225,-0.5649038889276705,6.869249926177461e-49
226,-0.4627255642864382,4.262469248915881e-49
227,-0.5516613994735952,2.472929973423886e-49
228,-0.47593222494079884,1.534488929609717e-49
229,-0.5400347879729044,8.902547904325986e-50
230,-0.5281697114710819,6.364281603034802e-50
231,-0.4979610311019705,3.204917245557356e-50
232,-0.49695368509929216,1.988697652774193e-50
233,-0.5169261054129115,1.153770208400648e-50
234,-0.502707673513009,8.248108957533102e-51
235,-0.4906213975959555,6.382631249126606e-51
236,-0.4818365652488221,4.9747558592141915e-51
237,-0.5403952691067943,2.297747249685578e-51
238,-0.5344744363941646,1.0689549208962897e-51
239,-0.5295691666525499,5.3830302843140614e-52
240,-0.5248531061258085,3.340248396761978e-52
241,-0.5207141172942216,2.3852272560912318e-52
242,-0.49261197518207733,1.202489422834312e-52
243,-0.5356194328166702,8.586818121928436e-53
244,-0.4772733459822346,4.328961922203523e-53
245,-0.4588145321603654,2.511506609449567e-53
246,-0.44533538505896697,1.7954337884161415e-53
247,-0.5741640651380674,9.041423794018442e-54
248,-0.5581588743377571,5.610334651175765e-54
249,-0.5313626052255924,4.0062658629669285e-54
250,-0.48541318250821147,2.0197204744232755e-54
251,-0.5409501223841658,1.4422557106680943e-54
252,-0.49950328839572644,1.115396258430368e-54
253,-0.5158993089080183,5.19212055840514e-55
254,-0.46038023405216144,2.617557734852565e-55
255,-0.4178392525347113,1.5186120067214075e-55
256,-0.40065018022780907,1.0856301544671715e-55
