t,lambda,delta_s
1,-0.7986405646523089,1.0261183060443493
2,-0.03755060042470388,1.0666663624960377
3,-0.11031341037081073,0.9173173373372557
4,0.4751907962870889,0.9659512482699601
5,0.867593374907498,1.1182381867551048
6,0.6181054642684118,0.7810471202926172
7,0.4602553892374227,0.7315031192103933
8,-0.155845840748903,0.5459624305007713
9,0.395328912034356,0.5609968196506971
10,-0.46650860983963,0.3044528758595118
11,0.05989663373255026,0.32606047082997364
12,0.21072806637083805,0.31911640147706993
13,-0.4972910502335388,0.14766049694825517
14,-0.15643431697548918,0.13756275274567117
15,0.11538808769330872,0.13310047083626816
16,0.12224991745073577,0.12115112372887749
17,-0.5753809212127261,0.06397413705614317
18,-0.09029872996609196,0.052265191199017874
19,-0.686527181433168,0.027380916666329705
20,-0.06201988569478475,0.021147789111273123
21,-0.8658681571474851,0.011070704583041973
22,-0.08188806678344998,0.00845010594072164
23,-0.8380415715993947,0.004439693652374865
24,-0.09338779698545942,0.003361943909597299
25,-0.07945047265635766,0.002842729688047983
26,-0.15994440054815012,0.002409544537880591
27,-0.22145620586988152,0.001959954189553348
28,-0.7027086515341654,0.0009558502042452417
29,-0.7388250078184948,0.0004465191620458317
30,-0.694804608614173,0.00021028201805987998
31,-0.23835247385198036,0.000177254947072225
32,-0.6681196582781593,8.347350436287023e-5
33,-0.44043443114556724,4.605114296907175e-5
34,-0.4922806199218019,3.3131345985966776e-5
35,-0.4492951839431477,1.8278324990755e-5
36,-0.47917395293204434,1.3149911771525504e-5
37,-0.3089572762605447,1.1082709823171254e-5
38,-0.24198109900886683,9.42015874182101e-6
39,-0.6649424141781954,4.398721567731986e-6
40,-0.556491634167483,2.0715370074344602e-6
41,-0.37541924386914705,1.745855652392924e-6
42,-0.5353113950114464,8.22194264816752e-7
43,-0.3590133477249003,4.536573281848719e-7
44,-0.5756487518746747,3.263290060159167e-7
45,-0.3324147661730445,1.800566985210597e-7
46,-0.5966617790578765,1.295199933564661e-7
47,-0.3423407999236011,7.146451321110559e-8
48,-0.5804380944851195,5.140648659929135e-8
49,-0.40803156647648553,4.332442811536846e-8
50,-0.5103897267422244,2.0403235289425354e-8
51,-0.42072279449772837,1.7195465306918523e-8
52,-0.2840921511949024,1.4615957457422246e-8
53,-0.6309337540842674,6.824880146883361e-9
54,-0.47998384250717185,3.2141137908641125e-9
55,-0.30356384954330845,1.7734340399121135e-9
56,-0.22026093430168048,1.3833152374471569e-9
57,-0.7007103588017294,7.038759707438234e-10
58,-0.5719685875894152,5.063180924302827e-10
59,-0.34415563472197425,4.267154093331877e-10
60,-0.2249369202337451,3.6270343425580173e-10
61,-0.22499023110246552,2.9523883339190644e-10
62,-0.6937644921825498,1.439569930615166e-10
63,-0.23228921852607695,1.1718029296867202e-10
64,-0.6870832246814852,5.713653054891646e-11
65,-0.6549734108164388,2.6679741850980044e-11
66,-0.2700700808557911,2.2677488974589688e-11
67,-0.24706163529560313,1.8459365850436717e-11
68,-0.2623704419206558,1.4340001749201146e-11
69,-0.2755064237523852,1.0768163071352578e-11
70,-0.6482741374455879,5.691546694281791e-12
71,-0.6346386921045521,2.9078967033133704e-12
72,-0.5596321474429103,1.4178760320487418e-12
73,-0.36185280542417464,1.1541442015445083e-12
74,-0.5569917422816842,5.627549971203472e-13
75,-0.4144280987462973,2.6277685930548206e-13
76,-0.5093100116882434,2.233574583570391e-13
77,-0.41756842025922153,1.0429613545836599e-13
78,-0.49934931334849675,8.865057522190562e-14
79,-0.42566946808887235,4.1395136163426866e-14
80,-0.4911570116340627,3.518541330557383e-14
81,-0.35182260283117456,2.864075548753554e-14
82,-0.566789829721906,1.3965090540982425e-14
83,-0.4193230014674421,6.520959655721907e-15
84,-0.302284935451806,3.0709852678575448e-15
85,-0.6168382353639562,2.5881688873560217e-15
86,-0.30714550000554725,1.2188740528126614e-15
87,-0.6118179127738353,1.0272442313916044e-15
88,-0.3118690378015774,4.837711115613455e-16
89,-0.6069339445956781,4.077132354393276e-16
90,-0.31645761412731666,1.920087541786982e-16
91,-0.25504336910412007,1.0594362358922327e-16
92,-0.6710302070988394,7.620827453352527e-17
93,-0.6046426986608855,6.422690697059546e-17
94,-0.4329608528838965,5.459216894895831e-17
95,-0.489433584762772,2.5491659376629336e-17
96,-0.31933656027071927,1.200505976603917e-17
97,-0.6005529285627912,1.0117639606584184e-17
98,-0.32165135333845907,4.764808221140948e-18
99,-0.23844885567713972,2.6290522576152256e-18
100,-0.6888669283649974,1.891152382970842e-18
101,-0.5979626989490164,1.5938278213457596e-18
102,-0.4003999523084542,1.3547362282025077e-18
103,-0.5208322052348954,6.325902622921319e-19
104,-0.3216649146446387,2.9791249733996737e-19
105,-0.5952584115543212,2.510750751037473e-19
106,-0.3702788877537518,2.1341106968161208e-19
107,-0.5494598333430025,9.965169730867725e-20
108,-0.3165239442256484,4.6930039520091097e-20
109,-0.6014038547203857,3.9551758661814e-20
110,-0.35530486209505896,3.3618562576627165e-20
111,-0.2065290329602039,2.736534660648841e-20
112,-0.6989819111147486,1.334320748666332e-20
113,-0.48228081115747545,6.2305731168096804e-21
114,-0.4235015991733821,5.295919051456673e-21
115,-0.19532750946313426,4.310852378434942e-21
116,-0.7225663130341863,2.1019502715231527e-21
117,-0.19931501711143645,1.7109773090008285e-21
118,-0.1653313697620023,1.3291582063211452e-21
119,-0.7497707636261205,6.79086893942429e-22
120,-0.6549588488022826,3.3111940651243656e-22
121,-0.2643839055866304,2.695295882057501e-22
122,-0.1656794310824355,2.0938177387006951e-22
123,-0.18643360298728023,1.5722850837980066e-22
124,-0.22174190029038832,1.1517348473448678e-22
125,-0.6968829831944306,6.240399497594289e-23
126,-0.22640228834707246,4.5712356091117795e-23
127,-0.6856647303596155,2.4768145605951738e-23
128,-0.6146248787155834,1.309128180108963e-23
129,-0.41047011453283644,6.688532526638153e-24
130,-0.5162386033771801,5.1959297468524756e-24
131,-0.39310885436431997,2.6546785598226828e-24
132,-0.5326993115006718,2.0622645165257474e-24
133,-0.37709858764874604,1.053641920393623e-24
134,-0.5467372745177398,8.185127866090692e-25
135,-0.36228051919463716,4.181904782042289e-25
136,-0.5570156306688895,3.248677250051395e-25
137,-0.35246950943381106,1.6597980079925847e-25
138,-0.5623288763303925,1.289400000545399e-25
139,-0.34764212769737635,6.587738293722569e-26
140,-0.18191175587099334,3.2121485682237236e-26
141,-0.7187176926702,2.614673328778488e-26
142,-0.5066102143082474,2.0311867921991642e-26
143,-0.23138252263767123,1.5252543890300782e-26
144,-0.6939597849160783,8.061780378238486e-27
145,-0.22324749846244238,6.053734670060379e-27
146,-0.7070896985081704,3.1997206321228542e-27
147,-0.21319053493111612,2.402727290546965e-27
148,-0.7175393489307327,1.2699691188895616e-27
149,-0.37506155899166954,6.488463000477022e-28
150,-0.14021604155043413,3.163742426868269e-28
151,-0.7682090775489664,2.5752709648893304e-28
152,-0.5207643667357582,2.0005774001071627e-28
153,-0.3911627792321349,1.0221250459645748e-28
154,-0.14284567838281673,4.983831106450119e-29
155,-0.75015936298586,4.056814307433397e-29
156,-0.17117565595068754,1.978082566150052e-29
157,-0.15336207148172346,9.236600773691765e-30
158,-0.21683642647594722,4.349891181461225e-30
159,-0.6771247333457552,3.6660068470782626e-30
160,-0.26964352582080886,1.7264718099219604e-30
161,-0.6201554168160751,1.4550381176053623e-30
162,-0.3213788500532186,6.852366613580261e-31
163,-0.5559301106959451,5.775046288775683e-31
164,-0.4228767431934854,4.908726226365464e-31
165,-0.3193225562934643,3.995679299930602e-31
166,-0.28466321127641103,3.1040095642365514e-31
167,-0.29124297032401214,2.3308561426382664e-31
168,-0.30579472183033224,1.7074055279718055e-31
169,-0.32336709200880975,1.227320953554026e-31
170,-0.5911954280640672,6.776692540520095e-32
171,-0.3375401712593163,4.871236864655928e-32
172,-0.5791868726408816,2.689669269332427e-32
173,-0.557972117679375,1.4573328918310484e-32
174,-0.3716723242610016,1.0675297329980398e-32
175,-0.3548760514783095,7.673640435068711e-33
176,-0.34676482119238067,5.435223155893404e-33
177,-0.3384657602743084,3.8045358181144945e-33
178,-0.3366202939985167,2.6374009126920012e-33
179,-0.5882917144747384,1.5100202662096434e-33
180,-0.33230680477561747,1.0467844222474552e-33
181,-0.5918756793570925,5.993270436586073e-34
182,-0.549959583100237,3.3982918699390916e-34
183,-0.4717420778233425,1.9042582296568754e-34
184,-0.3750018538916273,1.05144237151425e-34
185,-0.5398729523458712,7.558000913508139e-35
186,-0.4387886951144018,5.35331592937676e-35
187,-0.34055663827300586,3.7472025738102377e-35
188,-0.5812329351060587,2.124731092369636e-35
189,-0.34008296282602835,1.4872647015452836e-35
190,-0.2811095104413759,1.031009686541498e-35
191,-0.26951305286833527,7.089521565627171e-36
192,-0.2719932880617712,4.8415479382945225e-36
193,-0.2990215532480129,3.286910435176288e-36
194,-0.3185103252106099,2.220084209110839e-36
195,-0.6057774114847698,1.3045747517214685e-36
196,-0.3257922341938161,8.81151422596092e-37
197,-0.5963705482342165,5.177857189582509e-37
198,-0.3290574070182178,3.4972899962838883e-37
199,-0.5860957443223151,2.055091518545298e-37
200,-0.5712635088083707,1.2014581063300853e-37
201,-0.5218918895819104,6.982684544935422e-38
202,-0.38310232692334983,4.768587224024107e-38
203,-0.3116556518730464,3.2373776543074857e-38
204,-0.5882913895189471,1.8926522692151683e-38
205,-0.4656232911359712,1.099979573116704e-38
206,-0.33598599596799494,6.34909078196013e-39
207,-0.5910778604149222,4.3658189257001995e-39
208,-0.45251042797344765,2.981487738350805e-39
209,-0.32133481912198353,2.024121889204613e-39
210,-0.5722414104207788,1.1833524833514346e-39
211,-0.3945282411315018,6.877457526961715e-40
212,-0.25735892359007506,3.969673915310258e-40
213,-0.6696600048615072,2.729662892451105e-40
214,-0.5488590176875862,1.864130551948829e-40
215,-0.33812699178093625,1.2655518941096987e-40
216,-0.23239698708040563,8.547941391571765e-41
217,-0.679267775597931,5.022975467721394e-41
218,-0.26259743373414796,3.392677938314833e-41
219,-0.23850310958966725,2.2812953118267325e-41
220,-0.2546112307122287,1.5279481434648523e-41
221,-0.2743634658418347,1.0198041146605176e-41
222,-0.30225948774340955,6.785289463906772e-42
223,-0.6150737384013371,4.047602531087593e-42
224,-0.5980947261283327,2.406970751402423e-42
225,-0.5233619652112008,1.4263457246838005e-42
226,-0.41090121595685875,8.419126409789219e-43
227,-0.33095930190442685,4.947280693537908e-43
228,-0.3150410593269599,2.8923045226467022e-43
229,-0.6109041215789095,1.9635757072651967e-43
230,-0.5785691139836857,1.3262616998747962e-43
231,-0.3662777412146757,7.793431982135563e-44
232,-0.352971653226389,4.556236034537714e-44
233,-0.3563121826076987,2.6480123421551624e-44
234,-0.35556046087568816,1.5284348148808975e-44
235,-0.5479250632398426,1.0509960986013836e-44
236,-0.38781896080447825,6.06635778026228e-45
237,-0.5174676248769913,4.1714035153488924e-45
238,-0.4386428816896803,2.8487183377014414e-45
239,-0.4974170992002257,1.6556300552419754e-45
240,-0.40812501263276607,1.1306563082337019e-45
241,-0.3400470915413479,7.675987236925664e-46
242,-0.5912888843096618,4.487574887379563e-46
243,-0.3249542263644639,3.0465993343357964e-46
244,-0.600813965034969,1.7811184728009484e-46
245,-0.3168751586622688,1.2091952757978777e-46
246,-0.29689031913420005,8.167290805373937e-47
247,-0.30331192747951574,5.491827566126063e-47
248,-0.6147774696225357,3.2415977206529146e-47
249,-0.6172768890863047,1.9048406021028205e-47
250,-0.6116784643644525,1.1136176476866083e-47
251,-0.3102806346566623,7.560312349746096e-48
252,-0.6161961559958982,4.419948443668146e-48
253,-0.303172982926311,3.000687971614225e-48
254,-0.2953744294156604,2.0267604224793194e-48
255,-0.3103167520187058,1.3628287547666937e-48
256,-0.5994614843424086,8.044212116820417e-49
