t,lambda,delta_s
1,-0.2735816209542407,1.076689708176285
2,-0.06038880445788045,0.8542489380912264
3,0.1786876739959732,0.630801051063776
4,0.26984970176499967,0.5252807505828246
5,0.4179535606744357,0.5694250003202502
6,-0.49758569344336323,0.346848332843123
7,0.1458465116748884,0.30883067157158695
8,0.18611007977025673,0.3130643893699239
9,-0.7548592862171726,0.1485471930120484
10,-0.1532331721346972,0.12241005714001718
11,0.17814721283812748,0.11979917323556522
12,-0.7176679051796886,0.05023352609013586
13,-0.17802987137909088,0.04912719081550449
14,0.0018825595500739146,0.04693761442630313
15,-0.8605863073228173,0.019665741587678667
16,-0.40720596069240206,0.010149023942626356
17,-0.04549978840802068,0.008963816350196562
18,-0.10693467774503329,0.008260273379805266
19,-0.1878994914444792,0.007066926756678868
20,-0.7315381654448958,0.0032651232067807063
21,-0.19305147860750757,0.0028014901681583937
22,-0.7289105084537567,0.001294009574445959
23,-0.7884438227528684,0.0005488140815404771
24,-0.7918873543200373,0.0002543546889450582
25,-0.48674701868551484,0.00020473472972516783
26,-0.13747836174738354,0.00019429197767453524
27,-0.8024276793135361,8.126489324790045e-5
28,-0.45735868892194703,4.009198487486274e-5
29,-0.45628038023377426,3.2254779113092015e-5
30,-0.4703955584656672,1.5912981504189717e-5
31,-0.4419353390803201,1.2802038870877871e-5
32,-0.4871899009633089,6.315892608106019e-6
33,-0.42687635215626923,5.081136664198427e-6
34,-0.06723319447113597,4.821701366825539e-6
35,-0.09021453631107608,4.163011154205216e-6
36,-0.16166307140141614,3.3545793653796927e-6
37,-0.7686113353759525,1.6522989393534153e-6
38,-0.1512255643365028,1.331432537844302e-6
39,-0.21550694618481211,1.0263716206974626e-6
40,-0.7094991291806654,5.284454154089192e-7
41,-0.7645528542949918,2.6028580852133994e-7
42,-0.15316313057350348,2.0973998023045533e-7
43,-0.7676732911305234,1.0330743446574844e-7
44,-0.1492244463315567,8.324579733186537e-8
45,-0.18184619774742142,6.417235310214788e-8
46,-0.7380668077114704,3.3040256468813253e-8
47,-0.18104613743959438,2.547000683824231e-8
48,-0.7351996044664553,1.3113677761046797e-8
49,-0.17813251750725262,1.010904571760248e-8
50,-0.20419400686327718,7.55166048501225e-9
51,-0.24362541550445363,5.50861939841957e-9
52,-0.6697837550487222,2.997254039069786e-9
53,-0.6850736159979571,1.5924740168782054e-9
54,-0.662083405062546,8.199130491114947e-10
55,-0.5281505610294267,4.038481973299815e-10
56,-0.3307649675171239,1.8564871108422742e-10
57,-0.5892431953353114,1.6028734952055022e-10
58,-0.36436796613821065,1.291605828646461e-10
59,-0.20930320574284672,9.956705272635542e-11
60,-0.19714305408607366,7.437859150219903e-11
61,-0.23094095194580555,5.425606113780533e-11
62,-0.267219760066292,3.8862222868311754e-11
63,-0.29476098981593024,2.7443793286785076e-11
64,-0.31261023339769456,1.9166096313746665e-11
65,-0.5965591879511374,1.0892441555498578e-11
66,-0.34530099477698906,7.6070236269324e-12
67,-0.3574279386270671,5.265657825865729e-12
68,-0.3573860941701125,3.61723519706649e-12
69,-0.5419947665231298,2.0899395910855186e-12
70,-0.46642737205464374,1.1983314652100857e-12
71,-0.3833400109634781,6.81033593654887e-13
72,-0.32524083321568187,3.827658051233588e-13
73,-0.6050772720769124,2.703022333216404e-13
74,-0.3110687375699953,1.519197480534564e-13
75,-0.2900343761511321,8.418136317833996e-14
76,-0.6181819629291531,6.029694800241732e-14
77,-0.30769602740184654,3.3411583045482917e-14
78,-0.2968589284626018,1.817932861135271e-14
79,-0.5835733777634433,1.326105731075219e-14
80,-0.3470788943338863,7.215375525845883e-15
81,-0.3088534335273554,3.833608327438274e-15
82,-0.30043862744596656,1.973800174500389e-15
83,-0.3066159869110754,9.721953360510273e-16
84,-0.5995823792645973,7.834012892592045e-16
85,-0.5192109063119302,6.039068247141038e-16
86,-0.38473944394666565,4.5113054762899e-16
87,-0.554023448744414,2.3969061872902773e-16
88,-0.34941038780546346,1.7905371435394613e-16
89,-0.2604973665098734,1.3061217047740338e-16
90,-0.6661193862311385,7.10664192270812e-17
91,-0.25380816473248446,5.183997046248141e-17
92,-0.6760813066283239,2.820626179122853e-17
93,-0.2425398524176244,2.057528427655887e-17
94,-0.6831326944869757,1.1195065304938606e-17
95,-0.2375829633273295,8.166330329366215e-18
96,-0.6883121497137423,4.443321419530133e-18
97,-0.23107288999754588,3.2412165077254514e-18
98,-0.23493094693907102,2.3216001244463866e-18
99,-0.26490950531279894,1.6394716824703096e-18
100,-0.29534775709164274,1.144968257182254e-18
101,-0.3210405660353793,7.925584774657419e-19
102,-0.3404764424523045,5.444467747871466e-19
103,-0.5753739015898234,3.145664597061529e-19
104,-0.35405430711977115,2.160909249130185e-19
105,-0.36188752394549784,1.47452491656143e-19
106,-0.5554812275280568,8.576648809797703e-20
107,-0.5423270264365968,4.9553531716590996e-20
108,-0.514773697424297,2.841304912426059e-20
109,-0.41257931184791363,1.9667796738314963e-20
110,-0.39059676385292097,1.3510761421143966e-20
111,-0.5259602016191397,7.806148525437209e-21
112,-0.4035180187668917,5.362421208052039e-21
113,-0.5132947381109861,3.098260349746029e-21
114,-0.4753541729704846,1.776483339685133e-21
115,-0.43497249103897456,1.0096078322381448e-21
116,-0.4904310074760155,7.0508623752102945e-22
117,-0.45451463192822544,4.880677445739555e-22
118,-0.46577091389566827,2.7984872767209655e-22
119,-0.46083429595412384,1.9371408782140297e-22
120,-0.4598059071032378,1.110719600130551e-22
121,-0.46494090409882527,7.688512145631485e-23
122,-0.4243040339920596,5.2816110856398007e-23
123,-0.4952606198035438,3.051570470601136e-23
124,-0.4466794645914767,1.749712254279217e-23
125,-0.40359263134547696,9.943933368924584e-24
126,-0.37678317813195966,5.588854496328677e-24
127,-0.5436826121497197,3.9467471541261684e-24
128,-0.5123297652776959,2.756314890288259e-24
129,-0.47173399326345633,1.9079487305954928e-24
130,-0.45249542980734825,1.0939813799554099e-24
131,-0.47197776203563463,7.57264851173351e-25
132,-0.4529308933004432,4.342012097043021e-25
133,-0.4198872901347686,2.4676445440937194e-25
134,-0.39563578462158894,1.3869065483380863e-25
135,-0.5214057308515414,9.794081195507971e-26
136,-0.48750525348329327,6.839954722624694e-26
137,-0.4509248794622082,4.734685059513508e-26
138,-0.47302527701838837,2.714778029409742e-26
139,-0.4398061195963182,1.5428577910367047e-26
140,-0.4159369554544223,8.671425463869292e-27
141,-0.40129745353482554,4.804987011899296e-27
142,-0.5150562733867723,3.441688766609721e-27
143,-0.4856606468725225,2.4304578610747355e-27
144,-0.4434506807192213,1.3660062714673986e-27
145,-0.47526252983972866,9.646487250605626e-28
146,-0.44365021710505825,6.736878601412976e-28
147,-0.4191559730749544,4.663334737634994e-28
148,-0.5047231349935084,2.673867116900809e-28
149,-0.48390008509183297,1.5196073744578762e-28
150,-0.4362479401594717,1.0612578586979312e-28
151,-0.4910985891881742,6.031321669223311e-29
152,-0.42883210027504787,4.2121324411720896e-29
153,-0.49915246537575836,2.3938315705147332e-29
154,-0.4786636181099739,1.3454209556687415e-29
155,-0.4532561066544827,7.455210500812867e-30
156,-0.4676541135887839,5.3399757730492356e-30
157,-0.4609152150782608,2.9589730477726267e-30
158,-0.4345296894433125,1.609984876034381e-30
159,-0.48577992727591496,1.1744164026609553e-30
160,-0.4398083165886037,6.390029972980457e-31
161,-0.4091113230513764,3.395093163099947e-31
162,-0.38622101543598414,1.7480229865448218e-31
163,-0.36803974039408727,8.60988775248752e-32
164,-0.35622474977838925,3.9579588922698036e-32
165,-0.5695244808649387,3.4172644489622956e-32
166,-0.3486968140642999,1.5709138843418845e-32
167,-0.33771484618793185,6.570472025086833e-33
168,-0.331380518443335,3.2417226712456063e-33
169,-0.5947413439273348,2.6078203467569644e-33
170,-0.3193024439270318,1.2866397282173813e-33
171,-0.30491875221050374,1.102708989888772e-33
172,-0.2937768549909908,1.031583845839399e-33
173,-0.2947311108241719,8.861980383361274e-34
174,-0.6281490972021999,4.094356284136575e-34
175,-0.6214587743012542,1.737093171206722e-34
176,-0.29317178131680355,1.6250500091738062e-34
177,-0.6284202045489683,6.894522796519479e-35
178,-0.27771312139615123,6.449823486410836e-35
179,-0.6452841751949713,2.736436097938581e-35
180,-0.26140571292453824,2.559934941756463e-35
181,-0.19514802487149943,2.199151656748482e-35
182,-0.20078394992137583,1.7699494665242848e-35
183,-0.7187249937237097,8.728432925634725e-36
184,-0.19660279500703537,7.024929432634884e-36
185,-0.21632738359447926,5.404215455935437e-36
186,-0.7089506562175122,2.7881944918127854e-36
187,-0.717905774890132,1.3749866346863972e-36
188,-0.5938117545779671,6.352626529056657e-37
189,-0.3200275368709716,5.457321953070311e-37
190,-0.6003950260156306,2.5213574693825874e-37
191,-0.3253649192526258,2.166011083173606e-37
192,-0.5893542362864246,1.0007267795979487e-37
193,-0.3082290803824601,8.596897989116042e-38
194,-0.12065863403091334,6.919065796534058e-38
195,-0.1452516528582204,5.322775506406576e-38
196,-0.20136254790525765,3.965964388411057e-38
197,-0.24695412672005085,2.886500005354539e-38
198,-0.2895632033892297,2.0637063433163394e-38
199,-0.31297384354976865,1.4549731448678104e-38
200,-0.31631344630497826,1.0143483805809414e-38
201,-0.5952583813343048,5.774788411980341e-39
202,-0.5428227114213167,3.2509485541714913e-39
203,-0.384188141563448,2.292013520714996e-39
204,-0.5301178674247984,1.2903014811506646e-39
205,-0.40880741959654576,7.163016610709593e-40
206,-0.510486047314075,5.121206578686989e-40
207,-0.3801569650201527,3.6105999603296035e-40
208,-0.27092577837270376,2.5171641384615995e-40
209,-0.2381541591781075,1.7387868216977479e-40
210,-0.6784770625272246,9.990624465554086e-41
211,-0.22850377939811797,6.901244895318363e-41
212,-0.20671344476302708,4.730718343659414e-41
213,-0.22594705938554233,3.2218310273366394e-41
214,-0.25544021779397075,2.182010234050797e-41
215,-0.28366269954039247,1.4706566103466568e-41
216,-0.6206739825598857,8.660398618947613e-42
217,-0.5755011707781549,5.0753378522224e-42
218,-0.48643126547238524,2.957810788099463e-42
219,-0.4424702836444387,2.0144015935470712e-42
220,-0.3478642839323384,1.3642692168873563e-42
221,-0.5796017801111535,7.995159924788327e-43
222,-0.34658894390841066,5.414784521825915e-43
223,-0.5657717145254536,3.173278974148486e-43
224,-0.36756056649843993,2.149127976712706e-43
225,-0.5596484280518539,1.259474424839534e-43
226,-0.4877640962600423,7.339978440045132e-44
227,-0.42776335926659403,4.998853992188109e-44
228,-0.48672365478106633,2.9132374428539134e-44
229,-0.4016365454446379,1.6867756736429527e-44
230,-0.5006859767991887,1.1562639410687187e-44
231,-0.38214883107641473,7.874675198363362e-45
232,-0.5474210426628888,4.589211582101743e-45
233,-0.4322602584109117,2.6571711402646165e-45
234,-0.44698690897218374,1.821458076936182e-45
235,-0.2781833722714938,1.2404945128748531e-45
236,-0.2294292140901022,8.401346002972628e-46
237,-0.6874043231545308,4.9235227216002924e-46
238,-0.24852802820245198,3.334494228579837e-46
239,-0.27195922095807784,2.2474211637036485e-46
240,-0.30208572344385554,1.508346903884544e-46
241,-0.32350954232084406,1.0085465268280639e-46
242,-0.3317615383772988,6.721223923631128e-47
243,-0.5717622907011831,4.002921164980584e-47
244,-0.5032520116867089,2.3760929951363973e-47
245,-0.4148837899960227,1.4051664209337847e-47
246,-0.5260374358889256,9.430713097696362e-48
247,-0.38491719931033036,5.577105524686191e-48
248,-0.5534354988559381,3.743050028475686e-48
249,-0.49285499788063586,2.5027665030111635e-48
250,-0.4106332206565495,1.6679105671214115e-48
251,-0.33117257184194826,1.1082415055688589e-48
252,-0.28109871266250985,7.344025261970257e-49
253,-0.6412497453914248,4.398610535602802e-49
254,-0.27334394285014696,2.9148436264759944e-49
255,-0.6483014407205049,1.7458085215807523e-49
256,-0.4859373283139914,1.0428361002783004e-49
