t,lambda,delta_s
1,0.117543453091824,1.0516501626185908
2,0.7148117214210336,0.9972937668741987
3,0.6865430022890979,0.9130962329541328
4,0.25935228017892187,0.9117369086012787
5,0.13751986630958035,1.0022195825760023
6,0.19660322081436712,1.071274933522309
7,0.12518303909609355,1.1038847528725404
8,0.18398173745789778,0.7693711181367661
9,0.3057082534324426,0.696693022417507
10,0.07500245946464745,0.5164098866064895
11,-0.22149897087561313,0.3992880208477087
12,0.13005383371803847,0.30247741391195376
13,0.38568120247752025,0.31206835055691595
14,0.5728338220766998,0.3084129493262335
15,0.4760196116052843,0.2993018813633494
16,-0.5420229986940825,0.16515393323401173
17,-0.31879178007227277,0.11638884005409605
18,0.16949277382739159,0.10763681326688442
19,-0.7871457763267162,0.05577826066852863
20,-0.0969959055918495,0.04686643553531384
21,-0.6341361604670022,0.021783506374788427
22,-0.24826190593286407,0.018991869223275473
23,-0.5584581774146411,0.008761625595552493
24,-0.13909281749014785,0.007269656051010714
25,-0.09238201022616326,0.006782996043600785
26,-0.1558092352303345,0.005815630397709558
27,-0.7611165669692773,0.0026902990570309604
28,-0.16307251074689452,0.002305466207750723
29,-0.20476895605030307,0.0018536676598493599
30,-0.7259177912297645,0.0009131645395935321
31,-0.1974721562635643,0.0007354416804491342
32,-0.7003577623026229,0.0003628539383755112
33,-0.22050551214818,0.00029179295382245063
34,-0.23072773345547623,0.00022444544781980198
35,-0.24517625829499545,0.00016728693696394035
36,-0.2555799263116503,0.00012180777139321078
37,-0.6652466735785143,6.63969945663193e-5
38,-0.2506912443027417,4.834244462621781e-5
39,-0.6668468889148208,2.635309660853622e-5
40,-0.2550531155922043,1.9186284567561225e-5
41,-0.24158311789798426,1.3720028592128144e-5
42,-0.6856665493923186,7.615228417491155e-6
43,-0.23349800870550225,5.445405435031064e-6
44,-0.234844796569416,3.8395423096835085e-6
45,-0.6960295019525435,2.1612970302233338e-6
46,-0.22354434786474828,1.5239080835771982e-6
47,-0.7044622385809967,8.578212514259974e-7
48,-0.21629613435708472,6.048385608934397e-7
49,-0.23226236574956058,4.2168831238752205e-7
50,-0.6961564752242602,2.400606198536755e-7
51,-0.6679784399184783,1.3513255189289661e-7
52,-0.24877618356555017,9.528006306844247e-8
53,-0.2190020398912999,6.64283878358902e-8
54,-0.6921085816749434,3.781665751396912e-8
55,-0.6020012624315837,2.1287379119558054e-8
56,-0.32596750694936544,1.5009430763366454e-8
57,-0.22094356828688164,1.0464436254551063e-8
58,-0.6906211453130489,5.957243121285133e-9
59,-0.23129276541947297,4.153334758654746e-9
60,-0.2140361647835306,2.8690684083745153e-9
61,-0.2263026623689267,1.966721731469484e-9
62,-0.24377236768053295,1.3394195621996023e-9
63,-0.27470305578793025,9.071234414543565e-10
64,-0.6504915217000976,5.316156244752813e-10
65,-0.2803486606166626,3.600372938241298e-10
66,-0.6440068749478852,2.1099824139177203e-10
67,-0.6279933391696294,1.229663309253595e-10
68,-0.3008551885078143,8.374520200358557e-11
69,-0.28011381277651975,5.671653446813412e-11
70,-0.27257128211947423,3.822603659730514e-11
71,-0.2934141632041648,2.5654994420377243e-11
72,-0.6285638497372866,1.51719139258288e-11
73,-0.6334656255407121,8.934533556388182e-12
74,-0.2907283463014028,6.021732637101381e-12
75,-0.2778946483061408,4.041421265403336e-12
76,-0.6351081963885908,2.3900256836810788e-12
77,-0.27569780846602626,1.604040100232568e-12
78,-0.2697227172221213,1.0725258364181187e-12
79,-0.647608977326066,6.36643515783431e-13
80,-0.6079590741328683,3.764998138430652e-13
81,-0.31432001665863335,2.526838114143351e-13
82,-0.2572156329614335,1.6895457672552596e-13
83,-0.25402742906869674,1.1259601974209233e-13
84,-0.6730963261572355,6.705807150237398e-14
85,-0.2443945561897247,4.468936023563152e-14
86,-0.6781251607533577,2.6615348579293678e-14
87,-0.25330875592668434,1.7737207077521932e-14
88,-0.6620073916816351,1.0563631851121751e-14
89,-0.26386720893077503,7.039897489068387e-15
90,-0.267904509922895,4.6776959004092715e-15
91,-0.28202504112860977,3.099840220694799e-15
92,-0.6502035491249032,1.8565775028724504e-15
93,-0.2717504806968584,1.2303265835937614e-15
94,-0.29381837683254214,8.133545931559117e-16
95,-0.6260138934228564,4.883166210283642e-16
96,-0.2952709066748784,3.228204380235811e-16
97,-0.31087949261332143,2.1294528996847335e-16
98,-0.6005902291768537,1.2812743185155934e-16
99,-0.3239882631510704,8.451798558848704e-17
100,-0.6045845551742162,5.085377770188392e-17
101,-0.3210140349827973,3.354518848007051e-17
102,-0.5904712933022801,2.0183864369877722e-17
103,-0.5590839230194227,1.2117859210889328e-17
104,-0.48787004965216085,7.257711105145395e-18
105,-0.4379764164113371,4.809578320801974e-18
106,-0.4923367425789347,2.8805855376322074e-18
107,-0.43592563779301147,1.9089216355263037e-18
108,-0.47162737968671287,1.1433043998862234e-18
109,-0.45324197719426934,7.576509971403898e-19
110,-0.37438110451371726,5.008742611520823e-19
111,-0.543966910728048,3.007116807650207e-19
112,-0.4483531643619727,1.8010429622536077e-19
113,-0.47196216128342017,1.1935246609563673e-19
114,-0.4480882894239015,7.148339517184572e-20
115,-0.48181087457455934,4.737099379335821e-20
116,-0.4490613296208985,2.837175954370555e-20
117,-0.3499330040973829,1.6947346927307924e-20
118,-0.2988425994895496,1.0093220032380663e-20
119,-0.28521070291466377,5.991261812830246e-21
120,-0.2933131715698837,3.5431271995965005e-21
121,-0.6321231654448038,2.377931813512325e-21
122,-0.6449474101839329,1.5899810153451133e-21
123,-0.2757971966014136,9.438011367830419e-22
124,-0.6467960674857819,6.310634649904756e-22
125,-0.27210296698977976,3.745946711891894e-22
126,-0.27805593921369426,2.2152872129073987e-22
127,-0.6456139323945157,1.4867662499498925e-22
128,-0.2771773323250124,8.792474948029463e-23
129,-0.6351370800412943,5.900975246051123e-23
130,-0.6164241475835043,3.9456297947351194e-23
131,-0.2958346815391401,2.342097075157691e-23
132,-0.27342099657923663,1.385075149497852e-23
133,-0.6477294364763048,9.295783291300874e-24
134,-0.27314707610215444,5.4973632683569745e-24
135,-0.6316370195865152,3.6894963883173184e-24
136,-0.28725903016064924,2.1819034812108826e-24
137,-0.6152620119909283,1.4643611165231431e-24
138,-0.5206231251634579,9.791308403592724e-25
139,-0.39514922592731466,5.812049271480357e-25
140,-0.2960043761758856,3.4371440445279264e-25
141,-0.6240750787873713,2.3068023558505525e-25
142,-0.2973966955851841,1.3642024712731343e-25
143,-0.2726012120723699,8.033602627400243e-26
144,-0.6208050440887328,5.414519608483071e-26
145,-0.30627625481039006,3.188536882815156e-26
146,-0.5881746239036164,2.1490228326069306e-26
147,-0.486743498855687,1.4422936219174846e-26
148,-0.42137794187671546,8.52947162261691e-27
149,-0.48410051412142585,5.724463385390497e-27
150,-0.35628196384483646,3.8276068531861354e-27
151,-0.28531753369072776,2.550823453017596e-27
152,-0.26850957088028876,1.694907692530472e-27
153,-0.27250825412727775,1.1231903799499264e-27
154,-0.28878955053185834,7.425280951439209e-28
155,-0.6327425816158909,4.457942618021259e-28
156,-0.6435447481049023,2.6699814779032523e-28
157,-0.6259819062303887,1.5948641579951466e-28
158,-0.5464324442738292,9.498427652097159e-29
159,-0.38244362064526594,6.330015843082737e-29
160,-0.30376259268663736,4.206011409213229e-29
161,-0.27816943391810584,2.7872618512544723e-29
162,-0.6541791953718215,1.669365928316731e-29
163,-0.2687040551887832,1.1062642287629007e-29
164,-0.640462555885449,6.625713369489105e-30
165,-0.28141566980061716,4.3907627239599535e-30
166,-0.26166649812286197,2.902682163104234e-30
167,-0.26460951344531947,1.914725408009622e-30
168,-0.6503205485136012,1.1520745505360699e-30
169,-0.26438780104657555,7.599545144390187e-31
170,-0.6580794423805414,4.572583891077662e-31
171,-0.5967038639520313,2.7452586287070503e-31
172,-0.3230315698554883,1.8148585463687245e-31
173,-0.2541615763478124,1.1971533827731802e-31
174,-0.24594123695385925,7.881104402957464e-32
175,-0.6846299593218248,4.751501776226751e-32
176,-0.23314872390679559,3.128010337533817e-32
177,-0.6936848181713126,1.885871054984398e-32
178,-0.6554830639619196,1.1347131233290747e-32
179,-0.2658238363309275,7.485022217233072e-33
180,-0.653380574902453,4.503676386493098e-33
181,-0.2721553764267487,2.970805318019807e-33
182,-0.22022829791724502,1.9557416124857042e-33
183,-0.22773006157761425,1.2851427658467111e-33
184,-0.256511007404815,8.430581317717108e-34
185,-0.2899735769198041,5.52187022983096e-34
186,-0.3175371145616291,3.6114985059541552e-34
187,-0.607754064620375,2.1916302942199074e-34
188,-0.30166766926616256,1.433403757013204e-34
189,-0.6241103216814997,8.698580637758814e-35
190,-0.6221780064043348,5.271094696414401e-35
191,-0.3004305611773846,3.4524666551264735e-35
192,-0.30108945162124184,2.258035348148248e-35
193,-0.3001660206081891,1.4748547468914824e-35
194,-0.29732429760358287,9.621109040284921e-36
195,-0.3009985844399416,6.26894573691772e-36
196,-0.31465820991379706,4.080280435363994e-36
197,-0.6043192837991322,2.4881445629826437e-36
198,-0.6080805610097807,1.515609554883558e-36
199,-0.5950895994551044,9.221308402522373e-37
200,-0.5447018594711273,5.60344523691372e-37
201,-0.45933034192256217,3.4004389903458685e-37
202,-0.46742617157962524,2.2240074145310554e-37
203,-0.37894396724960894,1.4526291163390726e-37
204,-0.547175260791007,8.827085428273759e-38
205,-0.4609702762882675,5.356698279779785e-38
206,-0.4573522113805285,3.5034702064818544e-38
207,-0.3628946976558441,2.288320981715387e-38
208,-0.5654187542741589,1.3905273249526486e-38
209,-0.3374172110765006,9.082345976428372e-39
210,-0.5868498298615883,5.5190029527370604e-39
211,-0.32940956315548564,3.6047831180444195e-39
212,-0.25053930821516146,2.3515543831270255e-39
213,-0.24041053118877287,1.532231550802357e-39
214,-0.6735806302174338,9.333319346631162e-40
215,-0.24791261702970221,6.081427025134555e-40
216,-0.6715686437349532,3.7043944486779085e-40
217,-0.6208004027551839,2.253836652440163e-40
218,-0.4685139880792996,1.3695724840352178e-40
219,-0.31362436684981776,8.311221896376156e-41
220,-0.2528575209764139,5.036366216868113e-41
221,-0.6790134731754844,3.2987239706716953e-41
222,-0.24691323022407324,1.998933751474955e-41
223,-0.6762094770492413,1.3092635439595963e-41
224,-0.6057298028713374,8.563046823096157e-42
225,-0.4388140966442606,5.5930259308182604e-42
226,-0.2970878400582673,3.6485703055816176e-42
227,-0.6256301788832921,2.2198719919417677e-42
228,-0.49480558583793866,1.3489334264540758e-42
229,-0.3386791010890656,8.185974208292098e-43
230,-0.26605660573192347,4.9604696480035004e-43
231,-0.6554970849930999,3.2490131632711337e-43
232,-0.5675717161279155,2.1249695658527434e-43
233,-0.3576366857269781,1.2895333245023129e-43
234,-0.2730523879884472,7.814208490668289e-44
235,-0.6345817145935831,5.118157764949681e-44
236,-0.5211677159424494,3.34745626970652e-44
237,-0.4072415277791281,2.0313968169085282e-44
238,-0.5007810763487565,1.3286053934465178e-44
239,-0.429018915327561,8.062613966309948e-45
240,-0.29972198151031565,4.8857168182788545e-45
241,-0.6110203613574277,3.200051483228419e-45
242,-0.4514829198981532,2.0929468947352653e-45
243,-0.29087871534677584,1.3670258374048417e-45
244,-0.23956287290734557,8.917694891839079e-46
245,-0.6753561158463081,5.425725548659818e-46
246,-0.25590270808762466,3.5394331025709305e-46
247,-0.6599720190257929,2.153470470263082e-46
248,-0.26834972273898083,1.4048009984104023e-46
249,-0.6448768538081083,8.547124296474172e-47
250,-0.5159666354565037,5.193768697215151e-47
251,-0.326600239883001,3.1518276414129245e-47
252,-0.5951566853291075,2.061406795924693e-47
253,-0.32139432092129344,1.25096039087679e-47
254,-0.2110470880626001,7.580467384704334e-48
255,-0.7057273225121378,4.96506179138998e-48
256,-0.20815177268743096,3.0086875049891505e-48
