t,lambda,delta_s
1,-1.4266189106848346,1.108501493802455
2,0.19955213491746437,1.1752822114634964
3,0.396643337377664,1.1467552817328572
4,0.6145239437051974,1.209793077010764
5,0.5999104609180392,1.173711076924896
6,0.12881307636523887,1.0616645228915031
7,0.33155669269230564,1.321111778184833
8,0.6086258240150484,1.019259416487588
9,0.28979678762987054,0.9226962840374848
10,0.3443404720065841,0.9524352614429528
11,0.2706645144032628,0.8892266183821502
12,0.13723133105214594,0.8104114239128988
13,0.43652995971619457,0.8699153373440078
14,0.4532951063732752,0.8796817911859024
15,0.6894813739847022,1.068520061820877
16,0.20543295025120942,1.035176342873334
17,0.29676216291531926,0.9390002395010629
18,0.07571892954164326,1.0029870100810447
19,0.1487613714945851,1.0390390121818256
20,0.4639789818995996,0.9901684872583938
21,0.24221379629280937,0.9975794345529495
22,0.448406365406214,1.194575670328684
23,0.42977040258075283,1.0109783047804917
24,0.09328792044079219,0.959957688999979
25,0.1497505675233389,0.9321911325172549
26,0.6570483621887192,1.1767710131853761
27,0.74151281040542,1.1078350666658134
28,0.36138988684841594,1.2477908589975315
29,0.6083363832534894,1.103775103652061
30,0.5553862239200249,0.9237476854524813
31,0.5577306528502289,0.994063466181723
32,0.6651965274536681,1.1121205072231508
33,0.3812516515298237,1.177164057332693
34,0.361748906492297,1.1851338938910734
35,0.5472476495811844,1.1873896588591406
36,0.4823571402642561,1.3139602583387135
37,0.5970469379636345,1.1701568404783214
38,0.4159158075459488,1.1833919971293212
39,0.2203403672663861,1.1425474732661194
40,0.4176953111440972,1.1214937295272374
41,0.36901568499855386,1.0192264043245605
42,0.3310472147626228,0.9699684057389453
43,0.5790313239273914,1.125522993015153
44,0.137930330868337,1.1792740288977983
45,0.540301658931933,1.2120543753500366
46,0.2455856241195444,1.1256043108865437
47,0.3939689968023094,0.9859635191397129
48,0.4575319574075361,0.9945274197526108
49,0.49672539290259526,1.03860453195684
50,0.4810888925548658,1.1368320605270683
51,0.6216321316526315,1.1100589488273949
52,0.44753438019129094,1.0066160198782335
53,0.4791863850335581,1.0848950332573593
54,0.2000816540952419,0.9000653067678929
55,0.5875948733036459,0.9725297106661228
56,0.461909121145733,0.8955791070927099
57,0.22948783707077922,0.8755694315289786
58,0.13540020307469014,0.7933936267265613
59,0.5826554322706673,0.9167023064506459
60,0.37988392959186396,1.087397923423755
61,0.5214420306449435,1.002356368922401
62,0.6509246391912707,0.9654970344793639
63,0.381541368362507,1.0255200700494032
64,0.6429258361224482,1.0832651704636718
65,0.18317526886660485,0.9659712464042819
66,0.36287655687497744,1.0825072494549708
67,-0.00889661166081193,0.9607519844288498
68,0.4779392407755623,1.089989599892761
69,-0.10231346893778093,0.9568205722417109
70,0.0349428119413264,1.1062180178195427
71,0.43743066488120647,1.1624228475879173
72,0.390979453742407,1.0875306801000704
73,0.4548923667144009,1.16917929744518
74,0.2753816534037691,1.083381020607745
75,0.349916327988933,1.1304082095398515
76,0.36008205010352135,1.1021264560221158
77,0.5175496325847325,1.1597409533429492
78,0.40787678679571104,1.2897666456692822
79,0.42235515174457927,1.122338060111317
80,0.31681324043652087,1.1862491171034082
81,0.4506786452880576,1.213389367320767
82,0.4912110644926886,1.1618250465277027
83,0.5221173010099142,1.1447375758583413
84,0.09600559440496453,1.2036625493630195
85,0.8442898118339132,1.1775984914891937
86,0.6637027324606498,1.182580579850385
87,0.2723421974060288,1.1976753216242289
88,0.5837561888474545,1.1368308793626618
89,0.6762600502701162,1.069705111891214
90,0.5970343998074398,1.0080684026369535
91,0.2188775391065709,1.0663190406842142
92,0.37048561057069374,0.9924684422333097
93,0.4880389431705534,1.130870794915505
94,0.22190191909088913,1.2156626056240987
95,0.31660992369268426,1.2758737557769118
96,0.5476000749179541,1.1637435375519205
97,0.19987134563702885,1.1001220202429534
98,0.5485466317551407,1.1364019374453838
99,0.4756700715697307,1.1351972637525198
100,0.5604028421211561,1.115545982653295
101,0.42928308232788615,1.0815335070200518
102,0.43074697106418214,1.0290906688954367
103,-0.04583602178265428,0.9513514227342329
104,0.46432856037131226,0.9455391049729196
105,0.2440882753418591,0.9389256423829047
106,0.4135976703065388,1.0671555666667785
107,0.3197207640358623,1.051327336727453
108,0.44340590648969797,1.1631850615747414
109,0.5158201883746865,1.2120591943810815
110,0.3867142131564902,1.2093783008810053
111,0.1740034697647838,1.0100158930099452
112,0.3679045171660948,1.2499006376163941
113,0.4937645158307599,1.3311442044081812
114,0.549893201439574,1.187145597780195
115,0.628812925682241,1.1609948746029803
116,0.38039666522674054,0.9996595528423237
117,0.47040607310864896,0.9896957497866786
118,0.2077197331483444,0.8938886679158402
119,0.17718925794126203,1.0393726034671864
120,0.4318851279233675,1.196781178420024
121,0.5845635269428856,1.0853707461479059
122,0.4773432962045575,1.018007737164194
123,0.49547572815574376,0.9585074499319787
124,0.6068183611126297,1.0306838074886502
125,0.6728237128684816,1.117016290153445
126,0.4960392761366966,1.2640225433344525
127,0.8547668392808389,1.1980789439215183
128,0.2092046388654231,1.2056811787421728
129,0.7983412891104077,1.1926125137582593
130,0.4749688815473771,1.22349022350723
131,0.908611149559114,1.1477439770932043
132,0.41348206812015875,1.0400843243350397
133,0.38729179058462554,0.9572211485961645
134,0.07225391275427212,0.8692777772810129
135,0.44159832585035536,0.8632122474122342
136,0.021355596723594616,0.807979537568712
137,0.13612548802354152,0.880227939203812
138,0.346321616335166,0.8720511536277504
139,0.25824758784586616,0.7668379339287484
140,0.41750903032798764,0.7911164802903518
141,0.3097031924746823,0.7360190671142112
142,0.17804344509534423,0.6776168326242141
143,0.172427875618548,0.6121927214159671
144,0.4951111535006254,0.8165516601264562
145,0.28899391882921077,0.7387323736013345
146,0.1367802221442681,0.790798497225099
147,0.23936336842872702,0.6400643238274932
148,0.6839837700874756,0.8320751216701869
149,-0.07295310686110024,0.6306976326358629
150,0.214816560472609,0.7325774900502902
151,0.33337337215598684,0.7715230850260827
152,0.30810853820327533,0.7857103863982488
153,0.2039322668522226,0.83669263872318
154,0.5008401319098166,1.018688796249842
155,0.2789314125917623,1.0865216247917933
156,0.579871077810531,0.9967777195377528
157,0.32943834174489717,1.075566196601082
158,0.4690098513119231,1.18723357962318
159,0.7066092111026419,1.2227038779476138
160,0.10632880396002203,1.1691784312012927
161,0.38952798038540476,1.1020641351250202
162,0.39898707862770494,1.1786470226950025
163,0.4800310806669647,1.1710406884529254
164,0.32570374978339517,1.1072305926656265
165,0.26594205731282095,1.073999775526775
166,0.5096905083272197,1.159153281267223
167,0.5587959741601475,1.1646179817813185
168,0.7148071676018329,1.1910170246044074
169,0.4076792813329292,1.1732955794361628
170,0.4930489890365739,0.9095094198206328
171,0.3708822344434661,0.8993148840770355
172,0.5416592220850969,0.7719440556440346
173,0.7509093793221855,0.8563585484603904
174,0.40740818164224774,1.025950400184411
175,0.3090047340845956,1.1794708661857092
176,0.7072884132848413,1.212165329531701
177,0.6329781761759202,1.1505688352686572
178,0.39912853977995955,1.1663150612698039
179,0.27500635353381014,1.2143338323388024
180,0.3065130069024387,1.0783256582344305
181,0.3916322302308141,1.02516588147103
182,0.5777716977843665,1.001817969410506
183,0.5928453944332652,0.9419080742450837
184,0.5385249493259587,0.8124472257926914
185,0.37215849641539533,0.8145730659397815
186,0.4249645480144909,1.0715989942126187
187,0.10713814945092814,0.8646528096250317
188,0.35791407956945825,1.0140247853031867
189,0.4318437774144635,0.9466989377845816
190,0.31423117405919326,1.0395554865065457
191,0.46250916977341205,1.140485784584125
192,0.6836074999964817,1.3399223249434342
193,0.1549871049211036,1.1070936464833119
194,0.5984483640071754,1.1162436816625292
195,0.5575402793817935,1.2250994611388277
196,0.4268244649757153,1.1267021186159776
197,0.3310489688853331,1.1480989057927093
198,0.43887688151429305,1.241400589114991
199,0.5214383263053645,1.210824328649748
200,0.28531611490978476,1.0311772381344482
201,0.30720301005082723,1.0557358632440308
202,-0.0016480741055098823,1.1607991681878955
203,0.45806376186969994,1.1919996638202892
204,0.523951038371734,1.0641196295359392
205,0.28224981183116576,0.9785993581455048
206,0.3787245614988787,1.098802805896832
207,0.2719650269071295,0.8970401925497943
208,0.36005973781570483,0.9606800798701057
209,0.23461626740515065,0.8949969388777721
210,0.3675328999126307,0.9506478595581208
211,0.5074409399125311,0.8718013169552421
212,0.4595005205300812,1.0424772163900171
213,0.215779485260244,1.1895747509419654
214,0.5305400500109362,1.0727623632736207
215,0.6373629927374652,1.1110442837631822
216,0.3587873764005249,1.080842407013262
217,0.41844858361756804,1.2358770238441652
218,0.3072460749439342,1.1170535159566841
219,0.5663875534786164,1.1226536915613177
220,0.3517018668566266,1.1977942579034269
221,0.32199609007537666,1.0961201930028952
222,0.5895952403595326,1.1699799877735866
223,0.4261585475206204,1.2101872659218453
224,0.2840118880562593,1.1432345821000418
225,0.4634899975926276,1.2267671989362885
226,0.5105551807664382,1.128163849900434
227,0.3786381726845193,0.9538651546939936
228,0.21622496909175845,1.0182357952585623
229,0.5467925011414619,0.9004904394562527
230,0.5127302708854022,0.9109084282566874
231,0.5791102229941897,1.0885889978556793
232,0.5299532959459271,1.1093559167573295
233,0.6661019403679754,1.1103149369348815
234,0.06094129057936512,1.1053958572764828
235,0.25058523322013476,0.9060892207629555
236,0.4533146189192834,1.0207534518440264
237,0.37889723816369714,1.1613229674363008
238,0.7409714333187465,1.3142727196775064
239,0.7405612370868716,1.2432822025084131
240,0.42356585413355485,1.0943549825171905
241,0.8659168630199993,0.9625312454213965
242,0.40152238321521,1.0667451500955891
243,0.012363952812496443,1.1025550036975713
244,0.3798350933950541,1.2509711672971666
245,0.6762859121438102,1.256690769356423
246,0.36033964823776704,1.1873488595454238
247,0.17491199166056454,1.1307439142952809
248,0.3059969402575709,1.1643963782648308
249,0.4510936868444135,1.2123612764586074
250,0.7740121975065369,1.1065961646785274
251,0.40005657642136916,1.3087848133438704
252,0.3846286822122809,1.0120468941352454
253,0.6327174366179721,1.0660363992450335
254,0.2795927611634265,1.180962538557601
255,0.30837931654415374,0.9713162346045653
256,0.231249857515046,0.9473347440462598
