t,lambda,delta_s
1,-0.26154149646750796,1.2657045114770322
2,0.29939129020686106,1.1979764214072366
3,0.372696448348462,1.1104192614608897
4,0.6590526785898312,1.0859892569717455
5,0.8577458570239699,0.9870550944640877
6,-0.01743744928326518,1.2089941371331427
7,0.4346825751275195,0.9075075741533924
8,0.41683319568916316,1.038020378702257
9,0.5926205316800398,1.1998293085648362
10,0.4532371971593187,1.0760936585354672
11,0.6921844578944376,1.0167756290308216
12,0.5707368796447989,0.9208372708224861
13,0.18478323828915486,0.9853397970891677
14,0.33615326878396173,1.0836474902287099
15,0.08244701455355172,0.9445514162748043
16,0.5523963023824783,1.0205398486885722
17,0.13561757808149633,0.9900036656087197
18,0.355877058768961,1.123165206224731
19,0.5103495830905985,1.1050547305810878
20,0.6697666793619523,1.264751655545597
21,0.09126879687831277,1.0988493067873966
22,0.4631747557290319,1.1937419273165446
23,0.5184443162658442,1.3326365349836373
24,0.6838874799813385,1.1518248978880345
25,0.5106024864336359,1.201373322226244
26,-0.07060000619131161,1.1057179170606863
27,0.6600961410721596,1.04381264896997
28,0.23446349774450856,1.1194397189108671
29,0.4661280122470157,1.115874888538239
30,0.48623268422098365,1.0839106724674843
31,0.41166189252316804,1.0187468926251575
32,0.3824505107926125,1.1928266332548503
33,0.5548945814911855,1.2450163934605933
34,0.6478528678838064,1.2801507442585556
35,0.4817006245045418,1.1096325174380774
36,0.4423153276442851,1.1436689965940936
37,0.5501335723327325,1.1161620322545973
38,0.10985443191367544,0.9864436148899499
39,0.3504196386379126,1.0899118147130789
40,0.21204333856316518,1.0533939736642532
41,0.2635582667356018,0.9363308886360142
42,0.5013763783914787,1.104201326156634
43,0.2506938838361142,0.9311610355614212
44,0.21215082501197047,1.0021180379952288
45,0.1749717534141734,1.0136689614568801
46,0.6487626572804239,1.166110331873277
47,0.6005282988889142,1.299919474140223
48,0.5683846040268012,1.2598874968006415
49,0.7150489331238681,1.2602013212296845
50,0.39185813142144454,1.247648253441397
51,0.3342064908598783,1.1312556309191333
52,0.03311438016454149,1.1585950812505919
53,0.36035125429237413,1.0955685104541462
54,0.5828657784220858,0.9931838784520666
55,0.5430757853735925,1.093311053064188
56,0.6273342438622918,0.9018950231125433
57,0.7346544069345983,1.0282665721128696
58,0.8964804862543266,1.1209801852850165
59,0.8215083929127205,1.2485862662443468
60,0.23272911958073708,1.1147517915649767
61,-0.013017941341205893,0.9962903554838911
62,0.39607858629786885,1.0044012263851316
63,0.17161367100512648,1.0672826041506809
64,0.7389618002785245,1.039346475118667
65,0.5371795769304091,1.125655601578513
66,0.4071591559039282,1.116580621348977
67,0.6402471453908799,1.0327793531777032
68,0.23476969323505734,1.1460250153195342
69,0.7245875933097087,1.0356284954524262
70,0.3768242330589005,1.0257539596978495
71,0.09602761058143257,0.9558643710466432
72,0.6707784675450564,1.13489107359943
73,0.2953925883123592,1.2068396881876644
74,0.23881565897867407,1.2212865289813921
75,0.2799260903524681,1.14089701334511
76,0.4034069635244533,1.1368343205646947
77,0.21420293582665828,1.197021398141208
78,0.6325081204483574,1.334910522034257
79,0.7557982118951035,1.2620672017165655
80,0.4847525487820209,1.235942057996648
81,0.24433635238466453,1.2891568118039773
82,0.2951373907518143,1.1408581268102103
83,0.7184320885244139,1.205494296641093
84,0.655657848835724,1.128604038897091
85,0.6699407806384688,1.0186088269759381
86,0.6462758999724365,1.1043435164792914
87,0.4091068310779139,1.0289406560003125
88,0.05309695739020029,0.8915784398942123
89,0.5298775859063288,1.0197234719526236
90,0.48517398293302605,0.9658945960664398
91,0.12083966536506033,0.9642525034342511
92,0.2159463609963293,0.9655874689725281
93,0.5615611786384547,0.960978441533371
94,0.6003738797791358,1.110012738173445
95,0.7209503876861784,1.0946310643100179
96,0.3143811574417527,1.1593106956971402
97,0.48971923211333085,0.9863517231114847
98,0.4303017428686813,1.0996303480437617
99,0.38937132908054856,1.1272304462557643
100,0.13401946662457861,1.148423671890143
101,0.34613744558718756,1.0874951240773083
102,0.7579216159519229,1.1006098219703904
103,0.3067745527034548,1.1017956126005304
104,0.42426300837864706,1.1345692047344311
105,0.4647589249683726,1.1603480759670375
106,0.27541274399277954,1.1198114167296747
107,0.64713628666313,1.09143426367012
108,0.5243573742773907,0.8621842503283593
109,0.36427656782932805,1.037574085142168
110,0.2554782897295694,0.8931477135178431
111,-0.07788080816941986,0.9758096373723274
112,0.5350952281368243,1.1588344690193684
113,0.6654100001751778,1.1982653188566905
114,-0.00012220807486606547,1.0305030266166486
115,0.5350305249473455,1.0468220314846481
116,-0.24924291639617843,0.9328865233185548
117,0.3893586257628132,0.9544150773674245
118,0.12641003801268935,0.9507611001910256
119,0.4270252628093984,1.0750385071422928
120,0.6217788580322289,1.078448585981347
121,0.6089615236396798,1.1237022257665743
122,0.5974320850440683,1.2047161209094104
123,0.35690870987741985,1.168579526080503
124,0.2568992022683935,0.955379321589634
125,0.2714278155380536,0.8730560305109699
126,0.6645432888354483,0.8772145087037444
127,0.6102389565792325,0.9933162022138151
128,0.28331969814924823,0.962323625150817
129,0.3010608785028458,0.8289853654967319
130,0.3466058092246121,0.8924132445313426
131,0.6089605937878696,0.8171164347875662
132,-0.019171622831429647,0.6855037341093363
133,0.5838829337639605,0.9473351932094394
134,0.5707138358038134,0.7982960120409548
135,0.6453801773207778,0.9804042444673692
136,0.12332005828984335,1.1079118893537319
137,0.5619298565832245,1.2320502672041205
138,0.23533393372374492,1.12657814137341
139,0.3220600308290504,1.211202214280565
140,0.19840462120781907,0.9470098930878532
141,0.21098597772836372,0.9193188367703042
142,0.33099564328089087,1.0889253706057291
143,0.4369663625530922,1.1968033437826169
144,0.3863023643313169,1.053559109246957
145,0.6295494815870266,0.9912981849633785
146,0.3418773012596186,0.9890451733158252
147,0.3653734141296126,1.005298685200752
148,0.46220446897432554,1.0122892539544033
149,0.48284809106208554,1.1111329241349919
150,0.49639159545703876,1.1005504610427526
151,0.434524060808476,1.1202312946719573
152,0.48791301532657727,1.1475454795519096
153,0.7477971123020954,1.2406275475118518
154,0.37913758219976634,1.1103915589064133
155,0.48259753853529036,1.0566024256920912
156,0.3825445597445619,1.081437932145961
157,0.25988437278957355,1.0599123019158725
158,0.5013765695700526,1.17641211099951
159,0.6080736254676882,1.331317318846713
160,0.29662407148908765,1.2105048246284495
161,0.4261758782678292,1.1955679216014303
162,0.5464204622459102,1.0181069441283648
163,0.38487689270208264,1.0922363116115332
164,0.556283862327633,1.033513157100056
165,0.7529935923692425,1.0564635632766057
166,0.3390510719605241,1.0355357642565868
167,0.5011471818332567,1.1611682441772944
168,0.6093736533081897,1.2187458625204277
169,0.6693759634337777,1.1204761206415155
170,0.3675858609574787,1.0341926309267662
171,0.016684145852029673,1.1284612071202529
172,0.447655887221292,1.1792870805476263
173,0.9249187023047593,1.0619658964318468
174,0.976961806479016,1.1091629013074087
175,0.6329668793680288,1.198084884451725
176,0.15264540744326704,1.126467784022601
177,0.29483934954254787,1.0194218085684228
178,0.2752462345801141,0.9265347458618352
179,0.10410572229265744,0.8611797325379602
180,0.4813821035098304,0.9001330222144428
181,0.05758678200001972,0.8134704679051539
182,0.39226982185821485,0.8200373831722582
183,0.21480967076677415,0.818183855151815
184,0.6263096825060832,0.9018608986493759
185,0.6387760463229082,1.1150640096347746
186,0.1941453127879544,1.1160444448121605
187,0.3969676914940205,1.212735775323252
188,0.5740788937870125,1.1824428383023837
189,0.40892405561042666,1.0029859418265223
190,0.4639825874834134,1.0281614384756226
191,0.6448616513463049,0.9369656839085381
192,0.4217194279159184,0.9576264467482366
193,0.3497330527584178,1.0761664520414478
194,0.5353065006652015,0.9500274995803337
195,0.4254323564290805,0.926628284066106
196,0.8161641520539669,1.1792727929186286
197,0.48087138907115684,0.936480761468171
198,0.20720305269304584,1.0931317614379077
199,0.2480868818229211,1.1150683975534799
200,0.32602783842539296,1.1740308946775628
201,0.565796146073034,1.0239196297040705
202,0.564712861015038,1.1564828244265253
203,0.20622965629726037,1.048212201104237
204,0.5200623374766681,1.0857413733399848
205,0.2895687913892877,1.0247160782512392
206,0.1211906064735562,0.9016213753051688
207,0.566048563667886,0.8883050403962599
208,0.4048738298668011,0.8747925979680709
209,0.3341316397562298,1.01597952796569
210,0.33650689726265604,1.153345026492741
211,0.6742842063517674,1.1747758037163902
212,0.5057406351661056,0.9808388934748544
213,0.44811213800729754,1.0998741129951002
214,0.3417183364229097,1.197221212010809
215,0.3468007192626674,1.1112918529157894
216,0.31270087634351423,1.0435927001807885
217,0.43157875874520935,1.052609468150928
218,0.2681555056578752,0.9855370404580798
219,0.4037764469528838,1.0649278799494164
220,0.40022674403288266,1.149388962022305
221,0.37653131086159464,0.9121759814551199
222,0.33808077735414943,0.9915570114706844
223,0.30593404924532575,0.9872709543092663
224,0.32517770817016733,0.9505837015945623
225,0.2943586945830205,0.9055420941655289
226,0.3339820742414999,0.975549816603677
227,0.7516730685488081,0.9933148578194674
228,0.29142281126645847,0.9210506084804265
229,0.5076386708200854,0.9250169367618016
230,0.4350286058691845,1.0308113791284201
231,0.0040445679000072725,1.0313822111594275
232,0.13856630086385965,1.0755142563171125
233,0.2230920460701853,1.2555689751848407
234,0.2739671587858518,1.1690476867820165
235,0.1938559912899377,1.0782039788300781
236,0.4044560181225924,1.1542705837945126
237,0.4079921189957863,1.1146342229637154
238,0.3696467310543626,1.036836773861872
239,0.4458737125237686,1.1161947049441554
240,0.2535585127665901,1.1637382110359382
241,0.14753878002464038,1.101310015146732
242,0.4652512808701616,1.0779921284495186
243,0.60391751748835,1.102386632649409
244,0.07176320377986904,1.1417773917403966
245,0.3364288889073812,1.009735066174644
246,0.42026423334076546,1.0571288667494048
247,0.10270157520571953,1.0174789713509669
248,0.27893476724457117,1.2078061674865663
249,0.362273864392345,1.1642072022849856
250,0.23745360474383076,1.0934374859991616
251,0.3652391107060698,1.07609846433961
252,0.4233516965475782,1.0790993498408565
253,0.41194419508000013,1.1870251159504288
254,0.48161694456076576,1.0647024619193304
255,0.3405197008268815,1.1397269768876133
256,0.3416164008037243,0.9547508833999967
