t,lambda,delta_s
1,-0.11489313572294825,1.2783833230206714
2,0.8232408437187702,1.2210090815909345
3,-0.03597058181528607,1.1392400832547205
4,0.17914794852934007,1.0844355378619688
5,0.3828160798751251,1.2148021446300024
6,0.38920523749124003,1.113246112581282
7,0.27895825433855254,1.0242348796341574
8,0.2403558504230382,1.1644508971636025
9,0.3701005156895035,1.1296365315993688
10,0.27337281338722247,1.1551906019064597
11,0.1524940773141321,1.145251089217147
12,0.2589542946008884,1.0090865891796712
13,0.05000293370974875,1.040642072734809
14,0.4832658074117963,1.1804460966194492
15,0.48267593875590603,1.2392765207890928
16,0.2659299121603215,1.1943985081639685
17,0.557122507895973,1.192117463224176
18,0.4056966877235958,1.0840433989198295
19,0.38639202961315594,1.231649588709861
20,0.30022866418858835,1.2272410365263264
21,0.27740999714605374,1.15440590150881
22,0.4886791372341935,1.2175293298289778
23,0.44017232890609465,1.1294247623718283
24,0.6611342699281496,1.1380019878813872
25,0.5843584685616617,1.2282651543463317
26,0.24244064177320857,1.0837772418291325
27,0.3530980689893487,1.0425508910947958
28,0.12597318757422377,1.1012449949125844
29,0.4417750829785941,1.3054309829996287
30,0.5348926786347808,1.2449950350297945
31,0.23377587147829068,1.2312347978910851
32,0.4670488729563458,1.31964270589131
33,0.5025326550062686,1.2050284833339033
34,0.10422177868027717,1.1349081492840773
35,0.15407728203381063,1.1050655956218762
36,0.44459049721656796,1.2127948700558062
37,0.7782544487046541,1.24618984194424
38,0.7698703778622846,1.1586248655405693
39,0.1344156126682499,1.0947841578239
40,0.34855986473579087,1.1810289875460431
41,0.6271045369342236,1.0555892737231825
42,0.37901453026202747,1.1426996208831637
43,0.9199655432100518,1.1899621408733538
44,0.7821338930700427,1.1683560971405786
45,0.7001565670849789,1.0665386537154649
46,-0.20156875805036997,1.0561962262520157
47,0.6073202160816669,1.1301419624333413
48,0.28230160341775906,1.0680372837185532
49,0.38432981628570945,1.1013573684857412
50,0.4030326115705603,1.226750506546777
51,0.500031728358427,1.0788194809172396
52,0.32463978131240123,1.072058490460886
53,0.1000557339179423,1.0909041393360477
54,0.3359613817624693,1.0188969646186148
55,0.4983379400573791,1.028281572909477
56,0.497208709289071,1.1467848792421145
57,0.2346171051015274,1.0546621334862323
58,0.26723476390664175,1.1163119573228049
59,0.15774803799375042,0.8675192719659734
60,0.19539215265862778,0.979095788045355
61,0.29957886322028954,0.794044611327312
62,0.3964036467572526,0.8800476505269412
63,0.356453847869665,0.9177950056904715
64,0.48810571707844297,0.9661709380149419
65,0.2835943405327982,0.846987855731316
66,0.14082622379529824,1.021002501905989
67,0.316427594088287,1.1780425011981697
68,0.5020711596974838,0.9662480534558489
69,0.45008827013129227,1.0740217049526062
70,0.5346810021816484,1.2831457681756249
71,0.16441802107853523,1.002894284742308
72,0.407039853081551,1.0628675366993552
73,0.40521536287304855,1.0280080906303928
74,0.31593931540425807,0.9739102495357138
75,0.6056954181164738,0.9846161560339982
76,0.41220174807434934,0.9962303663676403
77,0.35203853917015016,1.1394160120210215
78,0.37491776739702526,1.0991444931143055
79,0.33220875717153325,1.056565755736025
80,0.7018011514628913,1.1129171976926118
81,0.6283426058022428,1.2349239160091032
82,0.5245152369876275,1.2362406438865934
83,0.3050428428397343,1.2084541418984134
84,0.3241367903632009,1.0247854642527627
85,0.33245598038913227,0.9584405258318226
86,0.6194419834076823,0.9657307736231402
87,0.09223877546444414,0.8768709279100216
88,0.26746964387134264,0.9017010666175842
89,0.5517008719277664,1.0643095286563635
90,0.4473694829639657,1.2514636464624522
91,0.15883590578850887,1.0915085465940246
92,0.42667105971457664,1.0924286362773667
93,0.36894286829002326,1.0754141347291817
94,0.5498223188930624,1.1026881515751885
95,0.051598765867560445,1.080498664490539
96,0.4932998788376506,0.9159652762589253
97,0.5038899959550979,0.9395115141702916
98,0.5221051696464731,1.076161889358933
99,0.33105934461462205,1.1743371650517171
100,0.3544168377180906,1.116105038381619
101,0.6328198390520903,1.118253241993595
102,0.06359538015366394,0.8665934300899588
103,0.3953334499094781,0.8534057583359649
104,-0.024028218369912285,0.7687385180256002
105,0.445013038612502,0.8478248082624782
106,0.14569658546770933,0.6926438655354874
107,0.27964060400893864,0.924559347501194
108,0.19527381358793672,0.72516094798688
109,0.5631292415166096,0.7481825383391976
110,0.06453214204249154,0.6069128471860379
111,0.5731893105348188,0.6042468125207323
112,-0.10199694566992688,0.55045537971797
113,0.6138301107332513,0.6574371273058649
114,-0.017453592320387873,0.5830254236264486
115,-0.2641190717171622,0.5184403275915512
116,0.18114641155494504,0.5626834781853283
117,0.1698012165752898,0.5358711413224798
118,0.25491651245045305,0.6214442254417841
119,-0.1357961069302315,0.45393663731256406
120,0.2460620732210254,0.496733487257572
121,-0.11029428858549796,0.42371948531486225
122,0.06996292687518291,0.38377046296245626
123,0.3668383651878819,0.5043831345238171
124,0.48279009488254393,0.6426547435770832
125,0.5131287013579002,0.9331201415348735
126,0.5895189553045005,0.933665264342937
127,-0.02548223673407099,1.0108460726425534
128,0.8971591406349868,1.1199081465068828
129,1.0600877687789934,1.1280909711022107
130,-0.010514088887899356,1.1337681911693813
131,0.3064624523026933,1.241803940393934
132,0.4203276180949,1.2583973358482923
133,0.3273680894862904,1.3235781834564486
134,0.7977821834421612,1.3053694234235085
135,0.07613813560772897,1.1402070442594616
136,0.4690907760492379,1.188258085870071
137,0.217151366338327,1.0958830402112376
138,0.44886361172969946,0.9751958764066917
139,0.7260958118743519,1.1327051808930662
140,0.7457710225398532,1.1046293989502247
141,0.33500152521482096,1.1164916256130204
142,0.5509958904474653,1.1716422543333147
143,0.1304347447656277,1.1234382029399885
144,0.25056056466746907,1.033199611018179
145,0.35618378906262727,1.201174086998375
146,0.34255358174716055,1.2950173253158974
147,0.23667077616887433,1.2276550221416316
148,0.3861736321505495,1.1291388062945666
149,0.5541862122227714,1.1357003858943993
150,0.45810399481831016,1.1956402119065108
151,0.30835573200099103,1.1538852866097669
152,0.25500563841751794,1.1424393136849311
153,0.32904091629065607,1.3006114702828169
154,0.5216222809365855,1.0071253755294844
155,0.22367773061790527,1.1688551835625842
156,0.4104267835729427,1.3136556508399955
157,0.46025355613818736,1.3090223427809968
158,0.42065924825949835,1.1777093987938698
159,0.31938884328146294,1.151072368552267
160,0.429720317006636,0.9784292515822031
161,0.5411312547245585,0.9141474354132112
162,0.3350114143736575,1.0091946569155315
163,0.38214097179184237,1.0756537200865652
164,0.3669266394781253,1.2125950882832641
165,0.5769745163040002,1.1368098556640227
166,0.4218315568422144,1.0568058329224228
167,0.6595061149944886,1.1646274641416212
168,0.37711783067774635,1.0343939794991213
169,0.38944142809410914,1.0660128570230072
170,0.23109240641174403,1.1831518648698487
171,0.5931782265679084,1.0028824246384054
172,0.2966011479270221,1.0878209330565667
173,0.1243753765961444,1.0129629312042443
174,0.4660366291138772,0.9862946984448315
175,0.10327908490923596,0.8583377284217479
176,0.4228686861931992,1.053965164251566
177,0.6423710369434238,1.2226828845903293
178,0.2995361761909187,1.0911204366120568
179,0.3586291544488052,1.0212427581001868
180,0.5263465317921425,1.0819703638653952
181,0.42789562096216965,1.132093548273448
182,0.5173941812412377,1.265383130586422
183,0.39309782284760614,1.1383006284395427
184,0.2487018102973771,1.1245166507725675
185,0.6495538570624457,1.0478385980779146
186,0.30547113108562696,1.047869351606279
187,0.6094253424988859,1.1093914593443384
188,0.6242688426368725,1.1949178098624573
189,0.28674224264170745,1.09021571149784
190,0.522359319197632,1.0650357046959227
191,0.29919013061659533,1.0290942298815668
192,0.4823511545884328,1.0977256535045785
193,0.3923183095824964,1.0297200753924474
194,0.32394184918770097,1.1380688645862622
195,0.6428697121337941,1.1492200467902136
196,0.2641325399648192,1.0580440036494332
197,0.5089433155881922,0.9505461654005692
198,0.44631923472026636,1.0720040533337454
199,0.2786590185992999,1.1726804735592358
200,0.40658924581469896,1.1744451941741225
201,0.3471742257933702,1.1940990249881787
202,0.43909856482267917,1.062181509605279
203,0.39194543669750564,0.9918902958746822
204,0.5750825116428108,0.9484330185865442
205,0.18553314951349786,0.8576263806993915
206,0.5653518661186505,1.005796672923389
207,-0.07019091131561297,0.8807388229278689
208,0.37512968126564533,1.07024619678155
209,0.5644099627523486,0.9095766072502108
210,-0.05560240998128049,0.9986676088016446
211,0.39254907351818064,1.0042062710880513
212,0.3556703665010019,0.9966160489937193
213,0.6965332552845365,1.0242091199557828
214,0.46312178644447816,1.074254053277452
215,0.3858305902559669,1.0843509300160206
216,0.2029492572683085,1.0374300043754832
217,0.5985866254020749,1.0302379075210835
218,0.646034758706828,1.1720079729708774
219,0.39600885953518655,1.2189958731497745
220,0.22609264068148016,1.231600812996123
221,0.44303904478680484,1.1113486352597548
222,0.21477978029885647,1.1959350816594605
223,0.5471770798158723,1.1393535843634397
224,0.3549779934780347,0.9776208341012772
225,0.2701102102882694,1.0098107123226923
226,0.4662177571711334,0.9536248463752126
227,0.3928574322698436,1.0874658695379114
228,0.17876235925094125,1.1315896716082454
229,0.3446966946707061,1.068333595620852
230,0.3786831184137329,1.0558568573380205
231,0.05715109830118908,1.0498457238935262
232,0.3729340550644795,1.0495846319708395
233,0.5881198250915542,1.03759626251169
234,0.12092726341659245,0.8623662814575273
235,-0.031832619912977575,1.025778180682362
236,0.7083177533077776,0.8804536461763207
237,0.5797971284731851,0.9925884048534096
238,-0.34471922097785623,0.8774448906540075
239,0.4347551001628385,0.7674359616228827
240,0.21408112373629698,0.7531778708479384
241,0.8100360992750669,0.8062575005301266
242,0.6466366866765135,1.0014346608065083
243,0.46027336851265693,0.7651644501398794
244,0.5140794447168491,0.8568656210495911
245,0.853478961850219,0.9027941196025547
246,-0.024063786042769042,0.8117006791718798
247,0.33395317586914586,0.7073267199007884
248,0.1455499631762199,0.7648954893447398
249,0.37467807295675337,0.6596530762134079
250,0.4990831912078064,0.8422098137830069
251,0.6757490743175744,1.0629400604655972
252,0.48097801166878085,0.9502556954289285
253,0.38963754777643794,1.0110461341667172
254,0.29388329472825914,1.0145834403071696
255,0.008825632401779264,0.9673505801151915
256,0.44376883125292876,1.0099665964021736
