t,lambda,delta_s
1,-0.240358167323746,1.127239217478527
2,0.4070244351415242,1.0785418553181383
3,0.03563547668499073,1.1175460270556563
4,-0.17668672227735988,1.0410740140120833
5,0.3686956381759568,0.9010365167972894
6,0.18456186549813286,0.8594039435744899
7,0.05809419480628497,0.6041123808809861
8,0.6487842646163672,0.5727213665335931
9,-0.1233612870041769,0.4597990065034582
10,0.4734708458300834,0.453085612850885
11,-0.32732719051951326,0.29559741662471134
12,0.07026136078445132,0.256527285880452
13,0.4547802264812197,0.2616552338354643
14,-0.4056257770987,0.14224300084725314
15,-0.06205340095145027,0.1450483370132194
16,-0.5366157937335824,0.08982960488181274
17,-0.03530557079828611,0.07233575424614021
18,-0.5525759107643617,0.04873018124466927
19,-0.035010970430971976,0.05194418169962156
20,0.0988708022360706,0.05273686694658167
21,0.07853632970898725,0.04968455913110547
22,-0.5120123852041344,0.027116751712644507
23,-0.13396079099332175,0.024714105207454574
24,-0.42549820138881866,0.013811731464037458
25,-0.18402661714686633,0.012283977293673596
26,0.05850187724165263,0.010869497776529582
27,-0.6428261827882075,0.006146541340929639
28,-0.036830111087369145,0.0053722478920155995
29,0.00611783596554828,0.004742289496180776
30,-0.06604454824814827,0.004093769839071749
31,-0.6156604741183036,0.002329608241509477
32,-0.5522565278446713,0.0013080822218886662
33,-0.3009876616169763,0.0007680741206209158
34,-0.40224950554575417,0.00064182628509787
35,-0.3052532160069453,0.0003768225236859941
36,-0.11673471613631564,0.0002494212708834242
37,-0.5876121623390734,0.00018470020271024536
38,-0.12477035147214893,0.00012226536212263858
39,-0.5861593089680386,9.051740410650051e-5
40,-0.13093827365434663,5.992104352121378e-5
41,-0.09963524696588394,4.8211598799756724e-5
42,-0.11897850456759532,4.137570259603165e-5
43,-0.5905325313280497,2.3624051480608716e-5
44,-0.12870989975908817,2.0274006866189975e-5
45,-0.15135488089435858,1.7620812659278013e-5
46,-0.5572263818422999,9.934301893896155e-6
47,-0.1628349495627121,8.634183464896794e-6
48,-0.5446284027824292,4.867810450390415e-6
49,-0.1683121280027785,4.23074161728422e-6
50,-0.17179062053173627,3.6001750654387274e-6
51,-0.18872115613680754,2.982833612529764e-6
52,-0.20211169584400077,2.4210016222951596e-6
53,-0.21062883762978554,1.9387836807122104e-6
54,-0.500724608126725,1.186290364018626e-6
55,-0.20590078575414975,9.500024400549204e-7
56,-0.5021845859084246,5.812822045296992e-7
57,-0.43301258117930685,3.509264928509219e-7
58,-0.27687228340264053,2.8482823051794686e-7
59,-0.4346447989982644,1.7195395067280694e-7
60,-0.29891362239169933,1.0169545856208571e-7
61,-0.20496831476537983,5.855846819445835e-8
62,-0.49060850473658935,4.9830773689714115e-8
63,-0.3699962628796893,4.1286140888011615e-8
64,-0.2460654968898432,3.350974942781775e-8
65,-0.18634721595031947,2.6835182189731122e-8
66,-0.5110178061730921,1.6419777222667885e-8
67,-0.20681378113461363,1.3149238980857524e-8
68,-0.18464781235397712,1.0396710432087678e-8
69,-0.5034414717425062,6.4431271712521445e-9
70,-0.44750073323282336,3.942388514490065e-9
71,-0.2670663929606174,3.157132313839105e-9
72,-0.21404230736977284,2.4962501621284906e-9
73,-0.48815208105044905,1.5469948355138868e-9
74,-0.22577611584632837,1.2231625767325334e-9
75,-0.46110136095559245,7.580274706476242e-10
76,-0.3855751137998693,4.638180684082718e-10
77,-0.2962825891744558,2.8001210016312167e-10
78,-0.23475983725046576,1.6560221463282365e-10
79,-0.20287631325855102,9.535735021206779e-11
80,-0.49696990403131536,8.114508516233671e-11
81,-0.4136558782836739,6.723090522524125e-11
82,-0.2919570825780955,3.9761091732819373e-11
83,-0.1730126698122016,2.2895299794892038e-11
84,-0.5314422873971173,1.9482934948634906e-11
85,-0.16289298947855438,1.1218696899774351e-11
86,-0.07127398592863045,6.325108560620065e-12
87,-0.6423458130048537,5.497161480863417e-12
88,-0.08376335568423784,3.0993031947161384e-12
89,-0.07630223806420063,1.7696736538027835e-12
90,-0.6443127097420501,1.5186585654087674e-12
91,-0.059037996792064965,8.671400903645129e-13
92,-0.07231734631309401,5.279996928540996e-13
93,-0.6371092444349125,4.24898644278586e-13
94,-0.07440703454090207,2.5871984949854083e-13
95,-0.09708357735006817,1.9146408942865345e-13
96,-0.12622916996427577,1.599146638248358e-13
97,-0.15693790088219703,1.3983916621820112e-13
98,-0.18013900275707848,1.20939497407755e-13
99,-0.5309778716723708,6.852119144692048e-14
100,-0.5243117319363592,3.839551078435099e-14
101,-0.4728837740773548,2.2525558657210942e-14
102,-0.3779244921912212,1.4914684471117072e-14
103,-0.2973443283483202,1.1037523742033343e-14
104,-0.15864529165551894,9.218762139322807e-15
105,-0.5287828863814147,5.4083866335963515e-15
106,-0.16300292345755582,4.517193448268181e-15
107,-0.5193572879846272,2.650109450462215e-15
108,-0.16932226228278052,2.2134247896514098e-15
109,-0.5238736818520405,1.2985536307264862e-15
110,-0.21229951925683585,8.598018795378096e-16
111,-0.04726592372540975,6.919107300785835e-16
112,-0.051858166041980076,5.937683224657836e-16
113,-0.6660644182387356,3.39036257738506e-16
114,-0.04404549199403049,2.909464780082339e-16
115,-0.09190434998035288,2.5286202704045604e-16
116,-0.13829567252095892,2.1517492532268218e-16
117,-0.17115278322399685,1.7827826515993006e-16
118,-0.18694994350713667,1.446989378502776e-16
119,-0.5344222971157578,8.735634992836572e-17
120,-0.5352494747333678,5.1663499569976016e-17
121,-0.48432532335967027,2.974896461928265e-17
122,-0.35175666605623973,1.677248547368352e-17
123,-0.2167126202295942,9.576935132471332e-18
124,-0.16827027942305842,5.8313747278148324e-18
125,-0.17436700314549602,4.3154742650836905e-18
126,-0.5374184098582002,2.857373616629267e-18
127,-0.5194292877131168,2.2994221253063677e-18
128,-0.4458694143740782,1.973266143493392e-18
129,-0.3050230287161643,1.7149686098620514e-18
130,-0.41133068103578757,9.669004103117619e-19
131,-0.2700997888363916,5.520912522860585e-19
132,-0.18158259589040976,3.361671486228165e-19
133,-0.1573939773472596,2.48778503588287e-19
134,-0.16418829506381977,2.077848169171469e-19
135,-0.5424585352057877,1.219014667582606e-19
136,-0.5047617799512327,8.071373238433821e-20
137,-0.4017696560266224,6.495298374020245e-20
138,-0.2653898245871945,5.573988452265653e-20
139,-0.44209385662111317,3.182696203269921e-20
140,-0.2595707783805717,2.731254341610169e-20
141,-0.4557559058132403,1.5595211396022615e-20
142,-0.2588820568172566,1.338314627388983e-20
143,-0.4634812264228891,7.641653584051075e-21
144,-0.31732803752247596,4.652986051629652e-21
145,-0.19615195818227757,3.443414717600488e-21
146,-0.5061480357088014,2.2799631652985297e-21
147,-0.36544556578652787,1.8347610255306633e-21
148,-0.35958620258281493,1.1171819509962792e-21
149,-0.34555159165091326,8.990329025100252e-22
150,-0.19372340072259997,7.715117502286633e-22
151,-0.13367046729506574,6.705220368497746e-22
152,-0.14319188220105553,5.70585986733703e-22
153,-0.16280896827125585,4.727459748709319e-22
154,-0.5542894221790287,2.795871334995144e-22
155,-0.5808597176290125,1.609923410476308e-22
156,-0.12961652003338117,1.36997695414762e-22
157,-0.15186805636603878,1.135063085665107e-22
158,-0.5627390893313479,6.712887075323339e-23
159,-0.5741086131313646,3.865426108553616e-23
160,-0.5057272633578583,2.1793297375226732e-23
161,-0.3339577814687818,1.2443772606789883e-23
162,-0.18154542330715612,7.576985757361367e-24
163,-0.5325415367665668,6.097448577327041e-24
164,-0.1786034135665429,3.7127230211070695e-24
165,-0.15025886227508564,2.7475786411989434e-24
166,-0.5678184980693048,1.819234280342464e-24
167,-0.5615231904129613,1.463997403416222e-24
168,-0.49578109321341646,1.2563402250200438e-24
169,-0.21167143128589552,7.173587276739488e-25
170,-0.5162412897346398,6.156067102598213e-25
171,-0.18726286046925114,3.5150577656023477e-25
172,-0.13027925889665404,2.1403109384801043e-25
173,-0.5849597920409052,1.7223783051451497e-25
174,-0.5278154403634756,1.478071711333831e-25
175,-0.18020919334141,8.439653695211239e-26
176,-0.5281389428962804,7.242551385535767e-26
177,-0.1785383435208767,4.135430310653505e-26
178,-0.5272505802506329,3.5488501789125263e-26
179,-0.26764873709084586,3.084311094074518e-26
180,-0.4507441600406938,1.7389365876671384e-26
181,-0.24761160173000799,1.5113124360965136e-26
182,-0.470087295489335,8.520789279568978e-27
183,-0.1566805003830492,4.865292406180742e-27
184,-0.5431852909979437,4.175186746988797e-27
185,-0.15944887523563694,2.383993279028563e-27
186,-0.014185996738029123,1.4516082615483027e-27
187,-0.051316616130412294,1.0742540803996665e-27
188,-0.6619272275218923,7.112880481586681e-28
189,-0.6914897520655423,5.723967862947577e-28
190,-0.01549879263554263,3.485311435977473e-28
191,-0.03217802722481901,2.5792840470395976e-28
192,-0.6750820100995448,1.7078026036289617e-28
193,-0.6641165774874507,1.3743246838937134e-28
194,-0.04666675094136163,8.368232757781911e-29
195,-0.6615380159206341,6.734190951079193e-29
196,-0.044091245198841195,4.100434051313136e-29
197,-0.0154640550480036,3.034501888501615e-29
198,-0.07623913685351312,2.5344770960618096e-29
199,-0.1347971889849368,2.2163018414657544e-29
200,-0.17612228046194606,1.9167622209110918e-29
201,-0.2112776825561947,1.6253556772251958e-29
202,-0.23323197658925376,1.3400301154385739e-29
203,-0.45198129710349716,7.964242818403459e-30
204,-0.40159532048706886,4.602146092407531e-30
205,-0.33856144855690457,2.6074569534660442e-30
206,-0.38716367544266483,2.2550515852796902e-30
207,-0.327833617001995,1.2776539071983618e-30
208,-0.2874291816039953,7.1592704879485635e-31
209,-0.2631080885704554,4.2001412150727716e-31
210,-0.2553091640165321,2.7810089822962667e-31
211,-0.42937755833569907,2.0580691953856577e-31
212,-0.28168457254681023,1.3626944013251708e-31
213,-0.24021449882608453,1.0966048115662847e-31
214,-0.4402266075769483,6.677202566493335e-32
215,-0.27898772472491523,5.373363576674793e-32
216,-0.21826497111047483,4.611191788510868e-32
217,-0.4791790574938896,2.632948152570649e-32
218,-0.24115062288552486,2.2594839763703253e-32
219,-0.21295137566646521,1.9637209642189212e-32
220,-0.49573913403162023,1.1071471484214593e-32
221,-0.22518925714280644,9.622232724672718e-33
222,-0.19199847599966616,8.188114412440662e-33
223,-0.5150125510457967,4.71489403508963e-33
224,-0.4583211913273817,2.658260303359923e-33
225,-0.3574473296692127,1.5178422142887422e-33
226,-0.2591288843021867,9.242107842208848e-34
227,-0.19979562709038112,6.839567067768609e-34
228,-0.49961062929594807,4.528632842682333e-34
229,-0.21166001614217012,3.351387863206617e-34
230,-0.500108507406637,2.219030092914344e-34
231,-0.21181077419565286,1.6421800529712418e-34
232,-0.4993176307190773,1.0873247455280284e-34
233,-0.20590878613771457,8.046682259559084e-35
234,-0.48949967622453905,5.327891253087336e-35
235,-0.3802154175739113,4.287528574239233e-35
236,-0.3265649864844716,2.610666714012793e-35
237,-0.40121426935437726,2.1008890013772248e-35
238,-0.3038367380130987,1.2792266898662693e-35
239,-0.4196507901853649,1.0294356106748397e-35
240,-0.2830472929244673,6.268210780344718e-36
241,-0.4413846029029086,5.044234492306714e-36
242,-0.26172605121562686,3.0714232823689106e-36
243,-0.20069367453221848,2.272988574892833e-36
244,-0.5096299518324716,1.5049974083607666e-36
245,-0.20341724398685074,1.1137644016974883e-36
246,-0.1893999203823525,9.302384609505463e-37
247,-0.19671646657110808,8.134574256798433e-37
248,-0.21428733715492404,7.0351629579098054e-37
249,-0.23461171885067328,5.9656027905265635e-37
250,-0.46369685229451313,3.447229849375805e-37
251,-0.25799823857691556,2.923145367358015e-37
252,-0.2647296607367929,2.409997318711043e-37
253,-0.4339853138215645,1.4323412300054276e-37
254,-0.3905139678304211,8.276798868351305e-38
255,-0.32676975220016075,7.018472027026593e-38
256,-0.3664729972344381,4.0556314454921365e-38
