t,lambda,delta_s
1,-0.7857022932265655,1.107454380982982
2,-0.047477097722116605,1.0617306022011588
3,0.24442380807012226,1.2765265538085429
4,0.14146385216116739,1.1038766221831569
5,0.16982255215781095,1.0087734975471259
6,0.04615171880716734,0.8135255647903906
7,0.0833680170975138,0.8179724732547903
8,0.35452470075134473,0.5209809888590688
9,0.11807706881806261,0.5682518771444729
10,0.19630007736109334,0.3443733846045194
11,-0.11275125908919327,0.3016513044435845
12,0.3083029861347811,0.3433585430629587
13,-0.398696619673862,0.21956665079336604
14,0.1767780852277393,0.2410498120082523
15,0.030003438241024732,0.28551181669471964
16,-0.18597626528677216,0.19109034866996913
17,-0.08216262584210009,0.18650475097207037
18,0.3960138212344162,0.20788772427896096
19,-0.03764820714539151,0.13127495129789643
20,0.13996149132757343,0.11944347512395068
21,-0.17766758708150493,0.08824868065844749
22,-0.09870631913116754,0.07214484099122342
23,0.03189724111054543,0.08759066641408444
24,-0.0033986017292426634,0.09028030648648773
25,-0.48298005193198523,0.04246093365053985
26,-0.018733700338985745,0.04627142982472506
27,-0.4164812274580671,0.0215671931856447
28,-0.1504831517382172,0.023602456860708124
29,-0.457632475678445,0.010935371575550138
30,-0.0195666648712695,0.00989643904014553
31,0.03876976870083002,0.010451681260825208
32,-0.8101800074219159,0.004811352435054293
33,-0.7388961367380894,0.0026325968485530742
34,-0.03046730637272107,0.0027516498512617955
35,0.11612465186133424,0.0029434757697308377
36,-0.8528862502225258,0.0013500357723431038
37,0.1395555565666504,0.0014432384919477756
38,0.015295933213848978,0.0013893489123305697
39,-0.7492068392295171,0.0007088738974715801
40,0.04895468558612557,0.0006808304347535581
41,-0.758879443271713,0.0003477660718427186
42,0.0525427331235492,0.00033362599188876724
43,-0.7818471914317037,0.00017040448171111284
44,-0.7543520921139594,7.841950169605208e-5
45,-0.12406270096289004,3.726237307937821e-5
46,0.09584947224476903,3.2828310469548506e-5
47,-0.0041561335317948315,3.490611427983175e-5
48,-0.6908216858950532,1.6085774383020818e-5
49,-0.02685511565547615,1.7104071745299308e-5
50,-0.10074655255208771,1.6879775072519622e-5
51,-0.14895383001034365,1.544163994782582e-5
52,-0.5611732561774743,8.271120194116637e-6
53,-0.5823776378355358,4.1067702713873054e-6
54,-0.1358603970299555,4.052862223008248e-6
55,-0.5686774381899025,2.012313524743368e-6
56,-0.1371845766673743,1.9858988382791047e-6
57,-0.14470527524428153,1.8166941985522481e-6
58,-0.5563148275809868,9.73089752803202e-7
59,-0.15523500916851388,8.901793473929559e-7
60,-0.5460648637786113,4.768138954180652e-7
61,-0.17091930962549043,4.361878869891634e-7
62,-0.5303356838970347,2.336387887406589e-7
63,-0.4339755087287015,1.1600549992554813e-7
64,-0.2622671789060356,1.144829943548385e-7
65,-0.4412919862814612,5.684269414471874e-8
66,-0.27949684650117845,2.6194503247028696e-8
67,-0.1714087008271432,1.4575254623757982e-8
68,-0.5162812586148972,1.2835306737489786e-8
69,-0.35924095658901917,1.3647931216260457e-8
70,-0.3507503361861654,6.289300258871121e-9
71,-0.32454185013734627,6.6874862765689735e-9
72,-0.1509726738009845,6.599716842858036e-9
73,-0.541505498163377,3.276868269911203e-9
74,-0.16528825882080644,3.2338612517443686e-9
75,-0.10188785648391879,2.958326648255229e-9
76,-0.12370575051189572,2.5688424119272723e-9
77,-0.16114704975273525,2.1501801853517424e-9
78,-0.19479910496265548,1.7529290177374392e-9
79,-0.20842606393487548,1.401159525387169e-9
80,-0.4920401893202408,8.589352193583324e-10
81,-0.45105370051509325,5.162582644133625e-10
82,-0.27086802056701204,4.2087825729706886e-10
83,-0.42345611050287163,2.5296654966120816e-10
84,-0.2954383390970538,1.480886545274374e-10
85,-0.1988404742167327,8.356540709421813e-11
86,-0.17784853498278724,4.476080343192234e-11
87,-0.5384484424377818,4.094704947593424e-11
88,-0.18677406428383542,2.193279368166356e-11
89,-0.5107113045912731,2.0064054243069663e-11
90,-0.47969188520316874,1.7422482115065593e-11
91,-0.23690719577530014,9.831386579189324e-12
92,-0.4807979237329684,8.537016236368458e-12
93,-0.24101722338712786,4.8173794238071105e-12
94,-0.231890424594214,2.5803712439431955e-12
95,-0.453585316158461,2.3605159176619465e-12
96,-0.4138748184426834,2.049737598342069e-12
97,-0.3038673607114268,1.1566527996546044e-12
98,-0.413912424264593,1.004371423187424e-12
99,-0.3025331606038606,5.66759871830816e-13
100,-0.4118742796136745,4.921419973617924e-13
101,-0.3050288501755079,2.7771233719715175e-13
102,-0.4033533307032731,2.411495787072458e-13
103,-0.31111579898716407,1.360790452266078e-13
104,-0.3994388085524801,1.1816329356654776e-13
105,-0.3184306630455118,6.667873216104079e-14
106,-0.3900675383238541,5.790001384760568e-14
107,-0.35138105427584027,4.846364307168406e-14
108,-0.3644740041762212,2.8371006785327564e-14
109,-0.3447169840605186,2.3747185105124887e-14
110,-0.3112180370766457,1.9359833178852303e-14
111,-0.28882873811227766,1.5474793519514804e-14
112,-0.4153239623264993,9.486318257637664e-15
113,-0.37863525205089166,5.70169914374058e-15
114,-0.3305370543549637,3.3378205772871552e-15
115,-0.28238778208398385,1.883509147019796e-15
116,-0.4308379813131215,1.6355320828707055e-15
117,-0.3771823845288958,1.3689779644121109e-15
118,-0.34866272905930773,8.014107206066465e-16
119,-0.36780728578665567,6.707992025619337e-16
120,-0.3141166498773372,5.468673697794733e-16
121,-0.27626673200106583,4.3712461526484417e-16
122,-0.2554098580997138,3.4409277882482087e-16
123,-0.4474475537063106,2.141910614797737e-16
124,-0.262948060210959,1.6860546162416225e-16
125,-0.44664843358041884,1.0495362012508912e-16
126,-0.26881179091892005,8.26166761958395e-17
127,-0.2449137210960233,6.424505757293777e-17
128,-0.2358633371000409,4.9465301195398716e-17
129,-0.2372492131586886,3.777359835675306e-17
130,-0.46131851487193615,2.4237997585745372e-17
131,-0.25877827521803887,1.8509063194808995e-17
132,-0.4455904406808642,1.1876618817015232e-17
133,-0.27548889960168405,9.069440965456409e-18
134,-0.42333918377794794,5.819543220337462e-18
135,-0.37331204854680167,3.703599721415293e-18
136,-0.31224375896311424,2.333716617997212e-18
137,-0.4023079893792436,1.814763863493493e-18
138,-0.35396244748514605,1.3972723272030243e-18
139,-0.3074577231802397,1.0670106601449805e-18
140,-0.3943024582708827,6.846634403294817e-19
141,-0.32783476130742395,4.357248036247874e-19
142,-0.39155141677069627,3.3548508576144604e-19
143,-0.33480079766857584,2.5618925950080976e-19
144,-0.3650542208565958,1.6438769202310857e-19
145,-0.34777732223125396,1.2553273715539674e-19
146,-0.27621004838242513,9.519983982077009e-20
147,-0.4257794232069854,6.15110412061444e-20
148,-0.2916318281616394,4.6647921512177325e-20
149,-0.4104558631625681,3.0140410191010744e-20
150,-0.2993537895547533,1.9340047578826684e-20
151,-0.21212164808906092,1.2308147239938787e-20
152,-0.49123725298181864,9.476623313625073e-21
153,-0.3935669129241427,7.23671248686168e-21
154,-0.3127009577026672,4.6435454236762855e-21
155,-0.19986873880304826,2.955186152309302e-21
156,-0.5009890087430258,2.275337257601379e-21
157,-0.20858079971330828,1.4480412146315574e-21
158,-0.16518474528225713,9.124414354473387e-22
159,-0.5321005475905256,7.095401951694632e-22
160,-0.475993584533482,5.463084755500912e-22
161,-0.22425030717250644,3.4767469563303688e-22
162,-0.17349147914504878,2.190771886509061e-22
163,-0.5361825298715958,1.7036060086018803e-22
164,-0.4809720342959249,1.3116866497957684e-22
165,-0.3701551595041436,1.0016541592171537e-22
166,-0.23976518141660735,7.596210970468879e-23
167,-0.46925718205297584,4.9081053801640517e-23
168,-0.24619600934337613,3.722143375529752e-23
169,-0.4614405028972954,2.4049716362803864e-23
170,-0.24588981935529555,1.823850254009578e-23
171,-0.17005375787364138,1.3749957210573305e-23
172,-0.5468233561704254,8.936866244646931e-24
173,-0.17118752434993448,6.737479033180918e-24
174,-0.530858156476261,4.379064459876996e-24
175,-0.190168649633904,3.3013647262586503e-24
176,-0.18569286280330233,2.476224342902211e-24
177,-0.20193073094017702,1.8490766280793873e-24
178,-0.21948489347029837,1.3753752879819441e-24
179,-0.2339938992727616,1.0194882811479993e-24
180,-0.24466646042890272,7.533558328777638e-25
181,-0.4576465121578246,4.995492577625194e-25
182,-0.259605146437752,3.6914435811010406e-25
183,-0.4437484234865854,2.4477913630363464e-25
184,-0.38638957557510467,1.6181152725578767e-25
185,-0.3032154743453286,1.0659558794628673e-25
186,-0.42025943506348845,7.928764835533593e-26
187,-0.3337981876011625,5.877147062650265e-26
188,-0.23952727108864336,4.342946458729562e-26
189,-0.4589244148713644,2.879802060698629e-26
190,-0.3051210304457273,1.9036964370116157e-26
191,-0.17196839073470813,1.254086432629269e-26
192,-0.5499620827010248,9.328112541356913e-27
193,-0.40494650915959646,6.914404747737402e-27
194,-0.29287857987443566,4.570775145264887e-27
195,-0.43061620465290074,3.388058326391329e-27
196,-0.2670874207139514,2.2396798211797944e-27
197,-0.43881820374509467,1.6601485799317515e-27
198,-0.16012530647264658,1.2267748823233006e-27
199,-0.5387987466806835,8.134728041665579e-28
200,-0.21937915162105312,5.377471250652686e-28
201,-0.04806220135693518,3.542483773244743e-28
202,-0.06122630331486389,2.3245507330599204e-28
203,-0.6574297370846292,1.735817048889924e-28
204,-0.6663688278110831,1.2911308472817098e-28
205,-0.44900756970951244,9.570426193739134e-29
206,-0.2518431659721809,6.326541151680377e-29
207,-0.02884230718559964,4.1676967343847064e-29
208,-0.6824084727411089,3.100005164323386e-29
209,-0.02877218003547931,2.042171399848506e-29
210,-0.6758209465320062,1.5190025305184577e-29
211,-0.03364556551491459,1.0006639859257678e-29
212,-0.03834273560539523,6.566280471342332e-30
213,-0.08891791016194447,4.2896220322459964e-30
214,-0.1361708328035354,2.7880652830536777e-30
215,-0.571109456063922,2.101914795800538e-30
216,-0.14212327046229506,1.366151988696302e-30
217,-0.16547029547685757,8.82705595185471e-31
218,-0.18066185705334906,5.6640132303425185e-31
219,-0.5296833245146125,4.325257416408809e-31
220,-0.5089950378421952,3.28013092485982e-31
221,-0.20523492087368508,2.1193761340403155e-31
222,-0.5019556527777086,1.6072641531813115e-31
223,-0.3835568395363304,1.211712051674573e-31
224,-0.33528220114314605,7.875594350588426e-32
225,-0.3644448294803411,5.937389053205407e-32
226,-0.3538605337898874,3.859041231788328e-32
227,-0.344964754316938,2.9093206360706497e-32
228,-0.19517709125285077,2.1821674300464642e-32
229,-0.5243328355989259,1.4255671116746178e-32
230,-0.1855158607843154,1.0692620407227673e-32
231,-0.5306046209720162,6.985278847205627e-33
232,-0.17889064042552863,5.23938399954156e-33
233,-0.5410457137127642,3.422786635130756e-33
234,-0.16860163278949555,2.5672981597753637e-33
235,-0.5507220538214137,1.6771654512140704e-33
236,-0.4578163406925741,1.0900836328506743e-33
237,-0.24778479106894763,8.21811071094895e-34
238,-0.15026675865253977,6.164082881620646e-34
239,-0.1370228293457315,4.602919611310475e-34
240,-0.5779318601050303,3.0204006119941157e-34
241,-0.1341370239978802,2.255430609542132e-34
242,-0.5784715216807358,1.479996299877117e-34
243,-0.5615633988908098,9.668525070324323e-35
244,-0.15033650211549768,7.251981869397871e-35
245,-0.5591304105917569,4.737577284458917e-35
246,-0.15212358945594584,3.5534711160049565e-35
247,-0.5561903610678309,2.321412869384869e-35
248,-0.385486608979649,1.5088160635395607e-35
249,-0.18583352401103595,9.748844875327838e-36
250,-0.5197517836260955,7.393198711343844e-36
251,-0.19800912095279402,4.7769339889106396e-36
252,-0.5098234076167791,3.622667368558485e-36
253,-0.20629561566505875,2.3406976545662137e-36
254,-0.13160058175317285,1.5019438594256404e-36
255,-0.13753251211785117,9.558480191212757e-37
256,-0.5640221980801918,7.359524911185636e-37
