t,lambda,delta_s
1,-0.3901304241858178,1.052356286936942
2,0.8179002615561338,0.9781424497998814
3,0.5649057818306893,0.7545091847136027
4,0.24980766005406882,0.6490022802791507
5,0.3756996969942816,0.7361133635098912
6,-0.11488347345434581,0.6668643355654211
7,0.15236606149531998,0.7928328803796725
8,0.35914524840874956,0.8082039156441845
9,0.199340387047572,0.7905974196389085
10,0.3483193617356587,0.7758870296016536
11,0.31094059504765864,0.7833537346274726
12,0.13407995822766455,0.7509477590112837
13,0.5182995571521386,0.8837101840928657
14,-0.06971003125676384,0.8346901139045858
15,0.47127642521893043,0.868556514899259
16,-0.26290937558235694,0.6239037368080498
17,0.12853853087201364,0.492188567526795
18,0.2792429208876704,0.5608769248031821
19,-0.3590636337156551,0.3512746779155693
20,0.17516697094799943,0.38386183725158946
21,0.44035574707274727,0.4344874312902315
22,-0.34621239469563747,0.30292781028164384
23,0.08991480880336901,0.2628838491624392
24,-0.1490327271446641,0.18315499453515968
25,0.15181760478578266,0.1789573176617439
26,0.07896457510407111,0.1950606846733889
27,-0.2886232021783521,0.1296253119913698
28,-0.03067931404937541,0.12950643309943186
29,0.09723467361626645,0.12973862211025536
30,0.07944458942326967,0.13279445307586726
31,-0.5169327534944155,0.07480687008327572
32,0.01405209718850914,0.07174520400501835
33,-0.5069016401403178,0.04281230830567587
34,-0.07094512868885582,0.03690802311796015
35,-0.5272950053965172,0.0224734922379866
36,-0.17403917989925266,0.018664236927280697
37,0.07232360844794045,0.019356930421091597
38,-0.7381758090727902,0.009322665107166892
39,-0.3256473597949159,0.006144813025956044
40,0.06063924605755945,0.006044730981669106
41,-0.788587794481529,0.0030275912271404163
42,0.08058902084567153,0.0029708832954108153
43,0.02364803363965659,0.0029130868773114336
44,-0.7427763136998803,0.0014519774864389602
45,-0.759699039793238,0.0007213858534622107
46,-0.2638429259404389,0.0005492995456470093
47,-0.4280010632496341,0.0003537952589132227
48,0.06858381267601238,0.00034906097302377044
49,-0.7758109004360655,0.00017341533128117025
50,0.06506763418937443,0.0001710770691239079
51,0.051235591143273265,0.0001683061448537205
52,-0.7603993177879822,8.38265209926213e-5
53,-0.6581404651760276,4.1642290989566006e-5
54,-0.056507246031892014,4.107646326778272e-5
55,0.05828351026600656,4.0413936529501276e-5
56,-0.013926355745337776,3.7235141917768314e-5
57,-0.08043886003260484,3.257335895826779e-5
58,-0.6378278640968796,1.8244074720103745e-5
59,-0.07170108733024301,1.596106088639109e-5
60,-0.6450325272726081,8.939321819601912e-6
61,-0.695272878785741,4.753251864691718e-6
62,-0.5735806443997117,2.3662272499813897e-6
63,-0.13863010126827832,2.3290960601635506e-6
64,-0.5549466805291338,1.1594490178282713e-6
65,-0.1554937958453553,1.1412577048947007e-6
66,-0.5379207229813793,5.681294581969833e-7
67,-0.06094664108196856,2.820615601919846e-7
68,-0.6684432402231036,2.783835327680252e-7
69,-0.17221662243589622,2.740161669425778e-7
70,-0.5194789954583542,1.3640792788218446e-7
71,0.007455640525051673,6.772299484377202e-8
72,-0.7260480444406168,6.683988854830186e-8
73,-0.18392391924866044,6.579129127472552e-8
74,-0.5125390079654072,3.275154235635434e-8
75,0.04840086245099174,1.6260287860813465e-8
76,0.054052423902818676,1.2401239331085404e-8
77,-0.765290915168371,7.96754120791459e-9
78,-0.7899294822239822,7.863645642370722e-9
79,0.08315993934763874,3.904095186391958e-9
80,-0.7902604971658708,3.8531863702680886e-9
81,-0.22200193863583037,3.792737231745537e-9
82,-0.4709232644093136,1.888061320887617e-9
83,0.10742810203149565,9.373732549109577e-10
84,-0.8225569212438557,9.251500473187562e-10
85,0.11349430951510991,4.593128949273549e-10
86,0.06306985302835817,3.5030431683283254e-10
87,-0.047957114943356915,3.6318176363023816e-10
88,-0.1217788062635725,3.556474178021269e-10
89,-0.5816799453576735,1.7795906418234083e-10
90,-0.6299743350877324,8.410806655339437e-11
91,-0.0884681563855205,8.71999414492066e-11
92,-0.6148325353521684,4.121295261342308e-11
93,-0.6614353058368904,2.6478474460421954e-11
94,-0.6584081707852555,2.6133199078698713e-11
95,-0.05363804108015983,1.2974452485522092e-11
96,-0.6544625645509742,1.2805267548578425e-11
97,-0.4197677567984778,1.2604377341686052e-11
98,-0.2965283176115849,6.274581098809049e-12
99,-0.06003386809837123,3.11516604181262e-12
100,-0.6477857390481616,3.074544738417359e-12
101,-0.06625051752793153,1.526431360488415e-12
102,-0.6354349402977657,1.5065269218247795e-12
103,-0.07729101306774343,7.479513666392778e-13
104,-0.6385810813395013,7.381981916941775e-13
105,-0.39360875060024025,7.266172710383211e-13
106,-0.3169763142683561,3.617171139301006e-13
107,-0.07074174355094262,1.795831231300712e-13
108,-0.05547444281846484,1.36962719274715e-13
109,-0.10184500587504515,1.4199757039547523e-13
110,-0.5999132284273516,6.711173244461135e-14
111,-0.6004849598289432,4.311790786354472e-14
112,-0.11967796037443097,3.288474889785973e-14
113,-0.5860561232962259,2.1127774853137264e-14
114,-0.486086152593876,2.0852271801019103e-14
115,-0.23293309187258548,1.0352609678037314e-14
116,-0.14095765776910554,7.895628210376253e-15
117,-0.564517531997814,5.072778742238303e-15
118,-0.15241783794405464,3.8688578230843624e-15
119,-0.5571844586748358,2.4856615836967737e-15
120,-0.46925124259277806,2.4532489251181256e-15
121,-0.3099668956740088,2.4147621319097295e-15
122,-0.19190496022072567,2.225286781230556e-15
123,-0.5151886468034836,1.1832334446357674e-15
124,-0.3945419043100618,5.890250669208613e-16
125,-0.25012724688670096,2.9243559966034117e-16
126,-0.46018648964512676,2.8862228279122203e-16
127,-0.2537862447112162,1.4329344383356717e-16
128,-0.17678629278649977,1.0928565769213436e-16
129,-0.5317972703946675,7.021378747844791e-17
130,-0.18503080941916475,5.3549972269145817e-17
131,-0.5206236265763108,3.440475586443948e-17
132,-0.1957800945163056,2.623948641188145e-17
133,-0.5104135144382121,1.6858330373575346e-17
134,-0.42585683317218104,1.6638500244571196e-17
135,-0.30760818027345793,1.6377473933032185e-17
136,-0.39915082309354233,8.152865119839882e-18
137,-0.31741213415000674,8.02496222718577e-18
138,-0.39212484400178943,3.9949039087215416e-18
139,-0.2733362176443149,1.9833657101207647e-18
140,-0.4380592489384427,1.9575029152735557e-18
141,-0.274070759210416,9.718491979591746e-19
142,-0.2020577948842082,7.412005457828325e-19
143,-0.182873366677173,7.684476274588386e-19
144,-0.5246673906902559,3.631882674335879e-19
145,-0.19117071695485693,3.7653933745483083e-19
146,-0.5164138339519303,1.7796225104245804e-19
147,-0.4798423550791166,1.1433708629069887e-19
148,-0.23541296646140725,8.720150301080442e-20
149,-0.20173587490589748,9.040709492290486e-20
150,-0.1961571450534035,8.853156484983979e-20
151,-0.5126162501271234,4.429947651222336e-20
152,-0.20461481090059627,4.3380466776421493e-20
153,-0.49970986621234564,2.1706743490989448e-20
154,-0.4723280974140803,1.0259169627718126e-20
155,-0.4091572127933106,6.591305493857067e-21
156,-0.29302743878700915,5.02699311758188e-21
157,-0.41457919352357736,3.2297396919899626e-21
158,-0.29838997707101805,3.187624365180799e-21
159,-0.4095004278698634,1.582572449075081e-21
160,-0.28284320859097795,1.2069810475314091e-21
161,-0.20277031988547445,1.2513505658359942e-21
162,-0.5028027081356483,5.914207132903905e-22
163,-0.21060794465883412,6.131617772596371e-22
164,-0.17956059449209405,6.00441499565888e-22
165,-0.5195000628201831,3.0044927085722207e-22
166,-0.44800601413657143,1.4200011326102267e-22
167,-0.3262374317845092,9.123215237000473e-23
168,-0.22044408714326644,9.004249862729126e-23
169,-0.17799626125921753,8.862990368466075e-23
170,-0.17929020994260694,8.167552012058215e-23
171,-0.19497861897542382,7.145766351209547e-23
172,-0.5164209362314516,4.0021004859085255e-23
173,-0.5248865134814068,2.128003987468705e-23
174,-0.19008056654242084,1.9610292380951778e-23
175,-0.5225767962342344,1.0427219538596649e-23
176,-0.5110305761355823,5.190770861291072e-24
177,-0.1968253742444962,5.1093375739123564e-24
178,-0.17766796979386348,4.708431200666521e-24
179,-0.5202238368574489,2.503575411217055e-24
180,-0.19207202944384966,2.3071312883265943e-24
181,-0.5131502774623663,1.226751951496357e-24
182,-0.44172510451655855,6.106890010600327e-25
183,-0.3195644200357231,3.031911785427624e-25
184,-0.21467436388148758,2.312349153390729e-25
185,-0.5034041848477033,1.4856367748595355e-25
186,-0.39343323972125266,1.4662642915451386e-25
187,-0.26362355825293227,1.443261403415948e-25
188,-0.45115094588898297,7.184695028571177e-26
189,-0.2550856835845532,7.071980876738145e-26
190,-0.46887809316165074,3.5205005639998776e-26
191,-0.3532007595606713,1.7478368092544937e-26
192,-0.23136750035074719,1.3330232711816027e-26
193,-0.4870417347336959,8.56440036534702e-27
194,-0.3516877199239591,8.452721854163703e-27
195,-0.21414287949356683,8.320114781673662e-27
196,-0.4878026249376533,4.141833708540214e-27
197,-0.33784658809651713,2.05631252771982e-27
198,-0.18825516117035562,1.5682885483124427e-27
199,-0.13248075432686932,1.6259399982615016e-27
200,-0.13071103067718917,1.5922092455330872e-27
201,-0.5983352895900597,7.967105991481359e-28
202,-0.6298417835961566,3.765460804498174e-28
203,-0.5197270280589055,2.419231125737089e-28
204,-0.22424650583469913,2.387684710482632e-28
205,-0.5083366059756105,1.1854232516111728e-28
206,-0.2083758741390393,1.1699655081364898e-28
207,-0.5206565847091088,5.808573932894748e-29
208,-0.19453028648365603,5.732830989868797e-29
209,-0.06800035045191606,5.642893813683089e-29
210,-0.0740054909575773,5.200121720289623e-29
211,-0.6416798626514714,2.7650179687047135e-29
212,-0.6504359513605024,1.3764527206674977e-29
213,-0.0662320377911402,1.3548588046653094e-29
214,-0.6314918993683539,6.744618331270739e-30
215,-0.43324398295204597,3.348527281692555e-30
216,-0.2819616290628389,3.304862982322662e-30
217,-0.4153542587212383,1.640778368029352e-30
218,-0.2984764235980189,1.619382861338104e-30
219,-0.3989722911294685,8.039814003343825e-31
220,-0.31638757956540486,7.934976020556707e-31
221,-0.3827399321232914,3.9395088616384734e-31
222,-0.08220157907433914,3.0045465124573823e-31
223,-0.05683461634519111,3.114995870178541e-31
224,-0.10364651158783174,3.0503740787475097e-31
225,-0.6200438665834392,1.5263479763874847e-31
226,-0.6356062717322961,7.213916176410175e-32
227,-0.0791925363025525,7.479105084298673e-32
228,-0.6311389877011178,3.5348189264409844e-32
229,-0.4419377320294804,2.2710484625082323e-32
230,-0.27393148299028436,1.732061273956082e-32
231,-0.4383194277793033,1.1128137466290336e-32
232,-0.2824894087795063,8.4871002423848e-33
233,-0.4298316097967436,5.452787358482265e-33
234,-0.11974200623612373,5.381683819645096e-33
235,-0.5941053481860256,2.671865805656309e-33
236,-0.11487724628759294,2.6370250716260975e-33
237,-0.044592571798790934,2.5956551814458194e-33
238,-0.6694876797910666,1.2921422850967871e-33
239,-0.041518552119704594,1.2718710389084505e-33
240,-0.6693209592446292,6.331497196974255e-34
241,-0.549579369432004,3.1434234016965898e-34
242,-0.1629676023001897,3.102433626517385e-34
243,-0.0350834299434552,3.0537623644191896e-34
244,-0.06022796038610136,2.814147585289129e-34
245,-0.6526801923750314,1.4963435585654027e-34
246,-0.6333728192768973,7.44894313726824e-35
247,-0.3773224741310775,3.698206197862018e-35
248,-0.08111095939871339,2.820512130924177e-35
249,-0.6323961190913863,1.8121210369523893e-35
250,-0.356056212416149,1.7884912472581035e-35
251,-0.35812646008538385,8.879393081066707e-36
252,-0.3567819944978678,8.763607111564709e-36
253,-0.06487630882033386,8.626122842761385e-36
254,-0.030822295235218157,7.94927039877295e-36
255,-0.6744864302645948,4.226800192953081e-36
256,-0.03656097158906609,3.895142495398744e-36
