t,lambda,delta_s
1,-0.7705511751726137,1.1647988954565922
2,0.08978085788700502,1.115943929120016
3,0.295662186129027,1.0495015816716884
4,0.28376185273544574,1.212282517113958
5,0.49919734305290525,1.3185099400071911
6,0.02542250871266314,1.1764246109418235
7,0.3927808042539957,0.8928878075333812
8,0.3834882138050624,0.8408410493809435
9,0.500764460145642,0.903921239703718
10,0.23755884352687065,0.6238925391135577
11,0.0697564646840548,0.591556188767334
12,-0.03660327054736503,0.4044407274739948
13,0.39878055551809877,0.45108478558150966
14,0.34871934561691814,0.501373015020344
15,0.37481403465817176,0.5159404655161004
16,-0.18667581543066408,0.3322216710919126
17,-0.18955438187775747,0.27199857145755
18,0.11763354610938166,0.31486989410216737
19,0.23768580372763204,0.3873077561114414
20,-0.3833329882290572,0.2632816388836148
21,-0.21046489478445804,0.2368108544953496
22,-0.23457340568074098,0.16610189924630228
23,-0.22042813689675542,0.13183702208382045
24,-0.3183530814467489,0.09155864241732033
25,0.22853914063675274,0.08856818085529886
26,0.1134218726633644,0.09180373415516811
27,-0.7115858389994103,0.0488289873415096
28,0.03799051387442122,0.048054634114994214
29,-0.6629796340064766,0.026129687819551797
30,-0.04020532508857457,0.024133502824361486
31,-0.03766776215633064,0.0259977677579013
32,-0.0953269641596849,0.02538410921873139
33,-0.5778799904276319,0.012944867157852782
34,-0.12444045791558643,0.012450856375954692
35,-0.566089334298875,0.0064228521667306915
36,-0.45918564531336364,0.0035701527512485005
37,-0.2604173879065879,0.0030284900245175043
38,-0.46201178801842085,0.0017637713505517384
39,-0.2399272638097222,0.0014886662476899224
40,-0.47787676101025794,0.000866852698549969
41,-0.23268775769089617,0.0007303425542159699
42,-0.1166760753650108,0.0006974399774077598
43,-0.607322249951415,0.00035794556318265945
44,-0.4897526250114382,0.00020886523307796177
45,-0.23078626248399464,0.00018979139470328633
46,-0.4834377721836931,0.00010239563939434365
47,-0.217416461123498,8.607026923268907e-5
48,-0.08044593730547199,8.221829306088039e-5
49,-0.08210787554795237,7.726623594184277e-5
50,-0.1182732308469679,6.902464357513273e-5
51,-0.6005871111533845,3.786015806865584e-5
52,-0.6450968197252838,1.9738937003032137e-5
53,-0.05880816538277077,1.8551579237808867e-5
54,-0.6584226013141155,9.672104486593253e-6
55,-0.5749601996665558,4.960677020713013e-6
56,-0.2400521191322603,2.8953404546717933e-6
57,-0.04147244672723733,2.6283797425811032e-6
58,-0.6699615838897695,1.4187268147896292e-6
59,-0.4648163406696613,1.191084383875996e-6
60,-0.10942126324251857,1.1379480358080269e-6
61,-0.5831991311143366,5.8363224972771e-7
62,-0.11941484347638529,5.575947166986245e-7
63,-0.0006780629253576665,5.240570071041703e-7
64,-0.0496012253330859,4.681823173953646e-7
65,-0.6643623165878356,2.567879202731387e-7
66,-0.6800084612255878,1.3387841565027347e-7
67,-0.02517655675216559,1.2582608565506163e-7
68,-0.027424440187147757,1.1241060669333666e-7
69,-0.6842593152806382,6.16547811979565e-8
70,-0.6315207422679131,3.214420353119963e-8
71,-0.25883851765358484,1.648614454837986e-8
72,-0.014716863882328896,9.622334967371577e-9
73,-0.6979918709741253,8.078210944619231e-9
74,-0.44791431951207783,7.717823512915479e-9
75,-0.06668977975336007,7.2536238125067285e-9
76,-0.6359396715848443,3.781733516763094e-9
77,-0.24105712916948863,1.939578408144812e-9
78,-0.009990865356952117,1.132058136884608e-9
79,-0.7014523712768488,9.503934205025902e-10
80,-0.011909745951647142,5.547084872231278e-10
81,-0.6981808825039623,4.656927761201364e-10
82,-0.462392407144269,4.44917166625864e-10
83,-0.2426141338142409,2.2818946043949314e-10
84,-0.005557050701243497,1.3318550823774443e-10
85,-0.036569630981336254,1.2090604866713667e-10
86,-0.10037320453513385,1.1665320470346773e-10
87,-0.6072370715116495,5.924396385685214e-11
88,-0.6485258499198392,3.197784055613323e-11
89,-0.6361627846724487,2.6846261871693615e-11
90,-0.08125403235863587,1.5669141872624705e-11
91,-0.07097630127969137,1.4224475722204335e-11
92,-0.6378157234786194,7.67787951770003e-12
93,-0.6130871337505329,6.44578747572062e-12
94,-0.39818824421176885,6.158226292811633e-12
95,-0.13258221927660974,5.787830841037409e-12
96,-0.5685579544222543,3.0175308834816576e-12
97,-0.29563286868674593,1.5476335729208446e-12
98,-0.09334951458696004,9.032948474082797e-13
99,-0.624993888678218,7.583404507315394e-13
100,-0.08866547085118437,4.4261447523029804e-13
101,-0.07968653533028844,4.018062321611654e-13
102,-0.11779519440214897,3.876727852933647e-13
103,-0.15674362152924481,3.563182046585447e-13
104,-0.5519227504200898,1.8995966479382448e-13
105,-0.5799468164610718,9.647367634207394e-14
106,-0.5971091342511198,5.207315039669785e-14
107,-0.11858840736437319,4.727210140761684e-14
108,-0.5883912551959208,2.551584369438321e-14
109,-0.12767112033943134,2.316332968973243e-14
110,-0.582655378017551,1.2502763410247991e-14
111,-0.5301274483383848,1.049640797479788e-14
112,-0.36940434874847,1.0028139434319512e-14
113,-0.3409519153157719,5.143239907650997e-15
114,-0.1788001343387303,3.0019134948007007e-15
115,-0.13024807117334863,2.725142574667594e-15
116,-0.5759336982508386,1.4709376124523473e-15
117,-0.1400680484267498,1.335319861587122e-15
118,-0.14473780904047434,1.2883502757385052e-15
119,-0.1688467581588931,1.1841498156102087e-15
120,-0.5353628882812944,6.312916351118684e-16
121,-0.18119744571732257,5.802334096490019e-16
122,-0.5248576545779198,3.0933290120481563e-16
123,-0.19028318037747693,2.843143707280107e-16
124,-0.2002847157802509,2.490508180787589e-16
125,-0.21359358253466498,2.1204549162907423e-16
126,-0.22655626058498873,1.7569764844544152e-16
127,-0.23870718491903195,1.421965303290316e-16
128,-0.24665433296595468,1.1302438189122624e-16
129,-0.46129984130059704,6.967629986122547e-17
130,-0.44759676384300867,4.2185005391750514e-17
131,-0.41546652767059705,2.494694004466897e-17
132,-0.3645178653151513,1.4357284051112506e-17
133,-0.3519528072429381,1.2224000621887795e-17
134,-0.35606020712084313,7.035069185045127e-18
135,-0.2950609484687433,3.935276860618003e-18
136,-0.41013565775122907,3.447183900672112e-18
137,-0.33613416533603285,2.9349825493152584e-18
138,-0.37198846225108895,1.689120111329335e-18
139,-0.2866490076943491,9.448599742343824e-19
140,-0.22854820805135617,5.037219026030162e-19
141,-0.20445359632513338,2.5582222336979523e-19
142,-0.5025517853374534,2.468237322754779e-19
143,-0.21219340208502457,1.2535288945119965e-19
144,-0.20545835650492977,6.766114978253819e-20
145,-0.21132821413348546,5.680336489285885e-20
146,-0.22281586858748223,5.426923809095553e-20
147,-0.23481497352195002,5.100513605809727e-20
148,-0.475972096660267,2.6591926664568203e-20
149,-0.2392790515497154,2.4992516668467655e-20
150,-0.4709542993106943,1.3030044065638419e-20
151,-0.4635274827685009,6.682859076279947e-21
152,-0.252666043909511,6.384721592162824e-21
153,-0.45359975693082083,3.2746009473771738e-21
154,-0.2620793486856331,3.1285135801597833e-21
155,-0.24789637764791828,2.9403445935285507e-21
156,-0.46207305148517525,1.5329716542782939e-21
157,-0.2530271535591877,1.4407688508289896e-21
158,-0.24532962764300642,1.2871552867376367e-21
159,-0.24377628242706825,1.1024304137512591e-21
160,-0.46672780082364873,6.307060905014418e-22
161,-0.4488018984412801,3.459286010840403e-22
162,-0.26747910134030817,3.0904598434570636e-22
163,-0.24748157499420947,2.646935423416772e-22
164,-0.25010320383235407,2.197291587282846e-22
165,-0.2504231649171922,1.7821131451116353e-22
166,-0.24540486191852778,1.4196724527033768e-22
167,-0.4625525230067235,8.732354411047011e-23
168,-0.4520177599433313,5.275697101066112e-23
169,-0.26310924744257397,4.2788536614130345e-23
170,-0.2379820877636321,3.408633558940807e-23
171,-0.4660119555930738,2.096638294092387e-23
172,-0.42814273456454927,1.2666948739659729e-23
173,-0.36816457253052703,7.476937428165727e-24
174,-0.286520017676902,4.277594227644669e-24
175,-0.4288141321992645,3.663699339801206e-24
176,-0.3481610707682091,3.0413343923923005e-24
177,-0.28687320958654244,2.466673986616751e-24
178,-0.2266448475899222,1.9650094149215515e-24
179,-0.20028642882624245,1.5433453048419513e-24
180,-0.5106955066335984,9.628546133115601e-25
181,-0.46734871041312,5.922484241866819e-25
182,-0.38590847024353087,3.578099499305616e-25
183,-0.2937939995684417,2.1120497617785325e-25
184,-0.22542564268584184,1.2083144945748902e-25
185,-0.48895341531670194,1.0349043832714804e-25
186,-0.22404374850111014,5.920741023416961e-26
187,-0.2018484238601392,3.247397940906416e-26
188,-0.5070152395030163,2.901163101474311e-26
189,-0.4773206265774012,2.4848054242348247e-26
190,-0.22749503338310395,1.421569919722412e-26
191,-0.4789331079328712,1.217554657875064e-26
192,-0.2316041104408202,6.965692606639819e-27
193,-0.4907670397804391,5.966017823587813e-27
194,-0.4233437732951998,4.95255028036433e-27
195,-0.33386718814504185,4.016765461418691e-27
196,-0.37706047151139055,2.426749637378522e-27
197,-0.28190055319461854,1.4324408794434338e-27
198,-0.4370157815159116,1.1891073223154756e-27
199,-0.3587278123785248,9.644253872866275e-28
200,-0.27169179108086144,7.682835171124015e-28
201,-0.42967568416667734,4.725684397704474e-28
202,-0.28622052338101406,3.7645892338507666e-28
203,-0.20847576080079797,2.956759939470363e-28
204,-0.17275186820563582,2.296067389110787e-28
205,-0.5332741764930403,1.4488123703404773e-28
206,-0.44846557191090525,9.038778750475687e-29
207,-0.28388079593668925,5.559720437055333e-29
208,-0.16636264607258106,3.3589338695878693e-29
209,-0.5513340042560325,2.7242630141571135e-29
210,-0.14937847832944823,1.645877596098056e-29
211,-0.12841774275885423,9.715144549306484e-30
212,-0.1504991456296119,5.5580839941631075e-30
213,-0.5516183607654278,4.760420829160177e-30
214,-0.5594042878637039,3.951752108231431e-30
215,-0.5459431491155103,3.205068193525701e-30
216,-0.45765748782265697,2.553231278196527e-30
217,-0.23451259835930266,1.5704834148275935e-30
218,-0.12783075654383316,9.488156811863663e-31
219,-0.5675568927668522,7.695368732655207e-31
220,-0.13108339005790515,4.649196837813195e-31
221,-0.10337885481727106,2.7442878756363403e-31
222,-0.5955558636819531,2.278106450528465e-31
223,-0.1283336931499956,1.3447010590618068e-31
224,-0.1529670614014881,7.693103685049272e-32
225,-0.5424919380488665,6.589035189402852e-32
226,-0.17978763513961074,3.769620805674143e-32
227,-0.20164099558779836,2.067555191812704e-32
228,-0.4899433540238952,1.84711419478033e-32
229,-0.45292605781227124,1.5820273489756247e-32
230,-0.2718448774316749,9.050859554423617e-33
231,-0.24949227419611614,4.964200015542302e-33
232,-0.44141855432298815,4.434921181667571e-33
233,-0.3627750779048795,3.798447664890474e-33
234,-0.28632881901400775,3.1531925656215166e-33
235,-0.23800021566560525,2.5573965479980865e-33
236,-0.21982791771425944,2.0372811006924936e-33
237,-0.48490757257465594,1.2531243085190622e-33
238,-0.2387546826860553,9.982677393393216e-34
239,-0.24052109393110488,7.840531535295665e-34
240,-0.24901914725024304,6.088552719877499e-34
241,-0.2597108044760627,4.683935978434331e-34
242,-0.446618061479778,2.9833908327399746e-34
243,-0.27213439587897265,2.295128629432823e-34
244,-0.27746220588371806,1.751679639767686e-34
245,-0.2832171739579021,1.3278862256390308e-34
246,-0.4220418372822312,8.58323023486166e-35
247,-0.2938849118013376,6.50664250563125e-35
248,-0.4076550299161399,4.205782815082213e-35
249,-0.30788413620138716,3.188254827759312e-35
250,-0.39669368765801577,2.0608335793902843e-35
251,-0.3182403009028243,1.562244865602063e-35
252,-0.288033133715461,1.1774159280120649e-35
253,-0.2699256044237157,8.829252203233592e-36
254,-0.2479394782963601,6.591861673948628e-36
255,-0.2258051079691892,4.9024255809589405e-36
256,-0.48522308070655396,3.2300122202348275e-36
