t,lambda,delta_s
1,-0.24767031385482724,1.120708242478725
2,-0.150191777059661,1.0615288534694924
3,-0.04884736821984011,1.0697776659823757
4,0.5300481433079858,1.031470570205751
5,0.5187249840356717,1.0721137211214014
6,0.5329674762672477,1.074822947564929
7,0.6273754764216707,0.9880759515612224
8,0.21066328610474358,0.8639453341526965
9,0.21708365716238087,0.8930246135817517
10,0.14074245210257014,0.7535897856424761
11,0.17576539193586452,0.6961641637371229
12,0.08619118846934037,0.7963394825977884
13,0.7509428844885168,0.6721660886460754
14,0.2531086064763395,0.787974830507078
15,0.5155398675848074,0.6636024404292219
16,0.22355621308609971,0.6792929609369551
17,0.13777757626319864,0.6693400721978094
18,0.05562994540277679,0.7340983666675467
19,0.14074562167518692,0.5532666145083532
20,-0.12594109860132888,0.5482306407219064
21,0.1601685431577074,0.6527169364530806
22,0.3089104883689383,0.7175643528169845
23,0.34696658520820345,0.6093599024025877
24,0.37473349471108336,0.6760866817550313
25,0.338814835958894,0.5802216649114853
26,0.1616968715259043,0.5905604385776636
27,0.44544742978880886,0.6791512243439815
28,0.5718978908198495,0.8009050267177468
29,0.4907203221166539,0.8209741346601946
30,0.5768448913478323,0.833709574371662
31,0.19447050753353873,0.7526991616633844
32,0.19409944013894884,0.7299753321579997
33,0.2667175990012738,0.7396931951327108
34,-0.10611260701898176,0.623617362772887
35,0.4364017448379007,0.6890569491944681
36,0.5530715616224925,0.8889524902393985
37,0.22406872038791228,0.8341432048395601
38,0.5073669276298384,0.8820107096909849
39,0.3957287524766664,0.8922820077737228
40,0.3435217635534232,0.7411480307686422
41,0.5270236246446433,0.7201047415395722
42,0.3145472337096939,0.7643075234433978
43,0.4345833163613058,0.5451349770724192
44,0.7216261169434585,0.6078641729838477
45,0.7636181663924755,0.7300562897247734
46,0.45607725690376677,0.4820993924797047
47,0.33313819653289356,0.5066547281111077
48,0.012445792442837552,0.324170378599256
49,-0.18097921809372716,0.29295585490972903
50,0.028707734274946994,0.20548234358203837
51,0.1625404748017188,0.24621414801587743
52,0.3818124395901572,0.2749380370271776
53,-0.22594348124710126,0.17423356997147232
54,-0.001173069359199497,0.15435657958910026
55,0.2116741614335098,0.16451919755573502
56,0.13393043321957943,0.16569277877455726
57,0.3952125639203774,0.17258422004404736
58,0.29650924961735886,0.18278261130891324
59,0.2664646151444861,0.19506517698298478
60,0.3061617053265028,0.2337338752169764
61,0.2442381582375656,0.24621262217036025
62,0.43009666813289704,0.26945353612410045
63,-0.4421886494718156,0.18335999296956462
64,0.27623305346381327,0.20845674576182885
65,-0.13983034141854897,0.15296752618464932
66,-0.006674677867918502,0.18285421038094232
67,-0.31327324126819295,0.10835116224633481
68,-0.3470818256441705,0.10048995150881992
69,-0.07258335711999042,0.060620946765686044
70,-0.31040585005549953,0.05112070478337489
71,-0.015710036566279895,0.06023513803534436
72,0.01471039148591167,0.06574390892324557
73,-0.380120380120976,0.032498982654480105
74,-0.1498860898595525,0.034588229199312676
75,-0.31128881651322343,0.01769113717587148
76,-0.2325969906918224,0.018503778607830916
77,-0.3325085677073537,0.009350894784123962
78,0.1621392597982334,0.007727071059845413
79,0.08960085622361945,0.00821163183098808
80,0.0021697191231157395,0.008219110629996147
81,-0.6309387128570654,0.004275296234751415
82,-0.009917881141966246,0.004266233405367876
83,-0.011830845349536578,0.003959342941212579
84,-0.6457192186512712,0.0022120431425254566
85,-0.5890156700976246,0.0011524333660391693
86,-0.0592270836801217,0.0011469614302260114
87,-0.5701265510485178,0.0005981102696171437
88,-0.17802310846167602,0.0003106908135466546
89,0.028718769125501475,0.00023305852727315175
90,-0.6881508219971751,0.00016105810674820026
91,-0.4744715869199863,0.00016075148850009326
92,-0.0340197637183601,0.00015981413727497978
93,0.04868409677518457,0.00014832695475332772
94,-0.01824606619728003,0.00013129098624808296
95,-0.08010051224404416,0.00011254921907049743
96,-0.12177912459037402,9.42977889421545e-5
97,-0.531382095877241,5.834231236332729e-5
98,-0.5518428114607462,3.527855758547418e-5
99,-0.0988786691615468,3.0245135602872477e-5
100,-0.54059954698496,1.8288136718769205e-5
101,-0.4567008689934711,1.071007560941554e-5
102,-0.2665727248794487,5.981910357448978e-6
103,-0.13186425034079527,3.1213154409761476e-6
104,-0.5251869123883675,3.1010226551148803e-6
105,-0.12404776186876681,1.6180917367380714e-6
106,-0.5371942821945661,1.607570781407146e-6
107,-0.37842888083025433,1.4920678848919793e-6
108,-0.16573042760620432,1.3207842551263213e-6
109,-0.4634952656872775,7.734875948540856e-7
110,-0.20949203151808637,4.3201589117439275e-7
111,-0.06761601190802832,2.254231014319171e-7
112,-0.06966051583336287,1.1836258347955322e-7
113,-0.09626102602435267,8.973244666423026e-8
114,-0.5633095266800376,6.135916842053665e-8
115,-0.5815531683422284,6.057988816330404e-8
116,-0.5100722711738233,6.018590436812237e-8
117,-0.2806444235527594,5.586160809767734e-8
118,-0.378633012289694,3.1200372845555657e-8
119,-0.15441061904042117,1.6280152539690387e-8
120,-0.4846842091637853,1.6174273346598114e-8
121,-0.1741049114827909,8.4396311289442e-9
122,-0.4609368814787231,8.384743323137007e-9
123,-0.19787411841471295,7.782308008321143e-9
124,-0.46145248355802587,4.346650938856119e-9
125,-0.20169629304898262,2.268054339926287e-9
126,-0.058331676697518195,1.1908849456584392e-9
127,-0.0444840835676055,9.028285381344106e-10
128,-0.07316882819151514,9.301325034736203e-10
129,-0.5898431277711418,4.680263143234876e-10
130,-0.6071188660433366,3.200367059674458e-10
131,-0.04380902636189448,2.426248413574001e-10
132,-0.04399350530960103,2.499624695592104e-10
133,-0.0737192355102621,2.434306922223734e-10
134,-0.10920042827026835,2.2321601563195822e-10
135,-0.13038017517617534,1.9598591370905576e-10
136,-0.537359881489448,1.1571518251088596e-10
137,-0.5572225073965307,6.541921370110369e-11
138,-0.5171729714721645,3.48232888665289e-11
139,-0.1293767955183183,3.391332038248998e-11
140,-0.0774703489302027,3.1097131518156255e-11
141,-0.08368093346920237,2.7303595204283374e-11
142,-0.5712317309710058,1.612075297889828e-11
143,-0.07623790906810433,1.4154183753820065e-11
144,-0.5790498342198575,8.356998344298835e-12
145,-0.07192457615650717,7.337528857982387e-12
146,-0.07357589231103827,6.244087552988105e-12
147,-0.5828801539914661,3.803774959971109e-12
148,-0.06706502505675042,3.2369349874700907e-12
149,-0.5840765964522602,1.9718769392445422e-12
150,-0.47693559678367536,1.1642474481619039e-12
151,-0.17772381461421605,1.0222210053044106e-12
152,-0.46114739440833324,6.035458771267139e-13
153,-0.17963277948983583,3.4121275925858785e-13
154,-0.05301763561697271,1.816308972200567e-13
155,-0.5703882245934503,1.7688469439966468e-13
156,-0.08604362009637469,9.415745711887123e-14
157,-0.5571502510042569,9.16970255767863e-14
158,-0.11084015528826821,4.881122577042489e-14
159,-0.5324467435557416,4.7535738059005694e-14
160,-0.12826485533370213,2.530373943938822e-14
161,-0.08995066971434668,1.2732396583294334e-14
162,-0.5568419977755452,1.311745852537881e-14
163,-0.4945488125759021,1.2774685794514158e-14
164,-0.31223609739045755,1.1713865814011523e-14
165,-0.1535834991579748,1.0284892363146571e-14
166,-0.490861737205611,6.072468037983567e-15
167,-0.16646740392486029,5.331688201055188e-15
168,-0.4780652968961653,3.1479674308906798e-15
169,-0.2789455780653272,1.7796934646686844e-15
170,-0.36958561546257007,1.6319063161737284e-15
171,-0.16691956399187277,1.4328302095205645e-15
172,-0.47830970859865923,8.459802343044604e-16
173,-0.18051026094882497,7.427791806154605e-16
174,-0.4661689183881894,4.3855615346343215e-16
175,-0.25165265296042816,2.479363390326671e-16
176,-0.4035445032033935,2.2734750995544325e-16
177,-0.18348950508629625,1.9961340739657867e-16
178,-0.09067173224846219,1.6986694249054298e-16
179,-0.088504771140241,1.4124329692870558e-16
180,-0.564407689568214,8.805902298709749e-17
181,-0.09134370382036476,7.322052512784098e-17
182,-0.10303971571714263,5.981464967386059e-17
183,-0.12029873532858093,4.818898985573953e-17
184,-0.1385176484576923,3.839165095296704e-17
185,-0.15540870448634814,3.0307777868642336e-17
186,-0.16017852429437146,2.374791410946528e-17
187,-0.1614224399737359,1.8507447622376487e-17
188,-0.505300553173683,1.2310918674346796e-17
189,-0.5155492869168269,8.144868581218809e-18
190,-0.4757635538843647,5.3484971292349556e-18
191,-0.34372417234680724,3.4802287798354794e-18
192,-0.17859460498085478,2.239404403143633e-18
193,-0.12695556936883,1.4210939692968777e-18
194,-0.13182939226571974,8.859899848720287e-19
195,-0.5235497268456872,7.366951136835013e-19
196,-0.13999442772683246,4.592972081576596e-19
197,-0.16787234369579948,2.7979479863826846e-19
198,-0.1895830372466187,1.6519812866618257e-19
199,-0.2037385366587185,9.339424133734335e-20
200,-0.4481906888963895,8.563870990054906e-20
201,-0.21163877613860035,4.8415574709278794e-20
202,-0.21792546777361518,2.5772085114805938e-20
203,-0.21954518190038563,1.2968059888782353e-20
204,-0.21923226057416878,8.86756799576595e-21
205,-0.22054094707810176,8.75493993564749e-21
206,-0.43665165304988046,4.596947249005069e-21
207,-0.42913590706279775,3.485017740505129e-21
208,-0.22483312617148934,2.3830574538842276e-21
209,-0.211450341875509,2.3527899511923982e-21
210,-0.44328600256625966,1.2353769840935832e-21
211,-0.21342000454195892,1.2196863106981392e-21
212,-0.197783167333161,1.2117539724024145e-21
213,-0.45542221412632444,6.322853834659153e-22
214,-0.42100608578260246,3.3199343176245243e-22
215,-0.23470925082873242,3.277767427887305e-22
216,-0.42415808938770255,1.721053950256554e-22
217,-0.2308374942679303,1.699194634616779e-22
218,-0.42387122024821633,8.921943678129972e-23
219,-0.34476405751157047,6.763865303174868e-23
220,-0.25966174957117477,6.968422794971398e-23
221,-0.4004499890634461,3.5063877731658514e-23
222,-0.3238155305321424,2.3976702964617517e-23
223,-0.2488716659958091,2.3672171942782566e-23
224,-0.4032819221444377,1.242952281685772e-23
225,-0.2573373856448479,1.2271653935138483e-23
226,-0.20279251748632596,1.219184414338485e-23
227,-0.18645309977367472,1.1315872495621881e-23
228,-0.1824212737553743,1.0016861532021787e-23
229,-0.18427128484944888,8.587974407677774e-24
230,-0.46893577007952697,5.1927410182000955e-24
231,-0.18051942217946684,4.452005932940158e-24
232,-0.46912893067139483,2.691916943834929e-24
233,-0.44244897307140607,1.5764602473534681e-24
234,-0.228230075479084,1.395489743684027e-24
235,-0.42336885626075393,8.17236992228038e-25
236,-0.2233394717087219,7.234218831257994e-25
237,-0.4154837053228731,4.236556567710149e-25
238,-0.24370518714217124,3.7502190421241443e-25
239,-0.42215075612015873,2.1962309247009403e-25
240,-0.2520454650609226,1.9441135514371563e-25
241,-0.40029155139068523,1.1385261113649678e-25
242,-0.24625518240971672,1.0078284650650216e-25
243,-0.4070539608987871,5.90211936131599e-26
244,-0.2674675345629292,5.224582762897072e-26
245,-0.3942018809126376,3.05965867690621e-26
246,-0.3210525283922249,1.7089105494554004e-26
247,-0.2550879895637023,8.916984690622689e-27
248,-0.20832540928656143,4.682031920753173e-27
249,-0.19527465718490844,3.549521763376259e-27
250,-0.20247768564283347,3.6568688550832186e-27
251,-0.4455540931570836,1.8400720821342526e-27
252,-0.43963589746343723,1.2582425162572419e-27
253,-0.22126567861803478,9.538933673783965e-28
254,-0.22228087948425115,9.82741670223913e-28
255,-0.22359604977117215,9.570616160133255e-28
256,-0.22593972280376995,8.775864648299662e-28
257,-0.2322948218072895,7.705297698847013e-28
258,-0.42507320869106674,4.549408233678545e-28
259,-0.4224872141729617,2.571993605186941e-28
260,-0.4095391115239783,1.3690974135005125e-28
261,-0.3880202340974833,6.889057355181463e-29
262,-0.26864469901152566,7.097400991586656e-29
263,-0.24123337364165565,6.911938577871468e-29
264,-0.22006060863224428,6.337965748687626e-29
265,-0.42318384085246674,3.583148958768569e-29
266,-0.23087905717867585,3.2856014441196655e-29
267,-0.19628464406644225,2.884791215599342e-29
268,-0.179805884938132,2.4548985456867472e-29
269,-0.45874962085555954,1.4954757661666985e-29
270,-0.393222111557712,8.82967800826639e-30
271,-0.2983419460214971,4.9918306308506946e-30
272,-0.36366107674178044,4.5773050794852974e-30
273,-0.27963176613633145,4.018920039145354e-30
274,-0.38280479169425946,2.3728749532051785e-30
275,-0.2771806256208119,2.0834081482929502e-30
276,-0.36126816100694303,1.230098375741564e-30
277,-0.26520434167820156,6.954322394585295e-31
278,-0.19113396365392832,3.7018539952331617e-31
279,-0.16330337581780352,1.8627078133516139e-31
280,-0.1656960207669276,1.2737208443514436e-31
281,-0.1789437922437434,1.2575431609211898e-31
282,-0.4642565065817359,6.602968857117883e-32
283,-0.44071689936593944,5.005814154608614e-32
284,-0.38334783126371014,5.157203447855725e-32
285,-0.279393390421378,2.5950140577491055e-32
286,-0.37781508689233984,2.6734942673684087e-32
287,-0.2826332317229923,1.3452552875371368e-32
288,-0.36814621759760335,1.3859394282037828e-32
289,-0.29620251078325877,1.34972340040397e-32
290,-0.3649382117136243,7.18470999580841e-33
291,-0.311380032456044,3.61521968805116e-33
292,-0.3329570029444371,3.724553661827078e-33
293,-0.32916787724712737,1.874129886285721e-33
294,-0.31356782518478044,1.9308086182911578e-33
295,-0.2619614200950975,1.8803545961505387e-33
296,-0.2313739184613104,1.7242084679316558e-33
297,-0.22289234526895912,1.5138724299787837e-33
298,-0.22658565930164482,1.2882745921486253e-33
299,-0.2354636867422843,1.0711922406838265e-33
300,-0.2474658383250265,8.750686846070989e-34
301,-0.2552662560408415,7.04989098749747e-34
302,-0.26108670005530615,5.616572475553449e-34
303,-0.2638779977262172,4.4339283866886905e-34
304,-0.3846473832806134,2.911631171326908e-34
305,-0.2803722294881645,2.2985484756594173e-34
306,-0.3658276803257721,1.509389599215869e-34
307,-0.29755555550711277,1.1915675297818416e-34
308,-0.34638584365220526,7.824675682335064e-35
309,-0.31573869093770407,6.177086074389066e-35
310,-0.2634025786898813,4.840107716809556e-35
311,-0.21004074936765454,3.772038236394399e-35
312,-0.17939078194485084,2.9246893583478164e-35
313,-0.48029035248980634,1.955424621746857e-35
314,-0.1582983189303264,1.516158963367508e-35
315,-0.4997746011244853,1.0136921239135705e-35
316,-0.40808002353220907,6.742951028664529e-36
317,-0.2547343997837667,4.461117113258877e-36
318,-0.4079045540634842,3.495545813259692e-36
319,-0.2312055195268935,2.724181616638745e-36
320,-0.10349956531565603,2.1122227520169355e-36
321,-0.5435801855162123,1.4122157500655251e-36
322,-0.10697255228585192,1.0949762746455795e-36
323,-0.5444275948608309,7.320926448339683e-37
324,-0.3341225303416832,4.869787123828769e-37
325,-0.32238571088088125,3.795168270819291e-37
326,-0.09291363317824401,2.9426234728241746e-37
327,-0.05017115665928088,2.2702524254903e-37
328,-0.07556536366467795,1.743824190647468e-37
329,-0.5672464511265952,1.1768988573741712e-37
330,-0.08813569171911878,9.039984604316471e-38
331,-0.5606101791108511,6.101043676627704e-38
332,-0.08639171068004131,4.6863280188776583e-38
333,-0.0970514090136321,3.5857210792097246e-38
334,-0.5436726943513898,2.429392444986178e-38
335,-0.10721511789108593,1.858837807462322e-38
336,-0.5316113750891358,1.2593970434808345e-38
337,-0.11663201982716415,9.636215193884674e-39
338,-0.520913465342057,6.528714273404645e-39
339,-0.3351229726002697,4.4061989790607856e-39
340,-0.12855449893396126,2.960667558795842e-39
341,-0.06767317787500321,1.9794793675274323e-39
342,-0.08003027658323297,1.3167244888870572e-39
343,-0.5775178984502504,1.0261621041262213e-39
344,-0.0760279613077689,6.825899750390505e-40
345,-0.5800735522106433,5.31962434779033e-40
346,-0.07214769744746338,3.5385464306024376e-40
347,-0.5839480163055927,2.757693261894507e-40
348,-0.47059081484447296,2.138206357197444e-40
349,-0.20296259536886388,1.6496395863951308e-40
350,-0.41856363053773527,1.1084461755711548e-40
351,-0.15384237965174222,7.410985161232324e-41
352,-0.4973023132688721,5.746184974160865e-41
353,-0.2275974317247255,4.4332176696682296e-41
354,-0.04803640751354186,3.405239050941071e-41
355,-0.592596076317421,2.29818003995601e-41
356,-0.06919083538653525,1.7652759240078515e-41
357,-0.05603735830745514,1.3506922831347847e-41
358,-0.09153275829795508,1.0299255864420625e-41
359,-0.12871663894897326,7.829265660819983e-42
360,-0.15532692660336098,5.93523014785557e-42
361,-0.17922209668620573,4.488188904079205e-42
362,-0.4735837266501661,3.076823308648327e-42
363,-0.457168899066934,2.10402557954621e-42
364,-0.20408414735312005,1.595025203203293e-42
365,-0.1712137724730218,1.2061494230902237e-42
366,-0.46348555411291015,8.26861065340587e-43
367,-0.19529266431481399,6.252678609299717e-43
368,-0.46546649723651057,4.286447762725603e-43
369,-0.1985781547623811,3.2413885910609743e-43
370,-0.13981740516505006,2.4455758648595816e-43
371,-0.5083488935405286,1.6803358456060088e-43
372,-0.14758106607159843,1.2677865283432072e-43
373,-0.135581166386338,9.545502677759294e-44
374,-0.14095874679870524,7.173470133509212e-44
375,-0.16097642764333528,5.381504072936093e-44
376,-0.4980908801528832,3.718726917211175e-44
377,-0.5167817172856177,2.565244644097176e-44
378,-0.5264483895870843,1.7662050052584032e-44
379,-0.508557562145188,1.2135454980844964e-44
380,-0.42096488900354606,8.319313545867032e-45
381,-0.28254998639066875,5.689000228114878e-45
382,-0.19254493632017786,3.879589379877131e-45
383,-0.4646597107901993,2.9491777182547535e-45
384,-0.4046722071694569,2.235720342504799e-45
385,-0.24980243521897108,1.5288537291432642e-45
386,-0.4132117706165586,1.1589974255544876e-45
387,-0.24165443094436823,7.92557773187868e-46
388,-0.4121636108291268,6.008242654074466e-46
389,-0.24238653940827376,4.1086194962059074e-46
390,-0.424547137645569,3.1146729918722017e-46
391,-0.3732151267219714,2.355298853407862e-46
392,-0.2790707167737759,1.6146464789865489e-46
393,-0.38288512767328453,1.2209869256066353e-46
394,-0.3296896774789338,9.212151128092e-47
395,-0.26516521127671827,6.936074117780844e-47
396,-0.2069154478084939,5.212477771719277e-47
397,-0.45705112358516875,3.5956608226575903e-47
398,-0.20572387563735836,2.702148476859273e-47
399,-0.17012588103548776,2.027139273357869e-47
400,-0.15757664508136615,1.518309352005573e-47
401,-0.17034091049145464,1.1355105456309121e-47
402,-0.1814689096110186,8.480523888260746e-48
403,-0.4750453645526308,5.886486668550647e-48
404,-0.44894283095306947,4.0802826889251073e-48
405,-0.2096270519515409,3.051554688976656e-48
406,-0.162394819325928,2.2790437777767934e-48
407,-0.13631900926534923,1.699911788783799e-48
408,-0.5177480039700503,1.1814562943994894e-48
409,-0.4636058910313888,8.200704128768344e-49
410,-0.16617290373625357,6.124669430166953e-49
411,-0.47681432689207215,4.2512450203535075e-49
412,-0.2595774804311089,2.946797035250643e-49
413,-0.3845093537174842,2.2038454185512582e-49
414,-0.24835838598379992,1.5276195830739332e-49
415,-0.38942915968705477,1.1424734649769721e-49
416,-0.10265535926228986,8.532526226833029e-50
417,-0.5477024359389269,5.922582442440624e-50
418,-0.09998555516208624,4.423261595990242e-50
419,-0.00482608852508631,3.2992584895553803e-50
420,-0.045137388653583486,2.457931248258612e-50
421,-0.5939820257199134,1.7103356009855095e-50
422,-0.06833655310133803,1.2741915590972646e-50
423,-0.5705940960081818,8.866379755508877e-51
424,-0.09380975028671343,6.605409042360218e-51
425,-0.5452455997023686,4.596331265255802e-51
426,-0.4534643193483088,3.1944978205997326e-51
427,-0.19701968332394976,2.3827381279086077e-51
428,-0.09655446184933307,1.775128114254864e-51
429,-0.09804868179991187,1.3209811186791602e-51
430,-0.11707107513755094,9.819914854835463e-52
431,-0.5235532340127017,6.847966119232768e-52
432,-0.45301615503026477,4.7704537324036754e-52
433,-0.287842608752506,3.319489451612905e-52
434,-0.16019537173824466,2.307079539466368e-52
435,-0.5027961922337904,1.72082333171613e-52
436,-0.37342326246149543,1.2820048665927887e-52
437,-0.21589693418407574,9.540180278958303e-53
438,-0.13570442914243383,7.09198312636177e-53
439,-0.12309367140936314,5.266849497216571e-53
440,-0.5115581620517249,3.67648405270594e-53
441,-0.1472638550420552,2.7303347793570703e-53
442,-0.48517401526622367,1.9058893329227595e-53
443,-0.3722054068049442,1.3290813384634873e-53
444,-0.2248338659430326,9.25869217421241e-54
445,-0.14549603626276733,6.442601214065886e-54
446,-0.5089935292980536,4.799706023111713e-54
447,-0.14901380489036095,3.339844469371756e-54
448,-0.13928184694937726,2.321226487568312e-54
449,-0.15834821319861023,1.6112057408000316e-54
450,-0.17590135508501978,1.116824901278812e-54
451,-0.1953563640956734,7.729891572225636e-55
452,-0.20681975217163015,5.3415096350704984e-55
453,-0.4458846417167659,4.007175791041768e-55
454,-0.21200010537170416,2.769038594820546e-55
455,-0.440928553483145,2.0773199300760525e-55
456,-0.2126516643251299,1.435469607554971e-55
457,-0.21064419270470475,9.902127272378998e-56
458,-0.21345461844784627,6.817746132488952e-56
459,-0.4391938127702848,5.13326277800127e-56
460,-0.2160246932782996,3.534319595082273e-56
461,-0.4349575564619879,2.6610834241158584e-56
462,-0.21181294173276746,1.8321912780906508e-56
463,-0.43791126941679015,1.3795056470616613e-56
464,-0.21664461768713664,9.498079585621932e-57
465,-0.4322852135038438,7.15135727436765e-57
466,-0.21576994408581227,4.923804457186409e-57
467,-0.4295399861071611,3.70726361103219e-57
468,-0.2764401006232379,2.786018263108127e-57
469,-0.16262515907256167,2.0900579985904635e-57
470,-0.48088313885455986,1.4442718675952532e-57
471,-0.3731625592972966,9.962846843691905e-58
472,-0.2817286131048861,7.487105361613792e-58
473,-0.37152422569158017,5.164739803769884e-58
474,-0.2493501485164444,3.5559919453554125e-58
475,-0.17247064467550366,2.4432939571923803e-58
476,-0.4737127983938188,1.843426224472246e-58
477,-0.35441980581906546,1.3879647376398007e-58
478,-0.21218243163643108,1.0430591167316346e-58
479,-0.15334729149971082,7.824981188370076e-59
480,-0.16376033552873148,5.86084156807343e-59
481,-0.19519558077946236,4.383195952806702e-59
482,-0.434403207044098,3.038260268889266e-59
483,-0.3972110762798178,2.102874176589662e-59
484,-0.28315072043371525,1.5750341233921956e-59
485,-0.3358103749307778,1.0901299731440809e-59
486,-0.2462832656019102,7.533016085181229e-60
487,-0.4250310629170391,5.651233780778913e-60
488,-0.380481117372502,4.2327240227128074e-60
489,-0.24800957948532426,2.9295995919557895e-60
490,-0.16614115755290948,2.0244118951884404e-60
491,-0.5041120939948307,1.5187044284698812e-60
492,-0.445609154755113,1.1374961587412469e-60
493,-0.1915837452816511,7.872963757187862e-61
494,-0.47825502998198177,5.896780086914625e-61
495,-0.15761653570904832,4.081344411726187e-61
496,-0.5078595210596558,3.0568907970565415e-61
497,-0.23553878558232336,2.286182148792459e-61
498,-0.4152080406170659,1.5846921891941108e-61
499,-0.06619819598915817,1.0968146200713426e-61
500,0.01604349536554237,7.579208332039268e-62
501,-0.6707153639788319,5.685886990449839e-62
502,-0.5777575714859567,4.258678969672729e-62
503,-0.05978462618728056,2.9475638158491965e-62
504,0.05381113800259303,2.0368255330922345e-62
505,-0.7147098491295854,1.5280170821362226e-62
506,-0.6345404554621281,1.1444712538121327e-62
507,-0.12533777835579754,8.559251618640752e-63
508,0.09554261989256689,6.392449466612975e-63
509,-0.7317256242878688,4.4371160391033644e-63
510,-0.40803622201157325,3.075635567108669e-63
511,-0.23838032065516382,2.3002009546711838e-63
512,-0.4013346629117398,1.594409477989134e-63
513,0.10946630506403968,1.1035402570691855e-63
514,0.07369441740957079,7.625683828480963e-64
515,-0.7254155042863284,5.7207526926466575e-64
516,0.06505692118427076,3.953154496684531e-64
517,-0.03945925059375449,2.7269570005193252e-64
518,-0.6019510276258354,2.049315291081261e-64
519,-0.06365832499852694,1.4136545090692176e-64
520,-0.5774765151137174,1.0623650468965253e-64
521,-0.6191008684044602,7.969813382385715e-65
522,-0.044930779607381836,5.507300403111587e-65
523,-0.09841962275136541,3.799034771047684e-65
524,-0.5429901506648867,2.854984528973046e-65
525,-0.12344931797426228,1.9694196253111195e-65
526,-0.15133936384864607,1.3559715669547115e-65
527,-0.49131445122634204,1.020947133761284e-65
528,-0.4676482604293123,7.672444311384946e-66
529,-0.19597934051889926,5.292589941418498e-66
530,-0.1753949878202542,3.644018463043526e-66
531,-0.17870417757417867,2.5037762816872287e-66
532,-0.46700089966398817,1.889059171241764e-66
533,-0.43113077188599946,1.422322999527291e-66
534,-0.23404813407964123,9.792882743717304e-67
535,-0.2016758783557283,6.728612325027802e-67
536,-0.4423526464856028,5.07663041434305e-67
537,-0.3744240108689406,3.822330347478449e-67
538,-0.29115479852091786,2.8724912153582823e-67
539,-0.22243088407538775,2.154929606901653e-67
540,-0.19402113500257767,1.6140231794003944e-67
541,-0.19425200017959296,1.2070928356470756e-67
542,-0.20481154765022508,9.015133912618726e-68
543,-0.22042243778239803,6.724281720676138e-68
544,-0.42624133426034383,4.673445420301547e-68
545,-0.4116497204658181,3.243923904381117e-68
546,-0.3848103955811204,2.2485613739605347e-68
547,-0.3489099143500645,1.5562990755585312e-68
548,-0.3099884101923608,1.0754337793063872e-68
549,-0.3463457233920675,8.067854407695428e-69
550,-0.3103704805917415,5.575048711924312e-69
551,-0.27705875632094346,3.8457687717413463e-69
552,-0.2543743501390238,2.647862873175038e-69
553,-0.2431041395951589,1.8193256500349048e-69
554,-0.41178633108608353,1.3726521134539398e-69
555,-0.24630032727385737,9.431384169780946e-70
556,-0.2413133444774572,6.465570693787973e-70
557,-0.2397326450809303,4.421354352021745e-70
558,-0.41992286664095124,3.351751847659685e-70
559,-0.41440842866889865,2.5345766005937265e-70
560,-0.3913266928975884,1.912297519385346e-70
561,-0.3506666711484774,1.4398197712212727e-70
562,-0.3016351298106577,1.0820283095783882e-70
563,-0.3593299862954593,7.464025694011077e-71
564,-0.2960960209208905,5.609234756854364e-71
565,-0.25644105834215886,4.208021937536055e-71
566,-0.2321869141594957,3.15177114131994e-71
567,-0.4137598894754283,2.1814385724186915e-71
568,-0.23846257927590633,1.6338781596602572e-71
569,-0.21952717945945374,1.221941943596379e-71
570,-0.2152909610999435,9.12603399643385e-72
571,-0.21951601227633585,6.807000781052572e-72
572,-0.23226032329902122,5.071181897276755e-72
573,-0.23425136211163614,3.7737758091348417e-72
574,-0.23440904004888583,2.805351007892992e-72
575,-0.23894960566304235,2.083389269570506e-72
576,-0.41026593627782265,1.4542939624917264e-72
577,-0.3685553240984478,1.0141590767097318e-72
578,-0.29680105989948785,7.064869873046398e-73
579,-0.23097878134797495,4.916044119932962e-73
580,-0.18358587420665373,3.4167015649651996e-73
581,-0.16613466257766016,2.3715950190794857e-73
582,-0.4936765537920455,1.7712180912779588e-73
583,-0.16109141476143726,1.2294348578908055e-73
584,-0.16298790709467204,8.521962335554027e-74
585,-0.17233028264726077,5.898314477139164e-74
586,-0.4864913486109246,4.417785274751206e-74
587,-0.4913220307172729,3.3039655332337965e-74
588,-0.47021264690703646,2.467556002750397e-74
589,-0.3996614757105687,1.8405208269634414e-74
590,-0.23058887297089284,1.2791810318258058e-74
591,-0.4256194618704131,9.541259966978479e-75
592,-0.21352299336062183,6.631274468984979e-75
593,-0.45944387118952984,4.946189166881641e-75
594,-0.18772222140389636,3.4376526847218127e-75
595,-0.08211051882814514,2.386137574322945e-75
596,-0.08471115025691398,1.6539773868715577e-75
597,-0.11810858099410314,1.1447690545573247e-75
598,-0.14794862181878363,7.910583062794356e-76
599,-0.17357101644351347,5.4568623309229956e-76
600,-0.19385705088952135,3.757122184841069e-76
601,-0.21146186722558755,2.5814889549020398e-76
602,-0.22917729072420728,1.7697083516787376e-76
603,-0.4209235882087717,1.3382438742212171e-76
604,-0.4204692927237326,1.0096836056982427e-76
605,-0.4163210790345726,7.602176980439654e-77
606,-0.40695161129515056,5.7130558085639135e-77
607,-0.2514705124332441,3.940968546659917e-77
608,-0.24738563144996456,2.713409182509535e-77
609,-0.4028305992134572,2.042998094588502e-77
610,-0.2584819258810324,1.406631320212943e-77
611,-0.3948692467123117,1.059090212234679e-77
612,-0.3692563199780096,7.959090539945039e-78
613,-0.3372698594761856,5.970872863539517e-78
614,-0.3042319409680609,4.472130863180169e-78
615,-0.3509948399814909,3.0953004924588856e-78
616,-0.3181599706279554,2.1389145306144516e-78
617,-0.336673589191274,1.6046037752906866e-78
618,-0.3198602645736963,1.1088132926705315e-78
619,-0.28859862765452093,7.64879331999982e-79
620,-0.265653011557149,5.2662957808163597e-79
621,-0.2491443000421984,3.618430203381774e-79
622,-0.39624243315540425,2.730047732775202e-79
623,-0.2675290235113882,1.8757942174331118e-79
624,-0.24851498140669015,1.285927908511244e-79
625,-0.2330055045432166,8.793567070800103e-80
626,-0.2234564601059616,5.996735463379987e-80
627,-0.21606066437796173,4.076903717951248e-80
628,-0.4336288071600576,3.108707664216185e-80
629,-0.22335463022318058,2.1134668873859264e-80
630,-0.428126668752142,1.6115540531296708e-80
631,-0.22940074836812246,1.0956212344208642e-80
632,-0.1935045120031225,7.423036791403477e-81
633,-0.17678168111682702,5.009773098058425e-81
634,-0.4820409508632586,3.848102272663562e-81
635,-0.17485414818888906,2.5970663740334872e-81
636,-0.174638087371255,1.7450528671493337e-81
637,-0.1862709936736919,1.1667288127315525e-81
638,-0.19422755443910822,7.760931610682556e-82
639,-0.4493920652159941,6.048322165200368e-82
640,-0.20994319546551996,4.0232669469778373e-82
641,-0.204022151831753,2.661781904105915e-82
642,-0.44075647407313656,2.08566158531331e-82
643,-0.40005538730744145,1.6254173890920286e-82
644,-0.32173344629786454,1.2602843987326675e-82
645,-0.23832081532636287,9.723173010254108e-83
646,-0.19055052690545912,7.468554648265527e-83
647,-0.1763677055293498,5.714528245918462e-83
648,-0.4733054111448233,3.8716987296608504e-83
649,-0.18736876337750963,2.9624114426841307e-83
650,-0.4597649500577218,2.0070886214561842e-83
651,-0.41890832646910714,1.3545748005499575e-83
652,-0.3501450713856019,9.101826056901004e-84
653,-0.3121905440670357,7.022115766050978e-84
654,-0.33666104651785883,4.718386627897481e-84
655,-0.32335256308523147,3.6402648131208273e-84
656,-0.32501194206041106,2.4460116279020547e-84
657,-0.2246556071786597,1.63538440368954e-84
658,-0.1761835096065873,1.0878368971189248e-84
659,-0.16389099204268628,7.197097795225753e-85
660,-0.48163746492045106,5.639346474664506e-85
661,-0.17731014586525315,3.7309754970450294e-85
662,-0.16730110430899212,2.450022555453582e-85
663,-0.17757917687412295,1.594212131503054e-85
664,-0.18728413839322372,1.025819247147799e-85
665,-0.46386692530564777,8.26439568971183e-86
666,-0.19529910304903464,5.31784697721419e-86
667,-0.1928127793387569,3.374629548086141e-86
668,-0.4645725774715269,2.7567718729878357e-86
669,-0.44702577742647814,2.2209617969233637e-86
670,-0.20979844792820565,1.4291105389568941e-86
671,-0.1863729831838728,9.0689308528612e-87
672,-0.4586334019260725,7.408509033952537e-87
673,-0.3971569965878029,5.968580751201969e-87
674,-0.2931946875576162,4.755104217181508e-87
675,-0.3694362492135579,3.0941122614231014e-87
676,-0.26503684177483977,1.9909520495313958e-87
677,-0.3739122679430896,1.6039877963217354e-87
678,-0.2854456694523725,1.0321095424770755e-87
679,-0.17407785424072625,6.549619373834272e-88
680,-0.12716395994881083,4.083401446571547e-88
681,-0.533757743364815,3.3953226833956855e-88
682,-0.12250462311557507,2.1168353099026894e-88
683,-0.5295337976142208,1.7601352790723235e-88
684,-0.1255408377753688,1.097367424653554e-88
685,-0.11314068716778403,6.684945872950782e-89
686,-0.534064615371989,5.688752729404023e-89
687,-0.12138061863507772,3.4654759405376864e-89
688,-0.5375274421702388,2.949049414923046e-89
689,-0.48177249839967745,2.45211608605124e-89
690,-0.17499121866662046,1.528787216696107e-89
691,-0.11568073386201025,9.313070139747431e-90
692,-0.5350878399545361,7.925232931352617e-90
693,-0.1198277026512723,4.827895560445068e-90
694,-0.1145646382419617,2.8505151484692774e-90
695,-0.13053978090663004,1.6115297543705786e-90
696,-0.5218987198054701,1.477707052966473e-90
697,-0.1325939334471768,8.35417024665708e-91
698,-0.5207006162967677,7.660433362578197e-91
699,-0.13524874785462276,4.33080185586703e-91
700,-0.5149635118690136,3.971168655160537e-91
701,-0.13863971243102458,2.2450876820814682e-91
702,-0.13943272539024038,1.1950821854380873e-91
703,-0.15518293162948682,6.013443337525893e-92
704,-0.4871993117508095,6.195306049311044e-92
705,-0.44846451108045077,6.033416307563115e-92
706,-0.3574492168407834,5.532396660371412e-92
707,-0.29694365602729733,3.1277230138407183e-92
708,-0.20282611330615624,1.6649176264511388e-92
709,-0.43950878180432984,1.621411610375028e-92
710,-0.21156771210477182,8.630932975522702e-93
711,-0.13488704113803884,4.34293365181941e-93
712,-0.11281571815261181,2.969700925881927e-93
713,-0.5459807438603987,2.2513768051031816e-93
714,-0.48698530746344915,2.319464499298486e-93
715,-0.17183539140500495,1.1671137357654894e-93
716,-0.4707470075367829,1.2024103964363346e-93
717,-0.18767120663741577,6.050317606208297e-94
718,-0.08176218031311688,4.137211211944077e-94
719,-0.07416804147433168,4.084663988925975e-94
720,-0.09141293883722458,4.05809901373495e-94
721,-0.11092801825248308,3.766528711651036e-94
722,-0.5471848326348302,2.1037185287201973e-94
723,-0.5530374256909413,1.0977067184678226e-94
724,-0.09358129470876114,1.0905676852885503e-94
725,-0.08997044286554724,1.0122115021677541e-94
726,-0.11636053271526989,8.96014201490607e-95
727,-0.14805823056365155,7.681994012513847e-95
728,-0.5044913793743901,4.644937620527307e-95
729,-0.15399862075390916,3.982345696087177e-95
730,-0.17781596002151565,3.33707173447697e-95
731,-0.1979858527598522,2.744708248744281e-95
732,-0.45227535665506174,1.7299379871528615e-95
733,-0.4569079295552042,1.0702098477886657e-95
734,-0.20315525705453644,8.967998525400434e-96
735,-0.21226878999435414,7.376089423876599e-96
736,-0.2213872722889655,5.975797380754419e-96
737,-0.23290887693426646,4.782766371927095e-96
738,-0.2389228319710342,3.790047860060968e-96
739,-0.4006822398988266,2.479386087207006e-96
740,-0.34390308035524414,1.6059271829557141e-96
741,-0.2800434533968559,1.0275930346656633e-96
742,-0.23539861641829332,6.476725629454835e-97
743,-0.222829408541256,4.0067653300541857e-97
744,-0.22972765426447297,2.422701057547805e-97
745,-0.24807546490386945,1.4188000551771578e-97
746,-0.37439552052418223,1.255928228232782e-97
747,-0.3353775221096536,1.0767723450566863e-97
748,-0.3313430527190587,6.510731935158742e-98
749,-0.307102723862803,3.8128628375622985e-98
750,-0.2668037314602067,2.1295975188072944e-98
751,-0.34464733594350416,1.9765880949922956e-98
752,-0.20003479439845548,1.7496847248005733e-98
753,-0.46031362671682857,1.0246632684440062e-98
754,-0.17970784209430335,9.070365613366171e-99
755,-0.08698782355979036,7.776494414627964e-99
756,-0.09151173396267641,6.516440732373054e-99
757,-0.5433792517562748,4.031334704543136e-99
758,-0.4741451852004881,2.4375569936095408e-99
759,-0.16132414270494796,2.0898439108351615e-99
760,-0.08787839033600021,1.7512188987432801e-99
761,-0.09580810692355651,1.4403600938746103e-99
762,-0.11883114159130886,1.1669191602337444e-99
763,-0.5130633715750806,7.466826726645977e-100
764,-0.43379918333064205,4.706200450930548e-100
765,-0.29506945859161227,2.9114465984660076e-100
766,-0.19775326464831225,1.7604137432730968e-100
767,-0.4533388546550787,1.5092939166447784e-100
768,-0.3799723589211021,1.264737532254426e-100
769,-0.2629545824245347,7.82417966388653e-101
770,-0.17682465603400432,4.7309105437142195e-101
771,-0.15799728394932835,2.7705507122095633e-101
772,-0.16873350030590112,1.5474351357006717e-101
773,-0.1861606110071139,8.07441642815762e-102
774,-0.19300783913071778,4.2396254753968775e-102
775,-0.1920489402141403,3.2141265049437454e-102
776,-0.18950466996126225,3.311330341315152e-102
