t,lambda,delta_s
1,-0.502289039873434,1.1654272704687618
2,0.5806610489368251,1.133643036077327
3,0.3589932696869614,1.080866563184817
4,0.6462227638625654,1.13319963483234
5,0.3230677282522528,0.983385165066351
6,0.09324872728447028,0.9974296293429746
7,0.8105969456312132,1.0108450322216898
8,0.15000021870519642,1.0296983379065485
9,-0.08403073578719943,1.034432851852698
10,0.48494582315361073,1.071881064899718
11,0.2251863654068146,1.0655207998182479
12,0.4230870039561688,1.0503070120200937
13,0.6424026606202194,1.0817085477376667
14,0.3839481079262917,1.072544691984244
15,0.051796716164447344,0.9216695943435186
16,0.67716337029781,0.9874949320236902
17,0.7326329317247983,1.014533213885917
18,0.25526482970179437,0.8976419149214614
19,0.497509148535468,0.9007310613003174
20,0.5271804430356003,0.8859371301317503
21,0.08427170993195325,0.9057636671502587
22,0.428208665167951,0.788324919225303
23,0.26083370958912433,0.8830299628097413
24,0.20214722574423094,0.8174156749304076
25,0.4309937939875457,1.005960920664708
26,0.3070160320868097,1.0394731310480043
27,0.19520201524915543,0.9655597158180629
28,0.5937925304576288,1.0304992786717535
29,0.5454207531879005,1.1430901027472418
30,0.3448061346137304,1.0734670076111419
31,0.22818404911821355,1.1104251745812839
32,0.4621716284619673,1.0357523445626302
33,0.1674320440976685,0.946555734567426
34,0.5151035354684261,0.9069669186329299
35,0.681128653604792,1.0323387659522414
36,0.42550914207316826,1.041558135291823
37,0.34954391811300367,1.0892053080120656
38,0.69369519134405,1.030477913944236
39,0.5086802107247752,1.0808998608345943
40,0.48714802030224114,1.1955475673656488
41,0.4251187414119936,1.1064240258317046
42,0.6615931205050727,1.0271929436403024
43,0.5209996226474618,0.8576014286815203
44,0.9926347612076764,0.8678069733863202
45,0.7313013713210351,1.037617581195588
46,0.576297023718803,1.0093347368829475
47,0.06921188086989351,0.872961876654367
48,0.16616441377078484,0.7440498993109019
49,0.3129070452090815,0.6642921557066352
50,0.16878476999029174,0.5789957964593471
51,0.14376100298805125,0.6233090855615253
52,0.3988533162331086,0.7519897283593302
53,-0.024682144965603246,0.654177158879101
54,0.34539799754265926,0.6833562950339336
55,0.18231276707422492,0.5862626998740332
56,0.508784743863039,0.6063610948072121
57,-0.22063024392900207,0.4834091790972762
58,0.41338635440378185,0.5206178945227966
59,0.6303961676031171,0.6334859993105172
60,0.2615995423355117,0.48052168023937425
61,0.31717990016417136,0.5851828277522766
62,0.38243318507059104,0.6709842014379318
63,0.39005206902824757,0.5392344869107984
64,0.4005689715747373,0.5471394251978404
65,0.34557798531430506,0.4896260156499319
66,0.6173670925750847,0.6004736543111499
67,0.49221007056861066,0.7020719406629184
68,0.07679392869692586,0.7382260976329671
69,0.562331100666922,0.7848682402604776
70,0.6028328340152898,0.8276988922767228
71,0.434546610769147,0.6981944497246934
72,0.36943807742331963,0.6686746248772294
73,0.29263091527578533,0.7003538309405489
74,0.3071509311173628,0.7510585704155798
75,0.34213671748861796,0.6785740503967352
76,0.41573594426739136,0.6375751616053813
77,0.42989854619163276,0.7644051070347002
78,0.36929148454335686,0.7995038113004508
79,0.47353491403339015,0.8763222227348478
80,0.380645156878091,0.896064590265921
81,0.54903373798376,1.0061245423181595
82,0.2299253142248686,1.0164321056658436
83,0.15493999847090612,0.8226671076053987
84,0.20163477217317283,0.8582104651609564
85,0.6224174198366729,0.9754804000126307
86,0.21388371475564658,0.815029168576887
87,0.5634788287807625,0.9480365148161696
88,0.5830005064482118,0.953506621187299
89,0.11307462325988513,0.9733136236051811
90,0.22147297275674432,0.9931165867016014
91,0.5904069298220145,1.1355432418355165
92,0.7724179432486838,0.8653271495622515
93,0.10912431539518232,0.8746268043649573
94,0.5091934616170086,1.0268699119668017
95,0.4190234235722897,0.9958839683933585
96,0.1691947261553084,1.0020549907660081
97,0.3481074034659202,0.9780845650468077
98,0.28067944656248056,0.9950053823883568
99,0.229844388502012,1.006545690395755
100,0.6210160722630067,1.0435932272161828
101,0.6066903251264042,1.0008676400785967
102,0.18586630336123314,0.9818766107375578
103,0.2900990827170652,0.9167786646478019
104,0.36072178492707724,0.8625634852781304
105,0.4053509337798917,1.0098365198447496
106,0.18494339273869892,0.8265139176659859
107,0.2171193557392374,1.0004600808030035
108,0.42887356607690647,1.117437245016207
109,0.24650489980089593,1.1431847033650349
110,0.2589082955611377,1.1009323910193283
111,0.28115475758948316,1.0301403849142605
112,0.35644589141264055,0.9905786733652064
113,0.012824733190137098,0.9451059414251416
114,0.28272800365644385,0.9353778375029681
115,0.36801009078266483,0.932245019510748
116,0.37626312450430605,0.789675435995566
117,0.5520040583681365,0.8027463549798157
118,0.22301870959061929,0.879710711831482
119,0.27753441238442444,0.855828627300729
120,0.10471638171635453,0.7639480022961098
121,0.38138736705676407,0.8163421482023242
122,0.5402292632893546,0.9057977143390772
123,0.18085075088423647,0.7178193513670175
124,0.3154619846718159,0.7071379581672247
125,0.5691388134802704,0.8177108349985126
126,0.4259217614164921,0.907966288675509
127,0.50605936713523,0.9760476494167872
128,0.5805210521958285,1.034040693203291
129,0.4384667419467124,0.9593730088939776
130,0.0890735263066349,0.9215455958651234
131,0.4443021157228391,1.0426170437498319
132,0.5042179179675824,1.0866016065624848
133,0.39922084381220185,1.0955771403499874
134,0.3097316586274379,1.061156920529255
135,0.41055893367227836,1.1405912134707905
136,0.4320220239249903,0.9926264309182533
137,0.18565188853788378,0.9655515281542756
138,0.3128879297127059,1.012005064299103
139,0.2032311299128374,0.9699912544455028
140,0.4652890505215283,0.9165869588021258
141,0.12827220499116035,0.9198512094476057
142,0.2812526749832867,0.8240803989704464
143,0.25360255972919477,0.971348414132475
144,0.4459478254710142,1.0621664575106047
145,0.37752523038947305,0.9094208541306441
146,0.3673980947993008,0.8637431115388573
147,0.5263055951028283,0.9124774461756057
148,0.39928832419460275,0.8496672409471892
149,0.42394757302023484,0.9226798504200018
150,0.27893059760192884,0.9406157757078258
151,0.4483498032689401,0.9575262364446206
152,0.8972950802580074,0.8853077743637185
153,0.2275325501940769,0.8225710555035999
154,-0.4518686030454725,0.7300512516615235
155,0.24580590595428087,0.7277659858818214
156,0.6588270994419144,0.8397438344248774
157,0.3499182846494609,0.7935965738827914
158,0.19739008240554728,0.7438394282448542
159,0.5222214175402742,0.8799337776300535
160,0.18084151844500432,0.8705547562827292
161,0.1983786802815297,0.8846698073333155
162,0.2858669341632789,0.9430917413906973
163,0.39907908516352214,1.0335282551016234
164,0.669444901060669,1.0764518742063238
165,0.34208247209264203,1.016948385174102
166,0.38692427029509,1.1018911181674909
167,0.21183089399118557,1.063449944172485
168,0.4117436303611621,1.0313629887639923
169,0.26363418272758943,0.924271217126779
170,0.49062286287190987,0.9139552770229563
171,0.11836894800437493,0.8521782013143951
172,0.3794388850723403,0.9472293336255632
173,0.3318390296824387,1.0245750603045747
174,0.19285985270599496,0.9600036640964046
175,0.5347080107358901,0.9942968579314208
176,0.04788687989288093,0.7924895624537452
177,0.37870738031825374,0.779356585172891
178,0.33550836253225297,0.887260744767582
179,0.43479995561707163,0.9655921844511522
180,0.532029740787044,0.9412851775459904
181,0.2892504265147645,0.9435295097988933
182,0.7453573528220284,0.9005873174668871
183,0.5190766830955957,0.9511514494690866
184,0.2574783850043036,1.036052278293633
185,0.5085402380026111,1.051662121453381
186,0.002828914741076005,0.9458471073497166
187,0.3180104220476221,1.0288225597867688
188,0.15305882404082133,1.0037092649260966
189,0.4847346204041902,0.9692614449603525
190,0.34876124310288764,0.9497635943192455
191,0.3535138001705139,0.8738715038331655
192,0.3919308195876584,0.906604910414603
193,0.4421491906207375,0.8825938215691471
194,0.5921532486857731,0.93511874783451
195,0.09402207539524747,0.7818403316804025
196,-0.15413283213407422,0.7523134116502873
197,0.6126864910907295,0.893095109738901
198,0.6034992303822986,0.827259745327058
199,0.4393149542089885,0.8621454859467813
200,0.8629434483600286,0.911934755793689
201,0.47612593082580645,1.0270108644993994
202,0.0779561855644644,0.9605391552235901
203,0.3757873635657115,0.9961006956253426
204,0.24985664565305316,0.8718186973822142
205,0.10014238724978339,0.9416104842596269
206,0.20545307365101048,0.9754632438393698
207,0.3769459452375216,0.8643071571396962
208,0.25640468434555075,0.7851226649234941
209,0.05373806093670335,0.6879741476099059
210,0.17356868838437045,0.6250752717716078
211,-0.08561739651532997,0.5439750334130253
212,0.17412605027293646,0.546108315318893
213,0.04299019954584616,0.41808133934706937
214,0.08149060468305681,0.3542822934680905
215,0.34030679725530555,0.32494482807854586
216,0.1974247404819852,0.33724783305169437
217,0.3313466805930243,0.4286870633534455
218,0.10388851849616491,0.2911461551092806
219,0.2259660876241768,0.35194264025843924
220,0.6451580790533389,0.40847323358437215
221,0.4643895424911185,0.45581252650807635
222,0.617270052405268,0.5191616573167223
223,0.27051087906570565,0.46180878285008176
224,0.18667199376991825,0.45715291578594835
225,0.3585977853692882,0.5327875667415668
226,0.4886257844861594,0.5744642928014373
227,0.4358266494576153,0.5226723435348462
228,0.3685288221823133,0.591385947105582
229,0.16330424972537722,0.4565229488009072
230,-0.03254634569271643,0.46672578339222504
231,0.2522733688091244,0.5244648094240704
232,0.2768879412942451,0.4581088219488899
233,0.6731376891427813,0.5210148426991514
234,-0.06847076409993022,0.4104445126569904
235,0.31813107054003087,0.48300140197720814
236,0.01836028074727816,0.36073655221087786
237,0.716943584586643,0.47357841144405655
238,0.47263069938094926,0.5792303341539113
239,0.7363167186086808,0.4678386973144844
240,0.6482154456334542,0.5622951289945803
241,0.42690177420845665,0.4297522751740895
242,0.3427396886076381,0.5311707003532322
243,0.30317314310357163,0.47473191005791193
244,0.19782610162975822,0.42528724270787543
245,0.6736929903524435,0.39167487919475646
246,0.7484018950618158,0.36207031581975635
247,0.3539427184713645,0.2775909954030317
248,0.27222525785103274,0.29341867940396354
249,0.5322934521611987,0.4153835322068502
250,-0.33997786336291774,0.2722961431745149
251,0.4665111577186162,0.3585620423266558
252,0.5598292537292227,0.5062605737648445
253,0.2076977205629704,0.37824893628371886
254,0.5880827866035507,0.47247104423688857
255,0.21191583562803248,0.5377237816039028
256,0.5057020267247698,0.600404249231176
257,-0.11847391908067614,0.5336897658676667
258,-0.1447795573925822,0.5165864226446151
259,0.34422014945626456,0.48009197522936814
260,0.39801409344709715,0.567115256241694
261,0.3943553861494481,0.45101922172542014
262,0.3843883912827633,0.5824560259572165
263,0.5251007274742867,0.6195179052435258
264,0.19876310302037906,0.5284481076808287
265,0.05002914126882783,0.47673435786411433
266,0.3175555254098779,0.5295653357362369
267,0.2668484640847614,0.4246233870471318
268,0.7172588027432749,0.46434821525979225
269,0.5333672849562575,0.52534360096061
270,0.4002559201004254,0.6402870258291976
271,0.35037921317098997,0.7717150096958636
272,0.5222041408573411,0.66646256472516
273,0.47048147735920853,0.6576931735806936
274,0.2639821725891404,0.6223542236781988
275,0.37381319556542847,0.5915340236791319
276,0.3299484620490474,0.47160437747818623
277,0.12307956518961291,0.5131447531206779
278,0.9595115172882405,0.6316299012600017
279,0.5600576016139005,0.5759112627133527
280,0.21490614382966047,0.6092032507321319
281,0.08018362508908354,0.5996282464524887
282,0.6573399740379595,0.6254488605075589
283,0.6772463640667274,0.612942601749517
284,0.5445655742322697,0.7359705626069646
285,0.3832974690347614,0.5464052073617411
286,0.3833478765533072,0.6055834307940888
287,0.2043214841700171,0.5960333683435797
288,0.23135494702796655,0.6379438969257007
289,0.2835292960295125,0.6976249647880474
290,0.41758401786037347,0.6455036038120042
291,0.4568038675417831,0.8100952986187233
292,0.19285384973668415,0.6781980893975988
293,0.2399733103788785,0.6625592594607879
294,-0.27214609695107916,0.6120887302779464
295,0.18302043542487328,0.7266494955872035
296,0.24478707664329866,0.6453100082744828
297,0.38907065789165796,0.7566435130757717
298,0.28202888694545925,0.8308759489615207
299,0.30145254296456264,0.7836715878564245
300,0.3084610933991646,0.753673265056435
301,0.4264351267022221,0.9053268692266437
302,0.2124034083447369,0.7093219681631592
303,0.2660500496184829,0.6849131703551696
304,0.428689823739716,0.7070692075086538
305,0.09563646257521632,0.6918314011179806
306,-0.028369889338527222,0.5878887337587382
307,-0.2743221484894273,0.6125286063513451
308,0.39405274171306526,0.8247651588165175
309,-0.17718969016179606,0.620582234341176
310,0.3657685810148624,0.6446153338026227
311,0.04750887103410476,0.5696316094227345
312,0.34686636199383614,0.6476953794116075
313,0.1217383390351454,0.557927312347542
314,0.011520810889060975,0.4963713869088056
315,0.16739458626571052,0.48276062211826365
316,0.08561139035169817,0.4300342665972123
317,0.768725073861467,0.5334085883509115
318,0.3744265229228657,0.37865517626407685
319,0.7009703931981363,0.46422839559796575
320,0.13420579174051503,0.3277991172262063
321,0.48017877015239646,0.38551793459382144
322,0.5416649455131779,0.46026957897006887
323,0.02030862440560629,0.5318220272514351
324,0.4800340535789996,0.611420152377765
325,0.45568102086442774,0.5700148682879587
326,0.784268961359327,0.6215322603977526
327,-0.10806384059152677,0.461884966076139
328,0.11407000912316166,0.5228365645892622
329,0.022816670362524504,0.45341031112995933
330,0.44700947262216173,0.519534299302987
331,0.09612109728312795,0.4997033333341046
332,-0.006562852021290225,0.4989534188449402
333,0.17580729903923464,0.5899167365426837
334,0.4924293040533756,0.6762570975234485
335,0.45288978549494874,0.7844540018029297
336,0.6371161781463109,0.8803441152509939
337,0.6353165043757,0.8200617653275605
338,0.2949989934786117,0.8105913822170325
339,0.39098905501241,0.8145084888323453
340,0.3254439621705807,0.8299943057173071
341,0.33109930698370704,0.7784428639816241
342,0.3117125351525267,0.7996096514557725
343,0.2817581224892458,0.676939982612283
344,0.2614879241023769,0.7382897388725609
345,0.6032295081985943,0.8896895957259724
346,0.45321363404307713,0.815385860664776
347,0.4909278267758101,0.8092789259293949
348,0.40106781880869896,0.8749240744178625
349,0.1620299841198869,0.7441864763576411
350,0.6118980942432372,0.7541849001842694
351,0.3586163144548952,0.8120249194728459
352,0.3109835134650215,0.8855330472393668
353,0.5798942117788737,0.885899319784212
354,0.4047514108032147,0.7582997389502321
355,0.6204578527090365,0.8358226271645705
356,0.5955866501172912,0.8902529019554779
357,0.4884969396818006,0.7557380005112216
358,0.4801478755088359,0.7378987797796157
359,0.17681363173169848,0.751864283805193
360,0.4956933018378659,0.9098184937173376
361,0.35353130209934314,0.7495125092404937
362,-0.3604741547761104,0.7876720548409527
363,0.2803773068989184,0.6645732521091839
364,-0.16518897126403248,0.6198226958560945
365,0.2734676880594205,0.7116348123944471
366,0.10540405143590971,0.5767922689349544
367,0.32222574591937925,0.6409418289306099
368,0.34140737842045077,0.6454182436319014
369,0.394368634596292,0.6895830223910521
370,0.44843710282201427,0.6910268824140191
371,0.7863518624281572,0.8323540948292415
372,0.20856152344458748,0.9669047690375937
373,0.27670972886444467,0.8747952648376633
374,0.3423005447663195,0.9283634635526772
375,-0.016980042273570816,0.7120484346112615
376,0.08315246996982432,0.7229513967903712
377,0.27912733179877247,0.7025983599847168
378,0.2629134519946268,0.728556797771051
379,0.5241553638920745,0.8312224105903585
380,0.41772141942433455,0.6666445441836187
381,0.41931203646227794,0.6466571198131216
382,0.36023376047401745,0.7584306022162224
383,0.14994122904631366,0.8893331351825832
384,0.4658010865790877,0.8966482261202144
385,0.45188540108558756,0.9718004529010835
386,0.3704840492502235,0.990869226525127
387,0.34238868507595394,0.9725149530241656
388,0.6640782689259184,1.0132281574171074
389,0.17281617468554078,0.9196502366466958
390,0.31583926050452427,0.9348846277593172
391,0.1505257826975448,0.921138338999999
392,0.3548499992033274,0.8631194074704264
393,0.22037217919398103,0.825362768686407
394,0.2296582445772539,0.8580023119317394
395,0.43453899819105885,0.9383458602492166
396,0.2132258943100087,0.7887742402951141
397,0.5066331769478781,0.8601322627730783
398,0.19560944808383365,0.7912946233132929
399,0.2527871560364591,0.7400933244038432
400,0.2201085587783595,0.6947987773188065
401,0.24612903914306672,0.8194535597131527
402,0.13219708551697693,0.6014601121260945
403,0.5285207748999075,0.7251863626248698
404,0.025742926323549634,0.5377775940233376
405,0.34727717552948506,0.5997680262563756
406,0.41315252383755635,0.7448512590709893
407,0.49965222770408746,0.9094317495321369
408,0.23426601082678922,1.003891295995459
409,0.2192524433210671,0.83444592956595
410,0.5413392544809991,0.9666865424131038
411,0.6811872054265176,1.0249729559491754
412,0.22117869496010348,1.0258275773036423
413,0.2755271271304787,0.8959877468471322
414,0.357295504000545,0.992527768579731
415,0.47301237861139656,1.1550137749627922
416,0.4370043677597534,1.1960745005291962
417,0.33699981456031514,1.172768922372865
418,0.4692057160393619,1.0052511411991423
419,0.4488313515483511,1.0168965507387613
420,0.3511697199906294,1.1252927699422375
421,0.8078928003727526,0.954993888015698
422,0.8573638370335073,0.8291730591015862
423,0.014793126448356352,0.8836563501420489
424,0.3040529529470763,0.8351679558181702
425,0.23311222044873883,0.9865046989402013
426,0.6950581302471422,1.0870237577630888
427,-0.21065822865542413,0.9042407992888758
428,0.3356511427896943,1.0045905588301383
429,0.44665550655838593,1.1009855508069848
430,0.39278320734828304,0.9387783690541582
431,0.584576905717495,0.9274689080480992
432,0.1914365133117705,0.8373236191387178
433,0.40267068884488094,0.7620194937406903
434,0.5810782598894424,0.8675207934168565
435,0.1384043238114749,0.8564707624212405
436,0.27576348841627357,0.9441329630435253
437,0.42681881239429054,0.8571663224502892
438,0.255171589126815,0.8296556742388933
439,0.3300987563227923,0.9603287234061155
440,0.3107016328987376,0.7721858766903472
441,0.4689537001773457,0.7381966892265379
442,0.25765802989179154,0.6822202344143494
443,0.3859946078048271,0.6302707449063679
444,0.23740341100430304,0.6505036222245791
445,0.581425884295933,0.6559538768060299
446,0.5306857042327979,0.6857666769095359
447,0.15937127515054803,0.6926212950243008
448,0.2501649178576298,0.580217051942181
449,0.37266515912961196,0.6035053828392063
450,0.33741194801412444,0.5294563046514413
451,-0.16229591169183044,0.4980227060043953
452,0.3640139370992307,0.5750833996689463
453,0.5337992502221334,0.5786807380330072
454,0.6572202803957807,0.6716851834686782
455,0.49490061144381886,0.5377010595451147
456,0.11323193064974496,0.5165881342023498
457,0.5260026734338084,0.5740484361257822
458,0.18545499211283076,0.4440448750531957
459,0.49880364426557616,0.5012949031761393
460,0.47539792336188025,0.46620267362827716
461,0.14317797155469117,0.5063641738242374
462,0.19290909896993336,0.454008889734467
463,0.5512982049248899,0.44271766285514247
464,0.9307759324658532,0.4625928752458348
465,0.0829013909594104,0.4850278144646057
466,-0.19670299508905578,0.47923549146523386
467,-0.09318999378646142,0.5770740961021037
468,0.3623365292141366,0.5526822547826301
469,0.6854845654178967,0.6407020904984232
470,0.5521639998707082,0.7202281091466327
471,0.4862374488552613,0.7627801641368699
472,0.18073690990357,0.754671381623729
473,0.5508206552581032,0.7914753302858079
474,-0.30929361679613504,0.6986628367045574
475,0.2467239030165404,0.6705747318209306
476,-0.03912582758790782,0.6137172004541326
477,0.23637798794068807,0.6452358601998106
478,0.45297032335358517,0.7963363098967388
479,-0.31725040605964966,0.5955981103674697
480,0.37335129504685516,0.7427394586873756
481,0.6193577792807318,0.9318561847799505
482,0.43648442851432034,1.0118339925882844
483,0.47596131266099434,1.0255633354666023
484,0.32346872568690926,0.9645605335324725
485,0.6817248120653676,1.0201535876522843
486,0.27160661768926075,1.1209002824898928
487,0.36469862439235207,1.115681298865634
488,0.01380298717631763,0.9103600276495725
489,0.4342834600733105,0.9323182427607906
490,0.2538351167014343,0.9497179190717707
491,0.5633133704125518,0.9533495871275971
492,0.3633487401300618,0.803771325384666
493,0.015093680724284743,0.7196795824004568
494,-0.10259048617184051,0.7150050830847938
495,0.1707377082544655,0.8404511050673589
496,0.33377350666485966,0.9435781635371242
497,0.505860857249147,1.075855441143185
498,0.37907196453915043,0.9489248756895992
499,0.45385920804286695,0.9338380361449556
500,0.3147396774245435,1.056268360338883
501,0.2519204568303844,1.105413371453476
502,0.4870302353148505,1.1766174818535327
503,0.2971405116655909,1.0468211949814856
504,0.37273997674809883,0.9614563820694033
505,0.058993764105679906,0.8822676402824949
506,0.2740425346818007,0.8658675698213012
507,0.17532206473234535,0.7611066023726587
508,0.24683129505217236,0.7388142885347889
509,0.43472786542118425,0.9401777534845592
510,0.5589990414096213,1.1092876223764219
511,0.4050565365235785,1.0724731622690644
512,0.39189508270494716,0.9560809157229221
513,0.4737689521678661,0.9333373406819732
514,0.15524554375892924,0.9491046747452845
515,0.08962941652353854,0.8852900469127728
516,0.25420225896793097,0.8456209408276856
517,0.4490062794290424,0.8465140608995734
518,0.46159804231734075,0.8725001895989086
519,0.5203486964451681,0.9224184531286758
520,0.23473987303633423,0.8098064349344527
521,0.2866356163535316,0.9530711990613451
522,0.4655002519924797,1.0748333265600896
523,0.5494222151877056,0.9664843420536571
524,0.2611761123308006,0.8882934680573265
525,0.2921780064415169,0.8497644605663132
526,0.25902465581734746,0.7818656639201379
527,0.5803648118693702,0.8645178767163775
528,0.6388902327384193,0.9999532272459337
529,0.30075084688766973,0.8360014413603803
530,0.35350715589385157,0.8371362095905456
531,0.17971699094681265,0.9900943844641183
532,0.41495875917143954,1.1393130455625635
533,0.3416546048218959,0.8822822339706875
534,0.6025211428387671,0.9007964216236588
535,0.35434625192167385,0.9830228803393415
536,0.38322377898615734,1.0545544797036734
537,0.3119669957656577,0.9268513200768573
538,0.5659182181702576,0.990040623768782
539,0.39163059852043103,0.9734876886451599
540,0.5061222774005272,0.8831202273614318
541,0.41747604490358403,0.9641511632335671
542,0.4536521812016858,1.0148463537916292
543,0.5122232460668422,0.9009822010880554
544,0.6298122458029192,0.8356655836289785
545,0.5916151881215276,0.8336762353622292
546,0.45429659943763734,0.9673183897209571
547,0.4109219002772366,0.9603784506227561
548,0.7101112938764755,0.998668279081335
549,0.9940668467660925,1.059175228117674
550,0.709517836050392,0.9424947639410355
551,0.48917624197906306,0.9391808224431097
552,0.05597318372015058,1.0591937686786603
553,0.2874919908188047,0.9009699074559844
554,0.20166321468868723,0.958355251453808
555,0.5792641896439128,1.0033632297729953
556,0.34925144705250327,0.9978486762563683
557,0.5986173970371301,1.0291261507006118
558,0.24228407286377102,1.0272919850044473
559,0.1624510713994469,1.0938643774664079
560,0.44799414068197363,1.1480540585800485
561,0.6288683696884533,1.149833403052086
562,0.44476359197315674,1.1280511092590257
563,0.4328406456294489,1.0989940110192757
564,0.33297810544746853,1.0023047340172067
565,0.34168473489752965,0.9967623139245849
566,0.3815961983010688,0.9946329323043898
567,0.3923526038985374,0.9846219973374779
568,0.13579156650638738,0.8286798403366713
569,0.703699993786914,0.996666556459552
570,0.32178523712529816,1.098122812739519
571,0.5480031391576462,0.9452601161647174
572,0.19084030796690574,0.8757001765449848
573,0.775814877640775,0.940020948120831
574,0.7216193992021159,0.9934746236306772
575,0.3523647165351037,0.9731120349247119
576,0.2704211461777906,0.9691075269995809
577,0.44108176396916876,0.8892118618660522
578,0.6636532736402958,0.8095917568666342
579,0.32661300138602684,0.8095068844624438
580,0.6162593309804325,0.7350233165389196
581,0.39411946597534164,0.7910985084150651
582,-0.03468068466370657,0.5881656508178709
583,0.18842861768433666,0.7065119338404832
584,0.09618193180278915,0.5304036642562472
585,-0.11410157981408943,0.6121524928749288
586,0.6564128264187764,0.7377950917593685
587,0.5263650233740735,0.7796272300067696
588,0.12286170476541189,0.7735481408598448
589,0.03451274208778485,0.8398683244076828
590,-0.13587155974544504,0.726966735064064
591,0.3890099412017245,0.950227231382807
592,0.15948038505631085,0.696897399695809
593,0.5158774690399097,0.7337999252249868
594,0.1989516789985484,0.6556112640326113
595,0.053290889415452784,0.5946177470709303
596,-0.10189541861558701,0.5235004297321492
597,0.3896722645241187,0.6769700734538914
598,0.5463078759921877,0.7788323343112894
599,0.4587541941310313,0.6998508529978215
600,0.48133022580508517,0.8254766400504833
601,0.3831127050100161,0.942726157048508
602,0.5931551468561261,1.0898923684484658
603,0.08255586841289397,0.9827116483058334
604,0.6301300395368717,0.957920560813685
605,0.9004429814206607,0.9670957066480609
606,0.47719726391084627,0.86685178181392
607,0.1592184728002316,0.9436773136775771
608,0.3792177096009974,1.028983178547231
609,0.4112403120488241,0.8407685766295554
610,0.1681330393655461,0.6876168674283011
611,0.4057147213385611,0.7624489306364117
612,0.10806787017124904,0.8075533838720979
613,-0.038576378016296736,0.71853203591875
614,0.22018777819705998,0.740780816229781
615,0.24890064756100186,0.8399621399029978
616,0.25283416815562576,0.7367519616209927
617,0.43581319779654926,0.7630471696783622
618,0.6643522427064023,0.9092793794443336
619,0.6026670063886908,0.9520993079044928
620,0.32605492417373144,0.9541687716538136
621,0.4189830693714904,0.9348360134940954
622,0.4564304827008171,1.0002222918870658
623,0.45349713455695506,0.9975798156067659
624,0.019116355252601764,0.9277640602687087
625,0.564357838612241,0.9998295672984502
626,0.6450139563205582,1.1276197803177896
627,0.6490325347539964,1.0616493075017372
628,0.25147880185319105,1.0137182688384436
629,0.4921937374106705,1.1670581991820377
630,0.5928445518396694,1.0728205105939246
631,0.470161328974017,1.0447700074447306
632,0.5121459660373832,0.9423601157210344
633,0.16946440682910402,0.9353955513770182
634,0.10663283028427996,0.9266154675478377
635,0.3835892108366994,0.857726066458919
636,-0.21387572283613665,0.7805081132545254
637,0.10224679283692796,0.7224362729130299
638,0.009870592533235394,0.639228039761241
639,0.39963402813307797,0.8054049964374533
640,0.43392145988571046,0.9664445819001598
641,0.24526015819955788,1.0217345911079974
642,0.017568884300620154,0.8870510914713728
643,0.36439675220019796,0.8324242435014554
644,0.7149981604237428,0.8498152420060796
645,0.20798958522805155,0.7929309970714336
646,0.17005918057088795,0.8740433817798742
647,0.3535134180430604,1.0311514156488635
648,0.3070567397145941,1.043282493005653
649,0.3201494521778084,0.8804878913460628
650,0.31105254738355176,0.8284007017378574
651,0.5041765491958625,0.9160569806236095
652,0.4206285485337951,0.7693759889949329
653,0.26903854940660277,0.8019219714232405
654,0.36407755825275023,0.8437331765820256
655,0.5855004596107681,0.7415761748380796
656,0.3412644784280283,0.7987976930475946
657,0.1088949767310899,0.8699684770703267
658,0.32975757049843074,0.9843678655819798
659,0.4861659451082613,1.0549768908557178
660,0.6222840291701592,1.0811807344131692
661,0.4306160033546577,1.035022762524443
662,0.6510965266773384,1.0243225807206975
663,0.3730550078737582,0.9978880425541377
664,0.3871940359077746,1.0036410277577956
665,0.20065265881693498,1.036783588321799
666,0.2605147192236279,0.9617895484206822
667,0.6862154374852936,0.9214996503155835
668,0.7523963249430524,0.8543550048409131
669,0.5263440434318272,0.8957929114637024
670,0.5219473727447824,0.949221048240338
671,0.5339983290735721,1.1037649602226014
672,0.43548877424085647,0.9640905891611143
673,0.13151972239833098,0.9387441268811056
674,0.519395137346357,0.9074852560807543
675,0.4953042981615352,0.8553373347825076
676,0.5452979464587225,0.9861554200089745
677,0.185219870241522,1.0999425648369705
678,0.2687370162717087,0.9014736657781853
679,0.48025062938375457,0.9363914119057632
680,0.28414898792341386,0.8500629868889545
681,-0.07024080595750709,0.7493124298748256
682,0.06078596336824804,0.7437195047422864
683,0.1737253039426792,0.8184783209516548
684,0.20830617160797135,0.7751260407859186
685,0.4338606480814658,0.7336863278995619
686,0.07809370967270135,0.7148551425852666
687,0.17988347983336697,0.7866042129787542
688,0.5061919343021664,0.7105059131519819
689,0.2956746244309182,0.7580848204700198
690,0.29026552493320623,0.9022553962937961
691,0.1673173063542309,0.7905768250822555
692,0.3029444135582149,0.9174620382263764
693,0.25221649063244755,0.8907451456388347
694,0.2368380727371504,0.7605155447006224
695,0.5501949976180923,0.7782168347839308
696,0.1777159600814399,0.8040045541985099
697,0.5484242998267888,0.9670213796210702
698,0.5820466255681674,1.0490115052308933
699,0.2443886502319793,0.9236734919153285
700,0.44934765145811756,1.0127730980749823
701,0.17890390806783382,0.8459202114233573
702,-0.07311651904352469,0.7703042739889793
703,0.629649461583522,0.9148448522309063
704,0.22101626559737136,0.8410670433233358
705,0.3283768213673112,0.8829662165265822
706,0.21738407331885595,0.755939148630201
707,0.2926001943059806,0.8084585131481169
708,0.45423424801456685,0.969844507423445
709,0.22394066592752396,0.8385335479341933
710,0.2871704587584357,0.8434657028336848
711,0.10512758148516932,0.7106842450976296
712,0.5376006850294974,0.7477942231441209
713,0.2519335529428528,0.6484045225235041
714,-0.11598287599737711,0.6394382945057768
715,0.3434533397393313,0.6331552162078027
716,-0.058996110214518484,0.5072299662758664
717,-0.01899619879089374,0.4867949503901511
718,0.056057957036542184,0.4126784250152406
719,0.29786978658425906,0.5234594397171021
720,0.3144285909011692,0.6077408875308238
721,0.4690255448815023,0.7293387381069941
722,0.11944263619557498,0.5569126850440967
723,0.2116002965042924,0.5870713596879541
724,0.32862538125766966,0.601973252347535
725,0.3459449240359303,0.4993012800294683
726,-0.07812254366671753,0.4288491201519457
727,0.4503702301162317,0.5685575489815268
728,0.020486805944404385,0.4046380040573934
729,0.2586465069421581,0.41447472195055224
730,0.41512814237171497,0.48611958358939245
731,0.580236054273414,0.6034702314717214
732,0.049140165593847415,0.4949334619535999
733,0.08795435535432387,0.47363083289197105
734,0.09781947148276643,0.41611261697089214
735,0.409592953680405,0.49767622494639513
736,0.42470101840590024,0.6060536881115626
737,0.49377478189556184,0.7409527543063635
738,0.15131202205745198,0.6406738690696587
739,0.5297824892511565,0.6486052922499008
740,0.27947149829096235,0.6592534245002603
741,0.27709839513095424,0.7622940646841629
742,0.3180792995446099,0.8824998891897856
743,0.39902507105335017,0.9353498829598871
744,0.26985733877323215,0.9887380172056447
745,0.5668628743729857,1.0391995400281726
746,0.5098941078934164,1.0060316296250456
747,0.2802757576373945,1.1201091149998919
748,0.33895525693968265,1.1460874549373594
749,0.4657978579084855,1.1018116325384515
750,0.6342816274088474,1.0706191058950576
751,0.3678854053658694,1.0328985771730355
752,0.43307976134511567,1.1479033221013986
753,0.35455682985026177,1.0960012355813584
754,0.38252002283593545,1.1290674150432285
755,0.1445853160546386,0.9632819276833311
756,0.3913834346039586,1.0136250390350716
757,0.4039118623982389,0.9647889093362959
758,0.4692108428560064,0.9244616494242961
759,0.0803921388623881,0.8890987599152881
760,0.4574576266884824,0.9898351942315347
761,0.28783344635616537,0.9393450862768928
762,0.4539908083479904,1.012746782185607
763,0.259053559701493,1.0403439009745055
764,0.4044415197902646,0.9981931428038473
765,0.2741428762886106,0.90937997802583
766,0.4269054333338945,0.972456311172469
767,0.4104067999900999,0.8016799200382531
768,0.5512965119978374,0.949960039372245
769,0.29696237921112,0.7536711310084256
770,0.5350950909850056,0.8591300578224192
771,0.48189129386640644,0.9339061770326108
772,0.7622970898682846,0.9683869131952143
773,0.3932260334515169,0.868242971731419
774,0.3570043399841783,0.9020975443205019
775,0.42542219259430525,0.940568109971907
776,0.07911304397618116,0.879655179111169
