t,lambda,delta_s
1,0.010146127789535955,1.1310843045586556
2,0.28477330564229425,1.1636108812380102
3,-0.0995394939752494,0.9889562521892399
4,0.2347403774715292,0.9683909000049827
5,0.3091106239756931,0.830834668606559
6,0.02645249263892628,0.839848751337253
7,0.1254940235222392,0.7660879805518372
8,0.08711697817364075,0.7451564349388432
9,0.5255664725181195,0.8116006725395383
10,0.5609072827554819,0.9219215686185424
11,0.28364728305839415,1.001587299987592
12,0.3716762179331142,0.972533395465708
13,0.5185854261453219,1.0278235474954778
14,0.6839169353434635,1.1334976993181458
15,-0.3550844848647189,1.0419848440942554
16,0.5261755337281551,1.0380657428936493
17,0.47032754402739635,1.0811587796245792
18,0.45103943264115437,1.0286325686216202
19,0.1952880715199345,1.0005925371034095
20,0.38231497900042366,0.998661767843703
21,0.5325776755278105,1.023557987416746
22,0.7062380989005155,0.9877571546945684
23,0.14182144105504896,0.9242105296604349
24,0.26213913359621144,0.9826344609918234
25,0.7135112252491083,0.8827957367143133
26,0.7294804939184543,0.8264297843610032
27,0.17874619531448638,0.7946913089189531
28,0.7024702676694978,0.7922381005709902
29,0.35379043874678434,0.8545078017615125
30,0.7108232210028121,0.9575559214445001
31,-0.1494008255002367,0.9685976251818333
32,0.6005536321130794,0.8877372048460529
33,0.3916611201398525,0.9859401499609368
34,0.51209556642297,0.9397294044334908
35,0.39774925439422665,0.9129178950956015
36,0.5742346356210896,1.0493085847176191
37,0.2325392259982328,0.9106160622951732
38,0.25231060926278726,0.8561829997530825
39,0.38764502287989344,0.9184559842308967
40,0.4476709123375314,0.8453838830331795
41,0.25618428467826326,0.9679059455455493
42,0.48516875061590153,1.0766483342642559
43,0.12979271499027595,0.9658062262519257
44,0.5729016799813431,0.9937313674069334
45,0.010324024084312308,0.8491285512361955
46,0.3716291352850389,0.9295569891238692
47,0.33648687048401704,1.1018150309990111
48,0.47672695299953366,0.9898253267405617
49,0.38071134565637144,0.9207487802378451
50,0.2099174310248724,0.9187992120909212
51,0.18717602725770827,0.9966808776171371
52,0.20060119773712645,0.8339581089598603
53,0.23344263841633767,0.8158528943210006
54,0.28380757395952355,0.6776279653613972
55,0.24304262235913174,0.7697440081827363
56,0.3747301875566859,0.8522099904764644
57,0.29738450709949044,0.8973979242618154
58,0.2933532188924715,0.9806501608371904
59,0.25216227650235257,1.0568677696343942
60,0.286748117429861,0.9518082075778161
61,0.33781293754311,1.0357871158434753
62,0.19903428901120496,0.8040929094002712
63,0.20461026878353308,0.8552791743268746
64,-0.19085336016231721,0.7768621987683898
65,0.2055385547115474,0.8046586010224374
66,0.06578678959734864,0.6178441736581262
67,0.16525601726687736,0.657998870992121
68,0.4485972670564347,0.8216440617861658
69,0.46511416827607366,0.6843158325982794
70,0.4096148830728488,0.6644262925961225
71,0.42857074772204934,0.6783034040776265
72,0.2995897480387114,0.5779547495210889
73,0.09959838490680427,0.5098847469716964
74,0.1960641923691228,0.453556273509057
75,0.24019299234727334,0.4654506164724699
76,0.41889441465733207,0.5071649492281556
77,0.16230016525633845,0.468399240389822
78,0.5380558199579475,0.6011060805102274
79,0.22996200205469897,0.42047717361860965
80,0.13699503479878616,0.48260962328824825
81,-0.012369427797877716,0.41122568795743625
82,0.3929915161344731,0.5474689663562115
83,0.23996239861315782,0.4313903915425513
84,0.12401631551970516,0.48197904853274054
85,0.5791951228678087,0.6396643205617383
86,0.45346337684625093,0.5726669569207425
87,-0.06804179743527265,0.5442542997780798
88,0.5913849188868874,0.6242318489461434
89,0.4963439786114629,0.7791264682011476
90,0.4244433862818038,0.8617896388968236
91,0.4512737886413191,0.8836152020903322
92,0.654796126724644,0.9052434822825156
93,0.4392599952565475,0.8048019045123215
94,0.5395180364571319,0.9019543908362366
95,0.2590044081484186,0.8368805665473873
96,0.5243167996628417,1.0589638312300338
97,0.33023616465339484,1.1321524593584518
98,0.7548570392992646,1.076639793998497
99,0.4565120486414942,1.0358727057449244
100,0.2855630989947814,1.017837406303319
101,0.4778272840591454,1.1147537850763676
102,0.4744746650455343,1.1186142257549994
103,0.46308975571348987,1.0802288471909434
104,0.3505816194885368,0.9747293375109756
105,0.586272838527401,1.0484521546035614
106,0.30280752650338366,1.067774409199666
107,0.3440222391025755,1.121185322164817
108,0.14638943066907756,0.9145180577808444
109,0.039779163300347406,0.848472346949588
110,0.03388020055402205,0.7654339038704124
111,0.15279360828586389,0.7869868398086824
112,0.3885227244100093,0.8866740981034297
113,0.3589195925589885,0.9618471510858745
114,0.3950374940242044,1.123084568652213
115,0.4200956989573177,1.0971939105488537
116,0.33303132662639656,1.0275708661502811
117,0.4674036013494206,1.0378402553981523
118,0.18408207684946926,0.9462782311576191
119,0.20391103528216173,0.8461888832060179
120,0.5451008546558286,0.8859274804340551
121,0.23069581825339516,0.7805991728733787
122,0.19077379359902058,0.7635498530344913
123,0.3798660949856679,0.8368319182093625
124,0.4837498665852205,0.9502725344314567
125,0.3075432170434238,0.9234489759942693
126,0.3548039787335523,0.9148817384972682
127,0.21648655849746748,0.8332025219915187
128,0.432432416315942,0.9962157960121583
129,0.409507924579949,1.0583503445988443
130,0.32539466028309855,1.0433942368876605
131,0.14591617902357076,0.9012631643617393
132,0.470705897708379,0.9182503218967901
133,0.4767853177548723,1.0166754715006416
134,0.5008272247300066,1.1326303758046095
135,0.38505842160646025,1.0305676953698817
136,0.3827030265829743,0.97137321878299
137,0.20398977209565225,0.8402271681099486
138,0.13587936953014826,0.8033702902967579
139,0.6183699560155974,0.8294266784086968
140,0.6581203003998458,0.8922036311824074
141,0.33517774739638045,0.9202068768096132
142,0.5312212111124248,0.9261427382242652
143,0.6434398553979462,0.9267515434003938
144,0.46806752636305077,0.8899365685183268
145,0.045734214533869375,0.9801506233084684
146,0.7259020394996061,0.9730816064485894
147,0.7981401473109957,0.927045902957541
148,0.19089465070050998,0.9423486690563648
149,0.3436273548004426,0.8238424575749471
150,0.29421681416695417,0.7275692846391472
151,0.6235831391850944,0.8212252709779694
152,0.27196751211521325,0.6765859488112117
153,0.26935358956456684,0.6630441546043836
154,0.3644791799316629,0.8078284311670633
155,0.5326711612263898,0.9014697646426655
156,0.3161065186365811,0.9944843268871053
157,0.23094526995118078,1.0239012196690822
158,0.2908409546522539,1.0303871311222788
159,0.088147644684426,0.9344684373576689
160,0.18585788166569192,1.0126824290287373
161,0.25913232353283505,0.9296762024507035
162,0.3517373459653859,0.8650031396069152
163,0.3528723925726977,0.9586843820976917
164,0.19339044914029532,0.9610600554916628
165,0.11062942040320957,0.8724112237128128
166,0.33349554505970647,0.8434745540513237
167,0.24036982238033894,0.7048442841272502
168,0.4732092627184671,0.7462074075371662
169,0.20931161163775303,0.6342469593447104
170,0.21363609261946268,0.725306531714265
171,0.27798754661037445,0.8801898832914454
172,0.34408279995009133,0.6566554428683707
173,0.1322151801862556,0.6576867445768377
174,0.023465335606188204,0.5496071986406204
175,0.39269062975193114,0.693320047759132
176,0.3907567372163754,0.6119145316689188
177,0.26703389644302267,0.5640390111197402
178,0.33145660771025204,0.5808049483011674
179,0.37449111912982164,0.678273162179211
180,0.3032701997095104,0.5718068633114237
181,0.6281662655717642,0.6455239213130116
182,0.5584944935198327,0.8335154505283823
183,0.37794984856457264,0.9879671316077977
184,0.39782503653298756,1.0933390265439107
185,0.4991546892924025,0.91238911932405
186,0.4328915672415229,0.9617123012759514
187,0.5198802336804823,0.8715110255481795
188,0.5738408187709165,1.0275680996234102
189,0.24989407978243056,1.0647687258168965
190,0.22703773069198466,1.0449879276699279
191,0.43527294748338663,1.097151703758981
192,0.27716492837431234,1.0694014241984215
193,0.5271810283405304,1.0211973172122206
194,0.7072674840592627,0.9584557858722873
195,0.5536536485501282,1.0412249233465525
196,0.33404065429957724,0.8717366785305755
197,0.22830289498101633,0.8072256661065182
198,0.26006501669561,0.8145472082794238
199,-0.060303849373317994,0.7135403896506132
200,0.1995975987366769,0.6909218055537574
201,0.3987983768081427,0.8212233241097374
202,0.13520403871176287,0.7734347833634923
203,0.26381313654343524,0.7984276613210647
204,0.07118423105923452,0.7542999011795793
205,0.2827837522475581,0.8873273082908608
206,0.3217141433014309,0.9634940632296564
207,0.3460359740860733,1.0206348219942196
208,0.4924097839125169,1.011317758845428
209,0.3484719977635334,0.9778310941952089
210,0.6855480286010281,0.9287430437412705
211,0.3823940465376948,0.8924447712923834
212,0.29563686293803854,0.9676628004047297
213,0.3352480845993746,1.0269047953521804
214,0.12334080166554875,0.9000177295645319
215,0.3774881205500799,0.9325425188857513
216,0.368319199774689,0.8973594360146806
217,0.7139251904827114,0.8996160903830346
218,0.35195301570513565,1.0317994108872266
219,0.5371490428271579,1.081501593657378
220,0.052316994933096356,1.0370354053600015
221,0.3460097257625955,0.8973270185820211
222,0.4686195341704467,0.8788712903765399
223,0.32057680131482896,0.9660352220823782
224,0.5300223999222995,0.7940722283615193
225,0.5958620051934017,0.8767961412827379
226,0.3287675413223778,0.7469398320349235
227,0.3127451468442518,0.7839697316587663
228,-0.038992793525904304,0.7043135510645576
229,0.4285841523590566,0.7826595629480452
230,0.5275273073490344,0.7353009395105066
231,0.24402468998444815,0.6611487755154909
232,0.4751592403292063,0.5649388868289492
233,0.6900432140672826,0.5225942161923327
234,-0.09343680738693683,0.4604900977629253
235,0.24076182614263986,0.5841425321499198
236,0.5448181900433686,0.47501636953940196
237,0.16667374127304713,0.49717437338490145
238,0.3599363959561824,0.6791874349867014
239,0.7022055372094701,0.5407782131468192
240,0.8614023445206331,0.7018355864081083
241,0.8739400404612019,0.5530270427429805
242,0.453704853140272,0.6571392272322132
243,0.1616164080710855,0.5037086248132914
244,-0.13948612761442974,0.5117464074223511
245,0.5084952295778348,0.6523569375752177
246,0.42255765406268986,0.5135280924720225
247,0.483230167545115,0.6710863179470785
248,0.4062880642998876,0.7645300688051062
249,0.032343530160100664,0.6985689136698554
250,0.4672025769449303,0.7662094855070991
251,0.830501934133122,0.6915894792176045
252,0.26086073425204104,0.7081293990476983
253,0.7079894401662249,0.623146122537249
254,0.005368405887766816,0.756120128225021
255,0.29205664969022754,0.6278185405432118
256,0.7162003636003562,0.6469757229816115
257,0.5544954593936899,0.6827620871581729
258,0.541405646030979,0.8017274502247081
259,0.00931129900908683,0.8730832072556595
260,-0.0063164079406600486,0.8607895592680744
261,0.2244232189381175,0.9057232339013651
262,0.11337442879548514,0.7136615247925124
263,0.30285339168412356,0.8056445367182512
264,-0.10397422625201991,0.6925757180186531
265,-0.09951854753231995,0.6427528444672856
266,0.17558846129671415,0.5827507059905104
267,-0.3339740542863993,0.4894267108534298
268,0.13688709027621432,0.43168426280029326
269,0.1999499612867169,0.5425183571459691
270,0.3544719275171178,0.6154769906094426
271,0.19700234504471303,0.5509608005572406
272,0.36924039656248797,0.6137311124234317
273,0.10864936191455538,0.7585711393206749
274,0.5714905710441928,0.6882318904350637
275,0.28342504652636,0.6985289145373051
276,0.19261548843604553,0.6460186103448881
277,0.2976630271917683,0.7081373404980277
278,0.4169283113758381,0.6126890250340413
279,0.6961113495432892,0.5891841554486069
280,0.5178953488564851,0.6618217751254799
281,0.35903542273240824,0.6133728922872771
282,0.24411007323929107,0.5756242962469066
283,0.027896720663118105,0.568928878192403
284,-0.08621525629803757,0.4848257960990493
285,0.4755073676587375,0.5858906136950394
286,0.47225771632032654,0.7399914356628781
287,0.7641158046309069,0.6559161521352672
288,0.10802072980702175,0.6326641926845906
289,0.06666839564027877,0.6798799553973764
290,0.09582948912882094,0.8310720162939615
291,0.3384413965873778,0.6606875431606717
292,0.6394406630491241,0.7624056443475506
293,0.19869999324934087,0.7107339866474485
294,0.6728872507471425,0.6976854208257893
295,0.4747433768049153,0.7107856554980445
296,0.6832849473350796,0.7494544972774412
297,0.6876765993595584,0.7144172013893582
298,0.5632801689715882,0.8198610990181396
299,0.47048831878506403,0.8744213967180559
300,0.14647947459519106,0.7960020704877226
301,0.24895066942883,0.8228441768297254
302,0.13593339331575635,0.8203492663861254
303,0.505599691546567,0.7976053609676429
304,0.30439892795144363,0.6953458899586303
305,-0.07821590491296351,0.6698691608914072
306,0.44272769483165764,0.7086618514232914
307,0.18773084366797185,0.6724970908653533
308,0.4962210737522525,0.7745781909169349
309,0.6491641340219856,0.6228708513174968
310,0.17354689098754886,0.6415671841725302
311,0.23908765522848907,0.522239655600983
312,0.6221229162713628,0.713120224834038
313,0.46217877604008506,0.8687744387122933
314,0.4448436450760252,0.9488966326439616
315,0.19725765336995904,0.7934505819995854
316,0.34830917434799463,0.8403702628768033
317,0.3320596868956574,0.7721865867511508
318,0.4045258820121596,0.9267131933928981
319,0.3362732521409062,0.9959674680461866
320,0.5255004745985382,1.0890513938922202
321,0.5622112270931736,1.0128733711662063
322,0.4222540499001886,0.9327078495227306
323,0.41813172548163263,0.9770739873698143
324,0.316560561631486,0.8536133467591294
325,0.39409633172272807,0.8102098720381599
326,0.4921929322707061,0.9182396631782352
327,-0.16371615945511994,0.7269132714913894
328,0.4166189941418097,0.7664344924712116
329,0.4674978367187354,0.9071722781462963
330,0.21925463029254522,0.8552306433637217
331,0.40244407855815917,0.8522875390658483
332,0.249627624733748,0.9513111897969887
333,0.29852235069230104,1.0014265534257751
334,0.020296749880128872,0.8671348162068209
335,0.013479942657923745,0.908775032688631
336,0.453754092472059,1.069693567909047
337,0.4419891374018726,0.9152438458745067
338,0.10545546068730231,0.8652478797117352
339,0.018576197195073238,0.746071652982417
340,-0.03929188692875219,0.7071468295458039
341,0.3514087446431985,0.8892930925813237
342,0.40384549379567264,0.8345260073642997
343,0.5618028719341103,0.8984094230724583
344,0.5466273543268045,0.8826213265873055
345,0.5615559781574081,0.9799294216432707
346,0.17199899120483056,0.7676620594010527
347,0.3620644849056778,0.879597132742027
348,0.18189601728558147,0.7977695500010579
349,0.26732942356889766,0.7375236444266839
350,0.3429724463126718,0.8061565324590482
351,0.30575477965796916,0.8319020429167318
352,0.22972829677543513,0.7958187677939605
353,0.22748047825038742,0.772365678078632
354,0.721123711700369,0.8273894486298106
355,0.15588126308640515,0.9477716888968327
356,0.3913846463006411,1.0400372861985279
357,0.24415141022552234,0.7914849093598294
358,0.4445618018663358,0.8507804941338106
359,0.15502329844613633,0.7442367723342135
360,0.5793170438618177,0.9389996699725284
361,0.19245091203297632,0.8615426872788519
362,0.19179696606556537,0.7394079213333848
363,0.6225480037860266,0.7637903960496235
364,0.0961374824723278,0.6220236127651649
365,0.2317483864702388,0.6091524842433624
366,0.2693419983688056,0.7801904492961794
367,0.4447523756136668,0.7821497504399993
368,0.432616550147875,0.8548184265095322
369,0.6050846944480321,0.7028853851595284
370,0.25624668222587277,0.7659287882049411
371,0.22508305535581596,0.6970773943966831
372,0.039659985066827524,0.6035503175854653
373,0.7314005207438612,0.6716758407941308
374,0.35010931287172914,0.7518915944079594
375,0.014493579794660223,0.6169144712074206
376,0.4861500097456502,0.6090604138349006
377,0.26010514750814223,0.5393620795753573
378,0.45108380651570423,0.4675560215165505
379,0.478684087941588,0.4387731826010813
380,0.10081680515349238,0.3651906576413961
381,0.1483534085809499,0.31139513858271994
382,0.11769111310728471,0.368508518790364
383,0.11130366617964244,0.40503533177378176
384,0.15884002294473815,0.492580223880783
385,0.32843332019950583,0.555547173800734
386,-0.3843114155430044,0.46721485524604506
387,0.21702891172441663,0.3902349335061061
388,0.32447343586701455,0.44445587067510595
389,0.3745572826491612,0.5342941515002948
390,-0.23281380269158783,0.4165228954425536
391,0.266056422026102,0.4888686928811128
392,-0.3157254543722068,0.3599608368329833
393,0.21384065023294344,0.445572207918175
394,-0.07453903292002144,0.4287321262733513
395,-0.014711626623534695,0.4423793375389129
396,0.350947938781149,0.5064709024548217
397,0.01147361390060832,0.441467599864266
398,0.5065043663615365,0.40718982008519833
399,0.6325835575988049,0.4883442468737882
400,0.4653255685940889,0.5284395472847125
401,0.6639545752549363,0.6508882152012887
402,0.22037860986301552,0.6604114256576467
403,0.3741708121685654,0.6186437549333852
404,0.6286339998091461,0.658902878631738
405,0.4268039098885525,0.8532130288816275
406,0.33994367769472017,0.6531557729369947
407,0.33144646644714465,0.6393591805498788
408,0.22091573274480036,0.5396673364800072
409,0.469954808431585,0.5909309237764603
410,-0.2374698886835799,0.46286612488266443
411,0.2540215075084312,0.526707858676802
412,-0.03569640594346076,0.47665787784954194
413,0.3276161422634011,0.58718124956482
414,0.4438409356870513,0.6783362791839314
415,0.11773517393104799,0.6115682392071448
416,0.15825607078415835,0.5376276619804253
417,0.4287169989301227,0.6041721884286083
418,0.5288731855958374,0.7511134842029414
419,0.5493073066962392,0.6733151672335451
420,0.4862079909916698,0.6068561634486541
421,0.501304467206364,0.6793696953360937
422,0.13775170735101067,0.6448416828766851
423,0.48370625085366065,0.7186610600436544
424,0.47435703936644685,0.8121350574754175
425,-0.05920110350938314,0.6708720459643732
426,0.21951457157682916,0.5906835835176895
427,-0.039561531112834634,0.5381940216679286
428,0.14511130096233713,0.5090176659509685
429,0.10285482725577168,0.5397166993012292
430,0.39127099951578054,0.487786430030981
431,0.30735203376929676,0.6015700454947022
432,-0.0029893654134993263,0.4695362676088455
433,0.2641517887333094,0.47609619672539044
434,0.4358462068233024,0.5824647917756275
435,0.5641959766718118,0.5269905014060844
436,0.48030679763592504,0.5547238668372741
437,0.4726429579655656,0.5950190844787628
438,0.4426453707463328,0.5536744442439179
439,0.505981445852612,0.6924893336136793
440,0.49462314724097894,0.5668434825549368
441,0.3160225023362315,0.5722439626054032
442,0.3162104795211783,0.4771805204974994
443,0.9028372684927913,0.531672523468393
444,0.0770978027975262,0.5638852846121298
445,0.025802931133319378,0.7133654913529515
446,0.30752556460018227,0.5400210148845189
447,0.34760418801873505,0.5359436070988913
448,-0.0363145424458318,0.463926165554048
449,0.36164231684454407,0.5162150563897606
450,0.27516256060170713,0.6395797982906284
451,0.2663866207455747,0.745676711277444
452,0.45162101173034785,0.7931675587968906
453,0.17878578532945436,0.729260157032209
454,0.12067579869298257,0.7284706957833595
455,0.30190723081467224,0.866693745358125
456,0.301718590424327,0.9409917753499615
457,0.5434087216349017,0.9426330532402252
458,0.36826389562966605,0.8925884508666277
459,0.21690772739687345,1.0036718354803178
460,0.364357581387245,0.7439469418081207
461,0.6877158036066856,0.8764608306750837
462,0.45990837928880746,0.9773126038668881
463,0.3429522127897424,0.8298891214242081
464,0.2327331445649684,0.8170018659359305
465,0.21236459381177178,0.8784482297179631
466,0.2582704216174098,0.7848245584974768
467,-0.03372508807693795,0.7282625848996054
468,0.15326094743231622,0.6306084423298426
469,0.22139600847019422,0.7070270305521853
470,0.23055743936096926,0.628543621666025
471,0.29445049721784655,0.6708340655030538
472,0.3703811514178211,0.5362952531562155
473,0.540002321102063,0.5891714385335091
474,0.17796313774299014,0.49065241818286215
475,0.26961491877384136,0.5538823902836371
476,0.2715261066641208,0.6379789679464698
477,0.3294093661901763,0.5587291911207888
478,0.5366368939696807,0.5866577598241326
479,0.8840755600568982,0.6090737438418888
480,0.8188557709909468,0.5222427569035697
481,0.4596661748032175,0.5908631291091009
482,0.45696313042797243,0.584185499112968
483,0.2657193009324266,0.6316434445473132
484,0.20920189126227134,0.7031677254850139
485,0.6395857177593569,0.7813469616790079
486,0.3351033803469719,0.8284044308668355
487,0.7562515688575755,0.7296692914929956
488,0.3988840550446347,0.7202735068125014
489,0.29108350183669135,0.7897431640801428
490,0.44141000933824504,0.7760113404510981
491,0.39113564442247123,0.7936940828223376
492,-0.02191633207806175,0.6449041002635267
493,0.5504086274338579,0.7043516979073606
494,0.5438152955752432,0.8731694720153546
495,0.19183588901836124,0.9750132123012001
496,0.3370372411360938,1.0345506864119176
497,0.4242189464611102,0.9621370027685879
498,0.4929368163701379,1.1416676136574702
499,0.2852754089989298,1.1403515017452772
500,0.5849425230176216,1.0729866395596337
501,0.4923394674526346,1.0059409445136491
502,0.28753885438599636,1.0093319932156026
503,0.33334035076956486,0.8794135061104685
504,0.4275697505663174,0.8196421141508954
505,0.6003719192993724,0.7845547217502828
506,0.5133376133950036,0.8675862974934125
507,0.1640168821189897,0.7920571253910876
508,0.27203773871637554,0.7864195047797397
509,0.27650739481196157,1.0067235697245303
510,0.26347840953288554,1.0059086604406564
511,0.27731365154325327,0.9366946307667096
512,0.3198321828258412,0.9243122550052832
513,0.3289146305876376,0.7658545965856236
514,0.5433514884746621,0.8782292039201472
515,0.15209925764709972,0.9599818915263773
516,0.5709467563697658,0.8820414630378528
517,0.1969717973063289,0.806911616758502
518,0.356297712109776,0.8788910953384393
519,0.556553975930226,0.9868540597193818
520,0.7376166714060644,1.0587290964979
521,0.5165997179850784,1.0855389758188145
522,0.532117596219914,1.1639970419179377
523,0.27596758891145007,1.138433699554215
524,0.20021132283441445,0.9308649129310816
525,0.45420774933876434,0.9459771368565275
526,0.3691562788221549,0.8014118238701753
527,0.4607976437933796,0.9510340378718921
528,0.15851242469133917,0.8056260912677381
529,0.17308158879497088,0.8911062347605945
530,0.3168277392675038,0.7776677675630512
531,0.5318044485028111,0.8309627000356079
532,0.6148920659645701,0.9021013005341905
533,0.1886694774773065,0.7711110528020363
534,0.541574450873147,0.9311812125309165
535,0.5334806956480752,1.1094559881653567
536,0.5638468728016248,1.2344514847280377
537,0.38354181716527985,1.2181836438371565
538,0.45973663971464485,1.0800710693737976
539,0.37734654651430644,1.0952587542680332
540,0.3284298526965139,1.0703826976660904
541,0.4597067788780188,0.9914498681757561
542,0.41292312200966,1.074642907910711
543,0.23781727051190435,1.056559248265599
544,0.41038586258240234,0.8866406911897049
545,0.4328064436598791,0.8536084674827472
546,0.42099806413793417,0.8742105166723401
547,0.20477235706489813,0.6738711084077662
548,0.54197675472695,0.7816704685073319
549,0.45077361650564424,0.9117674970336745
550,0.6170443298473182,0.8072916739924522
551,0.3527481046099333,0.9125685144319299
552,0.27485448533460183,1.0380012278822746
553,0.43325174800664656,1.0639415124543987
554,0.5800915896582846,1.0833540510591582
555,0.47480223228195834,1.0416694819690562
556,0.3681864796761226,0.985723090355931
557,0.4977326896815831,1.026257651488761
558,0.2180490203920299,0.9854597074686101
559,0.6468354384032977,1.108729659578639
560,0.29963499764721874,0.954674591649959
561,0.6939688977535499,0.9806491198636806
562,0.4288082547813195,0.9978467063508621
563,0.23923874344923288,1.0029839753320609
564,0.3040246292197053,0.9278331370819348
565,0.3740803349656925,0.9630740891503003
566,0.4020027757697243,1.0601970192400425
567,0.545874784959237,1.0983628160782195
568,0.4250859519743306,0.9916694072903943
569,0.21455150569761045,0.8801502014894328
570,0.7964638488265829,0.844740878669801
571,0.5448457311739003,0.9355506826066456
572,0.2964924359164712,0.9501464888739609
573,0.24870199311984617,0.7771733527775052
574,0.47301077934478747,0.8300423937308953
575,0.19875802219159588,0.7498893147386293
576,0.20683970019891737,0.6990784754507706
577,0.29814123529184483,0.6493884300381535
578,0.017412588291232996,0.5739334217949514
579,0.27510694753959003,0.5142399553679364
580,0.3473347290496121,0.4656327295038178
581,0.46232672530148805,0.5757234269126036
582,0.4922360716027973,0.7019022348143874
583,0.5866256222893591,0.7107157094303653
584,0.7415286722068438,0.8234866740174126
585,0.6849404314001304,0.91176849737716
586,0.6509026840185752,0.9823069886163113
587,0.4308370589527727,0.9367296821844499
588,0.38295128863590744,1.014837840573358
589,0.6838849855060659,1.130375757375467
590,0.34045023924745177,1.0809703644512882
591,0.20108608514734588,0.9413712418931702
592,0.7140623541678562,0.8706969756847803
593,0.36278735089851655,0.8678630807391771
594,0.42505981722919933,0.9847401536681331
595,0.30199735207634265,1.1054374130835833
596,0.41886764897248524,0.9549887835239287
597,0.13102292314759456,0.9082016474034061
598,0.42228217747925345,0.8267206698956835
599,0.06747760380793162,0.7918000899223553
600,0.6041481378932286,0.7788060577357032
601,0.3461734513394435,0.8887568290056566
602,0.7854927646008019,1.04682819918471
603,0.8153846516813819,0.913520261636932
604,0.9242438021944592,1.0619229905339942
605,0.3897030074663264,1.1168209029874303
606,0.4445186858091413,1.069059313049624
607,0.04670271351650477,1.0218733283273054
608,0.5582443264391386,1.020848387396381
609,0.42745226018881716,0.9967289922583714
610,0.5904547446738274,0.9663544969228031
611,0.09701580107238897,0.9301873252661965
612,0.36895220718233507,0.9788230118129072
613,0.5094484429277906,0.9567208585079414
614,0.35295325566681424,0.9689171091024262
615,0.6218469430444892,0.8234110904102262
616,0.536134793583625,0.8807521221502033
617,0.596500028765012,0.8357097069191496
618,0.15660916688521548,0.7806078202763514
619,0.24481397531848215,0.850841376402811
620,0.5332578515858033,0.9600273914393895
621,0.519810297420117,1.056714459625953
622,0.5769692996768485,1.1978594611087614
623,0.39353848215937015,1.0826138330369777
624,0.517975278342244,1.1976135199451559
625,0.29453285394930695,1.081122714765865
626,0.4935213300713226,1.154410177467223
627,0.288459510378774,1.0942006664554698
628,0.40428051752186406,1.043104721502168
629,0.31185837993655297,0.8490741728345614
630,0.2655333407757028,0.7995491744181167
631,0.37511791049658505,0.8427860458121088
632,0.3904722775434821,0.7158036436044976
633,0.42281124631313627,0.8635333955832617
634,0.22423910543234452,0.7884573161893795
635,0.1111969680947645,0.8302494033066923
636,0.350588851396243,0.9536360527137067
637,0.5404131112428078,0.9934100212731344
638,0.24003600694264945,0.8419772817113643
639,0.5123788080811481,0.8884223948947907
640,0.6256992707632165,0.8357899010147712
641,0.32221150191736897,0.9322189041951519
642,0.7547693800569807,1.0833249215181597
643,0.17021884950277744,0.8570214386610914
644,0.5569481372979412,0.9937316957258402
645,0.38984430395785374,1.1581134220216904
646,0.21928922063525738,1.0398415956834637
647,0.2120703152525088,1.0080329028921922
648,0.541963757815657,1.0570298012511345
649,0.3385560913399407,1.0436616038085824
650,0.42695058849662726,0.9573912207653826
651,0.46004847402888605,0.9741515394669121
652,0.25630071875551536,0.8200708080481051
653,0.2687778537579044,0.844436308155912
654,0.5330801636260932,0.7542194582650753
655,0.666418428581813,0.9247854170431872
656,0.22297984748506355,0.767004741561866
657,0.33080996790634,0.7990759711709006
658,0.3314388509251029,0.7183759574999384
659,-0.10577588721585046,0.6794848153556958
660,0.41471987700788665,0.8121211543529444
661,0.5080002508976358,0.7030278351078425
662,0.4166734371233246,0.840087832774913
663,0.568920520498047,0.7711236311916949
664,0.5320316299792527,0.8231584380592972
665,0.21495808300466937,0.6903922826469162
666,0.5031461313253835,0.7469592498089914
667,0.46425130811183224,0.578636619630904
668,0.4030471034916841,0.5790188599119598
669,0.4074391661539069,0.7010681408327534
670,0.6272921918169124,0.6865403777838698
671,0.5029363761096823,0.7882670426773332
672,0.7657195932925763,0.6672912746838857
673,0.3223112925679773,0.6852207342104205
674,0.20958986033217122,0.6010241371111529
675,-0.019203720099274797,0.6747100656991247
676,0.42614785419490003,0.7772482003169038
677,0.38915190622070234,0.690083352772613
678,0.43743001527885544,0.7271768744639105
679,0.7086356720374046,0.6258313653109062
680,0.4176132084993847,0.6124679881861451
681,0.6771004332969346,0.5642655171135887
682,0.4766257895950347,0.5343968453119033
683,0.32560849612699394,0.4970503452342692
684,0.02978727540870428,0.46717196390426124
685,0.2129474429679102,0.47691604420231115
686,0.12684122518332805,0.49979464285260716
687,-0.10093188660561452,0.41683114497551454
688,0.09728638267632417,0.3818844083785826
689,0.7505137069751238,0.4792221146811412
690,0.7151509346033469,0.5509579932251658
691,0.7714735097492588,0.6161860437981088
692,0.5162781172902122,0.6940679065907656
693,0.31721466132800274,0.7301817738216848
694,0.48018578249780514,0.7727281824977699
695,0.7730819361142757,0.8771581116564487
696,0.02007803173907188,0.7305883014491616
697,0.3176969354031002,0.6400928279607678
698,-0.17255201308455237,0.5750941365623573
699,0.23142983717073393,0.5555587165118838
700,0.4679626129961016,0.583663952656684
701,-0.08709863448601425,0.4636041870300564
702,0.45528943010708617,0.5216928968862643
703,-0.056723414735762465,0.4218645675122505
704,-0.20610310676006963,0.36415544006533535
705,-0.0018142749034485211,0.33464388814671503
706,0.4599930930837787,0.39609564926924967
707,0.0948946511075538,0.31804080528047307
708,-0.16587414677777915,0.2540839852248917
709,-0.040198260649138146,0.22174963678215592
710,0.09612119857032402,0.1854182121992412
711,0.24222934423020398,0.20431599528653935
712,0.2619065067905738,0.22609725238535616
713,0.4786278315914842,0.2665268980352916
714,0.3937223553175419,0.32700153979499247
715,-0.24933085657312135,0.22062377047881335
716,0.07925231375951436,0.22706367060360907
717,-0.3370750373956199,0.1495938608872465
718,0.06723952153058738,0.15241596819246983
719,0.13857783296536913,0.17157300817741863
720,-0.48138283142670685,0.09721067930891879
721,0.09696994546952123,0.09129047561307883
722,-0.5213257010591188,0.05899326357896564
723,0.07501876775391633,0.06811343711890841
724,0.24357593254184357,0.08055061405709137
725,-0.5103855620919119,0.0436845524532564
726,0.09080632381311171,0.05010568024427685
727,0.20562848193148914,0.05631792847783977
728,0.09569486183928805,0.05922113016340757
729,-0.5986426260307123,0.03358855534107564
730,0.19502332643360903,0.03604023785209245
731,-0.6500720169701131,0.020321666061441916
732,0.17322528321952269,0.021791362109212817
733,-0.6118993545577249,0.012453180070326307
734,-0.2201684344777256,0.010213083863353812
735,-0.28462666934334474,0.007448840464299565
736,-0.22614361221343818,0.006117114799703838
737,0.14744821903053365,0.006816543215558633
738,-0.6685473649783568,0.003636296131646542
739,0.1464121572000372,0.004049139375470599
740,-0.6608174554168514,0.002163284514901025
741,-0.2640481052405602,0.0015830324220652836
742,-0.2585685489016651,0.0012851858272132763
743,-0.25943013997444103,0.0009394494480311709
744,-0.2745176942265461,0.0007620972403363098
745,-0.24608178880839604,0.0005572623454420073
746,0.14904186750697057,0.0005799342270849673
747,0.11642377245140406,0.0006186542103578844
748,-0.6414750967709926,0.00034370643677065566
749,0.12445935380820272,0.0003669125856368623
750,0.042610421444837614,0.00037345145402971504
751,-0.5703094680144382,0.0002175126442206057
752,-0.6449293258542612,0.00012084653291758222
753,-0.5312998053512173,6.92112165319538e-5
754,0.014933559264675439,7.165421231001022e-5
755,0.13500319442930267,7.647954125472643e-5
756,0.06917112945461447,7.78780019550191e-5
757,0.020011985485567693,7.587141641401446e-5
758,-0.023169052944115937,7.111607986313001e-5
759,-0.06313927955421615,6.471972170167138e-5
760,-0.09015062205428086,5.7590607886276054e-5
761,-0.43693816311297723,3.8370848795733786e-5
762,-0.0645913198044948,3.414621430915563e-5
763,-0.07271672371646053,2.9860366652226347e-5
764,-0.08088125442825284,2.5750787112639317e-5
765,-0.09692775506223704,2.1956920833008065e-5
766,-0.4210748138514319,1.526741787521861e-5
767,-0.091738253992901,1.3018348524994128e-5
768,-0.4231433277639941,9.051985285434245e-6
769,-0.3722682724766343,6.223054728420047e-6
770,-0.26739267900301034,4.218779046351449e-6
771,-0.15432989805696065,2.8103553463607317e-6
772,-0.34969104409774926,2.5013197111213562e-6
773,-0.170853804259992,1.6662573771051353e-6
774,-0.07324593711699859,1.085212268274081e-6
775,-0.039474397286215906,6.861691405001201e-7
776,-0.05513001920867818,4.174070171691387e-7
