t,lambda,delta_s
1,-1.1236317386812795,1.1669531290215853
2,-0.08671467561134565,1.1552375793200893
3,0.110515726577815,1.166137434646558
4,0.17184667833568149,1.2538412340709473
5,0.9512597770344567,1.2203784288618582
6,0.14084146248183077,1.0292848812931088
7,-0.10249599253158616,0.9634912281370729
8,0.7699483726752278,0.925544376881811
9,1.0393986731488052,0.9607749358295674
10,0.4535143179728947,0.9544478429546889
11,0.37743557665697597,0.9445727466331574
12,0.6186383174213322,0.9755292137027001
13,0.6452684833575039,0.9223742071001477
14,0.4397755297895388,0.8546007247491885
15,0.2640701973935658,0.8802534938562905
16,-0.014734149906479478,0.7612760553413976
17,0.539147595130598,0.7983324478339942
18,-0.029890968836179817,0.6374420331699362
19,0.07975615073705097,0.7554025420354105
20,0.07619123118047129,0.671496286834166
21,0.1833600975194014,0.7802651540464663
22,-0.010627276410130445,0.5816891303294963
23,0.46769210742658907,0.5863985782341398
24,0.44309300570508103,0.6487401342061211
25,0.5693925587649873,0.7821504694124436
26,0.7232105488342281,0.631793490877951
27,0.4882917895864072,0.7713437428796619
28,0.18123479503884588,0.7378155735450173
29,0.44896552251409544,0.7381713355886717
30,0.18217383438515827,0.8397945947469438
31,0.3386978303614514,0.9841557660456491
32,0.61211011653478,1.0435788042105065
33,0.3183583677690233,1.0077735414590547
34,0.3434448141817289,1.1060336906575325
35,0.336729752619956,1.1239352895303034
36,-0.12898331249951275,1.099631777005121
37,0.41986961235197057,1.1163761732499449
38,0.5448029172253744,0.939227615975862
39,0.44572153764195926,0.962772807130582
40,0.7204131365934969,0.9810241173451704
41,0.5810269997631281,1.1034394851370641
42,0.6661551179891017,1.055840339793473
43,0.6310761931674815,0.9467751346080563
44,0.6802765843545867,0.9460632182473593
45,0.4949702720769592,0.8430290010315402
46,0.3879117973277882,0.9112999387763999
47,-0.07642909110014286,0.9150943368032002
48,0.14554185857648558,0.8357958775685812
49,0.3104830824999946,0.8167332111407838
50,0.13209216751020056,0.7446812510702209
51,0.13205311557504745,0.6603566954444073
52,0.08810757516675229,0.6017166077524039
53,0.08496338748236265,0.576904652943219
54,0.28804873494452554,0.6003455030758863
55,0.45301192179534633,0.7055023139425521
56,0.06910231833944958,0.5345875337078149
57,0.21672736014356953,0.5583535848029736
58,-0.2509311794991197,0.4697304599273488
59,0.005772768674823019,0.4434936603125455
60,-0.14317354932703902,0.41257342883703324
61,0.2644551287016727,0.5163265138012539
62,0.06997893014309156,0.44259360357553085
63,0.7304617064974747,0.46465650019389293
64,0.762041785482654,0.47793460205707783
65,0.7668678943993278,0.49969469219286516
66,-0.013335330317284037,0.4552279089087526
67,0.20710163994255737,0.42607579069022655
68,-0.13984897957767367,0.37947589282189553
69,0.5015423218194359,0.5013786349092154
70,0.5033393635638976,0.5869861230637777
71,0.46226784340448634,0.5197227919376968
72,0.3100697282084668,0.5114607162372589
73,0.4238354616209734,0.6151889715767968
74,0.1462682983390068,0.6611329061556248
75,0.19787875049675216,0.6572077835186789
76,0.23801486087356052,0.6605991321307164
77,0.34779936422409874,0.716896531106135
78,0.3938999709152749,0.6396992100256854
79,0.3006441179024748,0.668711105460587
80,0.23144789852706596,0.5544330873907056
81,0.37669499600448403,0.6016294583428962
82,0.24368548558698055,0.5695306627862788
83,0.38180886506835554,0.6697411295712573
84,0.5452419972538782,0.7610680140033261
85,0.2733188438473385,0.662856245013152
86,0.08363216732221064,0.6091123097282635
87,0.13420589734815713,0.5661377235078875
88,0.4028548926805135,0.7194163132928693
89,0.2822137160523605,0.8202310717212083
90,0.4036963601850553,0.8814183064425628
91,0.2718143223466254,0.6875520611167778
92,0.5895902292436422,0.7444213797004262
93,0.39311443884610436,0.8600488697381349
94,0.03930016273484544,0.7648720872476676
95,0.35216944518593285,0.8097240992692037
96,0.49045436315154733,0.8584741566693312
97,0.24896004399191968,0.9355115269235786
98,0.037922210495368404,0.7980248662380838
99,0.043701962442565356,0.8421081447175927
100,0.5117511382733778,0.9275974247059939
101,0.12852407599635282,0.8077115851856388
102,0.39497820770817293,0.8512961245883364
103,0.435046622521763,0.9662083085417529
104,0.3828799972011096,0.9921107837464351
105,0.4993820044617135,1.0527745139202735
106,0.4564081593863116,1.056792304246294
107,0.3239112263618728,0.9519610073879731
108,0.49636952172109305,1.0210581357694404
109,0.4041912668766893,1.0900698150202857
110,0.3313382666489602,1.041984156186806
111,0.5263966880776231,1.1055324979707537
112,0.3912302101970542,1.0686918676372754
113,0.6031316157398368,0.9939215794657462
114,0.5333711835497618,1.022340716334781
115,0.3669454324840619,0.7943173901575789
116,0.4985622807844514,0.9132026125586836
117,0.30449071197353034,0.8507899421985238
118,0.1639396642485236,0.860997095096757
119,0.08462838800329676,0.8851324374636628
120,0.3257005478719946,0.9106803573929579
121,0.4514156937581265,0.7810017047173327
122,0.6169057890094347,0.8942828917690252
123,0.4239270154961417,0.9597190970695769
124,0.29153824898770997,0.9433127881868079
125,0.5653028117825092,0.9874596414043528
126,0.49504426992102346,0.9000529748394795
127,0.349085522969233,0.8850881291854907
128,0.5517552633091379,0.9456324452186787
129,0.5111967887095937,1.011714986160928
130,0.49157421448665733,1.0383224521243426
131,0.37084474943150103,0.9433245512410686
132,0.34989819019805707,0.8442086710628934
133,0.45681070204207214,0.8945740717105193
134,0.3282258203442441,1.002764250619435
135,0.34433567658920405,0.8936335691612743
136,0.6608334144154331,0.912823920004841
137,0.3252303714028549,0.9359077904590277
138,0.3272292317320978,1.0230035741469439
139,0.4339795173381297,1.0077052280611518
140,0.47196503643852156,0.9390528532922977
141,0.34468260986815347,1.0105078444873261
142,0.20416709144395614,0.8858716912713032
143,0.6624614668720546,0.8883860433524151
144,0.8466705590658198,0.8443457510767012
145,0.2550181042329388,0.9570275070270683
146,0.498335287090919,0.837202516485212
147,0.2866538106706279,0.8235232846063674
148,0.12996487601235066,0.8601794111828887
149,0.4513690308377181,0.7782479567211064
150,0.4497108418875944,0.8378650418767464
151,0.7201891244064478,0.958681348278649
152,0.7407233053613292,1.060653433951381
153,0.7659259836481576,0.9896264171818663
154,0.7342671235679779,0.9667314943828256
155,0.06261237318314126,1.0099475371412063
156,0.10842351148993537,1.0200703508780724
157,0.47708335435372123,1.1045639243474503
158,0.5502249649389674,0.8984299053393375
159,0.3601165121548535,1.0218692440830086
160,0.5966146606524383,0.8925053809532407
161,0.5577393742071748,0.9839294316854923
162,0.2726377345852086,0.8726399811588649
163,0.6147757104455167,0.8555774939651405
164,0.5948604264866827,0.9516569196457125
165,0.6928706176940809,0.9926754576517397
166,0.6086771246796,0.9659478389385527
167,0.4839298170417806,1.0120197774968585
168,0.5367370643386171,0.9698293341976207
169,0.5627788285116672,1.0094533093265359
170,0.6053928127018915,1.0303005161588121
171,0.20382142557334074,1.0175128823936799
172,0.886778633966774,1.0120109789598326
173,0.4619768165465922,1.0865684459115932
174,0.3227365989266944,1.1913761685075908
175,0.34040982764072725,1.152368251657073
176,0.6600585701969005,1.098575238446884
177,0.2995013218076435,0.9363873378480544
178,0.21706847414943647,0.885540618330774
179,0.11145682053276558,0.885345603856079
180,0.6239353711516642,0.964809500092551
181,0.1721754051077262,0.8495397473513379
182,0.5546451439890139,0.8527806831328543
183,-0.11399545622449617,0.8064826110575688
184,0.14143774866415798,0.724808412593193
185,0.09776766380683506,0.7875940893882302
186,0.11683288966836865,0.801053826564188
187,0.42786460562216644,0.8973227361011732
188,0.5316300176312259,0.9593634824416541
189,0.07666138677007564,0.8218159886980873
190,0.4629706029470927,0.7964256002821948
191,0.044076754595945344,0.7729470722702471
192,0.6319704423667613,0.9503284991872933
193,0.3043980607253381,0.8594798493170545
194,0.4055742446051236,0.9081136244127
195,-0.004682960781421113,0.7432987916240618
196,0.19760430120549158,0.8116313307878136
197,0.6849600182014758,0.8064956393182426
198,0.5726214589760914,0.7892022843668165
199,0.3259961954286481,0.9363840625920155
200,0.21256041869288278,0.8233353163456036
201,0.7912250305046302,0.8115966857089498
202,0.19322366639673186,0.6831015639328204
203,0.009480241281950075,0.8184513934065407
204,0.2660912330339385,0.6668091927173715
205,0.6479796244078891,0.7862385300520189
206,0.7495182496083374,0.928759187664937
207,0.4883008131471554,0.7487820276383091
208,0.1636321260713422,0.780158209677127
209,0.29836618196214065,0.6189547592890334
210,0.5193154705124317,0.6317719527997031
211,0.3065394524279817,0.8496031354081583
212,0.10520495298847458,0.9452428057449501
213,-0.035740526180265374,0.9004385768739128
214,0.554571350460346,0.9207045727689765
215,0.7027322225301107,1.0488989288032133
216,0.15006185188325624,0.8759574845737745
217,0.2662065366796307,0.9031756594715338
218,0.26818160369091915,0.7948930507012792
219,-0.12999599733193054,0.8742552223605086
220,0.2605731059227375,0.9131968230479092
221,0.41517731464281216,0.8360095270560441
222,0.1527552449460321,0.8130262700032214
223,0.5270820763636522,0.9616559151859153
224,0.5209368503875826,1.185536569654885
225,0.5812273405549263,1.0074179361488762
226,0.30183151404209513,1.016777374589033
227,0.43800088966116063,0.9866580062006128
228,0.298273425401261,0.992204564642904
229,0.5003963738903546,0.9363685819757347
230,0.33747556068055906,1.0750221168157739
231,0.4521111130570718,1.1258947929809935
232,0.4626789893458003,1.0702702530590216
233,-0.08635570804302098,0.9708388573903407
234,0.6312138156956839,0.9306952246987947
235,0.542091217081887,0.9854327995648242
236,-0.06321567235578139,0.7613968123719199
237,0.28798164930766856,0.8081601776725945
238,-0.005804401295476211,0.6633676871740462
239,0.29200410557313095,0.6525099016099533
240,-0.011452311271484154,0.5377163209439899
241,-0.19277810556648003,0.5139980958101135
242,0.4546585617238661,0.6489153936381205
243,0.43051186949156356,0.7113337357951323
244,0.4985026734828018,0.6356856673827418
245,0.4789276414159815,0.6871606106295777
246,0.360330542510815,0.6518205901937854
247,0.7469976300887301,0.6678386240038615
248,0.5366051522616229,0.7467623495760504
249,0.09059105422691564,0.5888053688832531
250,0.48222362737601915,0.7280985470625022
251,0.3218141962205306,0.6023762630914757
252,0.18851179062263274,0.5877934760860265
253,0.4316877450189713,0.6803580598831023
254,0.04896067794324443,0.4855912368384756
255,0.45995463890434424,0.5756815611787249
256,0.30142185124838833,0.7094871672474939
257,0.2257014228265344,0.6193728542819924
258,0.050904046179819466,0.6413394416198409
259,0.377585449813146,0.6069946499114686
260,0.39921768239952304,0.6738297394905068
261,0.058414470781024214,0.6608946893174414
262,0.46728906102198225,0.724351893387411
263,0.4058172385978698,0.7957203146706991
264,0.4705515223941709,0.8345584412529412
265,0.4207353919066543,0.8771659885693337
266,0.5640705898005316,0.9738565799369743
267,0.6615474777784834,1.0135384105711784
268,0.3416664319837835,0.9763120890874739
269,0.20761670441080543,0.9068664119877208
270,0.593889936727592,1.042698426629457
271,0.5085937506511454,1.0925522773904726
272,0.16758901462001177,1.026860266259338
273,0.16928678281159645,0.9442763543166703
274,0.32114118095711736,0.9398218496981131
275,0.1501998491471329,0.7447106580294759
276,0.164191591272888,0.7045809482094175
277,0.6620726437253143,0.9088412994405783
278,0.40120451020119424,0.9223958196271704
279,0.3482154010693023,0.7675568170565739
280,0.23641157891006132,0.8090749878003998
281,0.46384033314538836,0.8329894375041825
282,0.49334049994488444,0.6935272437869309
283,0.512622036788421,0.7798207177794002
284,0.47749684280662125,0.5931657421646779
285,0.17587937965999847,0.7879235117921763
286,0.27532516561904546,0.9567002845048994
287,0.13993618274007416,0.7937484499825304
288,0.3618549854680853,0.8298167287156263
289,0.029066446897046794,0.7054078235308004
290,0.42932356910732095,0.8423283461969726
291,0.2670380601401524,0.8470951368481606
292,0.4919344236037499,0.8539307738391362
293,0.21790854183041314,0.9645516568691651
294,0.5312689929424955,0.9071452180441126
295,0.14953224402119455,0.7992110879149035
296,0.4303825888004915,0.9882632919317949
297,0.09303083018539819,0.7224099866322822
298,0.2576011578263787,0.7514740289932524
299,-0.024907547566713678,0.5799208267738385
300,0.3705694592647416,0.5876839072888193
301,0.41860434706895083,0.6890883033572222
302,0.4128553136467103,0.7899073456048313
303,0.3376904967835463,0.7253141450557928
304,0.45620498340255383,0.7218835935768222
305,0.3385188880514559,0.7504434279071549
306,0.42315666521597817,0.6624753034181599
307,0.265539659622452,0.67512840622052
308,0.29597579474852787,0.619892665914494
309,0.2109580400874221,0.6348774117775197
310,0.4136906986362733,0.7476982537529688
311,0.46920113150741666,0.884392086583579
312,0.41537355284305705,0.8137993531264062
313,0.329492828130732,0.9673844936276855
314,0.29537650806781124,0.7985618915478397
315,0.4166479543096671,0.9458077201408679
316,0.4845908733801322,0.8119235766079077
317,0.5326389035071832,0.8559749659891936
318,0.20227473204975627,0.7982864339365585
319,0.3262768946126901,0.750421153617448
320,0.36840123590983676,0.6961561082234657
321,0.4075044855353789,0.7983614236913621
322,0.2978410879455008,0.9317715885446219
323,0.368232801868937,0.9473409439595135
324,0.405215854221118,0.9932746721803638
325,0.5539835441715799,0.7805385004787284
326,0.5723893746765546,0.9207975590346337
327,0.37632052436096636,0.795708047301022
328,0.552122238088611,0.8651582914019136
329,-0.05996651580960225,0.7002454611599574
330,0.38751868540597584,0.8476452562691922
331,0.5390199483273813,1.0436225151236567
332,0.7008974888417769,1.0700934307586625
333,0.0606437273202326,1.1017429788381328
334,0.381611261939267,1.1259900386975754
335,0.5434669452791191,1.1157224296764807
336,0.6685222486835493,1.1180576205752855
337,0.7389633961731078,1.1968402049097084
338,0.471434588316402,1.1383044236077526
339,0.25876557203622996,1.1242236036760405
340,0.4384508016603369,0.9796446817877594
341,0.6317715293036588,0.9191903787433992
342,0.10619753078550571,0.9012560037564207
343,0.13761320911484778,0.804516045183199
344,0.11996176773259919,0.7912813539893075
345,0.2677480456517422,0.8573121279470525
346,0.15458066010961105,0.6880773998476647
347,-0.046194707188741156,0.6738484998283334
348,0.5945111098608444,0.8045213603443283
349,0.7045456267647382,0.8849725338692621
350,0.6733859392692472,0.9836332854291793
351,0.5476119913235599,0.9753363502173926
352,0.34508799501792203,0.9514638596742601
353,0.37720067545275027,1.032703358414255
354,0.17534287719105818,0.9071208882629105
355,0.2256328636353532,0.7346230427830895
356,0.05336555078197384,0.6666886594544907
357,0.38519757059068016,0.8223347101878289
358,0.6225074485828145,0.872934103224037
359,0.576605255717289,0.9005924910323618
360,0.28471449413659145,0.8672534443010912
361,0.30741015569266156,0.7672322438273553
362,0.30228778038204707,0.6919893648535703
363,0.31990550130234047,0.8383152163764109
364,0.32730328949938076,0.7485054453788699
365,0.3188362910867436,0.8205776151452872
366,0.4643053170141072,0.94041228231465
367,0.3564311208817084,1.0180566618900768
368,0.5123534271450063,1.0830550204943892
369,0.5621979461909643,1.0454751861197942
370,0.3674635732981187,0.9321538097909023
371,0.7758912597008548,0.9056949406188632
372,0.3695460874453806,0.9349630665892638
373,0.3536103613045385,0.9518677785448708
374,0.12178340598280989,0.8066159231169071
375,0.5178204485616927,0.9165907269712653
376,0.6111533751844224,0.9628088464641024
377,0.6293005768500135,1.015538954688366
378,0.6799705990622386,0.9416158023215405
379,0.7412568493697276,1.0149827815523735
380,-0.1562419409050185,0.8562264588163613
381,0.36626219919381053,0.8697258571966483
382,0.5050999229564483,0.7206898604671546
383,0.3783095062898849,0.6915347815932532
384,0.27515702566157196,0.6607599698920685
385,0.5241610412572392,0.7674953125805775
386,-0.15470558655134406,0.5608045775502085
387,0.37108665272670704,0.6113021167107289
388,0.35953307001938317,0.8168333882351562
389,0.7046788321452827,0.7303409565081483
390,0.09578130247363133,0.8692239347069466
391,0.871159479920436,0.9280071176296
392,0.8165856295224849,1.0203263128663627
393,0.20569066999724575,0.7905072177227417
394,0.41276777192669073,0.8335922194558038
395,0.35039844165806083,1.039152066916992
396,0.5687099557385049,1.1899304428113548
397,0.6956782294200236,1.21023549242782
398,0.5248659342887746,1.0463628081665752
399,0.7905968869950911,1.0603499635445244
400,0.6954407500213675,1.1528638298370921
401,0.0012486716574361613,0.958345206331689
402,0.2824370413139182,1.024141781213188
403,0.3623728787767355,0.9367693024120848
404,0.16175331297942222,0.9550963503770734
405,0.29926337679558546,1.0032813536091187
406,0.3020205828155135,0.8084130458669073
407,0.4323971688210836,0.8170300172643367
408,0.3264331227760822,0.7696571230939452
409,0.30284563684668936,0.6907527663398493
410,0.5394948147207043,0.7957677531588566
411,0.6671520993811393,0.87803876465647
412,0.47137286302647835,0.9370327927237895
413,0.2750060492630342,0.8315488311056269
414,0.14818160649589973,0.8461228499530286
415,0.219030282263791,0.8765475973745243
416,0.36879184660376063,0.9889093936802745
417,0.2556636226398722,0.9551951026941163
418,0.3727077422929348,1.0221000295100044
419,0.4887068228531021,1.0426755599374726
420,0.5878916954146913,0.9080607470987684
421,0.5877888470065553,0.9740004931483732
422,0.5164132543068953,0.9486157703456124
423,0.6592260787510827,0.9333413502022505
424,0.6053748588867665,0.9676947771339008
425,0.10443738069995219,0.9694509721043477
426,0.19157647912038406,0.9017705035461739
427,0.5457100877519929,1.0187677150285044
428,0.5362069074879565,0.8076180313110104
429,0.05798341487589695,0.7762235347474568
430,0.6115386561296977,0.8505959448918254
431,0.4113450013829931,0.855930118559645
432,0.43873710497468416,0.8266433796780748
433,0.2100884782269094,0.8563889929179238
434,0.45326416689505633,1.002699290970019
435,0.6689347370597283,0.9350032605157694
436,0.06344850719609774,0.8400319181499224
437,0.3477723720453654,0.9207492841744217
438,-0.007127946459983029,0.8508107440840204
439,0.5275449273841831,0.9673223096852532
440,0.2179280022718866,0.8645328319177868
441,0.6475187852100589,1.0201171341747293
442,0.36384166645906985,1.0346710464354123
443,0.23813431360067722,1.027099970122396
444,0.5111714488703353,1.046462876213844
445,0.3873046701316856,1.1022005865147777
446,0.4028398500808301,1.011022000085346
447,0.15844916577521498,0.9679561554992776
448,0.2890514082369448,1.0299214298685373
449,0.6040454062966566,1.053182901246761
450,0.6011473672377855,1.0857407759097575
451,0.49177642345112815,1.0518642774050253
452,0.3387385074413014,1.0937283180074546
453,0.48083090127069933,0.9559460703036395
454,0.6381288026600463,0.9717570377869811
455,0.5882705546125315,0.938205280935179
456,0.4418546829776667,0.9845785257737606
457,0.4469157666795915,1.012812776950405
458,0.34043883677561704,1.0924836822066377
459,0.6862074241879924,1.165393176908129
460,0.5505159103056212,1.13399665536903
461,0.5598354248153335,1.087802988218253
462,0.20391832143496333,0.9329088372072399
463,0.3963740451350736,0.863149687770633
464,0.1146487223186418,0.8224885679063093
465,0.27583875346780784,0.7392280374993709
466,0.05130471972886757,0.6592091327023837
467,0.1422407150214089,0.7702930949122067
468,0.28876800805213987,0.8771128034457173
469,0.42938757871073435,1.0330565326013348
470,0.19681955717962188,0.920523220001161
471,0.5194151337562207,1.0520753605478859
472,0.38562852098917366,1.1060061743267873
473,0.5748245501972798,0.8664243155865193
474,0.498797791863969,0.8713298900789845
475,0.25544477796297643,0.7866830413259321
476,0.35549617954363827,0.7340571198326613
477,0.47223877114758234,0.7292684546875271
478,0.692654595731959,0.7111974853104639
479,0.3846219326230715,0.6127079162541855
480,0.5698357415925992,0.6510448779527296
481,0.44550720760644597,0.8073227623040352
482,0.4103524046343541,0.5973717109770517
483,0.4564332912181953,0.630695086060832
484,0.33194634150938196,0.5482260544831611
485,0.7244731130903875,0.6833120726930305
486,-0.06985605381065386,0.5560756453130595
487,0.18540346728369334,0.6451315706055984
488,0.22435834147148248,0.6241899833311338
489,0.13329573708324188,0.6153665964862175
490,0.19819477545889733,0.547319102520827
491,0.34711784333110657,0.6694274768348644
492,0.602327911323561,0.864835988339845
493,0.3228014323938712,0.7428784691384264
494,0.1403598303474842,0.8308492454051268
495,0.45975565082709796,0.9945617520979004
496,0.12559433757263488,0.7391173385690032
497,0.04938907368266606,0.7573995909498858
498,0.04902839490731476,0.6039888212211145
499,0.43807631498223526,0.5477458248771407
500,0.49428755343082226,0.7044825555220815
501,-0.16966090397739314,0.4591404952001949
502,-0.1705099297251025,0.46325506625359186
503,0.016653637283396916,0.3591029523370464
504,0.30292642312732976,0.4687916974015668
505,0.40295482053467113,0.5860118225529625
506,0.0426934802045035,0.45056147593063783
507,0.367222762000202,0.5269662644116555
508,0.5215835469981591,0.6335816444598511
509,0.03799655787138362,0.5466794845126727
510,0.31084931282352785,0.6294772785895381
511,0.04545214891187197,0.6246180722299151
512,0.5450064923943148,0.6813885653154534
513,0.5554769224936675,0.7182755506666465
514,0.13646268421672136,0.6002933189603332
515,0.33168015680410123,0.6534107852591495
516,0.48036252587493683,0.7024312640690934
517,0.18497356292723063,0.6143927135892778
518,-0.12895086466149308,0.5655092229252212
519,0.09444771663697603,0.5464948236262018
520,0.48047297257717336,0.729977823858413
521,0.6349864518303306,0.7519727161102168
522,0.14936020688137347,0.6491468597231077
523,0.6323238839108086,0.7786440711669803
524,0.5058271161758109,0.9349013802675665
525,0.5490897021337239,0.9755538255309445
526,0.6865971379485315,0.9487590031180967
527,0.4329516939026618,1.0308777494023482
528,0.5518767208781449,0.8344339136034188
529,0.6091151060681405,0.7778057707358925
530,0.6370729211996041,0.8779756316347735
531,0.43171435953317566,0.695976380191413
532,0.43118842706546934,0.8159319607097493
533,0.5578115402836998,0.9230437037688157
534,0.19567750939964831,0.8757339194379548
535,0.2959071234516861,0.8774439648633856
536,0.5563396952650871,0.9222794179648809
537,-0.24338862306377126,0.8289639264753731
538,0.3191098439350321,0.9078196371976074
539,0.23795316829544347,0.7748818711327801
540,0.5831996201526257,0.8705278707297014
541,0.4525848238085058,0.9326740316492285
542,0.32945480736003957,0.9741260566274956
543,0.942949151194818,0.9453138265316423
544,0.3986875878435384,1.0108361413278897
545,0.41173977367838605,0.891467701575105
546,0.5421967657334571,1.01621875741337
547,0.2999934985738527,0.872463515109628
548,0.21874680332864532,0.8326444628854285
549,0.3637799427729933,0.9364336828264809
550,0.23083724210393813,1.0169794814889401
551,0.4589180858877442,1.0286178113283915
552,0.499209835912395,1.0177545193015909
553,0.43101657100178864,1.0309639362263476
554,0.5705265852022522,1.079253577315774
555,0.10236480780565095,0.9384771948060243
556,0.4498474537845358,0.8554389961543943
557,0.3906842999241639,0.8861040215317478
558,-0.014235701481275091,1.005598620886222
559,0.5846847250785475,0.9476866997202844
560,0.39866137238529004,0.9532209230033345
561,0.5083113705834942,1.0247029898607203
562,0.5920892770038484,0.9582377558952754
563,0.7836139056219716,1.0608235178081924
564,0.5464172868934345,1.0856442653578464
565,0.12449791332006689,1.06608055281827
566,0.4258773448885467,1.0406843065941744
567,0.34825087096493923,1.0235337761551364
568,0.2910640205524441,1.0714874036212951
569,0.5244655517182887,0.8978411154867334
570,0.5172642391929472,0.9123089871393131
571,0.4251959525416242,0.8315675183114414
572,0.18239994078876365,0.8465314560661441
573,0.2699069628513898,0.8239561826928191
574,-0.12442372154652483,0.6849210150050272
575,0.17688102961492141,0.6562153351575242
576,0.5276609121344736,0.6959418121235633
577,0.8294902268225072,0.8159808832439998
578,0.7456573839262771,0.9902108626834553
579,0.1915431333324356,0.8303904169816146
580,0.3738340151439444,0.8170035712229816
581,0.2182881194870747,0.8717456361973822
582,0.13727432051477972,0.7962448748240843
583,0.06003464136544262,0.6982882862982035
584,0.5755697788346291,0.7968885736731142
585,0.43016503650588434,0.8899464899278953
586,0.5620900394505268,0.714784869331979
587,0.1670314951418854,0.6596811799594481
588,0.4778034487203421,0.7274689839749264
589,0.27949289387805765,0.9049438195875836
590,0.8374207848874371,0.8509052986440276
591,0.4290172189154511,0.9404789695468693
592,0.0076583621838133,0.9268691877982146
593,0.5101379887907751,0.9115074258575109
594,0.4193235581967919,0.8421453003267525
595,0.48575535813736986,0.8462352352484205
596,0.4122963461279122,0.8027481316112166
597,0.5931031471439961,0.8327095432307935
598,0.015009968834098317,0.6716140662684722
599,0.04786214598394885,0.7883370326098648
600,0.6452147731924448,0.9924753172463965
601,0.5816627529862581,0.79028897273905
602,0.3407599671786247,0.8430482026481025
603,0.21840333657377453,0.7164657824177288
604,0.4446297419080327,0.8267729985367634
605,0.2308940356131316,0.7094554772166002
606,-0.12859485610699967,0.6745333284838373
607,0.6925629502202099,0.809130905250514
608,0.8607718523372611,0.9013093856875012
609,0.3369088498610124,0.819624950751024
610,0.3163087681659516,0.6547694878863973
611,0.17636994648248452,0.6806924282284514
612,0.3414026572731244,0.5425914130002055
613,0.5108921842550412,0.49343896493194306
614,0.23754695529809564,0.4535243311946326
615,0.47465070586671165,0.5638622901109448
616,0.057236479714461184,0.40917875644445395
617,0.16690359152109954,0.4552755459657537
618,0.21539307590927415,0.5313181653220557
619,0.9964581372759037,0.6014643003742597
620,0.6386697934349187,0.7248899479281109
621,0.8954239353442998,0.6346628043776201
622,-0.050554243629202,0.6715324915192736
623,0.08348111227397442,0.6654111096663047
624,-0.13457569504328948,0.6457156652737032
625,0.1580528322789918,0.6349441708101645
626,0.3071735072275898,0.7243745747685039
627,0.2914571407065269,0.6359360018028433
628,0.20772762119523,0.6853152667175605
629,0.20730557410579423,0.7483788746352429
630,0.6044050468852861,0.8150674221320503
631,0.1897043769948155,0.7079214295770891
632,0.20778347583791223,0.7606901881110255
633,0.3970696283547888,0.7779079891880141
634,0.24006290542003966,0.7712653416130034
635,0.18150877392244996,0.8415603922762597
636,0.44221300931534974,0.9925856859458166
637,0.47511699853032635,1.0094693466264515
638,0.6201812618760069,0.9843581031510757
639,0.2350319690601433,1.0716501899388493
640,0.615913423141262,1.1812749659087132
641,0.15117253895353336,1.0282164806727991
642,0.10554828975353961,1.0439230285774856
643,0.40781238509331175,1.0158998230333838
644,0.5948058661969275,1.0643243722838402
645,0.4746130136334206,1.0836323942681891
646,0.33765536265384194,1.0572421661921763
647,0.34378092253322323,0.955064816898792
648,0.5451009387698242,0.937883084122833
649,0.4246509771028314,0.9123893082655884
650,0.2639133670628677,0.8459505164282854
651,0.1888642023186496,0.9019701713983052
652,0.49371143505351006,1.0237541959491383
653,0.31452606790954557,1.1434714389259097
654,0.4850519406152098,1.124714204258819
655,0.5345273406246394,1.0872087386575566
656,0.3294882647646618,0.9418887041568322
657,0.5358467642682841,0.9689744167567191
658,0.4616976053715689,1.056606049082596
659,0.2900327796218454,1.0092469992949005
660,0.5056919246686399,1.0419061452419092
661,0.4391274291310541,1.0860029341363127
662,0.2988053681258759,0.9547318694088209
663,0.18977808769559668,0.8697555992486151
664,0.5135673158959465,0.943595327533122
665,0.5662127745658257,1.019588847399296
666,0.29030600867426604,1.030175070811243
667,0.38084374394440884,0.9297238615791992
668,0.5418429110009355,1.0202413998633109
669,0.5307096648144799,1.0784899058474813
670,0.3329718281271197,1.1028214040654611
671,0.4477599266123986,1.1131982995976395
672,0.19915990387408053,1.1075103348771618
673,0.2479040172753123,1.0216078746878856
674,0.5912132008839134,1.0308210406510012
675,0.6418694396758456,1.061248901813176
676,0.35287141593237586,1.1739123356082655
677,0.5985416337017716,1.1130826624657977
678,0.46506401131243497,1.0876364612232603
679,0.5172014580358205,1.1097804740933
680,0.1887041831311176,1.1349397952488525
681,0.3111721632232062,1.1422656806384952
682,0.25456457740157923,0.9322208681120467
683,0.431395985130586,1.0000579352836216
684,0.475074213575322,1.0921391139447059
685,0.5047985681603935,1.0152335432249342
686,0.37206146161133435,0.9712722053642828
687,0.4237625948166281,0.9782182851645196
688,0.19975171724987112,1.0073911640813533
689,0.4152968872280079,1.008778711538578
690,0.19569962937697255,0.947956233312102
691,0.6112350117204903,0.82558040956888
692,0.35241396147538606,0.8261926272229202
693,0.26697258068456836,0.8703858162245529
694,0.33139726558172194,0.9252625462170094
695,0.4716018735886379,0.9603903352290117
696,0.2966818558558583,1.0066504099928615
697,0.5228764154881971,0.948354759749267
698,0.43950488688751066,1.0328843620764387
699,0.42633454702846696,0.9252176628578574
700,0.4131601793314472,0.918937497913853
701,0.6469988908660167,1.0276975196077667
702,0.4713232562570614,1.0801247035916264
703,0.4576486101591229,1.0332658901418625
704,0.3430209081823057,1.014978184588054
705,0.47012135146636824,1.0377154413431338
706,0.12556073559243616,0.893782671598344
707,0.19255007242083602,0.7572647538895974
708,0.5114382362048773,0.8290740012107739
709,0.5527259771465746,0.9062865876250207
710,0.11232984839002827,0.9817209497021506
711,0.4705943962036218,0.9333684874961216
712,0.3946425182111506,0.9598744604130481
713,0.09996488423521958,0.870410436585724
714,0.3306969038176496,0.9391160405007222
715,0.23051532409353287,0.8221877210893449
716,0.6767472652359032,0.7948923375033902
717,0.18070168613322884,0.8970229093417743
718,0.43770946513923487,0.9902712691718115
719,0.3947851195704796,0.9746040625423832
720,0.5871808350724109,1.0460016622673227
721,0.471939964348033,0.948562399407508
722,0.359350314437916,0.9597065960261122
723,0.3549931961074222,0.8757998284058313
724,0.37357736748103787,0.9400062663567749
725,0.6137395699453746,0.9885491256260549
726,0.31337547172632985,0.8448849187117684
727,0.7180671293095926,0.841866495807282
728,0.3170167299363902,0.9011868735954073
729,0.08929330139925935,0.8860077341286582
730,0.37523335174424016,1.0095030911603362
731,0.6415287883567284,0.9832682368669442
732,0.3061461932835088,0.8540874170797875
733,0.2923856141408408,0.9918941428741497
734,0.20922134977987333,0.9668484547844897
735,0.6113909168496517,0.8360058409380946
736,0.20701318243792619,0.869911553650836
737,0.7752447948978659,0.7802429777432484
738,0.8005585576448673,0.7448525725250355
739,0.48554888030094706,0.8288727113376294
740,0.4973486750829872,0.6619226321402532
741,0.8157645411108445,0.7702630633256001
742,0.3627840183580105,0.6534531417253198
743,0.5094116028939049,0.7221985489290221
744,0.19457030226646158,0.5823296492924696
745,0.30762030672071,0.635870478672751
746,0.5914050919572051,0.7496765948032291
747,0.311006689765557,0.6329825554167786
748,0.2513587239323933,0.6049074157607965
749,0.6669481201921307,0.6492744069674343
750,0.15405841460301545,0.522200854382287
751,0.1904599634648859,0.5753104624279669
752,0.2292538372034976,0.47793752557047314
753,0.6232167058879808,0.5314231714441131
754,0.1005778625662082,0.5847717003252401
755,0.35592169334476237,0.6683476228290396
756,0.5493049606994759,0.8219494230015864
757,0.7092489906080276,0.7222043228886257
758,0.05001348087176439,0.6483950936568782
759,0.11331624214167262,0.6401844926834813
760,0.033523049595544994,0.6012035968924198
761,-0.08410330754158858,0.503140723725505
762,0.26720969390029997,0.5816276857815711
763,0.323541783679031,0.4610411251733108
764,0.5144385742979174,0.5405505118954415
765,0.8668826682757432,0.632470606389623
766,0.6648901427599127,0.5887261672856058
767,0.5693608920718988,0.6469289986434261
768,0.3659019676095221,0.7607684441494531
769,0.6780043271025328,0.8203692815897475
770,0.2740682588375591,0.8551370640921315
771,0.4998901479548181,0.9601237841733167
772,0.07649625875825211,0.9443696686926016
773,0.29585542316993557,0.9352703739945497
774,0.37445076862978627,0.9991388688913931
775,0.34660144725228287,0.901165482535613
776,0.30046530274750766,0.8879038851000087
