t,lambda,delta_s
1,-0.13969208525394555,1.0021866696133204
2,0.6376415840626567,0.8251243609671677
3,0.3043520246690929,0.6995472465373969
4,0.8599453605312757,0.5707918136992873
5,0.8520413173179036,0.5207804783744607
6,0.7332753557875707,0.36515908902116045
7,0.6065212715266157,0.3573556131694971
8,0.33998248859286645,0.3512415155039012
9,0.03081570184043934,0.26696912902071923
10,0.010861279903910948,0.2608251241196237
11,0.1267927398973319,0.24425492044084676
12,-0.03837060820741527,0.2279787117751319
13,-0.1586653647513426,0.13421409715298407
14,0.13587819599570672,0.12481912402535131
15,-0.03317069573308345,0.13175288226995654
16,-0.6096651809753516,0.08008299672814799
17,-0.2798801913864061,0.071893588344572
18,-0.5769144274974554,0.04396199029356802
19,-0.07122887857847957,0.04298378505090899
20,-0.10597461261857534,0.04764350073559195
21,-0.19278028353821228,0.04832313678624513
22,-0.8065458115033178,0.025030946947957728
23,-0.6942643142184431,0.023241432583202735
24,-0.33842882484906156,0.021129165613476508
25,-0.198156517320463,0.019180354731642982
26,-0.23365625989499897,0.01628055817826428
27,-0.7848762508324506,0.007134233134705289
28,-0.8397655473659988,0.004546446384280822
29,-0.18621685028840973,0.0026434638116609377
30,-0.24980241861398428,0.0023285236814815486
31,-0.7615777294678968,0.0009634648147766521
32,-0.26608134745053746,0.0008399333162742612
33,-0.7455528971295334,0.0003493425399931684
34,-0.2810445230796986,0.00030213294110701766
35,-0.7306660750197166,0.00012602758752372728
36,-0.29898408690571265,0.0001088254603987119
37,-0.3346435997340311,9.098817604808619e-5
38,-0.672605612785192,3.918547597337806e-5
39,-0.3576005988589104,3.275465816969287e-5
40,-0.6490422982887277,1.4107848440901883e-5
41,-0.6335755444353527,5.88555616978285e-6
42,-0.6028101333897564,3.7467660529481936e-6
43,-0.4229015868139058,2.1188251471300198e-6
44,-0.6003937586823507,1.348830286157854e-6
45,-0.563992835704263,1.1495289996106898e-6
46,-0.5147750509687683,9.563958162653332e-7
47,-0.45977832913158867,7.444203634437715e-7
48,-0.5593376370258659,3.4430109480116773e-7
49,-0.49537935797761773,1.489775343702721e-7
50,-0.43345168032380804,6.293059268934076e-8
51,-0.596230740138294,5.363190730208371e-8
52,-0.5527972360787325,4.462139480801924e-8
53,-0.49924136090231097,3.473162528477381e-8
54,-0.5197221157970273,1.606369908065371e-8
55,-0.5042734464398642,1.2503384550864932e-8
56,-0.45229394809065077,9.275031920593848e-9
57,-0.572151377004575,4.501218584299585e-9
58,-0.4494828485797076,3.3390114621646563e-9
59,-0.41717358334586174,2.3925397942454724e-9
60,-0.4004370259095586,1.6710125650520042e-9
61,-0.6217784227965292,8.613143230239892e-10
62,-0.6066246748804371,4.327358861284635e-10
63,-0.41382579339388714,3.10073155515497e-10
64,-0.6072434072671642,1.5578491915230668e-10
65,-0.5757835486847498,7.560318812120402e-11
66,-0.44335743959225044,5.608257088359686e-11
67,-0.5795923629362602,2.7217147727114488e-11
68,-0.43969245295329784,2.0189725517222236e-11
69,-0.40426634221168345,1.4466773130162943e-11
70,-0.38781938480368766,1.0103973920586124e-11
71,-0.6326106327554095,5.2080383269770585e-12
72,-0.3879133194373643,3.637430611380149e-12
73,-0.38306967167068817,2.4916358228173197e-12
74,-0.6317807618270332,1.3094750201068565e-12
75,-0.6104770988797853,6.749617671989876e-13
76,-0.5659395180567126,3.3910986020531306e-13
77,-0.5007754149651304,1.6457168454010242e-13
78,-0.5190271625632071,1.2207954967389352e-13
79,-0.4494976175971179,8.747504502889821e-14
80,-0.571042928676779,4.3948637882608274e-14
81,-0.4461544701875623,3.1491016210400506e-14
82,-0.38999205688628125,2.19941519536349e-14
83,-0.366064929402139,1.5065969018894805e-14
84,-0.3632164685799585,1.0165282783039086e-14
85,-0.6487653029726249,5.423748846802257e-15
86,-0.3745384066278374,3.6595018018940496e-15
87,-0.6374743970716831,1.9525495848488205e-15
88,-0.5786871880899467,1.026159153548913e-15
89,-0.44142098063499075,7.02917850545573e-16
90,-0.5708227884987023,3.694172952776092e-16
91,-0.4500278217620154,2.530504261964062e-16
92,-0.560235503573648,1.329902262999395e-16
93,-0.4455524267335909,6.854908782951127e-17
94,-0.5694422874442313,4.78764814679782e-17
95,-0.45082246869783943,2.4677671618624056e-17
96,-0.3652559714443568,1.2398393774990152e-17
97,-0.6418566236972184,8.88396178270466e-18
98,-0.5232899236655375,6.204791998249974e-18
99,-0.3976057022831853,4.250275446463025e-18
100,-0.3345781738371836,2.8677379971322927e-18
101,-0.659559405687154,1.5300991607266895e-18
102,-0.5356111817216901,8.041410429731965e-19
103,-0.39783625971319553,4.1449012093386846e-19
104,-0.32665625463483766,2.082454055877385e-19
105,-0.312172021006637,1.0106252048996331e-19
106,-0.3207647449098816,4.674236108120817e-20
107,-0.6913323742075788,3.6382507376386794e-20
108,-0.6647222242702436,2.698860456417091e-20
109,-0.5755763045344006,1.933845108229056e-20
110,-0.44876267306293166,1.3506481620344675e-20
111,-0.5724779401513366,6.961842389624601e-21
112,-0.4446378142380873,4.862333383324083e-21
113,-0.35629289107830425,3.3306928253982793e-21
114,-0.3301061563037906,2.2472789099160924e-21
115,-0.3362807704268052,1.4980779770141428e-21
116,-0.35539939382234037,9.888565990022355e-22
117,-0.6505486089099369,5.393080717250914e-22
118,-0.6225217153578276,2.9124734672512556e-22
119,-0.4090375354535265,1.9415090582103286e-22
120,-0.39061322517113223,1.2815581523068972e-22
121,-0.61489402122454,6.989432609557184e-23
122,-0.41443994568959325,4.61360934830483e-23
123,-0.38032629905008836,3.020550322108673e-23
124,-0.6305731305152436,1.660899365389738e-23
125,-0.540236810420609,9.058304661986107e-24
126,-0.4881659416239413,5.979237715403058e-24
127,-0.5154881211682044,3.2609896783149984e-24
128,-0.3776645189496973,1.7610613326614466e-24
129,-0.3110221039678508,9.396250528423702e-25
130,-0.3067714875487583,4.938183677177865e-25
131,-0.3269694141841033,2.5453598811214185e-25
132,-0.6926709191910055,1.777746123784031e-25
133,-0.7085742311917578,1.2177540684837112e-25
134,-0.3107447564896055,6.39988604562251e-26
135,-0.3262011692520009,3.2987864059333585e-26
136,-0.34657907729300613,1.6573546107761495e-26
137,-0.3647590623038332,8.043223514966318e-27
138,-0.6499684391164748,5.966476598794137e-27
139,-0.6422369207596558,4.275227182089631e-27
140,-0.3809736523867363,2.1479315755658892e-27
141,-0.374416302458574,1.0424017675396347e-27
142,-0.6448778961319712,7.7325536720372015e-28
143,-0.37925510852362654,3.752646363142685e-28
144,-0.6431873751811307,2.7837193219333923e-28
145,-0.6321830644230069,1.9946499940757382e-28
146,-0.6032992973283497,1.3931158896523968e-28
147,-0.42001109348904886,7.180739978672656e-29
148,-0.602430781528859,5.015217202748627e-29
149,-0.5630408360696417,3.43541806744425e-29
150,-0.45839927434389477,1.8054781929895064e-29
151,-0.5617205297422234,1.2367505042799298e-29
152,-0.45983432622331505,6.499721494762223e-30
153,-0.5602488739702669,4.452301815407746e-30
154,-0.4635521813804109,2.3398997381143992e-30
155,-0.430583452435325,1.2060885760018248e-30
156,-0.412492932311668,6.059551048366503e-31
157,-0.40229212456353447,2.9407299539557086e-31
158,-0.6118916678933587,2.1814383774119405e-31
159,-0.4122320274378843,1.0586627834240548e-31
160,-0.606264882720713,7.853178158682989e-32
161,-0.41600909014613496,3.811186020326598e-32
162,-0.601195620972226,2.827144137125876e-32
163,-0.42410309195972107,1.3720269673175748e-32
164,-0.5929903573762301,1.0177718893653151e-32
165,-0.4324211094927847,4.939297082343271e-33
166,-0.5804079942634875,3.663978801715133e-33
167,-0.44395860091671663,1.7781469496435774e-33
168,-0.5785663873460205,1.3190323686174474e-33
169,-0.44929908082468345,6.401329018716876e-34
170,-0.5721737153567957,4.748516527022812e-34
171,-0.45511455641952314,2.304478446738075e-34
172,-0.4232579159557388,1.065842838067654e-34
173,-0.4050245039472449,4.611857416537673e-35
174,-0.396650951057791,1.9481280277187663e-35
175,-0.6248717741901378,1.6602686699535625e-35
176,-0.6111279210917916,1.3813323181356802e-35
177,-0.5769409705957242,1.0751774641101163e-35
178,-0.44663887560895454,4.972796345288446e-36
179,-0.5686237534613794,3.8706388707964176e-36
180,-0.5003903449022519,2.8712463606186992e-36
181,-0.43207102228124644,2.057366736320377e-36
182,-0.5940491584024021,1.0336486898227319e-36
183,-0.42346180412963014,7.406520250753353e-37
184,-0.6055917298314173,3.7211352833618337e-37
185,-0.5521356664127652,1.8058852715587758e-37
186,-0.48457908885118267,8.352388306287997e-38
187,-0.5321902742439617,6.501186977611593e-38
188,-0.4938397354972423,3.00685979026368e-38
189,-0.4280419838914448,1.3010556649568854e-38
190,-0.590589011749614,1.0824695244949243e-38
191,-0.4310316788198751,4.683800393844787e-39
192,-0.38132315813122075,1.9785179807964455e-39
193,-0.6359337116035197,1.6861681417841238e-39
194,-0.5693026275454378,1.4028805037454218e-39
195,-0.45580601112848534,6.0702053104228435e-40
196,-0.5618540024797042,5.050369813483518e-40
197,-0.4600131725402439,2.185273911752223e-40
198,-0.5566903545191273,1.8181331328540667e-40
199,-0.44385720594451433,1.415166897589814e-40
200,-0.5806232098459546,6.545279278274639e-41
201,-0.4687015851266695,2.832114989630882e-41
202,-0.37759504409649475,1.1963341644600249e-41
203,-0.33544514794616626,6.765723035803672e-42
204,-0.684345454292426,4.306802992056089e-42
205,-0.33683701010715805,2.435660292889321e-42
206,-0.6817106149126477,1.5504490771401915e-42
207,-0.6210308242826035,1.3213515695621842e-42
208,-0.49939520934820264,1.0993555800258533e-42
209,-0.3835224037511466,8.556973069903965e-43
210,-0.640428846636593,3.957680088093073e-43
211,-0.3791759943522324,3.0805103051654273e-43
212,-0.6469926124529904,1.424764831713506e-43
213,-0.5387388642586042,6.164897882949324e-44
214,-0.41043223001360696,2.6041590771498997e-44
215,-0.6049289185699194,2.2193632378617565e-44
216,-0.4661529000971419,1.8464952219007033e-44
217,-0.560005593465017,7.989707656302324e-45
218,-0.45799423195418715,6.64738279884253e-45
219,-0.5673211638653761,2.876294756268836e-45
220,-0.4504673525571466,2.3930578075833108e-45
221,-0.5741184124404154,1.035466112256781e-45
222,-0.4435433460579408,8.615008107299918e-46
223,-0.34104182881614464,6.705600418150068e-46
224,-0.6827594662597296,3.101402918627969e-46
225,-0.33680027346044406,2.414016150534024e-46
226,-0.31147513826220324,1.7907212008309672e-46
227,-0.32272051625641596,1.2831257822889997e-46
228,-0.34241021225277424,8.9616871182343e-47
229,-0.3626972944041827,6.138745461291569e-47
230,-0.6566227531966788,3.226207362564351e-47
231,-0.3644341501617475,2.2099483660649635e-47
232,-0.3794202053388281,1.49109227881663e-47
233,-0.3923957269618441,9.939898847154793e-48
234,-0.4032631520965139,6.561163517011599e-48
235,-0.4140036577209711,4.2956225979555194e-48
236,-0.42195545659182254,2.793021607346721e-48
237,-0.5956124456236229,1.546424135263987e-48
238,-0.42903366860573505,1.0054877786448196e-48
239,-0.587298562141473,5.56712688695035e-49
240,-0.43565567140800043,3.61975600312135e-49
241,-0.5823325398988348,2.004165679302126e-49
242,-0.4407605342684015,1.3031121611236857e-49
243,-0.5757428408556969,7.214996445487655e-50
244,-0.5381955004981043,3.967284679844021e-50
245,-0.4874985246121434,2.1636996232113307e-50
246,-0.537638880713189,1.4282224847438472e-50
247,-0.47663387194644014,7.789318643560786e-51
248,-0.41495177505880504,4.206535200700737e-51
249,-0.6063416373927049,2.8041547116818845e-51
250,-0.5427196632238361,1.850976340228025e-51
251,-0.47249980506556966,1.009495696205478e-51
252,-0.5449830744395746,6.663514824820891e-52
253,-0.4439096962483291,4.362632449122305e-52
254,-0.5713488807664497,2.3988653369355204e-52
255,-0.44748728633775614,1.3083064222823e-52
256,-0.5831001208317471,8.635915212967876e-53
257,-0.43332519582390394,4.709903120216277e-53
258,-0.5804477968878223,3.108929476668434e-53
259,-0.43541477663129946,1.695565123277859e-53
260,-0.3274295233548739,9.15671152064757e-54
261,-0.6892931638447063,6.104034443800297e-54
262,-0.33675109775217527,3.296416147433126e-54
263,-0.3101080169840683,1.7588230115990797e-54
264,-0.3260139527583029,9.243464784862896e-55
265,-0.35304553396392147,4.7644935798327156e-55
266,-0.3758798239361747,2.3937455872699605e-55
267,-0.39847449487635644,1.161696517521987e-55
268,-0.4131701314751798,5.372955060445728e-56
269,-0.4316588701018635,2.3248551999621715e-56
270,-0.5730260554096404,1.934263821760462e-56
271,-0.5476624458991951,1.5055586867084953e-56
272,-0.5121550864792624,1.116825941196673e-56
273,-0.47515588494398614,8.002519648584303e-57
274,-0.44937294878455436,5.589169685313218e-57
275,-0.5787506015657603,2.88090707349035e-57
276,-0.5728140791310948,1.447406419790888e-57
277,-0.43945457384291187,1.0371265464565254e-57
278,-0.5920795912305675,5.210663111247195e-58
279,-0.5789087204324346,2.5287604591345756e-58
280,-0.5499055653318208,1.1695753667700068e-58
281,-0.4534931381235153,9.103537652884472e-59
282,-0.39022781696500447,6.753019392176365e-59
283,-0.6429978035791806,3.277273555038408e-59
284,-0.36434182159475853,2.4310869811834907e-59
285,-0.3408286959898637,1.7419743414531232e-59
286,-0.34179990304064367,1.216640584389649e-59
287,-0.3545455163148634,8.333974135571697e-60
288,-0.6686000139279127,4.379906103802735e-60
289,-0.3516790878970978,3.000230688805811e-60
290,-0.667460380387468,1.576766197368985e-60
291,-0.35310721503469195,1.0800830479700918e-60
292,-0.6686073486225124,5.676358310528345e-61
293,-0.6811688355650941,2.9258479754941277e-61
294,-0.6786414913759223,1.469985332755496e-61
295,-0.3448163956854011,1.0533052711778859e-61
296,-0.68565848138489,5.291947197919784e-62
297,-0.6597678904361234,2.56820802654511e-62
298,-0.3596611989593028,1.9051009912511217e-62
299,-0.3337924473598657,1.36508363144654e-62
300,-0.3422710292865909,9.534102240096372e-63
301,-0.6691729113191148,4.914301073207541e-63
302,-0.35678788117501903,3.4322768064346947e-63
303,-0.6583952589705836,1.7691483863547154e-63
304,-0.366131763116544,1.23561965031649e-63
305,-0.3762566101516973,8.463980520843608e-64
306,-0.38944750806245476,5.710801300374484e-64
307,-0.6237974252657796,3.047032987503698e-64
308,-0.6195866559568598,1.6013630668101707e-64
309,-0.608469670446683,8.25413871137656e-65
310,-0.4216808677004077,5.764907040516614e-65
311,-0.5962959109651875,2.9714899360955615e-65
312,-0.5807130112339485,1.492916466978552e-65
313,-0.5614875352423184,7.24519710809443e-66
314,-0.46215206164899136,5.374499281122785e-66
315,-0.5566471213840675,2.6082709589139947e-66
316,-0.4661364320379311,1.9348197412042035e-66
317,-0.454064258385132,1.386378344584745e-66
318,-0.5604007971129369,6.965351068335132e-67
319,-0.5397950418037721,3.380319162752536e-67
320,-0.4835606193062719,2.5075263846006472e-67
321,-0.47110392355410374,1.7967463345818292e-67
322,-0.46346268240167693,1.25489478144786e-67
323,-0.5453766524567162,6.468286804494586e-68
324,-0.5177794786048159,3.2497541944424382e-68
325,-0.5099429484381142,2.3285832496180504e-68
326,-0.491570745240977,1.6263436367564264e-68
327,-0.5154207687336116,8.382899698624983e-69
328,-0.4697171259100926,4.211681435997398e-69
329,-0.42865435150542436,2.0439497343116743e-69
330,-0.5911142252285407,1.5162053169590636e-69
331,-0.4309397998065183,7.358219043522026e-70
332,-0.5822552630396644,5.458339141052627e-70
333,-0.5338950006987436,3.9111256833904697e-70
334,-0.4827034869749168,1.9650020907789455e-70
335,-0.5345248354007849,1.4080052460205696e-70
336,-0.47923232631105045,7.074007526804202e-71
337,-0.42012743018265664,3.4330506769456372e-71
338,-0.40040961485231896,1.587818051379549e-71
339,-0.615775791726329,1.2358982437004297e-71
340,-0.40563971162494816,5.716144984966373e-72
341,-0.6081688229526342,4.449233677321544e-72
342,-0.4228505139557766,2.0578121945878953e-72
343,-0.5927254277993377,1.601724123835756e-72
344,-0.5702621762028407,1.188161622614077e-72
345,-0.5372024407536607,8.513669301480302e-73
346,-0.4796521995261762,4.2773818414106745e-73
347,-0.44540520661155003,2.0758344644911395e-73
348,-0.5786522907020408,1.5398574629078435e-73
349,-0.4462641388845688,7.473004072168101e-74
350,-0.43825862347627026,3.4563342870249397e-74
351,-0.5775404028525881,2.690281465980516e-74
352,-0.4475308445970636,1.244280343328978e-74
353,-0.44303813574627626,5.38394904453028e-75
354,-0.5687277258354934,4.479409235984321e-75
355,-0.4578197706769841,1.9382216560309013e-75
356,-0.5583230551653878,1.6125873249543564e-75
357,-0.5315637403159125,1.2551777207678695e-75
358,-0.5054753879319902,9.310929236709911e-76
359,-0.5176474739106894,4.518639794764331e-76
360,-0.5000573424260981,3.3519345252155684e-76
361,-0.47428556963102253,2.4017996815210074e-76
362,-0.5443744558329455,1.2066964290776041e-76
363,-0.5172322016586208,5.85615717401457e-77
364,-0.4947020598991877,2.7085274723905342e-77
365,-0.4752300188637056,1.1719685178057588e-77
366,-0.46149996588946735,4.95059693076001e-78
367,-0.5508602567160006,4.2190866641007304e-78
368,-0.510215518406949,3.510251604218132e-78
369,-0.520433247966289,1.5188711990762632e-78
370,-0.4948050681173218,1.2636905775185276e-78
371,-0.5337914506453648,5.467936316674547e-79
372,-0.5130647931535358,2.3097505040153892e-79
373,-0.4853347906922907,1.3062514351104825e-79
374,-0.46289358329132035,1.1271582754100404e-79
375,-0.4364031044621239,9.420614639000104e-80
376,-0.4124581375505868,7.328383067382604e-80
377,-0.6049424309824674,3.391421270040036e-80
378,-0.4137226999436604,2.6382179042577356e-80
379,-0.38946093235710705,1.952416640448336e-80
380,-0.6361703500271212,9.497584455327846e-81
381,-0.3882376822970679,7.02869990561401e-81
382,-0.63571165450265,3.419130403918025e-81
383,-0.3878873724427051,2.5303319660210427e-81
384,-0.6350298910984683,1.2308869454104888e-81
385,-0.38581829247671917,9.109195077675755e-82
386,-0.357662260452927,6.51209039246594e-82
387,-0.35059707523664624,4.5729674527992e-82
388,-0.36256992205622696,3.149302141503529e-82
389,-0.378837212319674,2.1336193338480445e-82
390,-0.636290120949299,1.1337487709412707e-82
391,-0.3902086257517518,7.681029601852958e-83
392,-0.40428034676498525,5.136887796348629e-83
393,-0.4165569485854226,3.3996305435941735e-83
394,-0.4240896841160826,2.2305359076648838e-83
395,-0.43002776408085686,1.4529044376952945e-83
396,-0.5872441552082986,8.029929267593582e-84
397,-0.43603041973744433,5.230455975703062e-84
398,-0.5833479035362942,2.8907745363336888e-84
399,-0.44047016736763084,1.8829641512531017e-84
400,-0.5789873432425482,1.0406788330801282e-84
401,-0.5616116805304608,5.710073855109471e-85
402,-0.5309020720149531,3.1060796158626824e-85
403,-0.4946671434551827,2.0556265878394092e-85
404,-0.4638375438148642,1.348719767671846e-85
405,-0.5565215023701393,7.400255716221873e-86
406,-0.5109146885159236,4.025479182158036e-86
407,-0.4564054325762324,2.166902870925019e-86
408,-0.4081181938996754,1.1514347604966525e-86
409,-0.38412289706169106,6.019017677526624e-87
410,-0.6399716296912794,4.14516513778795e-87
411,-0.37785637761578983,2.1668463639095846e-87
412,-0.3647424060844821,1.110843633208466e-87
413,-0.6542849333415643,7.800646910074504e-88
414,-0.6330916846109368,5.372134018573181e-88
415,-0.5768807118375548,3.639564732451595e-88
416,-0.4785471668362259,2.434053327127038e-88
417,-0.38725929191370106,1.6108745924954798e-88
418,-0.3547035178091446,1.0569129719335547e-88
419,-0.35626544824147677,6.884415273940043e-89
420,-0.6618528839789153,3.804886698960797e-89
421,-0.6477499264379561,2.0876934718741413e-89
422,-0.3710524604587683,1.3697592116258873e-89
423,-0.35800006700894255,8.9222021950263e-90
424,-0.65543033930431,4.931133161853192e-90
425,-0.5847977542573733,2.7056507395488862e-90
426,-0.4406225007681087,1.7752079382671492e-90
427,-0.5671320903988794,9.740342662375995e-91
428,-0.426521931070724,5.298404287372168e-91
429,-0.6024969525675429,3.506523358455358e-91
430,-0.40956522706755816,1.907425543453979e-91
431,-0.3274333545044445,1.0267612125546637e-91
432,-0.6931164619918657,6.866731956434326e-92
433,-0.6214306876651979,4.5444542725581426e-92
434,-0.3895810716524407,2.472023504316356e-92
435,-0.3049920317795552,1.330682531470844e-92
436,-0.7121415572335671,8.899284615538885e-93
437,-0.3097094818232664,4.790457113295039e-93
438,-0.701683478287611,3.2037424615939987e-93
439,-0.6001136519977854,2.120260585404727e-93
440,-0.4091655795363637,1.1533472861738393e-93
441,-0.6150160353683672,7.632938107457015e-94
442,-0.3999586140016221,4.152050230225821e-94
443,-0.6300013367152846,2.747857718684526e-94
444,-0.4449074191721842,1.8029004128783967e-94
445,-0.3074482687385405,1.1743554549345761e-94
446,-0.708953753636351,6.490441486362225e-95
447,-0.5114867490741573,3.561223603415145e-95
448,-0.30721318619314963,1.9371805554141588e-95
449,-0.7198383484220571,1.282040497229452e-95
450,-0.5162194138704931,8.41161216632545e-96
451,-0.49108891902883733,4.615345790026026e-96
452,-0.2647895681652217,2.51058599981675e-96
453,-0.7560101986505807,1.6615244844093697e-96
454,-0.533889806173404,1.0901449367557778e-96
455,-0.47585189230281055,5.981488143873731e-97
456,-0.5483914175532224,3.9245217723208013e-97
457,-0.27015439639706385,2.556316210486828e-97
458,-0.7463376993322441,1.412827838035488e-97
459,-0.2638449444483077,9.202738357752581e-98
460,-0.17837334107396927,5.957517758177282e-98
461,-0.8364953114667839,3.312985808790929e-98
462,-0.6901978465432713,1.831024878093992e-98
463,-0.316398420495268,1.0046603190260619e-98
464,-0.1748893335183927,5.464999257409998e-99
465,-0.8393539751909287,3.6167771484938213e-99
466,-0.18960630255320862,1.9673997326675988e-99
467,-0.8297954110619831,1.3020397734577757e-99
468,-0.19173165394303826,7.082639037603355e-100
469,-0.23655056498841634,3.8125624726447267e-100
470,-0.28918198662112105,2.0258946612102732e-100
471,-0.3285197896559066,1.059017514233443e-100
472,-0.6759597048732799,7.293220780356985e-101
473,-0.3561419951035898,3.812463051240393e-101
474,-0.3769435030094034,1.9544765045878582e-101
475,-0.3980094240532933,9.842207963243339e-102
476,-0.6093170504596275,7.03611541651629e-102
477,-0.4195402936607368,3.543194866767602e-102
478,-0.578222117775095,2.5330015499458647e-102
479,-0.508900068182834,1.778742761186718e-102
480,-0.43897913958967244,1.2249810314220073e-102
481,-0.39064562768897143,8.299118645349522e-103
482,-0.3762688991880404,5.550250877754847e-103
483,-0.6481445411872019,2.9876827123258288e-103
484,-0.3806155027304021,1.9980903159917457e-103
485,-0.38891780041845475,1.322351029729258e-103
486,-0.40004621915076904,8.67609411236318e-104
487,-0.4151195415581569,5.65134844697974e-104
488,-0.4340279511874513,3.658477229461462e-104
489,-0.44412167088645743,2.3558180638836688e-104
490,-0.5656210087755426,1.3170518026061269e-104
491,-0.46445136566484824,8.480945029981208e-105
492,-0.5451892417009064,4.741386489382055e-105
493,-0.48755280071157975,3.053140210793234e-105
494,-0.5105081675603956,1.7068991361775395e-105
495,-0.4586940695228387,9.49209527312232e-106
496,-0.563301721177993,6.144836890239144e-106
497,-0.4626320229360288,3.4171542983240335e-106
498,-0.4284723696046549,1.8885968409265764e-106
499,-0.4093941997857329,1.0362493308621812e-106
500,-0.4125207905644782,5.636832386436199e-107
501,-0.41641946523474294,3.034289268027866e-107
502,-0.4254825058644377,1.6123409053022225e-107
503,-0.5751306620726038,1.0923441364900316e-107
504,-0.5355288825106644,7.30533477282131e-108
505,-0.4903793891430243,3.932438891364114e-108
506,-0.4635275531522628,2.089593813271681e-108
507,-0.5240521733488347,1.4156780008910807e-108
508,-0.5044028933666977,7.522537727778048e-109
509,-0.5003647582572044,5.096440803207891e-109
510,-0.5260211076180431,2.7081135820000964e-109
511,-0.48075155659220875,1.8347186891548396e-109
512,-0.5297974908846512,9.74920889520035e-110
513,-0.4641393088407218,6.604987280957426e-110
514,-0.5554633197291984,3.509715202272124e-110
515,-0.38409364565238774,1.83467084461198e-110
516,-0.6312115048433373,1.2634974728179651e-110
517,-0.45241232737985465,8.560063516120823e-111
518,-0.3201212221204797,5.724764529135839e-111
519,-0.6983416009548824,3.0816228658034965e-111
520,-0.576104888851747,1.6374927247720826e-111
521,-0.39630713243538407,8.559840292621644e-112
522,-0.6263699468121606,5.894973809179497e-112
523,-0.46498456471441124,3.9937832340813286e-112
524,-0.5485334345835664,2.122190571304618e-112
525,-0.4888309534752368,1.4377619642692788e-112
526,-0.3639019436736976,9.615406099369017e-113
527,-0.323037938908314,6.363547260602478e-113
528,-0.6825601269711796,3.461546195772846e-113
529,-0.3525481005711602,2.2908770138168924e-113
530,-0.6689118364213251,1.2461566304782246e-113
531,-0.5899510823917189,6.708022220494744e-114
532,-0.4301317833435614,4.486163869721608e-114
533,-0.5691646741089005,2.414887999378108e-114
534,-0.45785217541327805,1.2832074859004556e-114
535,-0.37202862677641196,6.70784729326555e-115
536,-0.34703631071936164,3.438808391017796e-115
537,-0.35372007179359594,1.731689649412306e-115
538,-0.6593650653365949,1.2379710207664066e-115
539,-0.3631795006913582,6.234082737884302e-116
540,-0.37287512702040176,3.032586696810854e-116
541,-0.6426689743817061,2.2442697856383485e-116
542,-0.3789938918575799,1.091731210851907e-116
543,-0.6247586382281761,8.07937122829805e-117
544,-0.39262569897660377,3.930232359066866e-117
545,-0.6067211193536552,2.9085736421872985e-117
546,-0.41156635811847636,1.4148836492640707e-117
547,-0.34612613366459677,6.547783404095244e-118
548,-0.33372742682215256,2.820346518397297e-118
549,-0.336605978773719,1.1766487780050622e-118
550,-0.6813266648328075,1.0153247466230273e-118
551,-0.6335436415755329,8.485927291707435e-119
552,-0.3932309926260562,3.655169087842897e-119
553,-0.5918848182249719,3.054933825014677e-119
554,-0.44041544740795613,2.376461215442321e-119
555,-0.348220017269979,1.758703257574581e-119
556,-0.3403720759072669,1.2572828322579086e-119
557,-0.3620665274768687,8.828982898533509e-120
558,-0.38329884732744196,6.080326404385314e-120
559,-0.39719901994657775,4.119357682940414e-120
560,-0.4052301951920237,2.7549273088580236e-120
561,-0.40484839642300663,1.8232313797534623e-120
562,-0.6015527683416023,9.917738311888883e-121
563,-0.5486417289175453,5.338687557090777e-121
564,-0.46854516612702707,2.836837087230012e-121
565,-0.5647816481605943,1.9219275205526796e-121
566,-0.4357229169346868,1.0212613514028036e-121
567,-0.3551120404014131,5.338548338437168e-122
568,-0.32786053534240306,2.7368310606150664e-122
569,-0.33594207909479973,1.378193106727443e-122
570,-0.6861032815177631,9.852591818214241e-123
571,-0.33451230346514066,4.9614951842187925e-123
572,-0.687066653912082,3.5469330545571266e-123
573,-0.7080696261652312,2.4907531127812463e-123
574,-0.3090764358500146,1.2768958996405655e-123
575,-0.710528494053831,8.966711206012486e-124
576,-0.7086353112334952,6.175176861591977e-124
577,-0.30379010535107265,3.2280160341644954e-124
578,-0.28528077599341756,1.6548570859341726e-124
579,-0.7222028121294919,1.162085772299218e-124
580,-0.29509900867079536,5.957485509363022e-125
581,-0.30243411871139597,3.000026410321259e-125
582,-0.32930143328400385,1.4593710998948104e-125
583,-0.6736380982398633,1.0800095077156531e-125
584,-0.35206463281542094,5.2537359596213195e-126
585,-0.6677617063033848,3.888034227776351e-126
586,-0.36044526845727715,1.8913449454636752e-126
587,-0.6425106612978166,1.3996923219994863e-126
588,-0.3779829846120505,6.808841803669231e-127
589,-0.6322052789439527,5.038892359198149e-127
590,-0.39563860033616266,2.4511830493209217e-127
591,-0.3897597498364504,1.1343558672892407e-127
592,-0.6175089145574116,8.824258977555319e-128
593,-0.5813905061912524,6.5304044975208e-128
594,-0.5305222769930895,4.66853372055266e-128
595,-0.49877918775168595,2.350945619107488e-128
596,-0.5286971207007266,1.6806721393989565e-128
597,-0.48916885380692016,1.1802138067969122e-128
598,-0.45663419173779657,8.127873000500793e-129
599,-0.425911719197403,5.506549133024991e-129
600,-0.40262754494871605,3.682647575607104e-129
601,-0.3930872243199177,2.437203551190291e-129
602,-0.6330220152114082,1.3257531272185573e-129
603,-0.6374457511126504,7.136487676400385e-130
604,-0.635019683271898,3.7921404271136486e-130
605,-0.3813716367379397,2.5691355635041388e-130
606,-0.6443729116731889,1.365170553760913e-130
607,-0.6310393811065157,7.136301575941206e-131
608,-0.3871634556411319,4.914613993539288e-131
609,-0.3668661441976244,3.3295996903013634e-131
610,-0.3651473766283906,2.2267561645263234e-131
611,-0.3699663328624842,1.4736837887409708e-131
612,-0.37268094450905825,9.669005396848672e-132
613,-0.3845790941024108,6.298101187659421e-132
614,-0.6425248261755289,3.480841942865523e-132
615,-0.3753738248044701,2.267316427557392e-132
616,-0.3856806755617308,1.4677781064155946e-132
617,-0.6401375046071425,8.162339139206614e-133
618,-0.37821980149799295,5.284001183096141e-133
619,-0.6460596566506661,2.93844209011438e-133
620,-0.37254231266537435,1.9022404259146098e-133
621,-0.6503851973553456,1.0578391524411768e-133
622,-0.3618036290458112,6.848065533292594e-134
623,-0.37257188663705076,4.409702582285753e-134
624,-0.6542642349194361,2.4653035919853344e-134
625,-0.6502922214157228,1.3709595415637643e-134
626,-0.37100551795890785,8.875092931147201e-135
627,-0.6479045527966101,4.9354543496295524e-135
628,-0.3723540858994102,3.195033455212992e-135
629,-0.6535558096277035,1.776763565866638e-135
630,-0.36834265193961613,1.1502120438766767e-135
631,-0.6415903105720032,6.3963488371199e-136
632,-0.5697731685409487,3.535141568870273e-136
633,-0.47116644833483556,1.9396877119881403e-136
634,-0.3746169196716882,1.0551219854984142e-136
635,-0.6372267380980117,6.982875763157306e-137
636,-0.3709169394734547,3.7984391477942907e-137
637,-0.3400975289648158,2.0446879295440603e-137
638,-0.34364026512423235,1.0864929794660957e-137
639,-0.3611550962566829,5.679540582129242e-138
640,-0.3774856185957938,2.9116422835923027e-138
641,-0.6393019356174525,2.0446346095665277e-138
642,-0.38541413509189776,1.0481912220932289e-138
643,-0.6304943868667728,7.360684594439503e-139
644,-0.3935901019281912,3.773488399535622e-139
645,-0.3983854632668745,1.9002253282623876e-139
646,-0.6180122627491836,1.3584558238328239e-139
647,-0.4056023020345455,6.840811181744592e-140
648,-0.6092570939153196,4.890440965798166e-140
649,-0.5759223609696991,3.434201004381692e-140
650,-0.44723616019596907,1.76055874768734e-140
651,-0.41389797879784146,8.865691291540991e-141
652,-0.5983427953620077,6.338011491674421e-141
653,-0.5426906947582059,4.450724501678671e-141
654,-0.485749166516007,2.2816841370027923e-141
655,-0.43401233002771655,1.1489935913837123e-141
656,-0.39785717842384083,5.589310932266678e-142
657,-0.37581131797344125,2.586615329229335e-142
658,-0.6420727544340856,2.0121519356160038e-142
659,-0.38308814193603086,9.311815185225607e-143
660,-0.37120380741474585,4.0109062742033393e-143
661,-0.6493604489067769,3.352253466681217e-143
662,-0.3710019912624179,1.4439262587132022e-143
663,-0.6436367737426191,1.2068112480052383e-143
664,-0.3729010694685576,5.198134531367526e-144
665,-0.6425477885869479,4.344520492818857e-144
666,-0.5580821369102005,3.37964258549161e-144
667,-0.46615968279137915,1.5640273774147888e-144
668,-0.3810326320599401,6.736782352652314e-145
669,-0.6323532348821737,5.630498558693238e-145
670,-0.5175415986769419,4.380016790797125e-145
671,-0.5079272829596,2.0269794811295655e-145
672,-0.4072216920784014,8.7308699290374e-146
673,-0.3441332420029834,3.6425195861254963e-146
674,-0.6708867199623998,3.1431131744534633e-146
675,-0.5797469038462817,2.6269654075439175e-146
676,-0.4490344153709398,2.0435406339143066e-146
677,-0.3653073626418266,1.512324942017698e-146
678,-0.6407508574321634,7.356746282091503e-147
679,-0.3861963514649439,5.44436979126371e-147
680,-0.3583313239609575,3.8921362324986546e-147
681,-0.36679345733361784,2.7331641977311413e-147
682,-0.3857039175768812,1.8822700904478573e-147
683,-0.39676272677003466,1.275218342367788e-147
684,-0.6113425936320758,6.776172325612288e-148
685,-0.41792093506146666,4.590786032524035e-148
686,-0.4106369095620631,3.0702072467513337e-148
687,-0.40032968491078874,2.0318859872001055e-148
688,-0.6262390037440936,1.10527460883048e-148
689,-0.3993841673825758,7.31478955392038e-149
690,-0.3906810377616741,4.799315851475388e-149
691,-0.3920427978857206,3.1261309331755354e-149
692,-0.4097826246466655,2.0237433495098045e-149
693,-0.5783015537871818,1.1254071359431929e-149
694,-0.45416441916474926,7.285476058235296e-150
695,-0.5694563774282801,4.051465689395492e-150
696,-0.46531259715389944,2.6227713809647076e-150
697,-0.46634251612518884,1.6888918009265018e-150
698,-0.46061395638005037,1.0825220318375369e-150
699,-0.4625302149177331,6.9105228838986e-151
700,-0.45399377917446077,4.3956996541030754e-151
701,-0.5519617722595557,2.487788238203495e-151
702,-0.49607792986890387,1.402948553261448e-151
703,-0.5314300309956955,8.95603765753258e-152
704,-0.478606417873447,5.6968267517175845e-152
705,-0.5297797319806226,3.2241735567117293e-152
706,-0.43114211263679375,1.8182213250268361e-152
707,-0.5858455836027808,1.1607024804162223e-152
708,-0.4635818146134135,7.383087470225991e-153
709,-0.554740794413253,4.1785289294983987e-153
710,-0.45885586200222817,2.657911489281357e-153
711,-0.5617447158928277,1.5042704146194243e-153
712,-0.4730522652237392,9.568481361412886e-154
713,-0.3595595011204204,6.067001421835548e-154
714,-0.6571717015814681,3.4446532901086424e-154
715,-0.3718392112975842,2.18412051186079e-154
716,-0.6521215222119974,1.2400751844390925e-154
717,-0.3782119862112424,7.862833842699046e-155
718,-0.3506971562719247,4.9712891670172334e-155
719,-0.3629540906269616,3.1350288975917184e-155
720,-0.379245996227623,1.972437640482103e-155
721,-0.39143104934904654,1.238356460225176e-155
722,-0.39515691595061275,7.759734188130802e-156
723,-0.6203845188867219,4.458083256823231e-156
724,-0.589415265555064,2.556279182129032e-156
725,-0.5132115090965875,1.4626790824331552e-156
726,-0.41412275506744456,8.349856824760188e-157
727,-0.6207978560284715,5.265644700166711e-157
728,-0.5365975817625729,3.312937824471493e-157
729,-0.41715529177358335,2.0799633448002235e-157
730,-0.33533410920521645,1.3033373580857293e-157
731,-0.6871320417007724,7.487868186629905e-158
732,-0.3272170943559897,4.692014368876936e-158
733,-0.27669016095394117,2.9348548281923575e-158
734,-0.2752009975910156,1.832733596037811e-158
735,-0.29105398756565665,1.142747608419905e-158
736,-0.312531229703044,7.115213339531578e-159
737,-0.7159513705631654,4.113893220650506e-159
738,-0.2992790198317519,2.5614687668050157e-159
739,-0.7266478817439481,1.4810004699746318e-159
740,-0.7523518832671695,8.550936145420319e-160
741,-0.25906481939994586,5.331827157388801e-160
742,-0.7629661663893826,3.0783660046217785e-160
743,-0.674807639067256,1.774659481088263e-160
744,-0.4197029095143133,1.0216022211282819e-160
745,-0.25431802011991034,5.8681035169415334e-161
746,-0.2534170409015443,3.36476176910849e-161
747,-0.7607602772090143,2.11320335639558e-161
748,-0.7491956168652283,1.3237864026255641e-161
749,-0.27614264006045125,7.605179410578441e-162
750,-0.2712546708029183,4.358962855052782e-162
751,-0.7396987977228068,2.733936033602002e-162
752,-0.7100185659239361,1.7186858467580227e-162
753,-0.31092193165497645,9.851536958363713e-163
754,-0.6846426258049481,6.317168953361686e-163
755,-0.3399503331747581,3.609284544144752e-163
756,-0.2875036243799351,2.1194805670011927e-163
757,-0.30906526391420797,1.2063081067330646e-163
758,-0.33462235656559747,6.645368079111849e-164
759,-0.67397444372677,4.190748166768131e-164
760,-0.35033225839686005,2.3923325084802653e-164
761,-0.34850773113720723,1.362178794339381e-164
762,-0.6668656228275138,8.612397030528957e-165
763,-0.6121508195872114,5.431209624131497e-165
764,-0.48366013468284513,3.4171048005972153e-165
765,-0.3594660577570266,2.145362529213087e-165
766,-0.3090471109418338,1.344317528792989e-165
767,-0.31457340744653245,8.408706508545945e-166
768,-0.3366864473685886,5.250999636444012e-166
769,-0.6754659323332809,3.0271343430765394e-166
770,-0.34881431088698883,1.890359869119845e-166
771,-0.36506438198221025,1.1786794498395137e-166
772,-0.6458957179872357,6.805295528831443e-167
773,-0.3809767747752034,4.243246019422249e-167
774,-0.633446686815702,2.449906390379319e-167
775,-0.6157591577886283,1.4123397991057902e-167
776,-0.4095157413846272,8.81966300536554e-168
777,-0.3954377666407497,5.499246841171234e-168
778,-0.39689559528109697,3.4240530220208907e-168
779,-0.6165725918991374,1.9797288628216443e-168
780,-0.5954574216077826,1.143028325495375e-168
781,-0.5601975456668173,6.589412566707974e-169
782,-0.46301321239664445,4.1149019717833486e-169
783,-0.5514654361989108,2.372188524014871e-169
784,-0.4959713281408887,1.3652882997280796e-169
785,-0.5246246055472524,8.539878686453534e-170
786,-0.4724442662658468,5.332912955431218e-170
787,-0.43524138922075584,3.325184273657038e-170
788,-0.41013405674876363,2.0703939266284696e-170
789,-0.3960523717980906,1.2874168881426635e-170
790,-0.3868397440457304,7.995637438547261e-171
791,-0.3892895689380117,4.960091362585433e-171
792,-0.6247325044174283,2.8784294778770127e-171
793,-0.3993985762964859,1.7856328905307568e-171
794,-0.612763348922672,1.036234612035725e-171
795,-0.5484570496326376,6.00657223331841e-172
796,-0.45115837314510354,3.477466765468003e-172
797,-0.5728852502701947,2.1623660039946273e-172
798,-0.4742844267320765,1.3429600571982984e-172
799,-0.533661257186295,7.784517614380656e-173
800,-0.40549633035145477,4.506796928046532e-173
801,-0.33821283192833346,2.6057528607029856e-173
802,-0.3285847463115097,1.5044733574167459e-173
803,-0.6705056596089775,9.380710298530747e-174
804,-0.6301024538297267,5.840808818748305e-174
805,-0.39075144735239675,3.3770557074710704e-174
806,-0.6409665187247898,2.1026911747493894e-174
807,-0.5866918527919345,1.307500033739558e-174
808,-0.42757761844543674,7.569688229097801e-175
809,-0.5907408132821328,4.7070001214624085e-175
810,-0.41920064282230407,2.7250877624752076e-175
811,-0.3601021697391244,1.5755991108777015e-175
812,-0.6567614913597106,9.810315944910751e-176
813,-0.3645721766496476,5.672156799159727e-176
814,-0.3537254964346166,3.2749110294073855e-176
815,-0.3709582464378258,1.8879444551538285e-176
816,-0.6244465036561255,1.1789679705866588e-176
817,-0.4162718032444838,6.796600038553784e-177
818,-0.43282748401758697,3.9117120821678533e-177
819,-0.4506391202361494,2.247337049995656e-177
820,-0.5275740601552023,1.4082163495804264e-177
821,-0.45263786497598535,8.808393649965701e-178
822,-0.5842707453170023,5.069578858489538e-178
823,-0.41105004218477453,3.171021713987651e-178
824,-0.627129973805604,1.8250483890562328e-178
825,-0.3817542958118468,1.1415678170355547e-178
826,-0.3203890561564138,7.128768480785572e-179
827,-0.30894472238619497,4.444938261875947e-179
828,-0.6993499289212369,2.5663566530828052e-179
829,-0.6521630798244643,1.4794718908780786e-179
830,-0.3507277345761669,9.238883951098099e-180
831,-0.28311580528147423,5.760639987391227e-180
832,-0.2984287762531599,3.5868069441669805e-180
833,-0.7109770632453207,2.073830395460842e-180
834,-0.31717711847282964,1.2912504999001126e-180
835,-0.6975352200574646,7.465789423659031e-181
836,-0.3326734370739989,4.6485017996404066e-181
837,-0.3608392620705429,2.8905415749379485e-181
838,-0.6430024642965834,1.673460647870546e-181
839,-0.3914014935662033,1.0405949669776618e-181
840,-0.6106640317138367,6.0244583323339655e-182
841,-0.5781527388246759,3.483238713502356e-182
842,-0.5378747261142747,2.011103938910422e-182
843,-0.49646004346445033,1.159375780321891e-182
844,-0.4608396417393512,6.67266607117128e-183
845,-0.5569598129877862,4.173752809158808e-183
846,-0.5142126546447492,2.6063907048279066e-183
847,-0.509084295221532,1.5025510112971704e-183
848,-0.47103367352053377,8.647775228237979e-184
849,-0.5470980684227894,5.409183640669813e-184
850,-0.5024492131722028,3.377882353456967e-184
851,-0.5204395010563445,1.947306110641133e-184
852,-0.48369792277398405,1.1207516695796417e-184
853,-0.45374315752370986,6.438885833067146e-185
854,-0.42991375225676864,3.692077707513123e-185
855,-0.4111433367815192,2.1125723948675867e-185
856,-0.6103233003326068,1.3291479747047242e-185
857,-0.4034374507886085,7.60526062152331e-186
858,-0.3792493442422244,4.34154272609665e-186
859,-0.36387130143507146,2.472046596885521e-186
860,-0.36290071396754564,1.4035505929858982e-186
861,-0.6622602834226473,8.899367748787877e-187
862,-0.3415002816765494,5.052782134749234e-187
863,-0.6863817450105493,3.2037723895636355e-187
864,-0.32823593484942176,1.819001568509724e-187
865,-0.2990772238227886,1.0294813257289224e-187
866,-0.7278161219146349,6.548405646635008e-188
867,-0.2700872896034698,3.706132772624121e-188
868,-0.24656433818603415,2.0900145485463712e-188
869,-0.2540801477789279,1.1738615928135258e-188
870,-0.2863606117559839,6.562631259718101e-189
871,-0.7360081618714867,4.2259017341286955e-189
872,-0.27801556014902495,2.362547253498516e-189
873,-0.30369862883160353,1.313816566084947e-189
874,-0.7157152103681789,8.505170112594656e-190
875,-0.30002443063109896,4.72973963790581e-190
876,-0.7209079071900426,3.0618612405340755e-190
877,-0.29602469289371564,1.7027062696460912e-190
878,-0.7210172743285139,1.1022700465922676e-190
879,-0.6592675339104789,7.097892167070296e-191
880,-0.34740156545794487,3.9681721677321627e-191
881,-0.26537355721408606,2.2067073254613343e-191
882,-0.7404083664761111,1.428541980383579e-191
883,-0.589574889851175,9.198868248523102e-192
884,-0.3920488732834839,5.142751129380882e-192
885,-0.2108506652100461,2.859892693797889e-192
886,-0.7957364379473512,1.8513904065771173e-192
887,-0.5651975150730411,1.192173325008594e-192
888,-0.4644489388265278,6.665005463677619e-193
889,-0.559575331626107,4.291823970030939e-193
890,-0.4202668680265132,2.3994019669239444e-193
891,-0.18745087240459796,1.3343115352183423e-193
892,-0.19804035339742032,7.374488624822096e-194
893,-0.25704945677107405,4.046289148282948e-194
894,-0.3020270458160428,2.2010391743220453e-194
895,-0.7006648672928215,1.4566640933818615e-194
896,-0.3330824339054058,7.923741027559359e-195
897,-0.3449478242965905,4.265325046813437e-195
898,-0.6613413251291761,2.8525467699213703e-195
899,-0.36489697032433044,1.535517016852837e-195
900,-0.36396714564718496,8.159330500050188e-196
901,-0.6431162156169493,5.527861260670211e-196
902,-0.3840936408538859,2.937358980018066e-196
903,-0.6209083439682203,1.9900300538412765e-196
904,-0.506215736201864,1.3308842209745135e-196
905,-0.3803050745125391,8.807890744330805e-197
906,-0.32230867736786006,5.778956367196437e-197
907,-0.3188300113593105,3.764239491637288e-197
908,-0.3393302244282259,2.4368315979090764e-197
909,-0.6693100451558189,1.3551262169894233e-197
910,-0.3642656026298975,8.772593752472674e-198
911,-0.3854949095246146,5.6489718352655474e-198
912,-0.6229581858965654,3.1581337508901624e-198
913,-0.4079732075462442,2.0336298606955965e-198
914,-0.4247003214585686,1.3034873682245368e-198
915,-0.43700365463583796,8.32110481086291e-199
916,-0.5624205945342327,4.692554525608332e-199
917,-0.5274210470477748,2.635584299461494e-199
918,-0.5117188987131562,1.6893196292189996e-199
919,-0.499955097642178,9.488103478061378e-200
920,-0.5369369009302785,6.081550665188397e-200
921,-0.4702790460814476,3.415717252102096e-200
922,-0.44913660779279446,1.9096027121286466e-200
923,-0.5816719683818641,1.2296582107567545e-200
924,-0.5830658230611035,7.881689662084162e-201
925,-0.423485658767963,4.426769558724313e-201
926,-0.40473827975949245,2.4748451149187255e-201
927,-0.3980538190703497,1.376265598776803e-201
928,-0.3983042993749439,7.606360834805127e-202
929,-0.6257238874519974,4.9545561555964915e-202
930,-0.39294025023973905,2.7382899005298468e-202
931,-0.6297500066421298,1.7836402160147365e-202
932,-0.38840432185582346,9.857843641907448e-203
933,-0.6359389709567232,6.421104777653052e-203
934,-0.3805634557788407,3.548823711086682e-203
935,-0.639330906680287,2.3115977199550982e-203
936,-0.6389788176208326,1.4964442029141583e-203
937,-0.3753989773598711,8.321751791838354e-204
938,-0.6468469730956209,5.387199130490971e-204
939,-0.3666974769087342,2.9958306450618072e-204
940,-0.3522269303653075,1.655739190644601e-204
941,-0.6637027057318493,1.0784990322222505e-204
942,-0.6458657521406076,6.981810073116298e-205
943,-0.5869650938401081,4.4958252456510425e-205
944,-0.42549202212735165,2.513451626321867e-205
945,-0.6061597606086231,1.6184970884343754e-205
946,-0.5026694231816812,1.0374014224794995e-205
947,-0.5182167036420178,5.82658951836375e-206
948,-0.5075926034945039,3.734645120926198e-206
949,-0.39702719828998406,2.3840947170000876e-206
950,-0.6270748961972706,1.3444722435334313e-206
951,-0.3960808596890911,8.582740981200316e-207
952,-0.3437363578818493,5.459377270889611e-207
953,-0.6795511810248223,3.089786753232114e-207
954,-0.34596350317914903,1.9653758175202594e-207
955,-0.673255093553307,1.1123232311635609e-207
956,-0.651367336444863,6.272769699429577e-208
957,-0.368403919326491,4.004363632188818e-208
958,-0.6553589283085643,2.2581970917946484e-208
959,-0.36412242260786454,1.4415709075879752e-208
960,-0.35218569336342437,9.169657414222523e-209
961,-0.3602350256089406,5.814122687659004e-209
962,-0.3735477338652297,3.675988290113537e-209
963,-0.6448907932371706,2.0930841675572395e-209
964,-0.3835012273904062,1.323355784440873e-209
965,-0.40238737135185176,8.345438148203813e-210
966,-0.41950021696425915,5.250623476694577e-210
967,-0.42506140641775536,3.2965014300815035e-210
968,-0.5837011477738567,1.8902244516100473e-210
969,-0.5548459672737825,1.0815687840072137e-210
970,-0.46673979092407114,6.804808025796173e-211
971,-0.44659084244190195,4.272265853385629e-211
972,-0.42514608872102044,2.677068232601536e-211
973,-0.5986338015680612,1.5380157072188268e-211
974,-0.42527468936952556,9.637445637365532e-212
975,-0.3987002280511489,6.028222508519587e-212
976,-0.6096712761220016,3.46948042945159e-212
977,-0.40935905477258294,2.1701601030670508e-212
978,-0.5978536940089391,1.2490129546025726e-212
979,-0.4059471591079783,7.812576371041383e-213
980,-0.5989605270152376,4.496446636569259e-213
981,-0.41619343550888815,2.8125274935748985e-213
982,-0.2745930312089889,1.7563439550709682e-213
983,-0.7460310641305928,1.0125098976869634e-213
984,-0.5284396674928354,5.827394840993761e-214
985,-0.27005202671884104,3.3479254239644884e-214
986,-0.2185528413339864,1.9197111339909676e-214
987,-0.782244438192156,1.2052531526272157e-214
988,-0.6895286633176941,7.552303713927911e-215
989,-0.41655088920853434,4.723966178648294e-215
990,-0.21939260710825031,2.949983408440478e-215
991,-0.7891760163362785,1.7006278243133857e-215
992,-0.5128247531624371,9.787785613250574e-216
993,-0.2234091795600203,5.623229108897537e-216
994,-0.2045116560652626,3.224377536029372e-216
995,-0.2679173335897713,1.844958723210354e-216
996,-0.3208893770215645,1.0532140216252181e-216
997,-0.3615433796671551,5.996933123105638e-217
998,-0.6387356051205031,3.7915704778507854e-217
999,-0.6274644111187112,2.3910665052806185e-217
1000,-0.5971372732202554,1.504365583209864e-217
1001,-0.43438418248724925,8.607839419010224e-218
1002,-0.5712959287929121,5.415716099555511e-218
1003,-0.5158556429814997,3.4001516098692157e-218
1004,-0.5120927591385812,1.9496577958399842e-218
1005,-0.497191658474122,1.2240545795529175e-218
1006,-0.5350410764546313,7.01876806502394e-219
1007,-0.4765630174886537,4.406596486390504e-219
1008,-0.5494115832233669,2.5267565034086187e-219
1009,-0.4622529997428873,1.586374735100581e-219
1010,-0.5577481271706148,9.096323412271027e-220
1011,-0.44129963431130415,5.710949046362091e-220
1012,-0.36660295896627065,3.578569497941302e-220
1013,-0.34384182114723394,2.2383953183769542e-220
1014,-0.6699967188107878,1.2882850192588695e-220
1015,-0.6371958326740653,7.40138996408527e-221
1016,-0.5721690308909634,4.243980651229169e-221
1017,-0.4349296609194816,2.664500387070697e-221
1018,-0.37150187605252105,1.6696173849594946e-221
1019,-0.6481191765853364,9.592201393454508e-222
1020,-0.5861963949115053,5.500198923993004e-222
1021,-0.42427567862142546,3.4531925016436215e-222
1022,-0.5885185280833842,1.9800716126374806e-222
1023,-0.47636235922039477,1.1329784907307557e-222
1024,-0.5292741079850062,7.128257805494932e-223
1025,-0.4878268894584135,4.07872256663072e-223
1026,-0.5185292718119661,2.566172809978175e-223
1027,-0.3732914042038556,1.6111214935668483e-223
1028,-0.6479243396811691,9.238222115921428e-224
1029,-0.3700058302232777,5.800037376840654e-224
1030,-0.6511383990800508,3.3257599617317135e-224
1031,-0.36672768506756764,2.0880134556626341e-224
1032,-0.3096822777652217,1.3083817073250018e-224
1033,-0.31741389978434775,8.183927935481349e-225
1034,-0.6881981801859808,4.7101741463700055e-225
1035,-0.3425489999175753,2.946214056773286e-225
1036,-0.6606102545992855,1.695662692693202e-225
1037,-0.37185335884913406,1.0606370604383825e-225
1038,-0.631298023465124,6.104385693695525e-226
1039,-0.5551025763732436,3.50706080834625e-226
1040,-0.460202998327398,2.01095987179823e-226
1041,-0.3929220078487826,1.150652464248628e-226
1042,-0.3652933169050221,6.568620176257959e-227
1043,-0.654207754696391,4.1423488712950605e-227
1044,-0.36932145652559417,2.3647032634528665e-227
1045,-0.3644474811738488,1.3464468793373818e-227
1046,-0.36910946864936517,7.644703454614978e-228
1047,-0.3704879020836011,4.3265929966785667e-228
1048,-0.6527303710807333,2.752093243661392e-228
1049,-0.3655566861184551,1.557573478804284e-228
1050,-0.3707308421059887,8.783687554793112e-229
1051,-0.3753616182057503,4.933378799213185e-229
1052,-0.6487086273591439,3.162127519725518e-229
1053,-0.6472611670859781,2.018615228530351e-229
1054,-0.6167809737472181,1.2840166237626588e-229
1055,-0.40124851257286015,7.267014822709265e-230
1056,-0.6140459113377839,4.622459845545571e-230
1057,-0.40184100127460004,2.6161253361753355e-230
1058,-0.3455943205478942,1.4753222156031376e-230
1059,-0.32436870238727333,8.286181965219254e-231
1060,-0.6979841923863618,5.311159976171293e-231
1061,-0.30576201587652313,2.9830255074789306e-231
1062,-0.2903636927337498,1.6677005674064595e-231
1063,-0.7229158220429796,1.0738891826924151e-231
1064,-0.664906763895006,6.883263329117997e-232
1065,-0.49401582048136194,4.394085972645473e-232
1066,-0.3100413933462358,2.7950247057369118e-232
1067,-0.708426033000274,1.5818709501523696e-232
1068,-0.320468868620361,1.0062088940652886e-232
1069,-0.26201880731695926,6.379978766093623e-233
1070,-0.27632167341916464,4.033751693116778e-233
1071,-0.7493017932079316,2.2967923557937043e-233
1072,-0.7565473286594673,1.3040467267086133e-233
1073,-0.6659261482394487,7.380377105030894e-234
1074,-0.44065626718689005,4.1620461191279475e-234
1075,-0.562110717667702,2.6569357578111215e-234
1076,-0.4666337308970993,1.4983366028860606e-234
1077,-0.27733613168082305,8.41544281334277e-235
1078,-0.7178099661206621,5.394011770389819e-235
1079,-0.42217898806613124,3.4433887421232126e-235
1080,-0.21557833055186354,2.1902977469274138e-235
1081,-0.79067846460298,1.2396199471643567e-235
1082,-0.2205010889125619,7.885071888938688e-236
1083,-0.7754801220599467,4.462631809791684e-236
1084,-0.23569541233026273,2.8386258800179268e-236
1085,-0.2028427635484669,1.7998621306385614e-236
1086,-0.7617517005900953,1.021905316806454e-236
1087,-0.5674019316476481,5.783570825490022e-237
1088,-0.3008061204553182,3.2615526505446213e-237
1089,-0.6917311902918895,2.0820854971764075e-237
1090,-0.37593039447842685,1.3243892905811643e-237
1091,-0.6247266501534491,7.495507789835067e-238
1092,-0.31200746646561783,4.22697223510583e-238
1093,-0.20913316162011353,2.374088909635066e-238
1094,-0.23204575469279703,1.3272663648853323e-238
1095,-0.7781530144766287,8.546720074686239e-239
1096,-0.7020222708324717,5.478156016697154e-239
1097,-0.32308416690835895,3.0768192268870447e-239
1098,-0.22893668934643843,1.7201372088913908e-239
1099,-0.23573559173207198,9.565712421768718e-240
1100,-0.7907812577985518,6.192493952009007e-240
1101,-0.22696281845386992,3.443656471836739e-240
1102,-0.2585437120040032,1.903244093231903e-240
1103,-0.3013343956870463,1.0442860939613494e-240
1104,-0.696207160641418,6.851678735634849e-241
1105,-0.33146041669237714,3.759429938260859e-241
1106,-0.33522060010965465,2.0449978397472214e-241
1107,-0.34829442793179866,1.100815949968003e-241
1108,-0.658560719180506,7.361992223089999e-242
1109,-0.6084660331312367,4.8722211999860715e-242
1110,-0.4130413143393333,2.6503172003123982e-242
1111,-0.5863260224975327,1.7539996319949857e-242
1112,-0.43034693551615383,1.1508189231232062e-242
1113,-0.3251787332810863,7.496090579146292e-243
1114,-0.31013026188190435,4.852696122187212e-243
1115,-0.695993183892268,2.698592608492664e-243
1116,-0.34641477685095956,1.746970603987396e-243
1117,-0.6279805501527629,9.714933390573591e-244
1118,-0.5425601462631974,5.369260767723628e-244
1119,-0.4517559497986626,2.9460458458928906e-244
1120,-0.39641175929761424,1.602545462899167e-244
1121,-0.6118011073066957,1.0605765045214397e-244
1122,-0.5370843079075259,6.958561954969822e-245
1123,-0.4679533836165421,4.532599322706014e-245
1124,-0.4354116040433941,2.934239777986893e-245
1125,-0.4290211244579792,1.889456907666763e-245
1126,-0.4363152627144639,1.2110774234529583e-245
1127,-0.45245811941066805,7.731185142475369e-246
1128,-0.5446684359616261,4.3598787244306484e-246
1129,-0.48695257899108235,2.783226651291133e-246
1130,-0.47219283739382056,1.7703766609146814e-246
1131,-0.45695581997812906,1.1225268998556989e-246
1132,-0.4242341411416102,7.097194126924167e-247
1133,-0.3754761787959216,4.4756818467428016e-247
1134,-0.34405107188923384,2.815924072696104e-247
1135,-0.6802627957890799,1.6112454648274084e-247
1136,-0.6355273532906414,9.19796358849372e-248
1137,-0.5014973210706312,5.2372615039667484e-248
1138,-0.5098380763648896,3.3112668918577385e-248
1139,-0.3247502251068789,2.0881741224163216e-248
1140,-0.24991929427832582,1.313797535357094e-248
1141,-0.7556576964637103,7.517426840698756e-249
1142,-0.6181324504315246,4.291401891847628e-249
1143,-0.3884612287840597,2.7062736626515524e-249
1144,-0.22127306987119405,1.7026816058227936e-249
1145,-0.2287017628780972,1.0689954009236613e-249
1146,-0.7810181079760403,6.129653780962057e-250
1147,-0.7731111929922989,3.507330666796412e-250
1148,-0.2468241942108229,2.2066753611463392e-250
1149,-0.7814571020626729,1.2626390400467079e-250
1150,-0.239250735457989,7.944031300126822e-251
1151,-0.2361415343672973,4.9875049425494345e-251
1152,-0.7832457750982971,2.8598512680456564e-251
1153,-0.24346637348483927,1.7955017793177962e-251
1154,-0.286450344482193,1.125089341334428e-251
1155,-0.32451983369682275,7.0374341363150515e-252
1156,-0.3522435617751195,4.394678783678839e-252
1157,-0.6485777774772571,2.5334762890734183e-252
1158,-0.6059695428567985,1.4581157863694178e-252
1159,-0.4227398784058769,9.120514640664303e-253
1160,-0.576603635660917,5.249216830929906e-253
1161,-0.45530182936379915,3.283385270639151e-253
1162,-0.3827756411523036,2.050381333313198e-253
1163,-0.342725087161357,1.2784562248647655e-253
1164,-0.3228148076732803,7.960184415612261e-254
1165,-0.6986727598020545,4.602442409513157e-254
1166,-0.31902188019736466,2.8656663896204136e-254
1167,-0.30522489767298017,1.7819349536964583e-254
1168,-0.3092704355241212,1.1066893684598416e-254
1169,-0.3298460091758758,6.8653442827444505e-255
1170,-0.674233062638754,3.9840817264554303e-255
1171,-0.343534787813611,2.4715239417880025e-255
1172,-0.34434634676703757,1.5315664167136043e-255
1173,-0.3499224644467285,9.481348555335611e-256
1174,-0.35873548923396176,5.86399942358536e-256
1175,-0.6603518781518655,3.4132854799208206e-256
1176,-0.6425800886038203,1.9849100760608302e-256
1177,-0.3799321226090304,1.2287827727714951e-256
1178,-0.3512058810559802,7.599743252966629e-257
1179,-0.6684376485885936,4.4236179819773805e-257
1180,-0.614086223787937,2.572443458574836e-257
1181,-0.5039122234715033,1.4944360165236704e-257
1182,-0.5105638766075372,9.26079645086941e-258
1183,-0.5233990856984884,5.379969659485211e-258
1184,-0.5064601430809302,3.3338867223129866e-258
1185,-0.38479828959850815,2.0638832056713672e-258
1186,-0.636377581255245,1.200199220032675e-258
1187,-0.38598540167712797,7.429979540416919e-259
1188,-0.6368119348708758,4.3207171921176294e-259
1189,-0.385238418387935,2.6747926345500904e-259
1190,-0.32678452675699005,1.6542986871192923e-259
1191,-0.3204309632687351,1.0222361688936924e-259
1192,-0.3355462957912942,6.311375603045019e-260
1193,-0.35525198169588307,3.893609745848905e-260
1194,-0.3805871296817877,2.4002415570580524e-260
1195,-0.39428835408502994,1.4785931656001855e-260
1196,-0.40572298814858376,9.102263930894767e-261
1197,-0.6110572782175868,5.322935396160668e-261
1198,-0.6081604584784898,3.1107130579472347e-261
1199,-0.60072713686823,1.8166025630232641e-261
1200,-0.5736356463487597,1.060068744488406e-261
1201,-0.45482626212332583,6.539769226883748e-262
1202,-0.43215934908156967,4.031484123099617e-262
1203,-0.419693210265583,2.4834687384327202e-262
1204,-0.6010782048128155,1.451334284315862e-262
1205,-0.42336612087956355,8.940487458357792e-263
1206,-0.5858903846918515,5.224803423537103e-263
1207,-0.5303913977174353,3.0511947304948812e-263
1208,-0.49607279497642176,1.8809292324733567e-263
1209,-0.4355728609077704,1.1586871746031696e-263
1210,-0.38535569377191176,7.13291304325739e-264
1211,-0.36055135749748135,4.388228595845611e-264
1212,-0.6625895183668524,2.5678486955726606e-264
1213,-0.6286764634207126,1.5016585782857078e-264
1214,-0.39297336431186186,9.24425530406158e-265
1215,-0.35147446149802714,5.687144260215913e-265
1216,-0.6691270580938043,3.3279319094621677e-265
1217,-0.34867402098610606,2.0473719336777282e-265
1218,-0.3315448495841552,1.258792593744669e-265
1219,-0.33992979092132686,7.734981997679861e-266
1220,-0.6793352080143296,4.5316533374808066e-266
1221,-0.3423370309622645,2.78459351916475e-266
1222,-0.34912913038095256,1.7101190029010933e-266
1223,-0.6697277324033699,1.00245366689931e-266
1224,-0.3519546496387541,6.156428410443939e-267
1225,-0.3607544065938568,3.778884891525333e-267
1226,-0.6558785303824777,2.216314227759818e-267
1227,-0.6483248446398024,1.2991799523015056e-267
1228,-0.3731081300293782,7.978731219935343e-268
1229,-0.6449315594654743,4.6770478282854194e-268
1230,-0.3722757131904221,2.872343239176723e-268
1231,-0.6458496237009576,1.6837372181827512e-268
1232,-0.5835434101235469,9.864422937903669e-269
1233,-0.4339612565730668,6.061453985457902e-269
1234,-0.3648231717818495,3.722556837973033e-269
1235,-0.6525064713806042,2.182123434764846e-269
1236,-0.5693320480210374,1.2784292127523149e-269
1237,-0.45193580265144195,7.855644365153443e-270
1238,-0.35825117215679075,4.824433662013049e-270
1239,-0.6582248466463759,2.8280319714552393e-270
1240,-0.36260207647512704,1.7367961183246975e-270
1241,-0.32470756914140975,1.0660649606617908e-270
1242,-0.3281175380715838,6.54031984057719e-271
1243,-0.684661003812772,3.8378338583824454e-271
1244,-0.6574774781790662,2.2508877693488082e-271
1245,-0.3644453004156222,1.3816201890176804e-271
1246,-0.33905385037918734,8.476254513388036e-272
1247,-0.672613354461163,4.97383268046365e-272
1248,-0.6164279707367105,2.917150549076056e-272
1249,-0.5089284328881303,1.7100027891963943e-272
1250,-0.40643005752477707,1.0018303661324246e-272
1251,-0.5965140151517404,6.156010041107018e-273
1252,-0.4717611596704716,3.7806271116025666e-273
1253,-0.5401269411559229,2.2161636147985266e-273
1254,-0.473924049959764,1.3610257601769244e-273
1255,-0.53630016631195,7.978189013274696e-274
1256,-0.3848002679081359,4.674139756227438e-274
1257,-0.6225008967626315,2.87214804477889e-274
1258,-0.4040062085037078,1.6826903122418782e-274
1259,-0.3221317087407261,9.852563931270818e-275
1260,-0.30972646920815117,5.765400066649154e-275
1261,-0.31678547828399917,3.371562538813032e-275
1262,-0.3223468212308405,1.970334568166317e-275
1263,-0.33546309520687134,1.1506412709458531e-275
1264,-0.6723862383423679,7.093204445398741e-276
1265,-0.619410216345208,4.369545050301687e-276
1266,-0.4004160629798406,2.553553600343547e-276
1267,-0.3295930412389387,1.4912310871458253e-276
1268,-0.6801131763215895,9.192792961236768e-277
1269,-0.34291175388584333,5.368431913724971e-277
1270,-0.28785577124789247,3.132719833436148e-277
1271,-0.28766084857774465,1.8266328926984577e-277
1272,-0.31112135989969697,1.0641833421172177e-277
1273,-0.33923041209150695,6.194341587096228e-278
1274,-0.3669401695292461,3.6021631073985505e-278
1275,-0.39547888201714543,2.0926416349969357e-278
1276,-0.418759007204395,1.2143972617609575e-278
1277,-0.43443707359910283,7.039298618274486e-279
1278,-0.4436488689488914,4.075357133219832e-279
1279,-0.4528407094000688,2.356301754398519e-279
1280,-0.4622731970287111,1.3604487459223328e-279
1281,-0.45723260245597946,7.842813570571482e-280
1282,-0.5489119538088529,4.897615485320396e-280
1283,-0.4938962046253759,3.0537670737004796e-280
1284,-0.4365578820366919,1.9013986240750445e-280
1285,-0.5943878961155165,1.0993561465321726e-280
1286,-0.4140073454551114,6.84503504667016e-281
1287,-0.6132865427908811,3.9576821275158223e-281
1288,-0.38627173739977266,2.4642126168012576e-281
1289,-0.6402527551606578,1.424765565905695e-281
1290,-0.36787917977501006,8.871165420484526e-282
1291,-0.3109149176741969,5.516287520432074e-282
1292,-0.7146891828281996,3.19361955137443e-282
1293,-0.3025146940745909,1.9858635073555473e-282
1294,-0.7218214906445225,1.1497030384947942e-282
1295,-0.6739600604460942,6.64738622428961e-283
1296,-0.33530958195656263,4.1389309385812584e-283
1297,-0.2791340383716383,2.5736791055327895e-283
1298,-0.7458395957661803,1.4900151378892537e-283
1299,-0.7182561582757795,8.615012546679336e-284
1300,-0.2926742468093619,5.364054496401312e-284
1301,-0.26021373552686355,3.335488120770493e-284
1302,-0.28836428316867,2.0715398360773156e-284
1303,-0.7261750211647356,1.2007757234773776e-284
1304,-0.3000468793760015,7.457543409878337e-285
1305,-0.3324370792798709,4.626284888195761e-285
1306,-0.35608813528398287,2.8668395434536487e-285
1307,-0.37507953621975826,1.774751957674068e-285
1308,-0.64437516791935,1.0320622356433134e-285
1309,-0.37716575665014856,6.389107047626647e-286
1310,-0.3915341875593638,3.9515180594667667e-286
1311,-0.40248754940585074,2.4417505217618925e-286
1312,-0.6199418584156875,1.4225465014080354e-286
1313,-0.6302617611758192,8.28028273372413e-287
1314,-0.6413482733525118,4.815189566617442e-287
1315,-0.6442709795694783,2.7973375627578515e-287
1316,-0.3867555375196397,1.7334682439822792e-287
1317,-0.3956891187548921,1.0731246422906471e-287
1318,-0.6217107122369245,6.2404856783362044e-288
1319,-0.6261457709590762,3.6253494813341755e-288
1320,-0.6311092784125301,2.1038549598890964e-288
1321,-0.6297273418139657,1.2195073044484828e-288
1322,-0.6192849755073373,7.060259923191143e-289
1323,-0.5899113290690775,4.0821214680591906e-289
1324,-0.43244158003610783,2.5416935723488115e-289
1325,-0.5949012390142003,1.4695637285013085e-289
1326,-0.5458663408130354,8.484762733637633e-290
1327,-0.4792881546965602,4.891357539922451e-290
1328,-0.4222421340955434,2.8151696846337926e-290
1329,-0.6050987246462995,1.760888714372082e-290
1330,-0.4134795635443399,1.0134610864681655e-290
1331,-0.38745901325181037,5.822485398993193e-291
1332,-0.3792773606201244,3.338631729350503e-291
1333,-0.3833866791874841,1.9103339059474106e-291
1334,-0.3891120966866038,1.0905341297982447e-291
1335,-0.6323766227522744,6.877202061410676e-292
1336,-0.637019597726917,4.32686672123825e-292
1337,-0.3779378439378399,2.4757927421078426e-292
1338,-0.6424461991367385,1.5576720196457702e-292
1339,-0.37034847250583675,8.912853871588233e-293
1340,-0.353051608514914,5.087996035986689e-293
1341,-0.6633120165413526,3.2086273937717624e-293
1342,-0.3565405191531544,1.8316785729552082e-293
1343,-0.6567649223643194,1.1551058617578345e-293
1344,-0.5855144245191752,7.267474574859299e-294
1345,-0.43016861801835743,4.158381102328204e-294
1346,-0.341256922920316,2.3738554305499484e-294
1347,-0.6726679329360977,1.4970171968381537e-294
1348,-0.5513035023199663,9.41864704901766e-295
1349,-0.3902025232782268,5.913313648242331e-295
1350,-0.2965295612216009,3.7053743049659724e-295
1351,-0.284126007723619,2.3177117286227246e-295
1352,-0.30217171833825657,1.4473454902975885e-295
1353,-0.718398399496581,8.343762223041812e-296
1354,-0.7294426828453684,4.8021650992359014e-296
1355,-0.6870493626083005,2.758915615723941e-296
1356,-0.5372832084004012,1.5819710281882834e-296
1357,-0.4756424181615178,9.932096216606189e-297
1358,-0.5445978061275577,5.6950957014778216e-297
1359,-0.47142117122384036,3.575554637978226e-297
1360,-0.3056503738182426,2.2404981486995008e-297
1361,-0.7118594122459255,1.2871996696721617e-297
1362,-0.5361845548602632,7.380844029115255e-298
1363,-0.4788252165432285,4.633918810819782e-298
1364,-0.5435378481916161,2.6571038504814915e-298
1365,-0.47120418043269907,1.6682107718951212e-298
1366,-0.2943651149046293,1.0453268162572388e-298
1367,-0.7219264012673602,6.005558778822437e-299
1368,-0.3009632829643852,3.7631765385260597e-299
1369,-0.2692862133462784,2.3538670272880335e-299
1370,-0.29350227710766835,1.4699234527885026e-299
1371,-0.3219600150045198,9.165284319358931e-300
1372,-0.35038075985254047,5.7066759099502014e-300
1373,-0.6657317383428673,3.299502354969215e-300
1374,-0.663795669611643,1.905020794813899e-300
1375,-0.6244140715120532,1.0982202002515047e-300
1376,-0.401743116335002,6.8580748613300364e-301
1377,-0.6032826799705503,3.9535927209054165e-301
1378,-0.4263720691037625,2.468906950078814e-301
1379,-0.5697735849191222,1.42329337952595e-301
1380,-0.4527367187676237,8.888065020283727e-302
1381,-0.5517273587065491,5.123856166293419e-302
1382,-0.4849742860472812,3.199703407302141e-302
1383,-0.36816500813542463,1.9950829010798294e-302
1384,-0.31533170767666435,1.2422191318056317e-302
1385,-0.3044109158173348,7.72439422513565e-303
1386,-0.31804623283388733,4.797315945240952e-303
1387,-0.7037148041549498,2.7807819210488347e-303
1388,-0.7035314974778756,1.609915994820099e-303
1389,-0.31593255495395545,1.0010814915775801e-303
1390,-0.3110101313938864,6.217321465032272e-304
1391,-0.32530908498591454,3.856913564946073e-304
1392,-0.3433084802230438,2.3900716429900723e-304
1393,-0.6691096941497902,1.3884888833805862e-304
1394,-0.35198141024454604,8.604257914764259e-305
1395,-0.6641679605703467,4.998559980170113e-305
1396,-0.3542952790550266,3.0975328493151335e-305
1397,-0.3485638303312022,1.9175654601370433e-305
1398,-0.6635643102899517,1.115111825753448e-305
1399,-0.6193071786415764,6.478133734300467e-306
1400,-0.5363029470960753,3.759376539532192e-306
1401,-0.489037753366399,2.3321281443481665e-306
1402,-0.5365909948254837,1.353375554231589e-306
1403,-0.45881771057630877,8.395661319653401e-307
1404,-0.3553168095089073,5.202665734235285e-307
1405,-0.3193863434746752,3.2207736278935384e-307
1406,-0.6905484254676953,1.8729596643247026e-307
1407,-0.6177657734518385,1.0880777070270798e-307
1408,-0.3926593159694831,6.742654791568929e-308
1409,-0.6231703712171207,3.917079745297489e-308
1410,-0.4070344338903467,2.427355724964814e-308
1411,-0.33522979653840285,1.5026841438300097e-308
1412,-0.3304977704097849,9.29376122164736e-309
1413,-0.3473506356716878,5.74286792330899e-309
1414,-0.3653222433219551,3.54569693438929e-309
1415,-0.644952758442266,2.067432452391234e-309
1416,-0.382156861247684,1.276450896380146e-309
1417,-0.6277610203837961,7.44275682860843e-310
1418,-0.5837238231088316,4.3360972355718e-310
1419,-0.4480337597016999,2.67939245829904e-310
1420,-0.41401898806897225,1.6542803617087e-310
1421,-0.5984971050753265,9.6458128498764e-311
1422,-0.431576101152332,5.955409302151e-311
1423,-0.3838171135883178,3.674007246247e-311
1424,-0.6247986656666007,2.1439473487745e-311
1425,-0.5463202969349911,1.250097345344e-311
1426,-0.4364045345340636,7.28297829442e-312
1427,-0.5964714432644008,4.50035044324e-312
1428,-0.49840047663410175,2.77855576401e-312
1429,-0.4006608839909299,1.71414482081e-312
1430,-0.6042574165418437,1.00028007504e-312
1431,-0.4712903489135786,5.83245417445e-313
1432,-0.361437779337423,3.39794635303e-313
1433,-0.3228087809549561,1.9778584735e-313
1434,-0.7031985254251397,1.2232606871e-313
1435,-0.3184098553618559,7.1202905044e-314
1436,-0.3330836886032782,4.140625345e-314
1437,-0.6801559621443026,2.5633045815e-314
1438,-0.34253043279800954,1.4906251243e-314
1439,-0.6742304681439999,9.227896496e-315
1440,-0.35148446750928186,5.366250446e-315
1441,-0.37018346939544117,3.117471025e-315
1442,-0.6424883692034612,1.931850163e-315
1443,-0.6435230418488711,1.195935386e-315
1444,-0.3832500405282842,6.95466057e-316
1445,-0.6303586578857253,4.3053674e-316
1446,-0.3959365538289657,2.5036778e-316
1447,-0.6171213883225687,1.54993225e-316
1448,-0.40767656728041357,9.01324e-317
1449,-0.6005783960281657,5.579756e-317
1450,-0.42425493511082113,3.2447662e-317
1451,-0.4018934987711246,1.8850156e-317
1452,-0.3910822987435439,1.0939083e-317
1453,-0.3869444624705093,6.34088e-318
1454,-0.3843616360855386,3.67101e-318
1455,-0.3853685611072649,2.122516e-318
1456,-0.6366063587159096,1.321566e-318
1457,-0.38422436316817227,7.64107e-319
1458,-0.3767547361632051,4.4117e-319
1459,-0.37935897831515586,2.5433e-319
1460,-0.38249486826466217,1.46377e-319
1461,-0.6218608225965694,9.156e-320
1462,-0.40124522549645075,5.2697e-320
1463,-0.39550227314165043,3.0276e-320
1464,-0.6190301055711378,1.897e-320
1465,-0.40496028115546484,1.09e-320
1466,-0.4090807294742438,6.25e-321
1467,-0.4081772391621063,3.577e-321
1468,-0.5851295255236485,2.253e-321
1469,-0.43865643669195187,1.29e-321
1470,-0.5536864151257711,8.1e-322
1471,-0.4753800992056216,5.14e-322
1472,-0.4011034930252391,3.2e-322
1473,-0.3657547795720386,2.03e-322
1474,-0.3535648700403535,1.3e-322
1475,-0.6430639329136713,7.4e-323
1476,-0.5791566977604805,4.4e-323
1477,-0.4536864382505142,3.0e-323
1478,-0.3854612773866358,2.0e-323
1479,-0.3559003725443177,1.5e-323
1480,-0.35564232872030344,1.5e-323
1481,-0.656657257171114,1.0e-323
1482,-0.5992876116044951,5.0e-324
1483,-0.5068762569359553,1.0e-323
1484,-0.41573650313844196,5.0e-324
1485,-0.36938026005942776,5.0e-324
1486,-0.6106547550058539,5.0e-324
1487,-0.40541916922557386,5.0e-324
1488,-0.5975407242086309,5.0e-324
1489,-0.4342803159056573,5.0e-324
1490,-0.3686328018770627,5.0e-324
1491,-0.6545411942797973,5.0e-324
1492,-0.5685890580940085,5.0e-324
1493,-0.46479209062813515,5.0e-324
1494,-0.3982958242090336,5.0e-324
1495,-0.6284854821276651,5.0e-324
1496,-0.3994830817934005,5.0e-324
1497,-0.38715587370053345,5.0e-324
1498,-0.390296816405009,5.0e-324
1499,-0.6228348385625068,5.0e-324
1500,-0.40313190875928556,5.0e-324
1501,-0.61098914962396,5.0e-324
1502,-0.4161013714755489,5.0e-324
1503,-0.41102949558655105,5.0e-324
1504,-0.596164281118895,5.0e-324
1505,-0.5760680377124074,5.0e-324
1506,-0.5460492019628799,5.0e-324
1507,-0.4782554864197236,5.0e-324
1508,-0.44825955309918797,5.0e-324
1509,-0.5638827773287155,5.0e-324
1510,-0.5376051728735965,5.0e-324
1511,-0.5063736680527373,5.0e-324
1512,-0.4819472691082794,5.0e-324
1513,-0.5332806077510388,5.0e-324
1514,-0.5045815664876094,5.0e-324
1515,-0.47664458215091493,5.0e-324
1516,-0.45412687762429604,5.0e-324
1517,-0.5604748838378196,5.0e-324
1518,-0.5402397271411226,5.0e-324
1519,-0.5127176801280368,5.0e-324
1520,-0.4843278239667163,5.0e-324
1521,-0.4542779363504251,5.0e-324
1522,-0.5733957225397031,5.0e-324
1523,-0.44919333040089665,5.0e-324
1524,-0.4363529994252613,5.0e-324
1525,-0.5871422233564886,5.0e-324
1526,-0.4337616827839967,5.0e-324
1527,-0.5862083087989108,5.0e-324
1528,-0.4323513549591181,5.0e-324
1529,-0.42047325779368616,5.0e-324
1530,-0.605481725810005,5.0e-324
1531,-0.41294245326392853,5.0e-324
1532,-0.4076931108662531,5.0e-324
1533,-0.6203613339432729,5.0e-324
1534,-0.6261214021258168,5.0e-324
1535,-0.38738005595025926,5.0e-324
1536,-0.6448790709472578,5.0e-324
1537,-0.36828695196144684,5.0e-324
1538,-0.6606620478461391,5.0e-324
1539,-0.6550781112567359,5.0e-324
1540,-0.6169004998701955,5.0e-324
1541,-0.5343212041874048,5.0e-324
1542,-0.47967783664196734,5.0e-324
1543,-0.5413906700636785,5.0e-324
1544,-0.48083279662634404,5.0e-324
1545,-0.5515523983893883,5.0e-324
1546,-0.3900890012513637,5.0e-324
1547,-0.3037151846030487,5.0e-324
1548,-0.2928704632925552,5.0e-324
1549,-0.7316985133672441,5.0e-324
1550,-0.7228068628339152,5.0e-324
1551,-0.2928558998484594,5.0e-324
1552,-0.27355220879694514,5.0e-324
1553,-0.2927560795504202,5.0e-324
1554,-0.7272857803699195,5.0e-324
1555,-0.2976130132581783,5.0e-324
1556,-0.724641514064228,5.0e-324
1557,-0.7568800213217052,5.0e-324
1558,-0.25997673653902414,5.0e-324
1559,-0.29456128393092174,5.0e-324
1560,-0.3289009459098809,5.0e-324
1561,-0.35695950248344627,5.0e-324
1562,-0.37762993487095253,5.0e-324
1563,-0.3940789594060873,5.0e-324
1564,-0.624599512690033,5.0e-324
1565,-0.3990373197063296,5.0e-324
1566,-0.40825595115742375,5.0e-324
1567,-0.41475087966724616,5.0e-324
1568,-0.4201352990750755,5.0e-324
1569,-0.4250042155700781,5.0e-324
1570,-0.5971411797618446,5.0e-324
1571,-0.6017362752556946,5.0e-324
1572,-0.6049371106596952,5.0e-324
1573,-0.6043130157900967,5.0e-324
1574,-0.5981732773303113,5.0e-324
1575,-0.579868987836372,5.0e-324
1576,-0.4420342936236931,5.0e-324
1577,-0.5786658757686532,5.0e-324
1578,-0.44273379073613806,5.0e-324
1579,-0.5768764052560386,5.0e-324
1580,-0.4413870450321247,5.0e-324
1581,-0.5774292518087586,5.0e-324
1582,-0.5285414171838737,5.0e-324
1583,-0.4699661646291377,5.0e-324
1584,-0.4263927598846925,5.0e-324
1585,-0.5902654028502337,5.0e-324
1586,-0.4345272905328856,5.0e-324
1587,-0.5819047201921969,5.0e-324
1588,-0.4431640812841766,5.0e-324
1589,-0.5727153363631338,5.0e-324
1590,-0.5105421029430806,5.0e-324
1591,-0.5139056912014043,5.0e-324
1592,-0.4992002533315115,5.0e-324
1593,-0.4311165967693226,5.0e-324
1594,-0.5916138634057994,5.0e-324
1595,-0.42678035417539817,5.0e-324
1596,-0.5974119512939252,5.0e-324
1597,-0.5213925803515691,5.0e-324
1598,-0.44089451819127645,5.0e-324
1599,-0.3855413880293837,5.0e-324
1600,-0.36668425773606056,5.0e-324
1601,-0.37298674087651307,5.0e-324
1602,-0.38583237217606264,5.0e-324
1603,-0.40511807008017553,5.0e-324
1604,-0.5964515246703733,5.0e-324
1605,-0.5673577074425206,5.0e-324
1606,-0.4604594956651027,5.0e-324
1607,-0.5603323957005805,5.0e-324
1608,-0.5212438014094317,5.0e-324
1609,-0.48677623930999314,5.0e-324
1610,-0.45771346536941593,5.0e-324
1611,-0.44341297962678555,5.0e-324
1612,-0.43544969129901345,5.0e-324
1613,-0.5549024480960687,5.0e-324
1614,-0.4779689826927769,5.0e-324
1615,-0.4358448352713283,5.0e-324
1616,-0.4068163836824309,5.0e-324
1617,-0.5984844033082833,5.0e-324
1618,-0.5056613007893489,5.0e-324
1619,-0.5262062516712471,5.0e-324
1620,-0.42230847920872777,5.0e-324
1621,-0.5837361039295383,5.0e-324
1622,-0.41575337307860694,5.0e-324
1623,-0.6063803259850818,5.0e-324
1624,-0.43163029308470774,5.0e-324
1625,-0.29426001885959235,5.0e-324
1626,-0.2616575615003433,5.0e-324
1627,-0.7596612565369101,5.0e-324
1628,-0.7110111180505366,5.0e-324
1629,-0.3035510048426524,5.0e-324
1630,-0.7192380167040087,5.0e-324
1631,-0.5014356273145641,5.0e-324
1632,-0.5191185509366212,5.0e-324
1633,-0.4963883032700023,5.0e-324
1634,-0.2754722120523632,5.0e-324
1635,-0.7424157760485454,5.0e-324
1636,-0.27905625655480876,5.0e-324
1637,-0.2382225756823327,5.0e-324
1638,-0.27005344188159325,5.0e-324
1639,-0.7483099171690036,5.0e-324
1640,-0.7709714854075223,5.0e-324
1641,-0.2545989544351156,5.0e-324
1642,-0.7610254652191647,5.0e-324
1643,-0.7144527284661624,5.0e-324
1644,-0.5323002167433352,5.0e-324
1645,-0.4996711585497749,5.0e-324
1646,-0.339410923810715,5.0e-324
1647,-0.296818764483531,5.0e-324
1648,-0.7131491559025761,5.0e-324
1649,-0.6383129021279184,5.0e-324
1650,-0.49431187134264654,5.0e-324
1651,-0.5393390435854166,5.0e-324
1652,-0.44172501507877254,5.0e-324
1653,-0.5630381479725554,5.0e-324
1654,-0.4734102000457614,5.0e-324
1655,-0.40826835869472544,5.0e-324
1656,-0.5977309353293809,5.0e-324
1657,-0.4951771294272146,5.0e-324
1658,-0.39311665601408624,5.0e-324
1659,-0.3420937671201004,5.0e-324
1660,-0.6884477835141815,5.0e-324
1661,-0.324785462183875,5.0e-324
1662,-0.3251925363506103,5.0e-324
1663,-0.6997453540887849,5.0e-324
1664,-0.7012089552781686,5.0e-324
1665,-0.30751788450073164,5.0e-324
1666,-0.7198983816633376,5.0e-324
1667,-0.6271383127978408,5.0e-324
1668,-0.42546540882983624,5.0e-324
1669,-0.27493000837927667,5.0e-324
1670,-0.7484182055274644,5.0e-324
1671,-0.25596898082820835,5.0e-324
1672,-0.2239826269541101,5.0e-324
1673,-0.2565309525660081,5.0e-324
1674,-0.7603600194465254,5.0e-324
1675,-0.26688498896370416,5.0e-324
1676,-0.7479837781202586,5.0e-324
1677,-0.26944167341449055,5.0e-324
1678,-0.7454389683689076,5.0e-324
1679,-0.6999166286493158,5.0e-324
1680,-0.5278058198966421,5.0e-324
1681,-0.3192748330483145,5.0e-324
1682,-0.7014573092044499,5.0e-324
1683,-0.4687034642487336,5.0e-324
1684,-0.5435377722771054,5.0e-324
1685,-0.47710627455435284,5.0e-324
1686,-0.2534497452503688,5.0e-324
1687,-0.2206264432705882,5.0e-324
1688,-0.790240379627001,5.0e-324
1689,-0.2333286608698679,5.0e-324
1690,-0.7772974693738859,5.0e-324
1691,-0.6656577003836018,5.0e-324
1692,-0.405556643637517,5.0e-324
1693,-0.6145885835897322,5.0e-324
1694,-0.34364306839111775,5.0e-324
1695,-0.6680921827266835,5.0e-324
1696,-0.35732635472425867,5.0e-324
1697,-0.23272011204595994,5.0e-324
1698,-0.24588727513384992,5.0e-324
1699,-0.28532794213885065,5.0e-324
1700,-0.7274588323873604,5.0e-324
1701,-0.2977175707639018,5.0e-324
1702,-0.7150186580252662,5.0e-324
1703,-0.30995705978372395,5.0e-324
1704,-0.32584866305233884,5.0e-324
1705,-0.6882953592178351,5.0e-324
1706,-0.33654664448239735,5.0e-324
1707,-0.6735048579876661,5.0e-324
1708,-0.3505470966318123,5.0e-324
1709,-0.6637380948378081,5.0e-324
1710,-0.6029257458235028,5.0e-324
1711,-0.49364338007777725,5.0e-324
1712,-0.530287153674412,5.0e-324
1713,-0.48898037594656724,5.0e-324
1714,-0.3875367407249448,5.0e-324
1715,-0.34073116502137635,5.0e-324
1716,-0.6671389660248792,5.0e-324
1717,-0.3608561916529619,5.0e-324
1718,-0.34244098340420215,5.0e-324
1719,-0.3441051734891113,5.0e-324
1720,-0.6646477764570282,5.0e-324
1721,-0.360348432608641,5.0e-324
1722,-0.6534089188965178,5.0e-324
1723,-0.3712578155779093,5.0e-324
1724,-0.6426614423846604,5.0e-324
1725,-0.5602185821510404,5.0e-324
1726,-0.4610360747098935,5.0e-324
1727,-0.5442411528533829,5.0e-324
1728,-0.4196516375401428,5.0e-324
1729,-0.6120475494604054,5.0e-324
1730,-0.4059222844259649,5.0e-324
1731,-0.33269986955667097,5.0e-324
1732,-0.6836798526754831,5.0e-324
1733,-0.3431536583057283,5.0e-324
1734,-0.6761877390182971,5.0e-324
1735,-0.5895626428459677,5.0e-324
1736,-0.43610780908744656,5.0e-324
1737,-0.3405107227378516,5.0e-324
1738,-0.6669874271106475,5.0e-324
1739,-0.5526327621247262,5.0e-324
1740,-0.4076232513038256,5.0e-324
1741,-0.3239902766839439,5.0e-324
1742,-0.6952201220227551,5.0e-324
1743,-0.6013738483610541,5.0e-324
1744,-0.4200118729106613,5.0e-324
1745,-0.32831287050501134,5.0e-324
1746,-0.6915867757796896,5.0e-324
1747,-0.3308758829826566,5.0e-324
1748,-0.31598621796062126,5.0e-324
1749,-0.7049806583794715,5.0e-324
1750,-0.6944820828427404,5.0e-324
1751,-0.3294119680612448,5.0e-324
1752,-0.32383519531115884,5.0e-324
1753,-0.33782144908597694,5.0e-324
1754,-0.3579545473405395,5.0e-324
1755,-0.3766947530393099,5.0e-324
1756,-0.6385395868129393,5.0e-324
1757,-0.3848876506544523,5.0e-324
1758,-0.6350114901459999,5.0e-324
1759,-0.3883279183464347,5.0e-324
1760,-0.39449219226222904,5.0e-324
1761,-0.3973477707938393,5.0e-324
1762,-0.3983592488508165,5.0e-324
1763,-0.619830376696154,5.0e-324
1764,-0.4069122935581608,5.0e-324
1765,-0.404142341143392,5.0e-324
1766,-0.4049170148491301,5.0e-324
1767,-0.6138006711803212,5.0e-324
1768,-0.40768370915194807,5.0e-324
1769,-0.609979085879962,5.0e-324
1770,-0.5752660004465185,5.0e-324
1771,-0.4508675423725948,5.0e-324
1772,-0.5639522058620116,5.0e-324
1773,-0.48694428872960643,5.0e-324
1774,-0.5331835995207148,5.0e-324
1775,-0.4760044872778896,5.0e-324
1776,-0.5422838135868154,5.0e-324
1777,-0.47332904275335,5.0e-324
1778,-0.5488535046012313,5.0e-324
1779,-0.4393710812436893,5.0e-324
1780,-0.5769755790374739,5.0e-324
1781,-0.4501951704705242,5.0e-324
1782,-0.36810562668763236,5.0e-324
1783,-0.6482215066337236,5.0e-324
1784,-0.5781430021304536,5.0e-324
1785,-0.47877368479899185,5.0e-324
1786,-0.3937936259473545,5.0e-324
1787,-0.6163909098870142,5.0e-324
1788,-0.49330933405338584,5.0e-324
1789,-0.3720829045250257,5.0e-324
1790,-0.32899004466926274,5.0e-324
1791,-0.33067743031721214,5.0e-324
1792,-0.3539227013606566,5.0e-324
1793,-0.6533181423081614,5.0e-324
1794,-0.3753611685447497,5.0e-324
1795,-0.6353545659110217,5.0e-324
1796,-0.3948572534464966,5.0e-324
1797,-0.6139021085703676,5.0e-324
1798,-0.41527780213822196,5.0e-324
1799,-0.5928913528087186,5.0e-324
1800,-0.5466946298934812,5.0e-324
1801,-0.48681216776475617,5.0e-324
1802,-0.5339012859995171,5.0e-324
1803,-0.4751729804038568,5.0e-324
1804,-0.5211696224765847,5.0e-324
1805,-0.504414449601846,5.0e-324
1806,-0.5203062385374343,5.0e-324
1807,-0.5154575345090098,5.0e-324
1808,-0.5081276441028418,5.0e-324
1809,-0.43069579485108067,5.0e-324
1810,-0.6015495308234521,5.0e-324
1811,-0.4221990775599706,5.0e-324
1812,-0.604927959214294,5.0e-324
1813,-0.5646189346593931,5.0e-324
1814,-0.4490243001561494,5.0e-324
1815,-0.3905466856449048,5.0e-324
1816,-0.3684702737977307,5.0e-324
1817,-0.654388423558844,5.0e-324
1818,-0.6382144592160618,5.0e-324
1819,-0.3732945827012123,5.0e-324
1820,-0.6433904350093123,5.0e-324
1821,-0.575418179339886,5.0e-324
1822,-0.4260533080505666,5.0e-324
1823,-0.5992191215369739,5.0e-324
1824,-0.47298693804680986,5.0e-324
1825,-0.5386345279756847,5.0e-324
1826,-0.4070494956305629,5.0e-324
1827,-0.6323244799416755,5.0e-324
1828,-0.38474632894906097,5.0e-324
1829,-0.6295768522884841,5.0e-324
1830,-0.3757813606287183,5.0e-324
1831,-0.3126911928509402,5.0e-324
1832,-0.3063050127050344,5.0e-324
1833,-0.3279713035448656,5.0e-324
1834,-0.6866520460273545,5.0e-324
1835,-0.3359099026908073,5.0e-324
1836,-0.358685310623647,5.0e-324
1837,-0.38363189445745904,5.0e-324
1838,-0.6265858881146291,5.0e-324
1839,-0.6266905972511028,5.0e-324
1840,-0.6191954662037009,5.0e-324
1841,-0.6026971319815172,5.0e-324
1842,-0.4178060168107721,5.0e-324
1843,-0.40134797926332455,5.0e-324
1844,-0.40187685731932327,5.0e-324
1845,-0.40612400859784853,5.0e-324
1846,-0.41548133404485926,5.0e-324
1847,-0.4232968934437951,5.0e-324
1848,-0.43432781161249967,5.0e-324
1849,-0.4372943781975296,5.0e-324
1850,-0.4303820380426537,5.0e-324
1851,-0.41039057703027465,5.0e-324
1852,-0.6056908202410882,5.0e-324
1853,-0.5545728486579288,5.0e-324
1854,-0.4685309272044612,5.0e-324
1855,-0.41646911536024,5.0e-324
1856,-0.38102969057963465,5.0e-324
1857,-0.3604993562450525,5.0e-324
1858,-0.3716274304602827,5.0e-324
1859,-0.650659560569055,5.0e-324
1860,-0.3745031248352782,5.0e-324
1861,-0.380846455121978,5.0e-324
1862,-0.6295808459522467,5.0e-324
1863,-0.3856916959730877,5.0e-324
1864,-0.3940695680823866,5.0e-324
1865,-0.6223957755454925,5.0e-324
1866,-0.6006796349307759,5.0e-324
1867,-0.4158591831967291,5.0e-324
1868,-0.3970642033786952,5.0e-324
1869,-0.38523998156398254,5.0e-324
1870,-0.6366442777983359,5.0e-324
1871,-0.3767026835950969,5.0e-324
1872,-0.367529947623003,5.0e-324
1873,-0.37499699640243234,5.0e-324
1874,-0.6432167867323207,5.0e-324
1875,-0.6503299517079858,5.0e-324
1876,-0.3668295779387342,5.0e-324
1877,-0.3737047880903003,5.0e-324
1878,-0.3867474059001827,5.0e-324
1879,-0.6422592867813055,5.0e-324
1880,-0.652240035702017,5.0e-324
1881,-0.3734364258064528,5.0e-324
1882,-0.38465598810618057,5.0e-324
1883,-0.39240678892277736,5.0e-324
1884,-0.6218726168537109,5.0e-324
1885,-0.403667215588196,5.0e-324
1886,-0.4091722188318507,5.0e-324
1887,-0.4152001908154388,5.0e-324
1888,-0.4147619611017129,5.0e-324
1889,-0.41094047827809393,5.0e-324
1890,-0.41696092976280746,5.0e-324
1891,-0.6023607901940444,5.0e-324
1892,-0.5939780615422209,5.0e-324
1893,-0.4282196272912116,5.0e-324
1894,-0.5812118046696988,5.0e-324
1895,-0.5350110069009122,5.0e-324
1896,-0.4588700934979003,5.0e-324
1897,-0.410792698823616,5.0e-324
1898,-0.3775800694877798,5.0e-324
1899,-0.6491763174036083,5.0e-324
1900,-0.6271153865109648,5.0e-324
1901,-0.3738231441735538,5.0e-324
1902,-0.34288248807308896,5.0e-324
1903,-0.3461335584622507,5.0e-324
1904,-0.6754304109155908,5.0e-324
1905,-0.33583306434818594,5.0e-324
1906,-0.33960587094659783,5.0e-324
1907,-0.3493135048776604,5.0e-324
1908,-0.36066471422576324,5.0e-324
1909,-0.3751822756768755,5.0e-324
1910,-0.6431918094471905,5.0e-324
1911,-0.6526918136683729,5.0e-324
1912,-0.6531604924838537,5.0e-324
1913,-0.6325762412483598,5.0e-324
1914,-0.38009512999770145,5.0e-324
1915,-0.35130098226634815,5.0e-324
1916,-0.6641206763752989,5.0e-324
1917,-0.3594821592191437,5.0e-324
1918,-0.3530493612876545,5.0e-324
1919,-0.6613966210506962,5.0e-324
1920,-0.6438811434445524,5.0e-324
1921,-0.6142062126575881,5.0e-324
1922,-0.5714429672040212,5.0e-324
1923,-0.5173156874088305,5.0e-324
1924,-0.48259267622784324,5.0e-324
1925,-0.4071532827340115,5.0e-324
1926,-0.625018422768571,5.0e-324
1927,-0.39297710799737295,5.0e-324
1928,-0.37514162877239177,5.0e-324
1929,-0.3834711652197409,5.0e-324
1930,-0.40178214539637,5.0e-324
1931,-0.6067871943768454,5.0e-324
1932,-0.5994687511908869,5.0e-324
1933,-0.4297038195067666,5.0e-324
1934,-0.5761021805949491,5.0e-324
1935,-0.555751845107039,5.0e-324
1936,-0.517688259821949,5.0e-324
1937,-0.5095867644296679,5.0e-324
1938,-0.4793273281389648,5.0e-324
1939,-0.4409523775567217,5.0e-324
1940,-0.5934425067436981,5.0e-324
1941,-0.5601092025659478,5.0e-324
1942,-0.5157758409634486,5.0e-324
1943,-0.47297449497166627,5.0e-324
1944,-0.4345185817991855,5.0e-324
1945,-0.4212307601411427,5.0e-324
1946,-0.593378559635232,5.0e-324
1947,-0.4288731146806122,5.0e-324
1948,-0.5842113623985926,5.0e-324
1949,-0.5141521204511392,5.0e-324
1950,-0.4383622241537325,5.0e-324
1951,-0.3767363661487767,5.0e-324
1952,-0.3525030102942873,5.0e-324
1953,-0.34632551711374815,5.0e-324
1954,-0.34917296921189833,5.0e-324
1955,-0.6792891280109948,5.0e-324
1956,-0.7143047085331463,5.0e-324
1957,-0.7524024370674952,5.0e-324
1958,-0.26994595829611,5.0e-324
1959,-0.7557014111777287,5.0e-324
1960,-0.7837652737367395,5.0e-324
1961,-0.739936511982938,5.0e-324
1962,-0.2748997869684975,5.0e-324
1963,-0.2279899032758287,5.0e-324
1964,-0.25714544578628673,5.0e-324
1965,-0.2922241331034423,5.0e-324
1966,-0.32008284665009407,5.0e-324
1967,-0.6946957552003926,5.0e-324
1968,-0.7052180806504962,5.0e-324
1969,-0.32734923875710437,5.0e-324
1970,-0.6971037106681746,5.0e-324
1971,-0.7056817377463751,5.0e-324
1972,-0.6958907677580712,5.0e-324
1973,-0.3340107623620394,5.0e-324
1974,-0.6774159336988763,5.0e-324
1975,-0.3542618038003681,5.0e-324
1976,-0.6525715770563413,5.0e-324
1977,-0.37841164154459145,5.0e-324
1978,-0.3648833384631556,5.0e-324
1979,-0.6390552778564829,5.0e-324
1980,-0.5631272263915086,5.0e-324
1981,-0.4650220065845802,5.0e-324
1982,-0.5253962879163829,5.0e-324
1983,-0.49799565424737263,5.0e-324
1984,-0.5079340489154557,5.0e-324
1985,-0.5269220174653136,5.0e-324
1986,-0.4010217040583721,5.0e-324
1987,-0.32554617869874974,5.0e-324
1988,-0.31175346104269996,5.0e-324
1989,-0.72390681549077,5.0e-324
1990,-0.286072667474507,5.0e-324
1991,-0.7493651299964275,5.0e-324
1992,-0.26089444210811963,5.0e-324
1993,-0.77417828097915,5.0e-324
1994,-0.7723267211650594,5.0e-324
1995,-0.5719387808712248,5.0e-324
1996,-0.28878258945118784,5.0e-324
1997,-0.7380576656905694,5.0e-324
1998,-0.47467103697280383,5.0e-324
1999,-0.5460643068130036,5.0e-324
2000,-0.4805602574673187,5.0e-324
2001,-0.2507659679680435,5.0e-324
2002,-0.7796761371569029,5.0e-324
2003,-0.53695900402707,5.0e-324
2004,-0.48379978335124696,5.0e-324
2005,-0.5377365719939166,5.0e-324
2006,-0.26962260919850106,5.0e-324
2007,-0.7487419295258373,5.0e-324
2008,-0.283030077457345,5.0e-324
2009,-0.7326873605202611,5.0e-324
2010,-0.5394389448504678,5.0e-324
2011,-0.49349145719415755,5.0e-324
2012,-0.5293144499448517,5.0e-324
2013,-0.5075328281616833,5.0e-324
2014,-0.34817125552589323,5.0e-324
2015,-0.3038899606063717,5.0e-324
2016,-0.7060378755698992,5.0e-324
2017,-0.6059144530143599,5.0e-324
2018,-0.4346344249126639,5.0e-324
2019,-0.32265062083387946,5.0e-324
2020,-0.7086620707815625,5.0e-324
2021,-0.2998398263327742,5.0e-324
2022,-0.2844485893424851,5.0e-324
2023,-0.3028846756008668,5.0e-324
2024,-0.32442839198422185,5.0e-324
2025,-0.6770067334883615,5.0e-324
2026,-0.6453944607849496,5.0e-324
2027,-0.5447417754996061,5.0e-324
2028,-0.4219170908913371,5.0e-324
2029,-0.5877603834671259,5.0e-324
2030,-0.42230320207099975,5.0e-324
2031,-0.3202930578977835,5.0e-324
2032,-0.6858042147491936,5.0e-324
2033,-0.5625273001265761,5.0e-324
2034,-0.4548162286615298,5.0e-324
2035,-0.5432647446852126,5.0e-324
2036,-0.3178566738627246,5.0e-324
2037,-0.6796863130581672,5.0e-324
2038,-0.40606938944704246,5.0e-324
2039,-0.24296486638764014,5.0e-324
2040,-0.2409874741082651,5.0e-324
2041,-0.7613227947782233,5.0e-324
2042,-0.2666872731828324,5.0e-324
2043,-0.7364497881581238,5.0e-324
2044,-0.6370761330213415,5.0e-324
2045,-0.45562190804995545,5.0e-324
2046,-0.5606236066738169,5.0e-324
2047,-0.38423529100126225,5.0e-324
2048,-0.6458791908515217,5.0e-324
2049,-0.39488055910963504,5.0e-324
2050,-0.6272993105595093,5.0e-324
2051,-0.4155836692293657,5.0e-324
2052,-0.5868631214897124,5.0e-324
2053,-0.41567812017938477,5.0e-324
2054,-0.3182191110882076,5.0e-324
2055,-0.2973153181500861,5.0e-324
2056,-0.30391480652791764,5.0e-324
2057,-0.7256520025068874,5.0e-324
2058,-0.7545751030183163,5.0e-324
2059,-0.7109737739290867,5.0e-324
2060,-0.5251365387762919,5.0e-324
2061,-0.5034017300141019,5.0e-324
2062,-0.31508439727452536,5.0e-324
2063,-0.7023764948212972,5.0e-324
2064,-0.4556765635803166,5.0e-324
2065,-0.25330439629703366,5.0e-324
2066,-0.23636130383217832,5.0e-324
2067,-0.7843998404191354,5.0e-324
2068,-0.23585541921609812,5.0e-324
2069,-0.2691983095561879,5.0e-324
2070,-0.7472853277830271,5.0e-324
2071,-0.27641731657044666,5.0e-324
2072,-0.7339132050226643,5.0e-324
2073,-0.7130090275398816,5.0e-324
2074,-0.3060771330956304,5.0e-324
2075,-0.2769866975606832,5.0e-324
2076,-0.2909179973001299,5.0e-324
2077,-0.3139366568703185,5.0e-324
2078,-0.33961501811692285,5.0e-324
2079,-0.669563156223264,5.0e-324
2080,-0.35523911773055433,5.0e-324
2081,-0.6451336553979894,5.0e-324
2082,-0.37626240138441047,5.0e-324
2083,-0.33958357936215255,5.0e-324
2084,-0.6710899413147418,5.0e-324
2085,-0.5725184891607673,5.0e-324
2086,-0.41241257125268727,5.0e-324
2087,-0.6136132290047305,5.0e-324
2088,-0.3901074977055282,5.0e-324
2089,-0.29019542090805883,5.0e-324
2090,-0.741805374553744,5.0e-324
2091,-0.6705039348124768,5.0e-324
2092,-0.48341530197000987,5.0e-324
2093,-0.5238038878962082,5.0e-324
2094,-0.30966871534718904,5.0e-324
2095,-0.2511223257614388,5.0e-324
2096,-0.7444294392419528,5.0e-324
2097,-0.6374450970838397,5.0e-324
2098,-0.3796306931275302,5.0e-324
2099,-0.6478086371470964,5.0e-324
2100,-0.3628020844640597,5.0e-324
2101,-0.6768499030750278,5.0e-324
2102,-0.44632598899486925,5.0e-324
2103,-0.5568602954069911,5.0e-324
2104,-0.2938751344539217,5.0e-324
2105,-0.7279214063181159,5.0e-324
2106,-0.4725828427686891,5.0e-324
2107,-0.5323620018091276,5.0e-324
2108,-0.49793920613164855,5.0e-324
2109,-0.5049227546675163,5.0e-324
2110,-0.23323624772105828,5.0e-324
2111,-0.7941859522236506,5.0e-324
2112,-0.535476075823601,5.0e-324
2113,-0.23567071037811127,5.0e-324
2114,-0.1872801128514223,5.0e-324
2115,-0.2349506098103819,5.0e-324
2116,-0.28791126884114915,5.0e-324
2117,-0.3241209171483442,5.0e-324
2118,-0.35385816293939476,5.0e-324
2119,-0.6518817988696038,5.0e-324
2120,-0.6310133819722127,5.0e-324
2121,-0.4035029494078342,5.0e-324
2122,-0.39574963661668,5.0e-324
2123,-0.6088241111267663,5.0e-324
2124,-0.41604579542435416,5.0e-324
2125,-0.5777600992638571,5.0e-324
2126,-0.450236553395162,5.0e-324
2127,-0.5538959117000418,5.0e-324
2128,-0.4495968973250752,5.0e-324
2129,-0.3716377155447387,5.0e-324
2130,-0.3430807363164522,5.0e-324
2131,-0.34913015103606804,5.0e-324
2132,-0.6679991012737332,5.0e-324
2133,-0.6706350023558156,5.0e-324
2134,-0.35160380012517783,5.0e-324
2135,-0.35840535070540913,5.0e-324
2136,-0.36884671791651086,5.0e-324
2137,-0.6477219271452286,5.0e-324
2138,-0.6480051448105398,5.0e-324
2139,-0.6417881386218034,5.0e-324
2140,-0.3827487387372468,5.0e-324
2141,-0.639574455175281,5.0e-324
2142,-0.3833743746705801,5.0e-324
2143,-0.37983147933743217,5.0e-324
2144,-0.384476609743284,5.0e-324
2145,-0.6337947481857644,5.0e-324
2146,-0.6329320379451494,5.0e-324
2147,-0.3904877522306941,5.0e-324
2148,-0.3870677679150316,5.0e-324
2149,-0.6269895904612514,5.0e-324
2150,-0.39092225350750726,5.0e-324
2151,-0.37449028854783717,5.0e-324
2152,-0.3678304745661429,5.0e-324
2153,-0.6633464728202056,5.0e-324
2154,-0.35286780974167864,5.0e-324
2155,-0.6697356582370265,5.0e-324
2156,-0.6691941080779925,5.0e-324
2157,-0.34968784552030213,5.0e-324
2158,-0.3383996245102201,5.0e-324
2159,-0.6950895674934702,5.0e-324
2160,-0.32310068305477996,5.0e-324
2161,-0.3324259507996829,5.0e-324
2162,-0.6898406359300076,5.0e-324
2163,-0.3296565452793453,5.0e-324
2164,-0.6920334504172332,5.0e-324
2165,-0.3314404236755892,5.0e-324
2166,-0.34036334137171426,5.0e-324
2167,-0.3589954576231835,5.0e-324
2168,-0.3718354520971439,5.0e-324
2169,-0.6470480993678356,5.0e-324
2170,-0.659006118132532,5.0e-324
2171,-0.3643094973499007,5.0e-324
2172,-0.6538152777897185,5.0e-324
2173,-0.6590032674788247,5.0e-324
2174,-0.6547481537178843,5.0e-324
2175,-0.37205412115053327,5.0e-324
2176,-0.37664333429315655,5.0e-324
2177,-0.3828775387062111,5.0e-324
2178,-0.6332562005102075,5.0e-324
2179,-0.39245026248879195,5.0e-324
2180,-0.6279370759643423,5.0e-324
2181,-0.395900613472782,5.0e-324
2182,-0.6209139216158435,5.0e-324
2183,-0.6054769226685595,5.0e-324
2184,-0.42433829323454436,5.0e-324
2185,-0.5842246382553442,5.0e-324
2186,-0.5342315857897831,5.0e-324
2187,-0.46464324075555796,5.0e-324
2188,-0.5657380558460782,5.0e-324
2189,-0.5150240694910475,5.0e-324
2190,-0.4649935043984158,5.0e-324
2191,-0.5475234369196373,5.0e-324
2192,-0.4928833086441095,5.0e-324
2193,-0.4526385112293302,5.0e-324
2194,-0.5645621011152594,5.0e-324
2195,-0.46954900899739105,5.0e-324
2196,-0.4388794386417624,5.0e-324
2197,-0.420666032401398,5.0e-324
2198,-0.6019004076749336,5.0e-324
2199,-0.5835289358788195,5.0e-324
2200,-0.4375852903559157,5.0e-324
2201,-0.5818237642527014,5.0e-324
2202,-0.5498200641899981,5.0e-324
2203,-0.4709085838952718,5.0e-324
2204,-0.5500844715687659,5.0e-324
2205,-0.504028072988369,5.0e-324
2206,-0.4606543748572877,5.0e-324
2207,-0.5586560634602065,5.0e-324
2208,-0.5089584620573672,5.0e-324
2209,-0.512780631446849,5.0e-324
2210,-0.4607022060687201,5.0e-324
2211,-0.5598262426306618,5.0e-324
2212,-0.46146934647235166,5.0e-324
2213,-0.4147317925446537,5.0e-324
2214,-0.38589740899978087,5.0e-324
2215,-0.3776588997715472,5.0e-324
2216,-0.3851471475521491,5.0e-324
2217,-0.6291692937139055,5.0e-324
2218,-0.3966505019152048,5.0e-324
2219,-0.39885294728012205,5.0e-324
2220,-0.6153732753609062,5.0e-324
2221,-0.40720433547251444,5.0e-324
2222,-0.39231895081617396,5.0e-324
2223,-0.6251051840728442,5.0e-324
2224,-0.5812223576612212,5.0e-324
2225,-0.5021732149264715,5.0e-324
2226,-0.420780057796469,5.0e-324
2227,-0.6032952762988816,5.0e-324
2228,-0.4121336185567133,5.0e-324
2229,-0.613112200250499,5.0e-324
2230,-0.527054563940314,5.0e-324
2231,-0.4286668617228419,5.0e-324
2232,-0.5844606208516339,5.0e-324
2233,-0.4576879131851004,5.0e-324
2234,-0.5687556941121599,5.0e-324
2235,-0.4436437299141264,5.0e-324
2236,-0.5826277171673719,5.0e-324
2237,-0.4297295843726789,5.0e-324
2238,-0.5970022551255842,5.0e-324
2239,-0.4429170342403549,5.0e-324
2240,-0.5661085528234399,5.0e-324
2241,-0.3924454781957512,5.0e-324
2242,-0.30074148027425707,5.0e-324
2243,-0.7218550751090869,5.0e-324
2244,-0.6396899346130881,5.0e-324
2245,-0.4705425604557414,5.0e-324
2246,-0.5430722749118557,5.0e-324
2247,-0.3578000802044028,5.0e-324
2248,-0.6673499801309395,5.0e-324
2249,-0.3508630308107902,5.0e-324
2250,-0.6683508472943585,5.0e-324
2251,-0.3492630799168494,5.0e-324
2252,-0.6753088363259138,5.0e-324
2253,-0.4921645951887757,5.0e-324
2254,-0.5181751273662064,5.0e-324
2255,-0.5062818015828973,5.0e-324
2256,-0.328099183657751,5.0e-324
2257,-0.6883991796492881,5.0e-324
2258,-0.49792234150451126,5.0e-324
2259,-0.3221542606140658,5.0e-324
2260,-0.7073518438269847,5.0e-324
2261,-0.5489774500899328,5.0e-324
2262,-0.4728661382173484,5.0e-324
2263,-0.5580423700506372,5.0e-324
2264,-0.4614830626921085,5.0e-324
2265,-0.3189968136942707,5.0e-324
2266,-0.7000545563467303,5.0e-324
2267,-0.5678117495116688,5.0e-324
2268,-0.39875068515337264,5.0e-324
2269,-0.6181988053605088,5.0e-324
2270,-0.40957073151474527,5.0e-324
2271,-0.3164101120772409,5.0e-324
2272,-0.7062686575603353,5.0e-324
2273,-0.5989616052413923,5.0e-324
2274,-0.4256294068479435,5.0e-324
2275,-0.5986929695805374,5.0e-324
2276,-0.4239557818755605,5.0e-324
2277,-0.3314752664652757,5.0e-324
2278,-0.683058456874568,5.0e-324
2279,-0.5920769815587265,5.0e-324
2280,-0.4573046924119959,5.0e-324
2281,-0.3582618374012816,5.0e-324
2282,-0.65590009492096,5.0e-324
2283,-0.5480600222119941,5.0e-324
2284,-0.42019295903233644,5.0e-324
2285,-0.6006012199378629,5.0e-324
2286,-0.4209196428554776,5.0e-324
2287,-0.5991716503802239,5.0e-324
2288,-0.48512003485463406,5.0e-324
2289,-0.5327005650307265,5.0e-324
2290,-0.41863628834657307,5.0e-324
2291,-0.6001867347138539,5.0e-324
2292,-0.41984538915631886,5.0e-324
2293,-0.35122698132153257,5.0e-324
2294,-0.6645095205100033,5.0e-324
2295,-0.3607159636623653,5.0e-324
2296,-0.6541369732780374,5.0e-324
2297,-0.3700099328413084,5.0e-324
2298,-0.3350876014546743,5.0e-324
2299,-0.3315410521992615,5.0e-324
2300,-0.6856299304070731,5.0e-324
2301,-0.33508001365052426,5.0e-324
2302,-0.6767544026481057,5.0e-324
2303,-0.6183630576602103,5.0e-324
2304,-0.4027235823053776,5.0e-324
2305,-0.33109149290876144,5.0e-324
2306,-0.3166447141897832,5.0e-324
2307,-0.3288249102851803,5.0e-324
2308,-0.6917287784810057,5.0e-324
2309,-0.33323502876191985,5.0e-324
2310,-0.3447917417268781,5.0e-324
2311,-0.3640896183540473,5.0e-324
2312,-0.3879356073029079,5.0e-324
2313,-0.6072633141465481,5.0e-324
2314,-0.5691937448480933,5.0e-324
2315,-0.5153376328806145,5.0e-324
2316,-0.45334129302910864,5.0e-324
2317,-0.5540056846134293,5.0e-324
2318,-0.4791207453716592,5.0e-324
2319,-0.5274358550527806,5.0e-324
2320,-0.49498698106673855,5.0e-324
2321,-0.39873795307957594,5.0e-324
2322,-0.3463834210889474,5.0e-324
2323,-0.3190919304945587,5.0e-324
2324,-0.6939554092955835,5.0e-324
2325,-0.6247887146761935,5.0e-324
2326,-0.4733860808770797,5.0e-324
2327,-0.3449986820600696,5.0e-324
2328,-0.3032269217913632,5.0e-324
2329,-0.3165924889726793,5.0e-324
2330,-0.33808363960838306,5.0e-324
2331,-0.36115363887561386,5.0e-324
2332,-0.3849699603149345,5.0e-324
2333,-0.40186282007057816,5.0e-324
2334,-0.6056485817952952,5.0e-324
2335,-0.5894505167034606,5.0e-324
2336,-0.5537378143225699,5.0e-324
2337,-0.5128519586821113,5.0e-324
2338,-0.46930207351418407,5.0e-324
2339,-0.44021398280036345,5.0e-324
2340,-0.581532551574141,5.0e-324
2341,-0.5563930490397828,5.0e-324
2342,-0.521219600350948,5.0e-324
2343,-0.4909496353253735,5.0e-324
2344,-0.45715946976717314,5.0e-324
2345,-0.5429570042088511,5.0e-324
2346,-0.48510542064140794,5.0e-324
2347,-0.44233100096450967,5.0e-324
2348,-0.4088230099421758,5.0e-324
2349,-0.39255917647659494,5.0e-324
2350,-0.6204844532468491,5.0e-324
2351,-0.3995771686205312,5.0e-324
2352,-0.3685618679699504,5.0e-324
2353,-0.6473215430382135,5.0e-324
