t,lambda,delta_s
1,-0.4437270443390262,0.9673353441394892
2,-0.003393382470027521,0.9329664509642589
3,0.13546530433644444,1.0810716934663842
4,0.40649956628790995,0.9658417127014886
5,-0.16273760627064582,0.9484163647768693
6,0.16969093335958121,0.7252658649362622
7,0.11043649223761344,0.5714143457704844
8,-0.16982210407716444,0.4136578143752238
9,0.22290950280351104,0.3982651151933147
10,0.29662037240485545,0.39630628320816225
11,-0.16822842122165194,0.26813751788974194
12,0.054636060142384126,0.2514859373205474
13,-0.7464727865899807,0.13958241275728206
14,-0.20819869339526573,0.105973684770561
15,-0.7079779672699003,0.05664189771511001
16,-0.03539307977615461,0.05486965866330052
17,-0.9355844965971504,0.021834047564839983
18,-0.07607899642790839,0.020014318157038847
19,-0.9182236365964725,0.008215193195124135
20,-0.10570106383821136,0.007265820181942904
21,-0.06768094683432793,0.006843361740215372
22,-0.9494146511421732,0.0026213980365292788
23,-0.06727208980387808,0.002471674330445741
24,-0.17109151033184875,0.002081845491485713
25,-0.8472331414913666,0.000889760538301212
26,-0.9216108211934442,0.0003438893786569224
27,-0.7180485225243475,0.0001600350272947528
28,-0.1835692320232664,0.0001352440949339018
29,-0.8370539811285853,5.761055046810682e-5
30,-0.28859286302614623,4.457610641641523e-5
31,-0.09162415658227172,4.1524491909755805e-5
32,-0.1631293902886623,3.5016002682984184e-5
33,-0.23384736381630464,2.7280595586769383e-5
34,-0.7840138404677119,1.2605733638006734e-5
35,-0.8234142005950883,5.381482260945533e-6
36,-0.7197395915158028,2.081091994288032e-6
37,-0.38176169874813465,9.704677253365806e-7
38,-0.6482007378616995,7.491939561570078e-7
39,-0.37483642754307245,3.4936905096855735e-7
40,-0.6548754209422376,2.6970993284844274e-7
41,-0.31172555430993687,2.510799659043909e-7
42,-0.18880346416162733,2.1173105043662476e-7
43,-0.8165443089218848,9.038878965149248e-8
44,-0.6423631972689777,3.495446404888393e-8
45,-0.30267731852255414,1.630028983705593e-8
46,-0.7275108302826149,1.2583607248528967e-8
47,-0.3770959716415041,1.1714387648770328e-8
48,-0.6354632761859091,4.530098694389329e-9
49,-0.38503818993028815,4.217179600800858e-9
50,-0.6245310711143622,1.6308355485649524e-9
51,-0.26578987044288305,7.605064584665724e-10
52,-0.18130012803250456,6.426370851114553e-10
53,-0.22697324100202673,5.790484869476528e-10
54,-0.27820913425119953,4.779185354091554e-10
55,-0.7413281261361804,2.0845745536135034e-10
56,-0.2814822169077213,1.720506727245851e-10
57,-0.3185888566179817,1.3283181703704456e-10
58,-0.3443647323490072,9.789610012407243e-11
59,-0.6761754435835432,4.7819454136331195e-11
60,-0.34266213121533345,3.5242596044745604e-11
61,-0.6766193349834434,1.721500348932803e-11
62,-0.677305420860901,8.02719618895891e-12
63,-0.3424825052251743,6.19740125610759e-12
64,-0.6703128316758473,2.8897906280362273e-12
65,-0.6039714234202928,1.260462519405694e-12
66,-0.41809211790244405,1.0403246260919341e-12
67,-0.5839567065906391,4.5376650698633514e-13
68,-0.4358440034241381,3.7451686539295293e-13
69,-0.5653040770527968,1.6335594251511755e-13
70,-0.45395526612965925,1.3482607154144906e-13
71,-0.5610426993484873,5.88081393054471e-14
72,-0.4595495317230684,4.853738575492085e-14
73,-0.3174526377007645,3.7473315509243256e-14
74,-0.2724181257740469,2.7617565795026017e-14
75,-0.2824435561329026,1.968297989300945e-14
76,-0.7312221607849635,9.942323686209352e-15
77,-0.2842981168366835,7.085872761483405e-15
78,-0.2919456058549877,4.927504827770193e-15
79,-0.3133336822344189,3.3634738761667555e-15
80,-0.7100452735954427,1.7739017379972748e-15
81,-0.3085816386075112,1.2108505954200304e-15
82,-0.322817435448685,8.146236616407763e-16
83,-0.3370229295956121,5.417345268860618e-16
84,-0.3533320414892025,3.5685964274501104e-16
85,-0.6725869093501438,1.9502442967898233e-16
86,-0.6881641886914548,1.0557522654864472e-16
87,-0.3258772826405957,7.020879468443363e-17
88,-0.32654806708149803,4.624900969975338e-17
89,-0.6992668951586981,2.5275166086396105e-17
90,-0.6686374443617403,1.3682549360704356e-17
91,-0.3521926260120857,9.099059791102596e-18
92,-0.30185064576591897,5.9938716570880385e-18
93,-0.7241402078332803,3.275661524796935e-18
94,-0.6238142853183136,1.7732583971472855e-18
95,-0.42267224456852504,9.488729475523478e-19
96,-0.5971081002499168,6.383730229730224e-19
97,-0.3712495626795433,4.245257336136827e-19
98,-0.2566228714257353,2.7965007603309955e-19
99,-0.24848527366294224,1.8276666634947538e-19
100,-0.7853773747136128,1.0067402737191582e-19
101,-0.22614652247327197,6.579599988581115e-20
102,-0.25208416774773584,4.2715275321050215e-20
103,-0.2892433937955048,2.757307907425107e-20
104,-0.31689056814648503,1.77108266255235e-20
105,-0.33791156911594494,1.1326989272700866e-20
106,-0.3555935236198194,7.216638872372558e-21
107,-0.36917993947144384,4.582324079510656e-21
108,-0.3793858730705822,2.900835492617458e-21
109,-0.3893694839258244,1.8313842960460232e-21
110,-0.6350093237454895,1.044300777342285e-21
111,-0.38191338522282825,6.592983465765686e-22
112,-0.643979142624895,3.7594827984322263e-22
113,-0.37318469965026696,2.3734740476756473e-22
114,-0.37917300908657997,1.494767117416864e-22
115,-0.3862089260056528,9.392760530005358e-23
116,-0.630513350214755,5.381161622700709e-23
117,-0.3874976320945265,3.381393790801929e-23
118,-0.38343127921581677,2.1204658112248502e-23
119,-0.6368870956702215,1.217301764688694e-23
120,-0.3838620810646434,7.63367692040946e-24
121,-0.3882830415668622,4.77814734895094e-24
122,-0.39210629479983194,2.985664315003975e-24
123,-0.6253246920844034,1.7201330456223375e-24
124,-0.6196872557577355,9.893245288850659e-25
125,-0.6089780406925878,5.679443113331571e-25
126,-0.5825513868729187,3.253782657626665e-25
127,-0.5446562371272721,1.859953097496516e-25
128,-0.49552206398286974,1.0605914169567555e-25
129,-0.5171459224655005,6.695831150987458e-26
130,-0.4964891475184826,3.818129101044318e-26
131,-0.5154120851657761,2.4104992143554845e-26
132,-0.43800265877356637,1.5180848367422967e-26
133,-0.5676478033026827,8.677797171679746e-27
134,-0.4735569542190603,4.948295314953435e-27
135,-0.395113706518122,2.8139787380225577e-27
136,-0.6301641097071473,1.781386313383237e-27
137,-0.3946848145181905,1.0130323456881209e-27
138,-0.6250620799311322,6.412990728179651e-28
139,-0.5653152289856319,4.0487130484189e-28
140,-0.48796503977705274,2.549799581149749e-28
141,-0.4155481928522387,1.6022333235852434e-28
142,-0.37562171082947104,1.0047575628456827e-28
143,-0.35836108386914767,6.289078952783339e-29
144,-0.6514795723728946,3.6171272262444586e-29
145,-0.6099015595630208,2.076494387366475e-29
146,-0.42184792292107914,1.3021658014480049e-29
147,-0.37946723052246517,8.150646322807202e-30
148,-0.3652507617349545,5.092997786174744e-30
149,-0.36338202572751876,3.177374708574408e-30
150,-0.37248323639571923,1.9793757614724103e-30
151,-0.6457965634297942,1.1438548950867864e-30
152,-0.3782566724049883,7.125752741300677e-31
153,-0.6393684962606696,4.117877622312431e-31
154,-0.622653973672304,2.3761890471176877e-31
155,-0.4002456084190418,1.4824359440324758e-31
156,-0.38237304889379864,9.234975552725675e-32
157,-0.628092071672944,5.336769398516911e-32
158,-0.389727360226399,3.324591198981242e-32
159,-0.6188211749406201,1.9212369834660874e-32
160,-0.5532887699572547,1.1086347618232279e-32
161,-0.4696513042650473,6.916453140477916e-33
162,-0.5566278041939041,3.9910851425636195e-33
163,-0.4648444135748503,2.4899231305720492e-33
164,-0.5521453455808777,1.436790651322903e-33
165,-0.4574745691577413,8.277792873638837e-34
166,-0.39291109538554914,4.76092448532549e-34
167,-0.6235581837231775,2.9800054345099807e-34
168,-0.5452365941439772,1.8620806841144825e-34
169,-0.4714658501419664,1.072801956423593e-34
170,-0.5479396485298357,6.703490462812135e-35
171,-0.4493436884507384,4.182114728878902e-35
172,-0.5656868100505863,2.4132565666123685e-35
173,-0.4574561601449638,1.5055613023964042e-35
174,-0.3851013124564002,9.379037169687001e-36
175,-0.6180520673872322,5.420020688627056e-36
176,-0.5218186835245073,3.127580510329628e-36
177,-0.4998993202077384,1.9512074479057405e-36
178,-0.5167257971179866,1.1259289837186663e-36
179,-0.5140759633050451,7.024346812460663e-37
180,-0.4122324511866673,4.375883581889164e-37
181,-0.35876028885942723,2.7223016966488066e-37
182,-0.3463291506498393,1.6914472887704054e-37
183,-0.34631180964531655,1.0497099309484365e-37
184,-0.3535281345501238,6.507318615031629e-38
185,-0.36160184818242325,4.029831830101352e-38
186,-0.3679252415285034,2.4931663444018223e-38
187,-0.6466562795099577,1.4507394588364866e-38
188,-0.63936513329306,8.433484925080993e-39
189,-0.37759414190477,5.222662051811352e-39
190,-0.3609972074664203,3.2311435823447596e-39
191,-0.6615720623076785,1.8801583386520876e-39
192,-0.6315641446842606,1.0929796462904964e-39
193,-0.38960037710280776,6.768570019147512e-40
194,-0.6291185095590327,3.934726726645786e-40
195,-0.39125748905889857,2.4366852068931043e-40
196,-0.6269900970812428,1.416501621592483e-40
197,-0.5011627197659922,8.225964128204409e-41
198,-0.3736067504833955,4.771758704289777e-41
199,-0.31567572251159276,2.7647684235000795e-41
200,-0.3140833403581185,1.599892369065707e-41
201,-0.7052201770668554,9.953166324600282e-42
202,-0.7025780265025209,6.184199280759551e-42
203,-0.6458441452087499,3.837905823655047e-42
204,-0.37368563348427125,2.2263117410734383e-42
205,-0.3179706150023686,1.2899303556681967e-42
206,-0.7025304996196053,8.014722267864378e-43
207,-0.3243069804953343,4.643749280405508e-43
208,-0.6941506614069167,2.885300016431176e-43
209,-0.3292097478696909,1.6717497409459826e-43
210,-0.33011854441118577,9.673937356898394e-44
211,-0.34610208683808824,5.590439579910658e-44
212,-0.6701654422794701,3.4826174484834224e-44
213,-0.6688960245657709,2.1665876642659936e-44
214,-0.6370767931863051,1.346165575666129e-44
215,-0.5577938173281254,8.354285604163836e-45
216,-0.47086372520410824,4.846196072398063e-45
217,-0.544067707351266,3.007542817498982e-45
218,-0.4450803881192291,1.8644235692933687e-45
219,-0.3818364731286304,1.1545943711706624e-45
220,-0.6437257541399303,6.711924849456125e-46
221,-0.3747135316654738,4.156539736214383e-46
222,-0.3537724014982795,2.5715576769460124e-46
223,-0.35893503497312,1.5895165101540789e-46
224,-0.6613453262246322,9.257607637005637e-47
225,-0.6657409515009318,5.386875498133842e-47
226,-0.360352113665774,3.332738749322031e-47
227,-0.3726484833843134,2.060013397159686e-47
228,-0.38388677350875655,1.272231263230009e-47
229,-0.636706553102588,7.416048229774867e-48
230,-0.3856191056064577,4.580032547628035e-48
231,-0.63406301819976,2.669777362718952e-48
232,-0.6327714526344229,1.5549225908836863e-48
233,-0.3932447459847773,9.611198505788226e-49
234,-0.6240237460303282,5.597721327181268e-49
235,-0.6003676819265582,3.2572376196024836e-49
236,-0.4284487388119876,2.015179677785257e-49
237,-0.5833013099321409,1.1726055430568939e-49
238,-0.4448074076098904,7.2546468400269245e-50
239,-0.5660252283992405,4.2213799550048184e-50
240,-0.5068823008079354,2.4539860687407416e-50
241,-0.45080377008868044,1.425088476064037e-50
242,-0.5704220863036076,8.834349847466667e-51
243,-0.4467213943902071,5.130318513830534e-51
244,-0.5739831841648786,3.180365945088001e-51
245,-0.442394553502524,1.8469146649789923e-51
246,-0.3977210533303869,1.0713675614602617e-51
247,-0.6210466071419166,6.648892793924372e-52
248,-0.406505087076999,3.856923221256943e-52
249,-0.6143044679158756,2.393601405812774e-52
250,-0.4122315897528404,1.388492359652499e-52
251,-0.4145389008978766,8.0449579916671765e-53
252,-0.6006147640999708,4.998572494748995e-53
253,-0.4241173556603343,2.896184877000182e-53
254,-0.426655738913153,1.675939310045423e-53
255,-0.5807751140092358,1.0426265557200654e-53
256,-0.5569651500396864,6.478149953194697e-54
257,-0.4715390906604889,3.753455600592236e-54
258,-0.45096906826840355,2.172017345818868e-54
259,-0.4293539973567869,1.2551799014554886e-54
260,-0.4072819943076318,7.242917365586774e-55
261,-0.6133281252938387,4.5186476452397575e-55
262,-0.5632192248916169,2.8149344801812534e-55
263,-0.473328670329122,1.751212245012313e-55
264,-0.5511655773759887,1.0133764128652505e-55
265,-0.4489299262443828,5.856167348230727e-56
266,-0.37126424785166506,3.379255526088165e-56
267,-0.3283173929349768,1.9468930484967843e-56
268,-0.3304771540400357,1.1197442272826236e-56
269,-0.7054261096856477,7.008814974588421e-57
270,-0.715757220430587,4.3795151618102624e-57
271,-0.3036656504814037,2.5231733908518315e-57
272,-0.7203820214481583,1.5766254582516936e-57
273,-0.2987491457158337,9.083424207066593e-58
274,-0.30372890006898623,5.2242786668098086e-58
275,-0.3202591158390772,2.9991163293784057e-58
276,-0.34726074901824805,1.7182094275810193e-58
277,-0.6597701620078547,1.0796818785762264e-58
278,-0.3607074229675333,6.185553939291668e-59
279,-0.3646787277506621,3.5358354935449315e-59
280,-0.3704607079131896,2.0162211516367724e-59
281,-0.37354608388680144,1.146577374780353e-59
282,-0.37235609213262105,6.500623909180827e-60
283,-0.6525616182385602,4.1276785492092717e-60
284,-0.6459792406709456,2.613022612521256e-60
285,-0.6101062926417913,1.6496794078683223e-60
286,-0.5429437097199578,1.0389355365297312e-60
287,-0.4544224825349449,6.52842344940007e-61
288,-0.3952154671901945,4.0939623072911556e-61
289,-0.36937567629538925,2.5625338024181226e-61
290,-0.37450201038428815,1.6012201322236348e-61
291,-0.6465844694160029,9.225121688705236e-62
292,-0.6346531493439193,5.30577515024934e-62
293,-0.605536484573642,3.0459012445520963e-62
294,-0.5586685270922677,1.745012750123921e-62
295,-0.46964381651797704,1.0965244480387543e-62
296,-0.5492283494163923,6.282045900446115e-63
297,-0.46846105444083014,3.9474880129395156e-63
298,-0.4191126946146592,2.4754624541003313e-63
299,-0.5986193934285061,1.421095684658226e-63
300,-0.4295909890826901,8.911664834761189e-64
301,-0.39837503177519146,5.578078316506678e-64
302,-0.6178111353255304,3.208199340514027e-64
303,-0.5766344751091002,1.84174000731706e-64
304,-0.4472601118312098,1.15495176258505e-64
305,-0.4106247765124175,7.2291894981926565e-65
306,-0.604298704537529,4.1578263453061805e-65
307,-0.5657492614742161,2.38689504948291e-65
308,-0.5083270002590125,1.3674646550032315e-65
309,-0.5105784979910606,8.592822178138473e-66
310,-0.4659421870898218,5.388542943516808e-66
311,-0.5539267563687188,3.0934159841298507e-66
312,-0.46853580057015065,1.9398754596660513e-66
313,-0.42969683355992866,1.2142262348196356e-66
314,-0.41102631160488384,7.587191593073337e-67
315,-0.6056761005785003,4.371214445350687e-67
316,-0.566397285608741,2.5140785957272016e-67
317,-0.45432756694919085,1.5736372003262474e-67
318,-0.5677368829661669,9.050682944617926e-68
319,-0.5178416990029661,5.1957509816002436e-68
320,-0.47279460383156746,2.976672906115366e-68
321,-0.5411582870544648,1.870470353376087e-68
322,-0.4809702837525209,1.172968509622483e-68
323,-0.5405226874741008,6.733693272153915e-69
324,-0.47853700373857677,3.857768086325514e-69
325,-0.5302023747238086,2.424129577975409e-69
326,-0.4503741926037136,1.520167188470738e-69
327,-0.3953756274762694,9.515182391507407e-70
328,-0.6126988552807737,5.4726018784946554e-70
329,-0.5435137572891509,3.141671933056129e-70
330,-0.47997604379932846,1.9701366762580753e-70
331,-0.41842054021428515,1.2331676379393603e-70
332,-0.37909187294021174,7.70554849427498e-71
333,-0.35892885013420234,4.807269888839276e-71
334,-0.6389113369841889,2.7739974579389922e-71
335,-0.5481409474203777,1.5981852587694101e-71
336,-0.42645531305556544,9.191869676749678e-72
337,-0.3598437923755133,5.276802445512e-72
338,-0.6510853655658108,3.3090730836298835e-72
339,-0.5575354911655991,2.0712480953651547e-72
340,-0.44342099503161264,1.1912663101067577e-72
341,-0.5737696987835197,7.45649314331456e-73
342,-0.4295336874159168,4.6592505143136566e-73
343,-0.34740853829528606,2.906772271780558e-73
344,-0.6618823980870777,1.6773301851529166e-73
345,-0.5545830459670186,9.663615113735666e-74
346,-0.4855843153605912,6.038388666550496e-74
347,-0.38579863313297863,3.767176864227602e-74
348,-0.6228512108840109,2.173819919958179e-74
349,-0.39738649689453903,1.3561836711219373e-74
350,-0.613311745495339,7.825751711849444e-75
351,-0.4206561496865829,4.882261216038974e-75
352,-0.5899823685837632,2.8172706162658e-75
353,-0.45186132376816185,1.6231162562872239e-75
354,-0.3539745355487651,9.335258860724233e-76
355,-0.32958297670180076,5.3591182771399e-76
356,-0.34680831512938365,3.0702668839831187e-76
357,-0.37053794362996884,1.7550503527395093e-76
358,-0.6327466082266893,1.1052960782339225e-76
359,-0.617808314352241,6.94541728717331e-77
360,-0.41028002886085446,3.97906588164212e-77
361,-0.4080227871366667,2.2745452571504046e-77
362,-0.590165120675831,1.4324637173911634e-77
363,-0.43950031889854935,8.188362925741458e-78
364,-0.4270650057263823,4.669207761022349e-78
365,-0.4254421123584696,2.6552682341374053e-78
366,-0.4209075401037943,1.5054282901255219e-78
367,-0.40856518922027885,8.506327311190248e-79
368,-0.3929840077599858,4.7881630728611404e-79
369,-0.3907048148643893,2.6836005261173097e-79
370,-0.3796868232643339,1.4966433239394992e-79
371,-0.3807179412482606,8.299216512856785e-80
372,-0.38294293897317666,4.571487608047614e-80
373,-0.6459704179471598,2.9877179446284422e-80
374,-0.6238593100755623,1.939649747825591e-80
375,-0.575221788201588,1.2520606614652919e-80
376,-0.49467441139539037,8.042275307786737e-81
377,-0.4157279037632726,5.143450843120361e-81
378,-0.380848194310029,3.2769897100599186e-81
379,-0.38009569785266983,2.0807787561883967e-81
380,-0.6383201640513132,1.1797162956215705e-81
381,-0.40016323520507596,7.490803522278228e-82
382,-0.4106574810038233,4.742045378852612e-82
383,-0.4188400908969146,2.993795222124836e-82
384,-0.5893240434422836,1.7071363363869398e-82
385,-0.4411939060261021,1.0777662799649408e-82
386,-0.44116318822580664,6.787559346309092e-83
387,-0.4395669164979206,4.265140621587624e-83
388,-0.5682975653130985,2.4435213646712736e-83
389,-0.5359743943593399,1.396785098834563e-83
390,-0.48936580389067,7.964815291046907e-84
391,-0.537897225318264,5.028426355804428e-84
392,-0.47764237744967963,2.867333504776887e-84
393,-0.5465929072893569,1.810233488089594e-84
394,-0.47036903645138334,1.0322400617196788e-84
395,-0.4290490374618879,5.870105564307055e-85
396,-0.4077092003519631,3.3281093295653005e-85
397,-0.40006319531754686,1.880527121112352e-85
398,-0.39998168259565053,1.0585379787794823e-85
399,-0.6094924196311781,6.76989763600447e-86
400,-0.5829585061552169,4.313229691116629e-86
401,-0.4349024927232515,2.4371631489616085e-86
402,-0.40379182639911493,1.3718652204982093e-86
403,-0.38806813034591753,7.688832171062944e-87
404,-0.3854424219809828,4.288059726371348e-87
405,-0.3946234553869435,2.3778234613403343e-87
406,-0.4009789195827537,1.3097851430677343e-87
407,-0.610712093784608,8.560164460825204e-88
408,-0.5952697982200472,5.557325405377267e-88
409,-0.43181449155337476,3.081659205897073e-88
410,-0.5841065237550265,2.0006371459358164e-88
411,-0.5669243260562838,1.2914285535832058e-88
412,-0.46158242871327854,7.202293725368936e-89
413,-0.5503491038130034,4.6491427928995385e-89
414,-0.4755557174285793,2.5928257411328173e-89
415,-0.4548621858489201,1.4377789191033384e-89
416,-0.5523038859215547,9.334172668078146e-90
417,-0.47397243528451155,5.176004108772017e-90
418,-0.531088301753033,3.3603021605081307e-90
419,-0.4920864107336423,1.863361479157926e-90
420,-0.4369601427421049,1.026402178818627e-90
421,-0.5738228020434716,6.708101324968535e-91
422,-0.45982195403811343,3.6950478437470583e-91
423,-0.43888988287566183,2.0193502207763962e-91
424,-0.4347419964259854,1.093162315051751e-91
425,-0.42254965421668217,5.8495262151585306e-92
426,-0.5953529932067961,3.935384334186304e-92
427,-0.5358043340817966,2.617077886126209e-92
428,-0.4977125986297105,1.4167383603070693e-92
429,-0.4440865905280518,7.580985974845454e-93
430,-0.4052070629894879,3.998224660462518e-93
431,-0.3761364674244125,2.069836234402234e-93
432,-0.3571134114542604,1.0455216604260664e-93
433,-0.6612719396227968,7.451410443848042e-94
434,-0.34801164602703594,3.7638779775338394e-94
435,-0.33622986579167163,1.8385470933031178e-94
436,-0.6883661927776363,1.3549960719121822e-94
437,-0.6611634115380417,9.657027935227058e-95
438,-0.349374675213917,4.877985858883854e-95
439,-0.30944761510348634,2.3827570329208406e-95
440,-0.7125089499089057,1.7560749091981872e-95
441,-0.6551596402495947,1.2515508204054269e-95
442,-0.5183912304503933,8.703264816254401e-96
443,-0.5142187489804243,4.505582953459537e-96
444,-0.5167881613516293,3.133175333851585e-96
445,-0.3643453196241214,2.1386794641921482e-96
446,-0.6605895233588007,1.1279431201865702e-96
447,-0.3466047538353967,7.699246071091732e-97
448,-0.6600531848030747,4.0605952326716534e-97
449,-0.3470414969688578,2.771728585593024e-97
450,-0.3041489075061875,1.8647351688231605e-97
451,-0.7156132639680288,9.978222908134883e-98
452,-0.6620873064074229,5.2625314215424615e-98
453,-0.5280874637264206,2.7243537184648398e-98
454,-0.38246211119577833,1.3761334234927499e-98
455,-0.3249759839494388,6.722019472633441e-99
456,-0.6843336299412701,4.954080324573898e-99
457,-0.6107562740763867,3.5307624191304325e-99
458,-0.5003012512697069,2.4552866600348498e-99
459,-0.526365743373857,1.2710744708869555e-99
460,-0.49352352627308343,8.83903197612546e-100
461,-0.4137909880216576,6.033449825305156e-100
462,-0.6030147604163828,3.1820515114051653e-100
463,-0.5364797733834741,1.647312514269494e-100
464,-0.4778140662815866,8.32095257843951e-101
465,-0.5348807808448621,5.930325051370179e-101
466,-0.46855121744050465,4.1239387587810947e-101
467,-0.41359403689892343,2.814966350494373e-101
468,-0.606360492280506,1.4846179531611932e-101
469,-0.40985734748701574,1.013387886177974e-101
470,-0.6066833013075688,5.344624631380299e-102
471,-0.40801039712969733,3.6481963902407055e-102
472,-0.6063432224442024,1.9240648672969067e-102
473,-0.45372463179574546,9.960668841482169e-103
474,-0.5616057302612931,6.926633522268863e-103
475,-0.3733033104636228,4.728062521751953e-103
476,-0.27245783647898264,3.180897476950921e-103
477,-0.2730594306394476,2.1153350570228723e-103
478,-0.30302150803047717,1.3934458212849814e-103
479,-0.7063441865112322,7.61520620528234e-104
480,-0.32225053489058675,5.016404956625932e-104
481,-0.6857024863205717,2.7414742339016422e-104
482,-0.3426488649031205,1.805905784385334e-104
483,-0.3563607211819587,1.180258502466047e-104
484,-0.3726915655683305,7.662330076348545e-105
485,-0.6321872043980323,4.248930608877769e-105
486,-0.3990302387666958,2.7584388274854754e-105
487,-0.6047558935217275,1.5296150191959964e-105
488,-0.5334503390308063,8.425634027628215e-106
489,-0.4964208538245403,5.506614069105587e-106
490,-0.43174034140483464,3.5749367204211776e-106
491,-0.3897381403106205,2.3076525232892596e-106
492,-0.365413242433948,1.4822586060072798e-106
493,-0.6470458129909912,8.307549083841333e-107
494,-0.3746431155785055,5.336130981626207e-107
495,-0.339264515614674,3.4127316394990816e-107
496,-0.3309367703979859,2.1743158060493392e-107
497,-0.6897256973789051,1.2285833902196691e-107
498,-0.6598060533421285,6.915625752187564e-108
499,-0.3576143430268636,4.422900204790808e-108
500,-0.6558475965929694,2.489625270787523e-108
501,-0.35985366329424834,1.5922440737246906e-108
502,-0.6538494523156361,8.962650974835082e-109
503,-0.36045217753073,5.732078665408885e-109
504,-0.27190356303536695,3.6520156168933652e-109
505,-0.26872588189043417,2.318907651608413e-109
506,-0.7472864345488641,1.3147256220816112e-109
507,-0.2733017924004251,8.348067545790282e-110
508,-0.29399983321656326,5.284735477326264e-110
509,-0.32353082954751466,3.3364117291600316e-110
510,-0.6901292115833483,1.9025047718374544e-110
511,-0.33474082605136896,1.2011082224976117e-110
512,-0.678491340143475,6.849017178614834e-111
513,-0.34291588559738195,4.3239896009914e-111
514,-0.6685351146359414,2.465646184301341e-111
515,-0.3534811144480793,1.556636256356904e-111
516,-0.6610759147151216,8.876326263484826e-112
517,-0.5967660131627781,5.047757214836431e-112
518,-0.4949584322182316,2.861871510833862e-112
519,-0.4016506983052926,1.6170823913302157e-112
520,-0.3543429882264392,9.102464446383864e-113
521,-0.34264362506585627,5.1016178867699696e-113
522,-0.3499633366022004,2.845170984733531e-113
523,-0.6631549095175909,1.8365824392371887e-113
524,-0.6493864626938315,1.1796793922513488e-113
525,-0.37458389355102606,6.61169678125388e-114
526,-0.6353917682654125,4.246845812104856e-114
527,-0.38676217357649034,2.3802108412513965e-114
528,-0.6291221573005588,1.528864492357748e-114
529,-0.5608506849397875,9.777878848067366e-115
530,-0.46228674446385065,5.503912172487893e-115
531,-0.3974119647538985,3.0847532502618088e-115
532,-0.3675384022821934,1.7203660951299104e-115
533,-0.6497729739715807,1.1105111700942507e-115
534,-0.37295436196139514,6.193317942467675e-116
535,-0.3660427160810598,3.4343310604028547e-116
536,-0.6584667295833223,2.2295944592883627e-116
537,-0.6422339061054552,1.4392224764421495e-116
538,-0.5951175932361994,9.244458947505421e-117
539,-0.5157259413695464,5.912309433339188e-117
540,-0.43259792255166196,3.7668440443359584e-117
541,-0.5754269294478964,2.1284313960021066e-117
542,-0.4479903276077493,1.3560638559609451e-117
543,-0.5691172922972344,7.662353025607586e-118
544,-0.4513386934116627,4.881829881459403e-118
545,-0.5634784889320186,2.7584470892187302e-118
546,-0.4646927935864739,1.7574587573253846e-118
547,-0.3857555327289263,1.115927473282501e-118
548,-0.35579415999247566,7.064367263239245e-119
549,-0.3471280995669824,4.4599465568880855e-119
550,-0.6784625455399218,2.5431722147661285e-119
551,-0.3453225323183989,1.6055807604797106e-119
552,-0.6718306756635566,9.155419973158064e-120
553,-0.6468823854455888,5.206471219346836e-120
554,-0.5692626717413122,2.9518558481438323e-120
555,-0.4608413575422605,1.6679274718338743e-120
556,-0.3806848076185035,9.388668501316008e-121
557,-0.6332976675651486,6.004538898601946e-121
558,-0.5465706568745903,3.825605179194406e-121
559,-0.44020739346400795,2.4291312120984587e-121
560,-0.3672623468759647,1.537758987363585e-121
561,-0.6513648447829801,8.744872363554453e-122
562,-0.37304879330760254,5.535932354508905e-122
563,-0.6363925717141656,3.1481540508796035e-122
564,-0.5335644646452354,1.7848743524049422e-122
565,-0.48946035018871326,1.1333354583166568e-122
566,-0.38526661536444007,7.174568331443543e-123
567,-0.6344898347448144,4.0800076499399636e-123
568,-0.3886501293116833,2.582844599319674e-123
569,-0.6272534751691169,1.4688027539783866e-123
570,-0.3924740844198586,9.298240557550828e-124
571,-0.6235817335843937,5.287689914322193e-124
572,-0.4766247506871474,2.997903520288978e-124
573,-0.5387241146863421,1.9035683691559897e-124
574,-0.4817706807964172,1.0792452673040317e-124
575,-0.5418048112136298,6.85284612896156e-125
576,-0.3919694746759792,4.3381871145309133e-125
577,-0.6266091090620175,2.467024606426162e-125
578,-0.39464952260971614,1.5617473612311285e-125
579,-0.6205628226886776,8.881288583134183e-126
580,-0.4613739662331586,5.03532671913369e-126
581,-0.5621583928311205,3.197263889928305e-126
582,-0.4613599306001318,1.8127176188881278e-126
583,-0.549117675359241,1.1510150003741897e-126
584,-0.4682583882425078,6.525783427997261e-127
585,-0.3427689285834595,3.687352640082072e-127
586,-0.30232662384917525,2.0755897465445113e-127
587,-0.31506871881227605,1.1632965818146597e-127
588,-0.33966118272747586,6.487702048015036e-128
589,-0.36201903772702676,3.597573523774173e-128
590,-0.3804880847274281,1.981664505016346e-128
591,-0.39914447388181795,1.0829831777364767e-128
592,-0.4058294371792399,5.862660104998203e-129
593,-0.41061057928084943,3.137117288307506e-129
594,-0.4071411078666489,1.6545208956319263e-129
595,-0.6153250665507654,1.1293622237907023e-129
596,-0.39686351960662447,5.956275224274934e-130
597,-0.6211245083643057,4.065704005646528e-130
598,-0.5485938889009606,2.735282698587962e-130
599,-0.4775792931363,1.4636534420327504e-130
600,-0.3816823208963196,7.719332690660313e-131
601,-0.3190842665339936,3.9962122855512793e-131
602,-0.6961840107767587,2.778959768637713e-131
603,-0.5778562315974997,1.8968948608744433e-131
604,-0.4472311765250123,1.0004255167095769e-131
605,-0.5641206151704193,6.828821499147995e-132
606,-0.4606816757015843,3.6015318601544746e-132
607,-0.28856378155233514,1.8644728039468042e-132
608,-0.714869909840592,1.296551469655611e-132
609,-0.4899308047267863,8.850152662895798e-133
610,-0.5348306196529875,4.6675852907602e-133
611,-0.2880945208088668,2.4163567539150586e-133
612,-0.23013253578629522,1.220557106666277e-133
613,-0.7859195884460365,8.69888431409421e-134
614,-0.23388635210743045,4.394005583998596e-134
615,-0.7797107183911876,3.131598353073915e-134
616,-0.6263136938983274,2.1777085932570785e-134
617,-0.33171116192910294,1.4864858015042388e-134
618,-0.22370904066408367,1.00006269244006e-134
619,-0.7884263109578363,5.35134888541526e-135
620,-0.6904123156432527,2.8223103368611736e-135
621,-0.3308373035801649,1.9264855987494934e-135
622,-0.245426615679539,1.2960812494023178e-135
623,-0.7553058391160077,6.935348155498174e-136
624,-0.26634273848190126,4.665892497848344e-136
625,-0.27563036740084107,3.1028745957758843e-136
626,-0.7257099436801299,1.6797212992254036e-136
627,-0.2950744720730817,1.1170348544793188e-136
628,-0.3039812368125696,7.358302624618458e-137
629,-0.33379029121984405,4.809054443214001e-137
630,-0.35347947750906655,3.1220755810735033e-137
631,-0.37243070806654993,2.015326747298408e-137
632,-0.6407696675320522,1.1239472091864611e-137
633,-0.6307148852680176,6.232534558405346e-138
634,-0.39598440175023397,4.046209953071259e-138
635,-0.37725724565525104,2.6118634644987362e-138
636,-0.355039086601283,1.6776603318297602e-138
637,-0.3455344304048862,1.0729505168598969e-138
638,-0.3514862370289559,6.835970461069445e-139
639,-0.6679700915537709,3.862621860695628e-139
640,-0.649270676579162,2.1742477900513692e-139
641,-0.3546992728886144,1.3905438698504263e-139
642,-0.6592242963598574,7.827292044184926e-140
643,-0.5164898801864045,4.386927664787508e-140
644,-0.4875955067043976,2.8178251359065743e-140
645,-0.520925586632609,1.5792939593235026e-140
646,-0.31365715041407144,8.807718353592901e-141
647,-0.24704218956201018,4.884073608688671e-141
648,-0.7577063233580995,3.170778607293444e-141
649,-0.6534649894302275,2.046764971283259e-141
650,-0.356426842463703,1.1414802986256401e-141
651,-0.6603402146404169,7.368353896619732e-142
652,-0.3497742136095212,4.1093290750523034e-142
653,-0.22270599542575198,2.2787133828697855e-142
654,-0.7978903704925722,1.4793584670188296e-142
655,-0.671527833301378,9.549386650019175e-143
656,-0.35451832134546135,6.133791981778224e-143
657,-0.2042189731706683,3.922877087987242e-143
658,-0.8101415277536355,2.208165113440162e-143
659,-0.6149289655253096,1.2376005098424843e-143
660,-0.39734514088041517,7.949394408384578e-144
661,-0.18169226649247508,5.084048706031464e-144
662,-0.8217551482275617,2.8617819870184473e-144
663,-0.5608001831844273,1.6039302607558593e-144
664,-0.22396069508391625,8.945114943385067e-145
665,-0.18513257048637585,4.960263040637753e-145
666,-0.8450487585951523,3.2202413796186244e-145
667,-0.18170124276886024,1.7856946946295902e-145
668,-0.2502749984304857,9.836207014974662e-146
669,-0.3042187653073867,5.375504634102137e-146
670,-0.3423856472671792,2.909995022125086e-146
671,-0.37334897700323727,1.5571422407747082e-146
672,-0.6261529930437658,1.0475982079650312e-146
673,-0.6059998968402519,6.966654005796364e-147
674,-0.42662867592090425,3.7713535486741096e-147
675,-0.4194725836503938,2.018056344044022e-147
676,-0.4095185084953909,1.0643262852262601e-147
677,-0.5983577642757667,7.26500283855848e-148
678,-0.5470722095042284,4.887674199081647e-148
679,-0.48462746460019107,2.6154010218810518e-148
680,-0.4335123823720951,1.3793668656532326e-148
681,-0.3939333402089143,7.140828146291868e-149
682,-0.3721521348545912,3.606995749827717e-149
683,-0.62225099538297,2.570698132665071e-149
684,-0.40444356217613353,1.2985184699379784e-149
685,-0.6049670385673142,9.25451327759426e-150
686,-0.42058051790382484,4.674666491776721e-150
687,-0.37781539663283226,2.2834413182142805e-150
688,-0.6256190972972787,1.682879937039619e-150
689,-0.5221549898481177,1.199384920776216e-150
690,-0.504998877911627,6.0583677733426294e-151
691,-0.4079052893180969,2.9593399484057076e-151
692,-0.6123872430081023,2.181012398403346e-151
693,-0.4808498897898129,1.554402857325976e-151
694,-0.5498523513460295,7.851644634252047e-152
695,-0.4570882329460183,5.595850286373513e-152
696,-0.34393166799529157,3.891345530710863e-152
697,-0.6798533732291895,2.0145061030944636e-152
698,-0.5705344158618708,1.0175731445990654e-152
699,-0.42327966540265394,7.25222197114007e-153
700,-0.6061465294563017,3.6632633205566335e-153
701,-0.41244572417666275,2.6107999096104254e-153
702,-0.6200554938781707,1.3187747954003882e-153
703,-0.42992394610084284,6.441838925908694e-154
704,-0.28408947050946337,3.003769642499027e-154
705,-0.7321192636051442,2.319062013327129e-154
706,-0.5316896455744997,1.7091321348389033e-154
707,-0.287373147665427,1.2180948058278398e-154
708,-0.7370546329908472,6.152875685420049e-155
709,-0.2719736349311942,4.3851413009802276e-155
710,-0.20323371496164458,3.049420397228626e-155
711,-0.8123992984414711,1.578650868352867e-155
712,-0.2087090118151644,1.0977913430022881e-155
713,-0.8090419899135963,5.683143126070674e-156
714,-0.21205416549979708,3.952048834808338e-156
715,-0.7944003723032248,2.0459315253851017e-156
716,-0.6887337521984058,1.0334468447239531e-156
717,-0.3126878936092968,7.365353491376113e-157
718,-0.7084242879795932,3.720408641032387e-157
719,-0.316436232976183,2.651527256862722e-157
720,-0.20710864966410866,1.843867904309895e-157
721,-0.23858950376427634,1.2586089193841275e-157
722,-0.2916493361946441,8.46754017845418e-158
723,-0.7125801658175959,4.530992109152449e-158
724,-0.7237312047721992,2.3896528045403683e-158
725,-0.7197186945020717,1.2370965612698128e-158
726,-0.6670708502818183,6.248858120086982e-159
727,-0.3521372914801689,4.4535478528404124e-159
728,-0.6858828226370697,2.2495887091886268e-159
729,-0.5501529350809065,1.0988606068420344e-159
730,-0.45656610338907205,8.098511508400483e-160
731,-0.30060244989905277,5.771774958057725e-160
732,-0.273208635726092,4.013679932991737e-160
733,-0.7300367382904598,2.0778621172652566e-160
734,-0.6700253941594875,1.049518514460828e-160
735,-0.5114886888520127,5.1261300375546185e-161
736,-0.48793926823442246,3.779182357524296e-161
737,-0.542319364074717,1.8465305375027665e-161
738,-0.4458542291958999,1.3590083835754925e-161
739,-0.24971866571048015,9.687432803379012e-162
740,-0.787404912422228,4.92781747799062e-162
741,-0.6250152600126667,2.386123522112094e-162
742,-0.3247222023434931,1.1040485315979492e-162
743,-0.19797260661160168,4.9079230813653864e-163
744,-0.22112609458514448,1.938958549191737e-163
745,-0.2719226697048194,8.28076902824572e-164
746,-0.7496628616178647,6.997349256087245e-164
747,-0.8066687571752362,6.304965258117494e-164
748,-0.8714677219074436,5.203812508249716e-164
749,-0.784482922556296,4.0176063242713835e-164
750,-0.23365232750673706,1.8733725029698968e-164
751,-0.7806120328016402,1.4463382767376978e-164
752,-0.28566896685345206,1.065940976314557e-164
753,-0.74611581102095,5.206817796255712e-165
754,-0.19627552128898768,2.427890763848986e-165
755,-0.8189948749378766,1.874454406652056e-165
756,-0.18936577736902763,8.74040674985635e-166
757,-0.07275576039921434,3.812371389712178e-166
758,-0.9398911898633457,3.1465464299482855e-166
759,-0.0738153054133064,1.372453700296384e-166
760,-0.16470285935016374,5.48341425341044e-167
761,-0.8380292384150284,4.940833321066981e-167
762,-0.8523301376809823,4.077924173212979e-167
763,-0.15657530474277667,1.778699995584114e-167
764,-0.8402808062355477,1.468052702356672e-167
765,-0.17250064652948272,6.403319984102807e-168
766,-0.16650513252452193,2.558341754071175e-168
767,-0.8466383228069813,2.3051951942770094e-168
768,-0.17989658164115654,9.210030314656229e-169
769,-0.8287943584336285,8.298702699397236e-169
770,-0.7868235938714891,6.849346688115289e-169
771,-0.4798583783837491,5.2880418976806704e-169
772,-0.21252489985805575,3.897249097161432e-169
773,-0.8104628264980356,1.9036950831650408e-169
774,-0.5524428054352728,8.876753307797411e-170
775,-0.23818755737406064,3.871842731430774e-170
776,-0.1971520361662291,1.5469314276981627e-170
777,-0.24784324132408056,6.590383442554779e-171
778,-0.7552885920933126,5.568953139713386e-171
779,-0.7401905325240089,5.0179081799342835e-171
780,-0.2876177077285494,2.0048231302968194e-171
781,-0.7109769828126989,1.806446944776342e-171
782,-0.31307570756223363,7.217363269068547e-172
783,-0.28606642217065076,3.0748092989583564e-172
784,-0.7127282496445955,2.598250776864677e-172
785,-0.31722642269519874,1.1069313476250085e-172
786,-0.3058541242490589,8.545361673865724e-173
787,-0.31234693152026527,7.955085962135226e-173
788,-0.3226956307395788,6.708376250851949e-173
789,-0.3455511959360664,5.226521203190004e-173
790,-0.37045791040456044,3.8721682763229986e-173
791,-0.6367190296434303,1.8815476331484015e-173
792,-0.38338464226879393,1.3939805794762799e-173
793,-0.6321675025902103,6.773571479334245e-174
794,-0.3990756657963711,5.018330086114605e-174
795,-0.6071335625019885,2.4384857325603274e-174
796,-0.42280117547529467,1.8065988310012582e-174
797,-0.37172059705920796,1.2925340774952249e-174
798,-0.645055404119387,6.503755791604527e-175
799,-0.3799164454528444,4.6531226789828113e-175
800,-0.3375879767939318,3.2445301093998834e-175
801,-0.6787407867638265,1.6751241644338114e-175
802,-0.3387976205882971,1.1680308393839578e-175
803,-0.32545096601077994,7.989170717714544e-176
804,-0.6759036654247697,4.204911021782247e-176
805,-0.34433954246902915,2.8761014583772346e-176
806,-0.6669292323006627,1.513767967841609e-176
807,-0.35243380210628206,1.0353965250158046e-176
808,-0.3250756709126619,6.976943450075235e-177
809,-0.6848348448791988,3.7274274900568965e-177
810,-0.6202511021415886,1.961843286322725e-177
811,-0.495003722940171,1.0128835254850776e-177
812,-0.5346819095291977,7.062635830761808e-178
813,-0.48269723607594217,3.646380691746279e-178
814,-0.37437877644176115,1.8347809899369865e-178
815,-0.3206988498217975,8.915490192073585e-179
816,-0.32579903041548525,4.1195750909369914e-179
817,-0.33698010951503865,1.7586620353646136e-179
818,-0.3559605481873393,6.80096376242215e-180
819,-0.653232369845965,6.331183327312607e-180
820,-0.3719388151315454,2.4483469544719743e-180
821,-0.37479000841141363,1.1417360142169923e-180
822,-0.38047543771613895,9.64780640841251e-181
823,-0.3854665421927795,8.69316108084312e-181
824,-0.39256886611448244,7.17491350336605e-181
825,-0.6243381622568154,3.1295379891035224e-181
826,-0.39836607006156516,2.582968861211777e-181
827,-0.617832398488837,1.1266336760772682e-181
828,-0.5899145417522674,4.5012805579089364e-182
829,-0.43332723633478376,4.055881233878166e-182
830,-0.4024677984083184,3.347527644130463e-182
831,-0.38078718378746496,2.5844605685563754e-182
832,-0.36563261468530334,1.9047289738519943e-182
833,-0.3547150724781604,1.357496253370482e-182
834,-0.6800230063434065,6.857024305867177e-183
835,-0.3358818917493787,4.886986512133736e-183
836,-0.688810067393072,2.4685287501121835e-183
837,-0.32748678853840396,1.759315144368145e-183
838,-0.32076066863997515,1.2234249977737793e-183
839,-0.7201409566901595,6.333534519725321e-184
840,-0.29454724139687904,4.404329991985605e-184
841,-0.3003815092716393,3.006359077838756e-184
842,-0.7325284160400707,1.5855587971148178e-184
843,-0.7372663690233159,8.208260737564014e-185
844,-0.659747791369869,4.146180385148424e-185
845,-0.36432505772454804,2.9549738655230456e-185
846,-0.2735751812191473,2.0548842010608042e-185
847,-0.75578633001496,1.0637905915882963e-185
848,-0.2627234329937506,7.397583123818893e-186
849,-0.7532399791310516,3.829646129717865e-186
850,-0.6008758849511836,1.9344419204948483e-186
851,-0.350988961753894,9.449197320737342e-187
852,-0.6748713443982332,6.963990913781454e-187
853,-0.3341885753457679,3.401711035465442e-187
854,-0.21829490459195564,1.5861862518463496e-187
855,-0.8094778413536818,1.2246159727675595e-187
856,-0.6963299741989907,9.025332224260763e-188
857,-0.3157774635421619,4.408617501963214e-188
858,-0.19943462119192834,2.0556973823928696e-188
859,-0.824527272277057,1.5871023007067564e-188
860,-0.1886437594368253,7.400510576614328e-189
861,-0.21964834760128987,3.2279384242627543e-189
862,-0.8014041944106265,2.6641838075811587e-189
863,-0.21884625819166376,1.1620578327345915e-189
864,-0.2729759732495251,4.64281198114592e-190
865,-0.7373568597530417,4.183408197844527e-190
866,-0.2836848877916706,1.6714123132125306e-190
867,-0.7247798041100096,1.50602695122403e-190
868,-0.29544463271706034,6.017084327565111e-191
869,-0.7101273448500814,5.421697024406508e-191
870,-0.7015791552785835,4.474805750154233e-191
871,-0.3227536057322632,1.951810928786343e-191
872,-0.3139247320918738,7.798141288524383e-192
873,-0.6991205285502526,7.026519343630834e-192
874,-0.6540589508529329,5.799348252199886e-192
875,-0.36588487682489385,2.529546963707099e-192
876,-0.6346599211059795,2.0877653707919596e-192
877,-0.5138043933967456,1.6118604088812141e-192
878,-0.5056976265796543,7.515955334851051e-193
879,-0.39732364986232055,3.2782928649644006e-193
880,-0.3332885770865252,1.3097882878466168e-193
881,-0.3218773636537327,5.580083829779683e-194
882,-0.3246999948280554,4.307749942963113e-194
883,-0.6950096693626255,2.0088301787206856e-194
884,-0.32480875601020887,1.5507899794667208e-194
885,-0.6949596803949434,7.231788643394468e-195
886,-0.3245228114973937,5.582843926080194e-195
887,-0.6919317618356522,2.6034439116220078e-195
888,-0.5944174254196931,2.199941364879782e-195
889,-0.432696905262799,9.372398081839225e-196
890,-0.5843374029162136,7.919788913567216e-196
891,-0.43291737032432337,3.3740633094621215e-196
892,-0.5777834497497772,2.8511240088841973e-196
893,-0.4394976409506624,1.214662791406364e-196
894,-0.5713450907191804,1.0264046431983109e-196
895,-0.4510006616779431,4.372786049062909e-197
896,-0.5775327713377445,3.6950567155139204e-197
897,-0.37474437035805985,3.3294328131216167e-197
898,-0.2870184859921066,2.7479523532652e-197
899,-0.7380362365392285,1.1985958127237817e-197
900,-0.2870759521315221,9.892628471754718e-198
901,-0.30140849800075303,7.63760928142219e-198
902,-0.331774788834812,5.628863472044273e-198
903,-0.689252240983129,2.749539341311989e-198
904,-0.3352566756326999,2.0263908499359373e-198
905,-0.681675853535677,9.89834162872316e-199
906,-0.7007708888453593,4.615504739781878e-199
907,-0.3241548516729957,3.5634029863403367e-199
908,-0.3443309489763186,2.6262025415169754e-199
909,-0.3607884929918011,1.8716889172382348e-199
910,-0.3706180064322945,1.3015695435440587e-199
911,-0.376801571781628,8.884405618544564e-200
912,-0.38097718316274015,5.977159414923571e-200
913,-0.6439463186569634,3.198386022676041e-200
914,-0.645853486298961,1.6868341284330988e-200
915,-0.6215180235592451,8.732551812266707e-201
916,-0.5572505856978269,4.411011807972574e-201
917,-0.46719840377017285,3.143718652416014e-201
918,-0.39944440139051285,2.1861370304492964e-201
919,-0.615526162324089,1.131738714869765e-201
920,-0.39950418191309506,7.870093309617465e-202
921,-0.34210997123967624,5.37206033786304e-202
922,-0.6753896265273871,2.8332335914622875e-202
923,-0.6012483454660892,1.4667333744712154e-202
924,-0.4724318104111626,7.408806008859663e-203
925,-0.5318223082139962,5.280240148096376e-203
926,-0.4810599588653146,2.667170163189477e-203
927,-0.340816404201664,1.3028365903853826e-203
928,-0.29999916364631524,6.075005979421504e-204
929,-0.7132556748663,4.690211725387377e-204
930,-0.6407565490635777,3.456652531493563e-204
931,-0.4817671375199874,2.4635488434958435e-204
932,-0.36016060774365394,1.713148009904707e-204
933,-0.6590055189651528,8.868775836585037e-205
934,-0.5537869370633155,4.479821680815656e-205
935,-0.4612432212874464,3.192759301170614e-205
936,-0.3643931491879853,2.2202398208365007e-205
937,-0.6570032865550646,1.1493933484214208e-205
938,-0.3656460891792061,7.992863355011401e-206
939,-0.6537949361099796,4.1378160543171143e-206
940,-0.6070786145229122,2.090105603401352e-206
941,-0.5390694778699183,1.020957003592332e-206
942,-0.45858834807444016,4.760627654555676e-207
943,-0.40354936385837326,2.0764800983202453e-207
944,-0.5886843740825697,1.7138259556400433e-207
945,-0.4389728386069976,7.475328353952883e-208
946,-0.37761992894620916,2.98664516232034e-208
947,-0.3546996927057075,1.2723987937739973e-208
948,-0.6607613115173413,1.0751922584353221e-208
949,-0.5910372710520189,9.688025546722939e-209
950,-0.47222788729391035,7.996026378634185e-209
951,-0.5430877535761095,3.4876891968202576e-209
952,-0.4215384532388818,1.3934491669321766e-209
953,-0.5729794840234967,1.2555681108552922e-209
954,-0.44862381476685914,5.0164170009558384e-210
955,-0.5665343406795025,4.520045199079051e-210
956,-0.3965193031379133,3.730626067215565e-210
957,-0.3144528282829157,2.880231917920916e-210
958,-0.7103564572511569,1.343025384197603e-210
959,-0.31682579606216216,1.0368834904515297e-210
960,-0.3098495153404736,7.641757242498767e-211
961,-0.3307955591523136,5.446263992551053e-211
962,-0.6737521857841141,2.751032607299556e-211
963,-0.6493106600011112,1.3438010036251827e-211
964,-0.3824453567638525,9.9037173862784e-212
965,-0.3707703989921842,7.05835813434616e-212
966,-0.3714851925529777,4.908371199123833e-212
967,-0.6405041485699672,2.541008928364619e-212
968,-0.38193228166082693,1.7670136316845805e-212
969,-0.37449950004109084,1.2061488312515903e-212
970,-0.6399909899346238,6.361249074064488e-213
971,-0.6038404569170093,3.2931475711605434e-213
972,-0.5303617432265443,1.6634442181471386e-213
973,-0.45163022719838947,8.125450799417689e-214
974,-0.5675495517458172,5.988399185329697e-214
975,-0.4606087246769116,2.925162287790369e-214
976,-0.5577366717549876,2.155823706718691e-214
977,-0.48930831915690476,1.5364509308006631e-214
978,-0.534925295484502,7.760965344187285e-215
979,-0.47258620892077496,3.791010324976316e-215
980,-0.4277236628945873,1.7677128937150378e-215
981,-0.5844115135081467,1.3647637169914738e-215
982,-0.5272372729278506,1.0058211086066719e-215
983,-0.46335739911509616,7.168465462743573e-216
984,-0.41640356026971237,4.984939662955172e-216
985,-0.3931472532006824,3.402678417710332e-216
986,-0.6180182404442439,1.7945782786638616e-216
987,-0.39542105178606746,1.2249642303757197e-216
988,-0.39727400894345044,8.241188884095877e-217
989,-0.6220088070494931,4.409871229352591e-217
990,-0.41361004097586984,2.9668279982745164e-217
991,-0.6024712300009385,1.5875536425669325e-217
992,-0.5898135516323676,8.372784416934114e-218
993,-0.4338047145999985,5.715193113240956e-218
994,-0.4290669348567706,3.845009085763772e-218
995,-0.5882636171259101,2.057469520766744e-218
996,-0.426787607296076,1.3842032708749578e-218
997,-0.42075263752713493,9.205118134565718e-219
998,-0.5950570673431921,4.983131775149847e-219
999,-0.44179785375251307,3.3138425284436573e-219
1000,-0.5740683776219357,1.7939274390539452e-219
1001,-0.5664493667054032,9.59932979608932e-220
1002,-0.5446783154363332,5.062702561643953e-220
1003,-0.5307374650200153,2.6209045503909835e-220
1004,-0.4906045148161393,1.8225729221918223e-220
1005,-0.4655471105421031,1.2440731415731759e-220
1006,-0.5511971997383525,6.561262519890562e-221
1007,-0.4694966680635657,4.478663309663432e-221
1008,-0.5526928499373044,2.3620545071606016e-221
1009,-0.5098736544118726,1.2228092270304174e-221
1010,-0.5123736928789645,8.503396225778168e-222
1011,-0.5062539587671666,4.402113217309502e-222
1012,-0.5134272749928157,3.061222641280139e-222
1013,-0.49938686808884497,1.5847607582314217e-222
1014,-0.419929432691903,8.004989340631086e-223
1015,-0.3656231807434289,3.9102090907269326e-223
1016,-0.34012000456738906,1.8232941707545833e-223
1017,-0.3352048189171692,7.952804406646181e-224
1018,-0.6908362773913195,6.563859014716498e-224
1019,-0.32419301926351857,2.8630095863926263e-224
1020,-0.7003299970136038,2.3629892452979394e-224
1021,-0.6716829907624761,1.8243471533695572e-224
1022,-0.3438292978844892,8.506761283072581e-225
1023,-0.30409470334906646,3.7104604239648424e-225
1024,-0.30762629161149535,1.482453766643669e-225
1025,-0.3247850236556205,6.3156896182393106e-226
1026,-0.6924926625291864,5.336833559917209e-226
1027,-0.331834125073144,2.2736482625661515e-226
1028,-0.687632774757131,1.921260081570195e-226
1029,-0.3342780696528392,8.185133745238146e-227
1030,-0.6807941106476086,6.916536293652703e-227
1031,-0.6533982187589681,6.232148695458133e-227
1032,-0.5705438291530915,5.1437132493225225e-227
1033,-0.4506731889331418,3.971206658186734e-227
1034,-0.5687082027178066,1.8517367697561079e-227
1035,-0.45524247892812386,1.429634396947224e-227
1036,-0.36839195657105744,1.0536303362530493e-227
1037,-0.33528630549212785,7.509200802508175e-228
1038,-0.6738044284174936,3.7930692105109767e-228
1039,-0.34583617169906805,2.7033122889029416e-228
1040,-0.36082716945458654,1.8798791345712676e-228
1041,-0.6650542940630306,9.731924240050586e-229
1042,-0.6650937312812404,4.9158176968222245e-229
1043,-0.6623504140807295,2.401236807262908e-229
1044,-0.6294059694944777,1.1196744142574426e-229
1045,-0.40737962583260834,8.644452506146468e-230
1046,-0.38297545364151714,6.3708997350816025e-230
1047,-0.37323860073384296,4.540526573438003e-230
1048,-0.6460706809172287,2.2935239046293767e-230
1049,-0.6024015894822401,1.1203210447965824e-230
1050,-0.5333739311034943,5.223952947159523e-231
1051,-0.45581111389411344,2.2785723052626691e-231
1052,-0.5766336395865076,1.8806230609774283e-231
1053,-0.4860544425551566,1.4519360740563706e-231
1054,-0.5209988359474496,6.770243019518741e-232
1055,-0.5055253856690678,5.226969866602932e-232
1056,-0.5098228980120234,2.4372874870267468e-232
1057,-0.517459636980289,1.8817091519770553e-232
1058,-0.3908486136504888,1.3868062007752705e-232
1059,-0.6230649267953694,6.7741529471174e-233
1060,-0.44698491235921983,3.1587245831866632e-233
1061,-0.583581492639327,2.4386950609622637e-233
1062,-0.4025653111300387,1.7973008362047512e-233
1063,-0.2940084394493738,1.2809324501393182e-233
1064,-0.27910407123644426,8.907584209552678e-234
1065,-0.30074498584244586,6.08024301056717e-234
1066,-0.7084171746494524,3.206730315438963e-234
1067,-0.7058933700830806,1.6600884553805565e-234
1068,-0.30943794624572674,1.1544229135580268e-234
1069,-0.7096843868808356,5.976318439370002e-235
1070,-0.3132107254132243,4.1559224888088965e-235
1071,-0.7185441883994258,2.1514746381732008e-235
1072,-0.3046675853109791,1.4961320959712026e-235
1073,-0.7239827084629191,7.745308697423521e-236
1074,-0.29812146180953253,5.386075545496329e-236
1075,-0.7125350827806843,2.7883111310724683e-236
1076,-0.6602354095282178,1.4084397765822701e-236
1077,-0.519559868760217,6.87982679774465e-237
1078,-0.49940764800944903,5.070383195696171e-237
1079,-0.3465089791553472,3.6136512258699186e-237
1080,-0.6784549757344327,1.8253379504506218e-237
1081,-0.34045848176342786,1.3009144413131702e-237
1082,-0.29259893354573463,9.04653866342436e-238
1083,-0.3071238090123549,6.175092166866405e-238
1084,-0.6992833474032132,3.256753918832769e-238
1085,-0.6839082752362158,1.685985115941868e-238
1086,-0.6121545452332947,8.51629674162242e-239
1087,-0.40047806236615896,6.069546417390726e-239
1088,-0.32146168481243165,4.2207530788072655e-239
1089,-0.6951048127054289,2.185036710260661e-239
1090,-0.33045226662167965,1.5194711083706162e-239
1091,-0.6892174521922428,7.866132156938382e-240
1092,-0.6285345559148877,3.9733634077713545e-240
1093,-0.3819319031563424,2.831807576497817e-240
1094,-0.31272334874767366,1.969234556448318e-240
1095,-0.7003088061220895,1.0194507275392137e-240
1096,-0.3245804297279609,7.089244403213946e-241
1097,-0.6815152067324728,3.670022619141169e-241
1098,-0.34172819844186253,2.5521279851570207e-241
1099,-0.6738743931828716,1.321208142890821e-241
1100,-0.34509874121332784,9.18766074656527e-242
1101,-0.6674916134292119,4.756349314406954e-242
1102,-0.3626052529518368,3.307557868763498e-242
1103,-0.6515681381819716,1.712285753186504e-242
1104,-0.37292362587674055,1.190720832754859e-242
1105,-0.640661715610566,6.164228711471415e-243
1106,-0.5622335560777929,3.1136930209963614e-243
1107,-0.46475459155143856,1.5209502771771495e-243
1108,-0.40070347841041837,7.092049836826295e-244
1109,-0.37126193343002317,3.0933946973090065e-244
1110,-0.6398001141764306,2.5531379412574664e-244
1111,-0.3872809034943666,1.1136220910312426e-244
1112,-0.6215224841431084,9.191296588526878e-245
1113,-0.4032279881343184,4.009039527712472e-245
1114,-0.6074302879663425,3.308866771869676e-245
1115,-0.4850981105931037,2.5546124207511755e-245
1116,-0.3637918478884102,1.8827311021753765e-245
1117,-0.31021974897972776,1.3418184174195009e-245
1118,-0.7007350126054493,6.777831967831354e-246
1119,-0.3143437806090718,4.830546302710203e-246
1120,-0.704141329569643,2.440019508419287e-246
1121,-0.6264218031810761,1.1918799710256682e-246
1122,-0.4820958622201063,5.557625571900655e-247
1123,-0.5247926848177935,4.290767895692404e-247
1124,-0.34806008129642124,3.162265282911397e-247
1125,-0.2820520967268909,2.253739682992472e-247
1126,-0.2961421019840521,1.5672470480767765e-247
1127,-0.718373092045419,8.113462858772898e-248
1128,-0.31174817472241684,5.642089373076394e-248
1129,-0.34414664350275764,3.851243352698631e-248
1130,-0.6630927664239489,2.031152174307502e-248
1131,-0.6593764263182332,1.0515047864969672e-248
1132,-0.6378501580500522,5.311391365422507e-249
1133,-0.3881195675491793,3.7854172313890823e-249
1134,-0.37633098960638106,2.632373217902522e-249
1135,-0.6298636670848233,1.3627502033000692e-249
1136,-0.39622112087848477,9.476543584449082e-250
1137,-0.37994114387681055,6.468609955086267e-250
1138,-0.38001085621063274,4.3518851518674935e-250
1139,-0.6298345915703492,2.3286995838310556e-250
1140,-0.6032220100449756,1.2281600485446007e-250
1141,-0.5598011094825106,6.3580473485168014e-251
1142,-0.5086724469042262,3.211595251065174e-251
1143,-0.5086835001184653,2.288897045466049e-251
1144,-0.45408469204615654,1.5916954229138021e-251
1145,-0.41645000789805325,1.0864780778322172e-251
1146,-0.6023497780367011,5.7301035224896855e-252
1147,-0.5603209607232633,2.966410570923998e-252
1148,-0.5073053789154991,1.4984018803369669e-252
1149,-0.5100696717014772,1.0679078055326396e-252
1150,-0.5148341276012355,5.394246769213081e-253
1151,-0.501124107695243,3.8444680999175026e-253
1152,-0.445166690845676,2.6734370994527874e-253
1153,-0.5797910175294876,1.3840085159703008e-253
1154,-0.4373805347663228,9.624373558030036e-254
1155,-0.3944295912356341,6.569517467434449e-254
1156,-0.6199924806941058,3.464774480890812e-254
1157,-0.39595369824715093,2.3650262882764015e-254
1158,-0.6143973296244082,1.2473188131206921e-254
1159,-0.5276206003678834,6.457230132111032e-255
1160,-0.42095121170384675,3.2616947453466945e-255
1161,-0.5897842349502975,2.3246028475599716e-255
1162,-0.43721098786276646,1.1742101083248096e-255
1163,-0.35037505218564824,5.735681641311416e-256
1164,-0.6819533177763661,4.2271563899693157e-256
1165,-0.6152060762429004,3.012685290437722e-256
1166,-0.40844389237303347,1.5217763003889533e-256
1167,-0.611891227528973,1.0845667045575802e-256
1168,-0.48294092574726977,7.542059888226688e-257
1169,-0.5456906383729471,3.904440136407286e-257
1170,-0.47494412819677584,2.715141559761607e-257
1171,-0.37269365833938994,1.8533330814584564e-257
1172,-0.3374139454696133,1.246866448072355e-257
1173,-0.3406794017469107,8.291811754842473e-258
1174,-0.3613730952859898,5.462108899631404e-258
1175,-0.3743081082908276,3.569787818349368e-258
1176,-0.6292953639829288,1.9663592038673048e-258
1177,-0.40382642736717156,1.2851236146057718e-258
1178,-0.38330853913717106,8.343122547683439e-259
1179,-0.6252314806800217,4.626445012580779e-259
1180,-0.5423629794028276,2.5484015282120269e-259
1181,-0.4868672326731692,1.6655202045290806e-259
1182,-0.3885234592262503,1.0812686821797735e-259
1183,-0.6141494064192141,5.995872736304689e-260
1184,-0.4505484834317785,3.3027283805627854e-260
1185,-0.5794466324906835,2.1585141850696878e-260
1186,-0.42297939807804846,1.1889822170026029e-260
1187,-0.6027129612250989,7.770651066250877e-261
1188,-0.36430639477320714,5.044767163577953e-261
1189,-0.6489614312297609,2.797434383850315e-261
1190,-0.3533440603048293,1.5409209532353734e-261
1191,-0.21048650522510545,8.421160425244636e-262
1192,-0.8183823973936641,5.547315431647344e-262
1193,-0.6532432917946918,3.625474961470008e-262
1194,-0.29769999892791604,2.353686567838928e-262
1195,-0.6991982350324861,1.3051709861292027e-262
1196,-0.3153372722744287,8.473271644220139e-263
1197,-0.17171939208409398,5.469570014653653e-263
1198,-0.8309039972286928,3.0503777919192505e-263
1199,-0.6341383204476474,1.6915015980234464e-263
1200,-0.3764923494553364,1.0981360050909297e-263
1201,-0.6325601713981248,6.089405752884408e-264
1202,-0.2489497653068685,3.3542495121750415e-264
1203,-0.16262296471706952,1.8331033262294767e-264
1204,-0.21279596489697492,9.923387509570442e-265
1205,-0.268668644706267,5.310017970904992e-265
1206,-0.7501984297043749,3.572419503445359e-265
1207,-0.2752387565103108,1.9116064695257968e-265
1208,-0.317743636949321,1.008184443675025e-265
1209,-0.6996397885823303,6.881783290292867e-266
1210,-0.32473413722813,3.62946399723009e-266
1211,-0.6923107905188145,2.477441984505432e-266
1212,-0.7185799292391636,1.6667480435274665e-266
1213,-0.7474500274306712,1.108407483499769e-266
1214,-0.2750595121395655,6.000292956698879e-267
1215,-0.30869517718751266,3.21076481191904e-267
1216,-0.7083210153409188,2.1601054644115964e-267
1217,-0.7251638722885687,1.436496098615701e-267
1218,-0.7140058733934954,9.46270653087646e-268
1219,-0.3031976337526316,5.171385955016522e-268
1220,-0.29567778021175345,2.799496681877429e-268
1221,-0.7180313661707606,1.8616989438059478e-268
1222,-0.3033199744093719,1.0078188054758746e-268
1223,-0.7186995026233748,6.702116197701415e-269
1224,-0.3042811769248186,3.6281476997131464e-269
1225,-0.31948863051929144,1.941426702121035e-269
1226,-0.340039131603216,1.0239116841340657e-269
1227,-0.3635209571348229,5.300676386712442e-270
1228,-0.3783235880221406,2.677492975098751e-270
1229,-0.6384337922243516,1.908243499216478e-270
1230,-0.6412178931055177,1.3269895426377486e-270
1231,-0.38361485570797543,6.869676597179325e-271
1232,-0.6254346943163659,4.777162353495896e-271
1233,-0.6014098465695605,3.260851351709723e-271
1234,-0.4243933030346814,1.7197784472585225e-271
1235,-0.5827284970934152,1.1739064866154999e-271
1236,-0.523591987754717,7.897687825134607e-272
1237,-0.45646908951623355,5.2520573350713266e-272
1238,-0.5580697223077252,2.8431676170484587e-272
1239,-0.46140727777896384,1.890740640625678e-272
1240,-0.5608189885579609,1.0235403421374447e-272
1241,-0.49646939426787695,5.4769781039532755e-273
1242,-0.5270306706067915,3.6847452316948014e-273
1243,-0.4575209404101717,2.4503998702508775e-273
1244,-0.5620472360985904,1.3265082834101287e-273
1245,-0.46420782493874,8.821439532903159e-274
1246,-0.42025392236554815,5.810993399855109e-274
1247,-0.5917711610938363,3.175718231845137e-274
1248,-0.432085080998107,2.0919576239478392e-274
1249,-0.4034442535498351,1.367209072484079e-274
1250,-0.3920355263065898,8.87602773024948e-275
1251,-0.6243936317833144,4.9219526609426823e-275
1252,-0.5988607279825627,2.7111770806363996e-275
1253,-0.4273136794547693,1.7719029579393653e-275
1254,-0.588333992282102,9.760237490291036e-276
1255,-0.5454678321873999,5.3339871536988e-276
1256,-0.4942196503292723,2.887519799884847e-276
1257,-0.525376117604122,1.9202353753315682e-276
1258,-0.4935299374061054,1.039507127958545e-276
1259,-0.5296148892740115,6.912847351193646e-277
1260,-0.4892432193766149,3.7422256606507624e-277
1261,-0.43832440386432414,2.0024699720808866e-277
1262,-0.4061430404115402,1.0561060066296601e-277
1263,-0.3898433352799206,5.467342797187993e-278
1264,-0.38549483403450757,2.7616799940142725e-278
1265,-0.38956879703121605,1.3490019485050276e-278
1266,-0.6268691551314736,9.94204797845138e-279
1267,-0.6175774323930446,7.08567626515564e-279
1268,-0.4060696041050434,3.5791372722424974e-279
1269,-0.39934527707301254,1.7483065252625157e-279
1270,-0.6188341188018216,1.2884894180072987e-279
1271,-0.40342547729432815,6.293903490945056e-280
1272,-0.6123268901876866,4.638561904826274e-280
1273,-0.40720187838426697,2.2658052567402204e-280
1274,-0.6104849874213186,1.6698822857374591e-280
1275,-0.5750718686354294,1.190121522577565e-280
1276,-0.5187415393036099,8.27608644062979e-281
1277,-0.4545521810800029,5.649187877620528e-281
1278,-0.4049965797547474,3.800602759391256e-281
1279,-0.38129622957835135,2.5274465187933608e-281
1280,-0.6436841831761108,1.3682169933808523e-281
1281,-0.37684402072312784,9.098807467656098e-282
1282,-0.6410800216699389,4.925581176171067e-282
1283,-0.37860133757290876,3.2755706883561963e-282
1284,-0.6460611111334678,1.7732092234215838e-282
1285,-0.6151090756155864,9.488466346257474e-283
1286,-0.4065388393779344,6.383553204317702e-283
1287,-0.6207008883599174,3.4158478846526903e-283
1288,-0.40353117229544655,2.298079153554373e-283
1289,-0.6165467335596877,1.2297052384749688e-283
1290,-0.540283981118515,6.485485959061932e-284
1291,-0.48359140809563333,4.426938858509889e-284
1292,-0.40500917406732384,2.9783105830064675e-284
1293,-0.6196325676467407,1.593697989063559e-284
1294,-0.5295472700086801,8.40518980294426e-285
1295,-0.42837930374480987,4.351272849472562e-285
1296,-0.6014927028737864,3.0258683290599345e-285
1297,-0.5100357043326348,2.0654325938263727e-285
1298,-0.5077935840313038,1.0893125984615756e-285
1299,-0.40480243184646564,5.639249612916438e-286
1300,-0.3516989435645904,2.848514061575597e-286
1301,-0.6645497431300748,2.0301298606499174e-286
1302,-0.6085193882022675,1.411749127606202e-286
1303,-0.5069054958288598,9.636482309756321e-287
1304,-0.5070119245082596,5.082296859382327e-287
1305,-0.3944728626708436,2.6310482994022923e-287
1306,-0.3384693012451551,1.32900272056871e-287
1307,-0.33351787393434473,6.491799424630973e-288
1308,-0.3489000195104323,3.027065758889415e-288
1309,-0.6654472659499742,2.3370477928671502e-288
1310,-0.35951023110258884,1.0897436732001894e-288
1311,-0.37345981999284994,4.753219982464247e-289
1312,-0.6422940474105513,3.9230772235206813e-289
1313,-0.38353735291404895,1.7111591936871284e-289
1314,-0.3941854483812109,6.836656646772159e-290
1315,-0.40415533516452856,2.9126170663145027e-290
1316,-0.6129846286566902,2.4611963928379768e-290
1317,-0.411214999919017,1.0485421438732209e-290
1318,-0.6051841118585015,8.860307014216716e-291
1319,-0.5962203370962614,7.983584334066664e-291
1320,-0.578248995067273,6.58926327386091e-291
1321,-0.4459027678545084,2.8740903602639996e-291
1322,-0.5700125502965183,2.372134778589927e-291
1323,-0.5335515718830641,1.8314079674043588e-291
1324,-0.4888614217297174,1.3497345871316512e-291
1325,-0.44907144062010923,9.619529446073025e-292
1326,-0.4219018176460124,6.689405720641047e-292
1327,-0.41130104301371867,4.5661327943615715e-292
1328,-0.6057011183828525,2.4081860594307774e-292
1329,-0.41854947816740273,1.6438078059701653e-292
1330,-0.41472009078310257,1.1059041792588715e-292
1331,-0.6009784481708268,5.917708101492593e-293
1332,-0.4241604565198227,3.981255045331938e-293
1333,-0.5915082172358634,2.1303749165373334e-293
1334,-0.4335497833522367,1.4332518163194977e-293
1335,-0.5819944661678276,7.669349699534401e-294
1336,-0.4429737465678324,5.1597065387501915e-294
1337,-0.5724863771904322,2.7609658918323843e-294
1338,-0.5328531470054721,1.4561380211028777e-294
1339,-0.49222027680082725,9.93947721059658e-295
1340,-0.5284928335451342,5.2420968759703574e-295
1341,-0.48532383117176897,2.713774982538133e-295
1342,-0.5394806378925573,1.8871548753493288e-295
1343,-0.4989180064686105,1.2881562464933166e-295
1344,-0.5165183151368451,6.793757551257581e-296
1345,-0.5052704645528574,4.63736248737594e-296
1346,-0.5151228366943239,2.44575271845273e-296
1347,-0.4618008469246331,1.2661388558529906e-296
1348,-0.5611508115666747,8.804709786429828e-297
1349,-0.45795090891935764,4.558099881070766e-297
1350,-0.56639811146974,3.169695523114738e-297
1351,-0.4538281652744921,1.6409159571854754e-297
1352,-0.41071456225565534,8.288642104439987e-298
1353,-0.3932081350164432,4.048765379618625e-298
1354,-0.6216565399195735,2.9839111575983948e-298
1355,-0.4005989313909827,1.457555536662704e-298
1356,-0.6253842813470435,1.074208016735422e-298
1357,-0.396995515007478,5.247199931985736e-299
1358,-0.6281509866696544,3.8671488602475184e-299
1359,-0.6163226122548622,2.756108696344039e-299
1360,-0.4041943574298831,1.3921735896891066e-299
1361,-0.6166277706661883,9.921991306838544e-300
1362,-0.4058004907693473,5.011824922880785e-300
1363,-0.3942398231505967,2.4481336002672645e-300
1364,-0.626649104548423,1.8042569722370813e-300
1365,-0.615388639060628,1.2858900733662747e-300
1366,-0.4058559493066671,6.495325100053494e-301
1367,-0.3948982166477491,3.1727811459463736e-301
1368,-0.630122171800644,2.3383170360192577e-301
1369,-0.3915147883883563,1.1422012125406946e-301
1370,-0.3909054412837449,5.325978136547939e-302
1371,-0.62898325418366,4.1119243651464996e-302
1372,-0.3967939570384215,1.9173521291572583e-302
1373,-0.40702226390678287,8.363064340596042e-303
1374,-0.4180459340848908,3.3413255541888064e-303
1375,-0.5934628550882096,3.010703162614576e-303
1376,-0.4326470330408132,1.20287719950797e-303
1377,-0.5868397655521311,1.0838531385412469e-303
1378,-0.4329321606294731,4.330357918228693e-304
1379,-0.422752496257959,1.844859999198286e-304
1380,-0.6081297934756393,1.5589288505623292e-304
1381,-0.4081943629670242,6.641495997113828e-305
1382,-0.6213340203829351,5.612143862024384e-305
1383,-0.6226793526808994,5.056825203178042e-305
1384,-0.609156371796356,4.1736582466415073e-305
1385,-0.5717059442820585,3.2222751570068077e-305
1386,-0.4479455186867488,1.5025169687909434e-305
1387,-0.5791136745023358,1.1600190565224507e-305
1388,-0.44334435393072946,5.409061087647395e-306
1389,-0.4033488339384534,2.3593123667947467e-306
1390,-0.3906781472899071,9.426246624957946e-307
1391,-0.3869321470394444,4.015858658647802e-307
1392,-0.38846453463572683,3.1001890716077332e-307
1393,-0.6250592147795712,1.4457091171132082e-307
1394,-0.4004528884050821,1.1160680657787844e-307
1395,-0.40615240537111963,1.038975030163683e-307
1396,-0.608209646204979,4.0178450368036227e-308
1397,-0.4131858761279325,3.7403101085892586e-308
1398,-0.6083059610807322,1.4464242132493035e-308
1399,-0.5984264250723013,6.74510045680339e-309
1400,-0.4256603444967968,5.207127167697494e-309
1401,-0.5930195360960248,2.42823616444922e-309
1402,-0.4306081789424554,1.874565780371096e-309
1403,-0.42039049858122474,1.745079084263403e-309
1404,-0.4159146653789454,1.4715927823348e-309
1405,-0.6047373074994224,6.28228470334827e-310
1406,-0.5923088588039187,2.4294372513609e-310
1407,-0.4301799793145156,2.26162249320535e-310
1408,-0.5876930216588047,8.7459741048993e-311
1409,-0.5458488993942396,4.0785043135875e-311
1410,-0.47535589654601595,3.148550677764e-311
1411,-0.4285499210920273,2.931062751194e-311
1412,-0.3947953567646443,2.471710782694e-311
1413,-0.6249687860123964,1.05518259043e-311
1414,-0.3958446761305874,8.898158817696e-312
1415,-0.6238902177804239,3.798657325547e-312
1416,-0.5673051359064336,1.46898780422e-312
1417,-0.4904564496298469,6.85032110114e-313
1418,-0.526854135700811,5.2883560952e-313
1419,-0.4439279612025235,4.9230598939e-313
1420,-0.5816354405057268,1.9038081943e-313
1421,-0.5030714438069355,8.878016147e-314
1422,-0.4312238971493565,7.5020302427e-314
1423,-0.3831905829339991,6.7597083286e-314
1424,-0.35671776658497223,5.579135382e-314
1425,-0.6759165440175134,2.4334949985e-314
1426,-0.33865758794781253,2.0084887374e-314
1427,-0.349786365448672,1.5506548404e-314
1428,-0.6731066983923102,7.230559453e-315
1429,-0.6905506128798844,3.15380952e-315
1430,-0.33603485576272984,2.603001406e-315
1431,-0.3571437628823985,2.009648674e-315
1432,-0.6654786787530029,9.37080506e-316
1433,-0.3451779496912853,7.2347352e-316
1434,-0.3639759784049259,5.33194815e-316
1435,-0.6589917768177315,2.6045047e-316
1436,-0.6899534476904813,1.21445634e-316
1437,-0.7147586503248502,5.297189e-317
1438,-0.3034918216900935,4.3720427e-317
1439,-0.3153065465614761,3.375438e-317
1440,-0.7168608984796522,1.5739355e-317
1441,-0.29268613577588265,1.215158e-317
1442,-0.7365565078759536,5.666167e-318
1443,-0.7592499203536298,2.471455e-318
1444,-0.7032818346582211,9.8743e-319
1445,-0.3225551530770498,8.89723e-319
1446,-0.27255791535497936,7.34335e-319
1447,-0.2943227271795093,5.66945e-319
1448,-0.718599495296214,2.6436e-319
1449,-0.7166236337094062,1.1531e-319
1450,-0.6550549798455052,4.607e-320
1451,-0.36599204151754744,4.151e-320
1452,-0.6489446565133293,1.6586e-320
1453,-0.4886220326786773,7.065e-321
1454,-0.3539782913427918,5.454e-321
1455,-0.6646509298564699,2.544e-321
1456,-0.3612560826721794,1.96e-321
1457,-0.3111224176422423,1.83e-321
1458,-0.7085566374636367,7.07e-322
1459,-0.6540807247228358,3.3e-322
1460,-0.5279307897900892,2.77e-322
1461,-0.4929762856160936,1.2e-322
1462,-0.3677392444070663,9.0e-323
1463,-0.6537120196198736,4.4e-323
1464,-0.3660089712551962,3.0e-323
1465,-0.6550596352962552,1.5e-323
1466,-0.3572688080710261,1.0e-323
1467,-0.30207425576368957,1.0e-323
1468,-0.7113186993704776,5.0e-324
1469,-0.6375106698696901,5.0e-324
1470,-0.48159232323333717,5.0e-324
1471,-0.5444921730580043,5.0e-324
1472,-0.4660555046278959,5.0e-324
1473,-0.32591141760419456,5.0e-324
1474,-0.28557637363956556,5.0e-324
1475,-0.735760077330395,5.0e-324
1476,-0.2876343245404602,5.0e-324
1477,-0.30671052289900536,5.0e-324
1478,-0.33547830169735393,5.0e-324
1479,-0.3634300593003914,5.0e-324
1480,-0.38588553152500904,5.0e-324
1481,-0.6295254428263931,5.0e-324
1482,-0.634627619408807,5.0e-324
1483,-0.392199676682358,5.0e-324
1484,-0.4042668808030955,5.0e-324
1485,-0.6084693841921865,5.0e-324
1486,-0.5919701901913954,5.0e-324
1487,-0.5585250523702261,5.0e-324
1488,-0.4695465070243842,5.0e-324
1489,-0.5431006087247491,5.0e-324
1490,-0.48482843700777206,5.0e-324
1491,-0.45165845366822777,5.0e-324
1492,-0.5565627594047767,5.0e-324
1493,-0.4879960702583599,5.0e-324
1494,-0.5421159002872427,5.0e-324
1495,-0.4768019577079414,5.0e-324
1496,-0.4283786289020415,5.0e-324
1497,-0.5916425046195649,5.0e-324
1498,-0.42143652226136674,5.0e-324
1499,-0.5962925955175372,5.0e-324
1500,-0.4199118525569721,5.0e-324
1501,-0.6092035560048682,5.0e-324
1502,-0.5464381749058459,5.0e-324
1503,-0.46693026669447146,5.0e-324
1504,-0.563668749675689,5.0e-324
1505,-0.4876510384135693,5.0e-324
1506,-0.42116099381651056,5.0e-324
1507,-0.38130093463937537,5.0e-324
1508,-0.6365480652217561,5.0e-324
1509,-0.3864944622597217,5.0e-324
1510,-0.6303154344001304,5.0e-324
1511,-0.5613952044040965,5.0e-324
1512,-0.4629682688572053,5.0e-324
1513,-0.39165277948175115,5.0e-324
1514,-0.6179684922494523,5.0e-324
1515,-0.4056150965468481,5.0e-324
1516,-0.3542669152927833,5.0e-324
1517,-0.6614615947996907,5.0e-324
1518,-0.5941253346925188,5.0e-324
1519,-0.48008699211877354,5.0e-324
1520,-0.5466779535793854,5.0e-324
1521,-0.42925420366835315,5.0e-324
1522,-0.3523562598751446,5.0e-324
1523,-0.6573766810807523,5.0e-324
1524,-0.36496764895831857,5.0e-324
1525,-0.3256176374538025,5.0e-324
1526,-0.6936879154213363,5.0e-324
1527,-0.635576557681118,5.0e-324
1528,-0.3904234423836698,5.0e-324
1529,-0.3264573250736361,5.0e-324
1530,-0.3130018467669557,5.0e-324
1531,-0.7041697480822676,5.0e-324
1532,-0.6535207782868785,5.0e-324
1533,-0.3699910115693422,5.0e-324
1534,-0.3075124539001609,5.0e-324
1535,-0.7080362178003063,5.0e-324
1536,-0.3150965344854108,5.0e-324
1537,-0.7014057120640095,5.0e-324
1538,-0.31778015943979754,5.0e-324
1539,-0.6950713394538116,5.0e-324
1540,-0.5347922526704245,5.0e-324
1541,-0.49080060988571045,5.0e-324
1542,-0.5231932992958206,5.0e-324
1543,-0.499153975767208,5.0e-324
1544,-0.3132890187231932,5.0e-324
1545,-0.25331496825039423,5.0e-324
1546,-0.2619612981112213,5.0e-324
1547,-0.29223859008661607,5.0e-324
1548,-0.7262518250366665,5.0e-324
1549,-0.29335173903331624,5.0e-324
1550,-0.7260168185419735,5.0e-324
1551,-0.29895993474450666,5.0e-324
1552,-0.7180138406737241,5.0e-324
1553,-0.6934794893486131,5.0e-324
1554,-0.5839187278114758,5.0e-324
1555,-0.434114699083816,5.0e-324
1556,-0.3177696547852846,5.0e-324
1557,-0.6945105534688961,5.0e-324
1558,-0.5456707623202528,5.0e-324
1559,-0.47243705314905166,5.0e-324
1560,-0.5456450480767162,5.0e-324
1561,-0.36055404248019596,5.0e-324
1562,-0.28920445008166723,5.0e-324
1563,-0.7166893154192743,5.0e-324
1564,-0.3136493716303105,5.0e-324
1565,-0.6932145154329019,5.0e-324
1566,-0.5688941778245793,5.0e-324
1567,-0.4066454406694,5.0e-324
1568,-0.606312460755433,5.0e-324
1569,-0.4376416036502448,5.0e-324
1570,-0.5739859997032545,5.0e-324
1571,-0.395852458438405,5.0e-324
1572,-0.30378474496772756,5.0e-324
1573,-0.28708076878523425,5.0e-324
1574,-0.7239424388407797,5.0e-324
1575,-0.6542662666898984,5.0e-324
1576,-0.3697631575565337,5.0e-324
1577,-0.6372039951819729,5.0e-324
1578,-0.38427282721946276,5.0e-324
1579,-0.2952493613353124,5.0e-324
1580,-0.7155966298651533,5.0e-324
1581,-0.30172781912614394,5.0e-324
1582,-0.2680648142882178,5.0e-324
1583,-0.2819546263273223,5.0e-324
1584,-0.7366079963610238,5.0e-324
1585,-0.721089348502818,5.0e-324
1586,-0.30507195138110843,5.0e-324
1587,-0.28289320299365744,5.0e-324
1588,-0.2923498856917959,5.0e-324
1589,-0.7259139969723769,5.0e-324
1590,-0.2944594960101027,5.0e-324
1591,-0.7230593085950666,5.0e-324
1592,-0.6787453575333812,5.0e-324
1593,-0.5344749340892744,5.0e-324
1594,-0.4873054874946769,5.0e-324
1595,-0.5345326868667628,5.0e-324
1596,-0.49361103433588177,5.0e-324
1597,-0.528622169162254,5.0e-324
1598,-0.48902496043576765,5.0e-324
1599,-0.5150389055246228,5.0e-324
1600,-0.5082424064556065,5.0e-324
1601,-0.3016170266667611,5.0e-324
1602,-0.7074049676285635,5.0e-324
1603,-0.4745397214552754,5.0e-324
1604,-0.5508115434587261,5.0e-324
1605,-0.4660253748040574,5.0e-324
1606,-0.5593399870848927,5.0e-324
1607,-0.32289347533526064,5.0e-324
1608,-0.6989536023049004,5.0e-324
1609,-0.43332206478521074,5.0e-324
1610,-0.583480360718516,5.0e-324
1611,-0.3272226152815216,5.0e-324
1612,-0.6710579160934588,5.0e-324
1613,-0.34372536062056674,5.0e-324
1614,-0.2339079062858662,5.0e-324
1615,-0.7736103227779542,5.0e-324
1616,-0.2467723948978134,5.0e-324
1617,-0.7716743377944543,5.0e-324
1618,-0.5942618613383776,5.0e-324
1619,-0.43158047655741605,5.0e-324
1620,-0.25762757762988514,5.0e-324
1621,-0.754534965857808,5.0e-324
1622,-0.26421254763130647,5.0e-324
1623,-0.7449089729148299,5.0e-324
1624,-0.27332526518367917,5.0e-324
1625,-0.2316049487776419,5.0e-324
1626,-0.7847261297131384,5.0e-324
1627,-0.2392361031489774,5.0e-324
1628,-0.2631797780545972,5.0e-324
1629,-0.7501132165498491,5.0e-324
1630,-0.27319908602801674,5.0e-324
1631,-0.7467977338297388,5.0e-324
1632,-0.7241474512200359,5.0e-324
1633,-0.3026432617801825,5.0e-324
1634,-0.7101395610890201,5.0e-324
1635,-0.3163653530814512,5.0e-324
1636,-0.6958764261676309,5.0e-324
1637,-0.5467228556966465,5.0e-324
1638,-0.47902985337932436,5.0e-324
1639,-0.3407554455823463,5.0e-324
1640,-0.3000365549257603,5.0e-324
1641,-0.7120863901428544,5.0e-324
1642,-0.3133875578820449,5.0e-324
1643,-0.30545227782343337,5.0e-324
1644,-0.7079437026740922,5.0e-324
1645,-0.31600223283253825,5.0e-324
1646,-0.31168546464644775,5.0e-324
1647,-0.3254355885964705,5.0e-324
1648,-0.3433959326392361,5.0e-324
1649,-0.6806895887235886,5.0e-324
1650,-0.6849017996834823,5.0e-324
1651,-0.6385036042368084,5.0e-324
1652,-0.5176526484897419,5.0e-324
1653,-0.3932841610562017,5.0e-324
1654,-0.6321345547659352,5.0e-324
1655,-0.3862885619420884,5.0e-324
1656,-0.32720486542280997,5.0e-324
1657,-0.3288695917021504,5.0e-324
1658,-0.3439409048263896,5.0e-324
1659,-0.36424822229133036,5.0e-324
1660,-0.6542712137321496,5.0e-324
1661,-0.6645426291746296,5.0e-324
1662,-0.359833812971777,5.0e-324
1663,-0.3703256029146922,5.0e-324
1664,-0.37909902519952493,5.0e-324
1665,-0.6398050090589484,5.0e-324
1666,-0.6291536747780467,5.0e-324
1667,-0.39286882788243604,5.0e-324
1668,-0.6219517845568235,5.0e-324
1669,-0.39953852246939586,5.0e-324
1670,-0.3703505737061213,5.0e-324
1671,-0.6441731133767503,5.0e-324
1672,-0.37275378658266506,5.0e-324
1673,-0.3428481051360436,5.0e-324
1674,-0.6724580507408207,5.0e-324
1675,-0.3493476215959696,5.0e-324
1676,-0.664965515303318,5.0e-324
1677,-0.57454130989432,5.0e-324
1678,-0.45185442684491234,5.0e-324
1679,-0.5646571999576397,5.0e-324
1680,-0.4279015782274734,5.0e-324
1681,-0.3379922250202236,5.0e-324
1682,-0.6827578985184216,5.0e-324
1683,-0.3361815917094443,5.0e-324
1684,-0.30940246453947257,5.0e-324
1685,-0.31672807948588655,5.0e-324
1686,-0.3371736916047873,5.0e-324
1687,-0.3598195158417763,5.0e-324
1688,-0.3757963066244841,5.0e-324
1689,-0.6489747549315873,5.0e-324
1690,-0.3707669804707082,5.0e-324
1691,-0.3845811072021288,5.0e-324
1692,-0.3943190193096362,5.0e-324
1693,-0.3988730943849296,5.0e-324
1694,-0.40496970976475705,5.0e-324
1695,-0.6176951308178634,5.0e-324
1696,-0.40139672824246286,5.0e-324
1697,-0.6208679288381728,5.0e-324
1698,-0.3945604478937569,5.0e-324
1699,-0.626508713042869,5.0e-324
1700,-0.392685218982697,5.0e-324
1701,-0.62574383829537,5.0e-324
1702,-0.5912987638945845,5.0e-324
1703,-0.521329461381956,5.0e-324
1704,-0.4971761786596306,5.0e-324
1705,-0.5183211495686572,5.0e-324
1706,-0.48678877188431524,5.0e-324
1707,-0.5262922942303542,5.0e-324
1708,-0.4781003077973034,5.0e-324
1709,-0.5408554207681884,5.0e-324
1710,-0.36951703061137126,5.0e-324
1711,-0.6454120560290513,5.0e-324
1712,-0.3707777010667442,5.0e-324
1713,-0.6581614254327619,5.0e-324
1714,-0.4706621542634446,5.0e-324
1715,-0.5648311708309006,5.0e-324
1716,-0.45489043286509145,5.0e-324
1717,-0.30580624067670564,5.0e-324
1718,-0.7005543930869321,5.0e-324
1719,-0.5316677775517216,5.0e-324
1720,-0.34075868343029997,5.0e-324
1721,-0.27459970702730196,5.0e-324
1722,-0.2894521205127549,5.0e-324
1723,-0.30848666618851167,5.0e-324
1724,-0.3294198117238345,5.0e-324
1725,-0.6951248038051682,5.0e-324
1726,-0.7142714883046865,5.0e-324
1727,-0.6600562326413395,5.0e-324
1728,-0.5077318101413723,5.0e-324
1729,-0.5232300267583725,5.0e-324
1730,-0.3774442146509511,5.0e-324
1731,-0.6234702155382458,5.0e-324
1732,-0.42915285548706933,5.0e-324
1733,-0.6008391694244886,5.0e-324
1734,-0.4197569188140618,5.0e-324
1735,-0.6211730577010846,5.0e-324
1736,-0.42898354408826456,5.0e-324
1737,-0.5711618780997384,5.0e-324
1738,-0.46051564996339983,5.0e-324
1739,-0.29352270908464906,5.0e-324
1740,-0.7240945257297049,5.0e-324
1741,-0.30201276915788355,5.0e-324
1742,-0.240827536280753,5.0e-324
1743,-0.7830871840458923,5.0e-324
1744,-0.23335607504861935,5.0e-324
1745,-0.24001254909498015,5.0e-324
1746,-0.7810791805461035,5.0e-324
1747,-0.23780036094368,5.0e-324
1748,-0.2706668567351301,5.0e-324
1749,-0.7478444367272202,5.0e-324
1750,-0.7657621498732963,5.0e-324
1751,-0.6923911651821542,5.0e-324
1752,-0.33103642304161834,5.0e-324
1753,-0.2483455099504045,5.0e-324
1754,-0.26208291651161825,5.0e-324
1755,-0.752777724590672,5.0e-324
1756,-0.2685243584431554,5.0e-324
1757,-0.7434345491865237,5.0e-324
1758,-0.6990229745136411,5.0e-324
1759,-0.5306699063714654,5.0e-324
1760,-0.49252994909319225,5.0e-324
1761,-0.3216119203486618,5.0e-324
1762,-0.6979392232243188,5.0e-324
1763,-0.3249988830620406,5.0e-324
1764,-0.27201284728938563,5.0e-324
1765,-0.28732889886075097,5.0e-324
1766,-0.7202367890029541,5.0e-324
1767,-0.3040755622905611,5.0e-324
1768,-0.7056097233818474,5.0e-324
1769,-0.32058798450407233,5.0e-324
1770,-0.6854273141344386,5.0e-324
1771,-0.33805950248522604,5.0e-324
1772,-0.6702208833610879,5.0e-324
1773,-0.5596900584349698,5.0e-324
1774,-0.45147260724483546,5.0e-324
1775,-0.3392147436671711,5.0e-324
1776,-0.665881323484111,5.0e-324
1777,-0.3612276158472617,5.0e-324
1778,-0.6442163685677336,5.0e-324
1779,-0.3802897203711787,5.0e-324
1780,-0.32204426912787476,5.0e-324
1781,-0.3028304980553352,5.0e-324
1782,-0.30268392883970324,5.0e-324
1783,-0.30325855195485746,5.0e-324
1784,-0.3031995855075108,5.0e-324
1785,-0.7151600733054037,5.0e-324
1786,-0.282750398390874,5.0e-324
1787,-0.2797325585044139,5.0e-324
1788,-0.7383452171832332,5.0e-324
1789,-0.677966168893134,5.0e-324
1790,-0.3538647699889031,5.0e-324
1791,-0.2509757247958572,5.0e-324
1792,-0.762976208495222,5.0e-324
1793,-0.26389863813218783,5.0e-324
1794,-0.7516803525152382,5.0e-324
1795,-0.2590521851061977,5.0e-324
1796,-0.7564257379553457,5.0e-324
1797,-0.49257454296124953,5.0e-324
1798,-0.5347672737807121,5.0e-324
1799,-0.23448583895825725,5.0e-324
1800,-0.18822642809067267,5.0e-324
1801,-0.8233587334769884,5.0e-324
1802,-0.19945631325992103,5.0e-324
1803,-0.8125054585462784,5.0e-324
1804,-0.21078504409688617,5.0e-324
1805,-0.2399776016429247,5.0e-324
1806,-0.7515483669917508,5.0e-324
1807,-0.6765061277974488,5.0e-324
1808,-0.4767269558279897,5.0e-324
1809,-0.3035059562477605,5.0e-324
1810,-0.6939441072850373,5.0e-324
1811,-0.4502841045093899,5.0e-324
1812,-0.2691200574445769,5.0e-324
1813,-0.2604786486041891,5.0e-324
1814,-0.7659084770398502,5.0e-324
1815,-0.8166121300748538,5.0e-324
1816,-0.8395846494279608,5.0e-324
1817,-0.17338100616340305,5.0e-324
1818,-0.8514826975480558,5.0e-324
1819,-0.6275149649722267,5.0e-324
1820,-0.2211166623996947,5.0e-324
1821,-0.13624714498514978,5.0e-324
1822,-0.8855519836553727,5.0e-324
1823,-0.1255280239203578,5.0e-324
1824,-0.8895158956563439,5.0e-324
1825,-0.12953087522559706,5.0e-324
1826,-0.174295315501322,5.0e-324
1827,-0.8454126437284472,5.0e-324
1828,-0.17552817982654545,5.0e-324
1829,-0.23877359850293228,5.0e-324
1830,-0.7791385631127168,5.0e-324
1831,-0.24645986544741558,5.0e-324
1832,-0.7499602927127952,5.0e-324
1833,-0.2724047821261267,5.0e-324
1834,-0.2854926919988982,5.0e-324
1835,-0.7302116168458979,5.0e-324
1836,-0.6928948650426782,5.0e-324
1837,-0.3331981538521463,5.0e-324
1838,-0.66164485838299,5.0e-324
1839,-0.35948955319569387,5.0e-324
1840,-0.27959582235886815,5.0e-324
1841,-0.7197174718769898,5.0e-324
1842,-0.30291830986493146,5.0e-324
1843,-0.6947243000139245,5.0e-324
1844,-0.4717603403681102,5.0e-324
1845,-0.28661137237729745,5.0e-324
1846,-0.7006601324399095,5.0e-324
1847,-0.4886987169559219,5.0e-324
1848,-0.29285179034378533,5.0e-324
1849,-0.7018252898336396,5.0e-324
1850,-0.3200239663249057,5.0e-324
1851,-0.6836369738244096,5.0e-324
1852,-0.3430617950995373,5.0e-324
1853,-0.21707359395034456,5.0e-324
1854,-0.2266388373233262,5.0e-324
1855,-0.2645748384654592,5.0e-324
1856,-0.7517269593765155,5.0e-324
1857,-0.7521328525003951,5.0e-324
1858,-0.26484698214585983,5.0e-324
1859,-0.25326973883481696,5.0e-324
1860,-0.7503810224755512,5.0e-324
1861,-0.665913058808498,5.0e-324
1862,-0.3440213307732755,5.0e-324
1863,-0.2514806422665526,5.0e-324
1864,-0.2639871591476199,5.0e-324
1865,-0.7266400026239499,5.0e-324
1866,-0.3097839196908744,5.0e-324
1867,-0.31257002580938986,5.0e-324
1868,-0.3354724424793613,5.0e-324
1869,-0.6378033856018996,5.0e-324
1870,-0.5666863805444377,5.0e-324
1871,-0.47033301678708084,5.0e-324
1872,-0.39420450616502617,5.0e-324
1873,-0.6206613568750345,5.0e-324
1874,-0.41055302035897506,5.0e-324
1875,-0.33325831607409323,5.0e-324
1876,-0.6676787308002354,5.0e-324
1877,-0.34943937281691045,5.0e-324
1878,-0.6586684888892065,5.0e-324
1879,-0.3670120426925791,5.0e-324
1880,-0.24633690197628755,5.0e-324
1881,-0.747629568603393,5.0e-324
1882,-0.5156833349012836,5.0e-324
1883,-0.27189143971769225,5.0e-324
1884,-0.7814270507951585,5.0e-324
1885,-0.5262036044857307,5.0e-324
1886,-0.24131977767189433,5.0e-324
1887,-0.20601171147148387,5.0e-324
1888,-0.8282193550860041,5.0e-324
1889,-0.7538649681282418,5.0e-324
1890,-0.42300855687198335,5.0e-324
1891,-0.5882699746175492,5.0e-324
1892,-0.2757515353112475,5.0e-324
1893,-0.6979119068198424,5.0e-324
1894,-0.40155216957604606,5.0e-324
1895,-0.6260663824549071,5.0e-324
1896,-0.39590907608805803,5.0e-324
1897,-0.25198845088490335,5.0e-324
1898,-0.7342319740005889,5.0e-324
1899,-0.3026145599084669,5.0e-324
1900,-0.7117581675639363,5.0e-324
1901,-0.5915124773905083,5.0e-324
1902,-0.45573288488331304,5.0e-324
1903,-0.36310903482365314,5.0e-324
1904,-0.6326607915176136,5.0e-324
1905,-0.41516858064359063,5.0e-324
1906,-0.3726918664319012,5.0e-324
1907,-0.35174156487335717,5.0e-324
1908,-0.34203988148521286,5.0e-324
1909,-0.6750101627596286,5.0e-324
1910,-0.34872861251128945,5.0e-324
1911,-0.3216649247139553,5.0e-324
1912,-0.3189995181368516,5.0e-324
1913,-0.3307310269341109,5.0e-324
1914,-0.6910715515695101,5.0e-324
1915,-0.3323760683804724,5.0e-324
1916,-0.3451838057948726,5.0e-324
1917,-0.35288862673003263,5.0e-324
1918,-0.3583187769244652,5.0e-324
1919,-0.3691315977688221,5.0e-324
1920,-0.3741267053741051,5.0e-324
1921,-0.643243330987905,5.0e-324
1922,-0.6211336257239021,5.0e-324
1923,-0.38768334837730606,5.0e-324
1924,-0.35138166032374735,5.0e-324
1925,-0.34266632769264643,5.0e-324
1926,-0.34415926383268786,5.0e-324
1927,-0.3504772546870229,5.0e-324
1928,-0.36139539387250263,5.0e-324
1929,-0.37626868217533777,5.0e-324
1930,-0.3891619514716957,5.0e-324
1931,-0.39207799115502184,5.0e-324
1932,-0.6197795373685856,5.0e-324
1933,-0.4030415113686963,5.0e-324
1934,-0.6069365130243651,5.0e-324
1935,-0.41463497949656863,5.0e-324
1936,-0.3821268096976233,5.0e-324
1937,-0.36237491207764266,5.0e-324
1938,-0.35132909534669465,5.0e-324
1939,-0.3511330323307312,5.0e-324
1940,-0.6656798858304245,5.0e-324
1941,-0.3524557083625739,5.0e-324
1942,-0.6634729337362781,5.0e-324
1943,-0.3538285279724053,5.0e-324
1944,-0.6552921802485543,5.0e-324
1945,-0.3612326988482998,5.0e-324
1946,-0.6542833246245306,5.0e-324
1947,-0.36177047132308954,5.0e-324
1948,-0.6535241590380951,5.0e-324
1949,-0.362142681805117,5.0e-324
1950,-0.28948219906239797,5.0e-324
1951,-0.2926108194282424,5.0e-324
1952,-0.7081823844012898,5.0e-324
1953,-0.6529497169335383,5.0e-324
1954,-0.5131467676974464,5.0e-324
1955,-0.3588843772379259,5.0e-324
1956,-0.6507337527556412,5.0e-324
1957,-0.3672345176829174,5.0e-324
1958,-0.27605699883347834,5.0e-324
1959,-0.7407412145058977,5.0e-324
1960,-0.2775460910195047,5.0e-324
1961,-0.7389189625489067,5.0e-324
1962,-0.27790047907683774,5.0e-324
1963,-0.7404809474097963,5.0e-324
1964,-0.5533487652841533,5.0e-324
1965,-0.3173967012076627,5.0e-324
1966,-0.24651457433435012,5.0e-324
1967,-0.7797434098546469,5.0e-324
1968,-0.24483465675657676,5.0e-324
1969,-0.27289039598449205,5.0e-324
1970,-0.7459850867020899,5.0e-324
1971,-0.2791503941145819,5.0e-324
1972,-0.314261325489935,5.0e-324
1973,-0.34572700261501993,5.0e-324
1974,-0.6646969664016091,5.0e-324
1975,-0.6565400142070448,5.0e-324
1976,-0.37091190378586875,5.0e-324
1977,-0.36282047259877165,5.0e-324
1978,-0.36236745995701686,5.0e-324
1979,-0.367774406367403,5.0e-324
1980,-0.3786685944107707,5.0e-324
1981,-0.6341870832006626,5.0e-324
1982,-0.6153835163825513,5.0e-324
1983,-0.40339922393861,5.0e-324
1984,-0.3806785006222388,5.0e-324
1985,-0.37336742929853334,5.0e-324
1986,-0.6406691486454489,5.0e-324
1987,-0.6006489576591076,5.0e-324
1988,-0.526083972483602,5.0e-324
1989,-0.495532911982739,5.0e-324
1990,-0.41286446294726364,5.0e-324
1991,-0.3632590901504727,5.0e-324
1992,-0.347426286587659,5.0e-324
1993,-0.650254064516975,5.0e-324
1994,-0.5704533974644774,5.0e-324
1995,-0.45194091640486356,5.0e-324
1996,-0.5642700596193042,5.0e-324
1997,-0.4514360003537139,5.0e-324
1998,-0.5642278520681592,5.0e-324
1999,-0.421096818350771,5.0e-324
2000,-0.5752401990463474,5.0e-324
2001,-0.3977929993391153,5.0e-324
2002,-0.6024132110214452,5.0e-324
2003,-0.4032510843992942,5.0e-324
2004,-0.2924015176770155,5.0e-324
2005,-0.7052935553411989,5.0e-324
2006,-0.318179264265267,5.0e-324
2007,-0.2669648261407019,5.0e-324
2008,-0.2801932843880632,5.0e-324
2009,-0.7274023709538996,5.0e-324
2010,-0.6451753103361155,5.0e-324
2011,-0.4475883872574609,5.0e-324
2012,-0.3030285915170486,5.0e-324
2013,-0.28423310166600085,5.0e-324
2014,-0.7343111686231484,5.0e-324
2015,-0.7338845693632428,5.0e-324
2016,-0.29135267162660455,5.0e-324
2017,-0.3035221227261928,5.0e-324
2018,-0.7100895681813695,5.0e-324
2019,-0.32114577492654633,5.0e-324
2020,-0.6840320787968234,5.0e-324
2021,-0.6523335726311197,5.0e-324
2022,-0.3729380765158519,5.0e-324
2023,-0.6264271150383226,5.0e-324
2024,-0.5305015588883517,5.0e-324
2025,-0.4202235608921565,5.0e-324
2026,-0.3456550212003493,5.0e-324
2027,-0.6620337549288188,5.0e-324
2028,-0.5478031993496296,5.0e-324
2029,-0.49121987872602285,5.0e-324
2030,-0.5245531120263447,5.0e-324
2031,-0.5074756162554639,5.0e-324
2032,-0.41905083462096365,5.0e-324
2033,-0.5879764453092454,5.0e-324
2034,-0.4358186892760352,5.0e-324
2035,-0.36128397587078764,5.0e-324
2036,-0.648915509801505,5.0e-324
2037,-0.5369647152206841,5.0e-324
2038,-0.5003347968277716,5.0e-324
2039,-0.39401378822518146,5.0e-324
2040,-0.33909038133848696,5.0e-324
2041,-0.6710657530636663,5.0e-324
2042,-0.3559167126506583,5.0e-324
2043,-0.3336048834286645,5.0e-324
2044,-0.6774076612115745,5.0e-324
2045,-0.6137463974375698,5.0e-324
2046,-0.48770677999797946,5.0e-324
2047,-0.539961742950505,5.0e-324
2048,-0.4152022133832327,5.0e-324
2049,-0.5942507865707064,5.0e-324
2050,-0.4285680207937662,5.0e-324
2051,-0.3280350791946915,5.0e-324
2052,-0.2977470655603006,5.0e-324
2053,-0.7109401187305004,5.0e-324
2054,-0.31319424042768573,5.0e-324
2055,-0.701658232657949,5.0e-324
2056,-0.5952073969897652,5.0e-324
2057,-0.42281230918130785,5.0e-324
2058,-0.3136695371768684,5.0e-324
2059,-0.7059437883343523,5.0e-324
2060,-0.31514914733770744,5.0e-324
2061,-0.2995200194845761,5.0e-324
2062,-0.7169540780684164,5.0e-324
2063,-0.6972065812844132,5.0e-324
2064,-0.32313339776060174,5.0e-324
2065,-0.30732120440926425,5.0e-324
2066,-0.3271282449225435,5.0e-324
2067,-0.6872439467047289,5.0e-324
2068,-0.33952891693844306,5.0e-324
2069,-0.6748583403227331,5.0e-324
2070,-0.3517779872631282,5.0e-324
2071,-0.662188331053375,5.0e-324
2072,-0.6561921690293204,5.0e-324
2073,-0.6329207774812947,5.0e-324
2074,-0.3900549909648261,5.0e-324
2075,-0.6321627839634252,5.0e-324
2076,-0.58554460911991,5.0e-324
2077,-0.4251542214354462,5.0e-324
2078,-0.6010626649599109,5.0e-324
2079,-0.4179499894489257,5.0e-324
2080,-0.37132790137287225,5.0e-324
2081,-0.6546333256015933,5.0e-324
2082,-0.3656411627822127,5.0e-324
2083,-0.36275888029210535,5.0e-324
2084,-0.6561619992940227,5.0e-324
2085,-0.6525881391594647,5.0e-324
2086,-0.6312187048930936,5.0e-324
2087,-0.3827699699532602,5.0e-324
2088,-0.35598175013961914,5.0e-324
2089,-0.664993970318624,5.0e-324
2090,-0.6409211147955266,5.0e-324
2091,-0.5785830875219696,5.0e-324
2092,-0.42954888066770547,5.0e-324
2093,-0.5932137150873344,5.0e-324
2094,-0.47114569955950025,5.0e-324
2095,-0.3644677701281214,5.0e-324
2096,-0.31995477100484665,5.0e-324
2097,-0.32017841490520454,5.0e-324
2098,-0.7009549734740407,5.0e-324
2099,-0.7020295027832948,5.0e-324
2100,-0.3187786492763233,5.0e-324
2101,-0.7005061036090996,5.0e-324
2102,-0.6340525583220032,5.0e-324
2103,-0.3877385295777428,5.0e-324
2104,-0.6256742153405835,5.0e-324
2105,-0.3954299383989267,5.0e-324
2106,-0.6173795760159236,5.0e-324
2107,-0.4004306274482308,5.0e-324
2108,-0.2902494993763312,5.0e-324
2109,-0.2721772318066555,5.0e-324
2110,-0.29164478292751844,5.0e-324
2111,-0.31579809495962474,5.0e-324
2112,-0.7060007526480149,5.0e-324
2113,-0.31408442011265225,5.0e-324
2114,-0.7049705561221361,5.0e-324
2115,-0.6942752231116244,5.0e-324
2116,-0.327808618612515,5.0e-324
2117,-0.6875142934946091,5.0e-324
2118,-0.5785974072440215,5.0e-324
2119,-0.4400568790601188,5.0e-324
2120,-0.5727816546233211,5.0e-324
2121,-0.38708529794095287,5.0e-324
2122,-0.6325864893404949,5.0e-324
2123,-0.436751279507446,5.0e-324
2124,-0.29680215495017237,5.0e-324
2125,-0.26768979903930995,5.0e-324
2126,-0.7521298746386362,5.0e-324
2127,-0.7050906165787016,5.0e-324
2128,-0.5181429865713941,5.0e-324
2129,-0.49351839245817863,5.0e-324
2130,-0.29040893136966534,5.0e-324
2131,-0.24271656557763774,5.0e-324
2132,-0.7722731053458978,5.0e-324
2133,-0.249099920554796,5.0e-324
2134,-0.2649242261715442,5.0e-324
2135,-0.7552335312680868,5.0e-324
2136,-0.26646989243430586,5.0e-324
2137,-0.7513552180206943,5.0e-324
2138,-0.7305117359229208,5.0e-324
2139,-0.2889853132449256,5.0e-324
2140,-0.26947249291878184,5.0e-324
2141,-0.7458132493216301,5.0e-324
2142,-0.276454791437847,5.0e-324
2143,-0.7362331535012041,5.0e-324
2144,-0.664572191486977,5.0e-324
2145,-0.35931521520897614,5.0e-324
2146,-0.6571298355455713,5.0e-324
2147,-0.4878225988794504,5.0e-324
2148,-0.3427357016884564,5.0e-324
2149,-0.6655756612032212,5.0e-324
2150,-0.35200837617508135,5.0e-324
2151,-0.6573698181253528,5.0e-324
2152,-0.3593980355259717,5.0e-324
2153,-0.6506865162199496,5.0e-324
2154,-0.4542246438429926,5.0e-324
2155,-0.5684075843055404,5.0e-324
2156,-0.4463640909978159,5.0e-324
2157,-0.5762029482537097,5.0e-324
2158,-0.3774959671832934,5.0e-324
2159,-0.6361053958968181,5.0e-324
2160,-0.42858679465377075,5.0e-324
2161,-0.29273748092203505,5.0e-324
2162,-0.7306580468354918,5.0e-324
2163,-0.6051586967078167,5.0e-324
2164,-0.40033034495484027,5.0e-324
2165,-0.2816311818452715,5.0e-324
2166,-0.2641717600590145,5.0e-324
2167,-0.2870039522887097,5.0e-324
2168,-0.7304615535462817,5.0e-324
2169,-0.2859892678341246,5.0e-324
2170,-0.746435191679997,5.0e-324
2171,-0.26508754167962106,5.0e-324
2172,-0.7579350135124114,5.0e-324
2173,-0.7589438075184403,5.0e-324
2174,-0.25697651648151254,5.0e-324
2175,-0.75788109550199,5.0e-324
2176,-0.25810612695275353,5.0e-324
2177,-0.23423846935876882,5.0e-324
2178,-0.2570716439160318,5.0e-324
2179,-0.28526396867963405,5.0e-324
2180,-0.7360796078149456,5.0e-324
2181,-0.7611152630030601,5.0e-324
2182,-0.7165204295549865,5.0e-324
2183,-0.3023484649137529,5.0e-324
2184,-0.25341062788155594,5.0e-324
2185,-0.7602491951256478,5.0e-324
2186,-0.6886784777650085,5.0e-324
2187,-0.461220428398399,5.0e-324
2188,-0.5667928462445755,5.0e-324
2189,-0.4456541881606631,5.0e-324
2190,-0.5763837607248359,5.0e-324
2191,-0.43843159196954257,5.0e-324
2192,-0.265173968866085,5.0e-324
2193,-0.7563079391022417,5.0e-324
2194,-0.5924628024511849,5.0e-324
2195,-0.4231652264231595,5.0e-324
2196,-0.2615518748209696,5.0e-324
2197,-0.24745297523791795,5.0e-324
2198,-0.7723836851650666,5.0e-324
2199,-0.7413833437174442,5.0e-324
2200,-0.27837277483814754,5.0e-324
2201,-0.24183974421090412,5.0e-324
2202,-0.7766746469190015,5.0e-324
2203,-0.72772806185829,5.0e-324
2204,-0.5208034463468911,5.0e-324
2205,-0.30286838491298723,5.0e-324
2206,-0.2479537638841164,5.0e-324
2207,-0.26974902895574665,5.0e-324
2208,-0.3026042020762343,5.0e-324
2209,-0.3311446672249472,5.0e-324
2210,-0.6877042082283233,5.0e-324
2211,-0.6944566853174251,5.0e-324
2212,-0.3278939584542592,5.0e-324
2213,-0.32721948792378,5.0e-324
2214,-0.3352926086099554,5.0e-324
2215,-0.3468211517243999,5.0e-324
2216,-0.6731772653048903,5.0e-324
2217,-0.6720675224076971,5.0e-324
2218,-0.6264741498310852,5.0e-324
2219,-0.5176664095761118,5.0e-324
2220,-0.39623416628221064,5.0e-324
2221,-0.6296189282647273,5.0e-324
2222,-0.5122399982792443,5.0e-324
2223,-0.3845912044690427,5.0e-324
2224,-0.626124539154164,5.0e-324
2225,-0.3931293875302125,5.0e-324
2226,-0.617043668539098,5.0e-324
2227,-0.40352533711215893,5.0e-324
2228,-0.6065810122835464,5.0e-324
2229,-0.41312949008381045,5.0e-324
2230,-0.5966025423124814,5.0e-324
2231,-0.3797439009048681,5.0e-324
2232,-0.27344392527960426,5.0e-324
2233,-0.7445771261553803,5.0e-324
2234,-0.6378539797061138,5.0e-324
2235,-0.42147336862548435,5.0e-324
2236,-0.28216913902426244,5.0e-324
2237,-0.7242423199811296,5.0e-324
2238,-0.2972976028977998,5.0e-324
2239,-0.2585140710752137,5.0e-324
2240,-0.7580590772337629,5.0e-324
2241,-0.26350975850067315,5.0e-324
2242,-0.7439817362496935,5.0e-324
2243,-0.27989488484101244,5.0e-324
2244,-0.27342401088921675,5.0e-324
2245,-0.29153823466507445,5.0e-324
2246,-0.31761915137568253,5.0e-324
2247,-0.3441431032786588,5.0e-324
2248,-0.3622346484937848,5.0e-324
2249,-0.3731123371136672,5.0e-324
2250,-0.6447143677423293,5.0e-324
2251,-0.3774210820592704,5.0e-324
2252,-0.3723446515209342,5.0e-324
2253,-0.36541046580716746,5.0e-324
2254,-0.3698959132922259,5.0e-324
2255,-0.3669450419239408,5.0e-324
2256,-0.6628530997018446,5.0e-324
2257,-0.3552239995411858,5.0e-324
2258,-0.660245074248369,5.0e-324
2259,-0.36978073605876066,5.0e-324
2260,-0.3633916417044366,5.0e-324
2261,-0.6523476052217545,5.0e-324
2262,-0.6161538738687625,5.0e-324
2263,-0.5410420599329698,5.0e-324
2264,-0.44300155584860784,5.0e-324
2265,-0.3649729264453114,5.0e-324
2266,-0.6624159260831494,5.0e-324
2267,-0.5842416313200784,5.0e-324
2268,-0.4291540165959695,5.0e-324
2269,-0.5928218036605797,5.0e-324
2270,-0.4450969101917603,5.0e-324
2271,-0.32229067156158725,5.0e-324
2272,-0.2778841998674959,5.0e-324
2273,-0.29179698721607833,5.0e-324
2274,-0.3214918840356485,5.0e-324
2275,-0.3491669269736181,5.0e-324
2276,-0.6670803650165489,5.0e-324
2277,-0.6812609983554537,5.0e-324
2278,-0.33962541086649944,5.0e-324
2279,-0.6790798216055506,5.0e-324
2280,-0.34335020661571525,5.0e-324
2281,-0.3581582315212778,5.0e-324
2282,-0.6576487331641137,5.0e-324
2283,-0.36564366501873147,5.0e-324
2284,-0.6472925901374275,5.0e-324
2285,-0.3769280520821196,5.0e-324
2286,-0.3796627066834363,5.0e-324
2287,-0.3887714226112148,5.0e-324
2288,-0.6302681892038879,5.0e-324
2289,-0.3949405749231097,5.0e-324
2290,-0.3977665067006645,5.0e-324
2291,-0.6150142309936683,5.0e-324
2292,-0.5938336859202566,5.0e-324
2293,-0.4330657534818476,5.0e-324
2294,-0.41534772784497936,5.0e-324
2295,-0.589103407089573,5.0e-324
2296,-0.4364755554364394,5.0e-324
2297,-0.5759211038822948,5.0e-324
2298,-0.5027709140985956,5.0e-324
2299,-0.4309824020356424,5.0e-324
2300,-0.5901532735903133,5.0e-324
2301,-0.5162278058263919,5.0e-324
2302,-0.4897883055395788,5.0e-324
2303,-0.4106388134864142,5.0e-324
2304,-0.6126116933628113,5.0e-324
2305,-0.4016215180579484,5.0e-324
2306,-0.617994107083339,5.0e-324
2307,-0.5348225619673217,5.0e-324
2308,-0.4404026590168251,5.0e-324
2309,-0.5841235483683601,5.0e-324
2310,-0.4416818350857471,5.0e-324
2311,-0.3743110337683368,5.0e-324
2312,-0.35135592399568405,5.0e-324
2313,-0.34985387560378195,5.0e-324
2314,-0.3529716142916033,5.0e-324
2315,-0.3599043231694275,5.0e-324
2316,-0.6596596247779207,5.0e-324
2317,-0.6598033478756005,5.0e-324
2318,-0.644868771599919,5.0e-324
2319,-0.5893997659374356,5.0e-324
2320,-0.4320129566537303,5.0e-324
2321,-0.5833730786345179,5.0e-324
2322,-0.48610154467865,5.0e-324
2323,-0.4090913466413509,5.0e-324
2324,-0.3659480048143615,5.0e-324
2325,-0.6534152607961657,5.0e-324
2326,-0.6117365536581005,5.0e-324
2327,-0.5399549063508354,5.0e-324
2328,-0.48494036394225803,5.0e-324
2329,-0.5404435911543654,5.0e-324
2330,-0.45301318986866956,5.0e-324
2331,-0.5653604474284258,5.0e-324
2332,-0.46053724930828743,5.0e-324
2333,-0.4027952406916882,5.0e-324
2334,-0.3752107088164052,5.0e-324
2335,-0.6361563909407573,5.0e-324
2336,-0.5919111411626565,5.0e-324
2337,-0.5155460322341124,5.0e-324
2338,-0.5064021220709998,5.0e-324
2339,-0.5079570087858998,5.0e-324
2340,-0.42291685926901673,5.0e-324
2341,-0.37005266033085105,5.0e-324
2342,-0.644405921342274,5.0e-324
2343,-0.5731096313631922,5.0e-324
2344,-0.4548172396255682,5.0e-324
2345,-0.5611119630781386,5.0e-324
2346,-0.46256106430348637,5.0e-324
2347,-0.3925707806717812,5.0e-324
2348,-0.6189973592751934,5.0e-324
2349,-0.40154579033619603,5.0e-324
2350,-0.6067680589637392,5.0e-324
2351,-0.4124428941012009,5.0e-324
2352,-0.32632016080973864,5.0e-324
2353,-0.695835520506098,5.0e-324
