t,lambda,delta_s
1,0.44740934997685056,0.9328547649575281
2,-0.22698974313032025,0.8888343240708059
3,0.5412826419353616,0.5876583508283423
4,0.290392531280636,0.49982572977975964
5,0.31700348098799047,0.4522578680448347
6,0.2864823896297982,0.45355520748684974
7,-0.6938412783880855,0.24031037559497787
8,-0.18793828177596894,0.1862778621380705
9,-0.4255144757844021,0.10577319649006346
10,-0.5698664081007587,0.0721184134226695
11,-0.39785709834997496,0.040153353291327014
12,-0.16901644419083214,0.035557253581506736
13,-0.1862429261662806,0.030648799144432505
14,-0.757203248557076,0.013015740112480516
15,-0.7082206690672382,0.0063488473868043935
16,-0.31224839346479516,0.004673695922731663
17,-0.2363436782663299,0.0039994062345887725
18,-0.7695355368096668,0.0016909447646776998
19,-0.23826220414544622,0.0014432728893696489
20,-0.2524647925233523,0.001178553719378297
21,-0.2848476307136587,0.0009081160639015616
22,-0.7319115715929101,0.00042459839092304805
23,-0.7720027496937544,0.00018770200408550143
24,-0.24594626690583946,0.0001528894986512851
25,-0.7634846216473556,6.759125061260352e-5
26,-0.7563717861971521,2.9176124078076992e-5
27,-0.260578636410763,2.4333639670415038e-5
28,-0.7489027933513018,1.050385035204158e-5
29,-0.2716888309645092,8.760275872268354e-6
30,-0.24158522719872194,7.134159326185077e-6
31,-0.2552227274649535,5.494592507898637e-6
32,-0.7670846422490407,2.568296511887616e-6
33,-0.7816175104952298,1.1353339881955073e-6
34,-0.2335246865843704,9.245880763719531e-7
35,-0.7741751900121504,4.0872066945160844e-7
36,-0.2308986254239488,3.328518860412037e-7
37,-0.7755057333231233,1.4713947582332342e-7
38,-0.2379622817985995,1.198267000768585e-7
39,-0.21980070860208448,9.228852223531761e-8
40,-0.7917947320385236,4.313761558805957e-8
41,-0.21281123952006809,3.322386933008336e-8
42,-0.22722590058197317,2.447501472596004e-8
43,-0.8027683845564192,1.1960592861908677e-8
44,-0.8289509372578774,5.5906347034487695e-9
45,-0.6336370920347058,2.4713793377140315e-9
46,-0.2847273585271421,1.0669151799669081e-9
47,-0.18994098816203284,5.532162993540998e-10
48,-0.8497478344016459,3.840894647460287e-10
49,-0.17407999489203285,1.9915786783847732e-10
50,-0.8556278087097493,1.382722073046365e-10
51,-0.7784876525829187,1.1530467464024629e-10
52,-0.39006410390858137,9.390119538536096e-11
53,-0.1534954485253389,7.232113204736569e-11
54,-0.8657280552484852,3.3804430338500247e-11
55,-0.14659162312308988,2.6035607536631712e-11
56,-0.8687337347471712,1.2169594922113627e-11
57,-0.5687172157281891,5.3796549011730354e-12
58,-0.1848310871616457,2.3224421205691036e-12
59,-0.1599731402856083,1.204231472574547e-12
60,-0.8766066894670448,8.36079163404678e-13
61,-0.8676981368937753,6.972032751928156e-13
62,-0.1580789781119554,3.0098849882591346e-13
63,-0.8631368806776095,2.5099317906939776e-13
64,-0.16353664093682946,1.0835585957735604e-13
65,-0.14502862504047542,5.6184623584713467e-14
66,-0.8843479661611877,3.900810944784785e-14
67,-0.1385201113704678,2.022646449049738e-14
68,-0.20580043679792978,1.5236783697069017e-14
69,-0.26320205296216925,1.2912266138772811e-14
70,-0.30877402415874583,1.034391864436808e-14
71,-0.7083710748174227,4.648415809958205e-15
72,-0.3081274901306232,3.723810711972504e-15
73,-0.3216162372811322,2.8237730939797638e-15
74,-0.7132559649439261,1.3405718563101048e-15
75,-0.736140206587584,6.024346889705906e-16
76,-0.7054693560464214,2.5591945686136787e-16
77,-0.3120687678303297,2.1687648802941252e-16
78,-0.7034723481648923,9.213100447009243e-17
79,-0.53471760304047,4.4028610622646083e-17
80,-0.47890517368361024,3.316716160923329e-17
81,-0.30431101257737314,2.810719284861186e-17
82,-0.7048820948660763,1.1940178179323982e-17
83,-0.3094163826793986,1.011858942550027e-17
84,-0.24921414259127073,8.105925380429342e-18
85,-0.75839173689676,3.642692193180097e-18
86,-0.6442325377677324,1.5474470920403876e-18
87,-0.37094437947856246,1.3113691895448343e-18
88,-0.24469941139578433,1.0505279293036428e-18
89,-0.7696559419323199,4.720929082361405e-19
90,-0.5913533746689996,2.005491431284342e-19
91,-0.3254934929837401,9.584070188199796e-20
92,-0.23943359731840805,6.654070722632062e-20
93,-0.7753676383747562,3.4502652677519264e-20
94,-0.6984548624149959,2.5991168949445058e-20
95,-0.33095124223159816,1.2420954963906934e-20
96,-0.26165524458665274,8.623675656531152e-21
97,-0.26969680340168845,7.191250751237307e-21
98,-0.7380047611429496,3.104523236351215e-21
99,-0.28916576144325506,2.58885027044543e-21
100,-0.7095766843816927,1.117628365086437e-21
101,-0.593164135305459,5.795120747960419e-22
102,-0.43456580513103593,4.023462114311175e-22
103,-0.5753674323838148,2.0862434692657502e-22
104,-0.40227075547130253,1.5715865961428796e-22
105,-0.30805521570341204,1.3318259806646916e-22
106,-0.7083525288468075,5.657711746114366e-23
107,-0.6074653317969624,2.703771536168412e-23
108,-0.40953770738391615,2.0367762286011716e-23
109,-0.6105032763689934,9.733577530206282e-24
110,-0.43145315603753126,6.757871342590875e-24
111,-0.30376357036707363,5.635363539254432e-24
112,-0.6889172614840234,2.4328336833327157e-24
113,-0.3321816684141761,2.0287308741315953e-24
114,-0.25242714547468753,1.6521468427211702e-24
115,-0.25638603233857,1.2724558987737973e-24
116,-0.7627697245657518,5.947728633796215e-25
117,-0.7012730002235592,2.6292352128745477e-25
118,-0.31646406367027835,2.141182308166637e-25
119,-0.23643345506087632,1.649102844810841e-25
120,-0.24747037739273953,1.2148439645249841e-25
121,-0.7822942341609908,5.93677024131903e-26
122,-0.23083433629828323,4.373438272289942e-26
123,-0.795958472183402,2.1372372868748505e-26
124,-0.21685335460316524,1.5744377780243787e-26
125,-0.8082443511458169,7.694054232749457e-27
126,-0.1971112171462926,5.6679760008877634e-27
127,-0.22362472610145961,4.040531523315978e-27
128,-0.7997239070264299,2.040471360319595e-27
129,-0.8129745958068755,9.971494285643298e-28
130,-0.583886378598747,4.660887826572844e-28
131,-0.23465050207545757,2.0603781966868247e-28
132,-0.17878991193309604,8.894825404586397e-29
133,-0.8454283766027334,7.417361508072569e-29
134,-0.8288852904937067,6.040510623238402e-29
135,-0.19445907971280782,2.670250142906124e-29
136,-0.8158811071616967,2.174583824365824e-29
137,-0.47817546099426633,1.674828134607505e-29
138,-0.185632460537825,1.23379500396044e-29
139,-0.18641082547109758,8.79535764800539e-30
140,-0.24293443815617222,6.1189952650174465e-30
141,-0.29633072482119194,4.1786730481674014e-30
142,-0.7126333702286066,2.20283829540628e-30
143,-0.7192045420162679,1.1398783511814977e-30
144,-0.3067881359183757,7.930217863462609e-31
145,-0.31660866917483427,5.415560270424952e-31
146,-0.6907890474831563,2.854878430846539e-31
147,-0.6429434364269412,1.4772823431312217e-31
148,-0.38346417350212614,1.0277562351047537e-31
149,-0.6152194298083087,5.318216435272394e-32
150,-0.4078233040228355,3.6999224463771135e-32
151,-0.32761891037138685,2.526683799769465e-32
152,-0.3027383069384102,1.700567348189676e-32
153,-0.30604150043493794,1.1312931764641037e-32
154,-0.7193455447707088,6.122042453482833e-33
155,-0.6993247480807111,3.2745822045012264e-33
156,-0.5749192889358617,1.7262358165817063e-33
157,-0.38552783166383653,8.932561416146482e-34
158,-0.6257670306849304,6.214448939694141e-34
159,-0.39656255956310954,3.215722109812732e-34
160,-0.6196237977251228,2.2372016182898905e-34
161,-0.3930812187662206,1.1576599595325834e-34
162,-0.6105020696920934,8.053925825843607e-35
163,-0.3896685182170232,5.500040663995531e-35
164,-0.6229726759905692,2.899413297303697e-35
165,-0.37973881895668155,1.5003273075542276e-35
166,-0.2625736076337162,7.57666382381644e-36
167,-0.26933067115667103,3.7026082057624466e-36
168,-0.30177247463476076,1.7306775713298777e-36
169,-0.32916607482104593,7.650581747823273e-37
170,-0.6631454427391668,6.230439256787559e-37
171,-0.5877653434840517,4.79858023466813e-37
172,-0.441762442621282,2.242958132443522e-37
173,-0.5715304036943,1.7274888844805265e-37
174,-0.463722502143796,8.074649276796677e-38
175,-0.5453339612524642,6.218959984129897e-38
176,-0.4877280208880134,2.9068737396468033e-38
177,-0.5096850018222759,2.2388255942867623e-38
178,-0.3461545382924512,1.6492747977493837e-38
179,-0.6851915599129017,8.059772139432345e-39
180,-0.31365987792813527,5.93738927189778e-39
181,-0.26941631912197495,4.232588231768015e-39
182,-0.7503542178367147,2.137460137883201e-39
183,-0.26970045965955836,1.5237317634364855e-39
184,-0.758129832311496,7.694856496379524e-40
185,-0.7339897868468213,3.760367289373553e-40
186,-0.2720305912692808,2.770148338696628e-40
187,-0.7376403026328628,1.3537322241744796e-40
188,-0.27419570026487167,9.972534019307864e-41
189,-0.751895206318595,4.873436007028125e-41
190,-0.2535295120632885,3.59011224695083e-41
191,-0.7670512813211517,1.7544369625301244e-41
192,-0.24724614096406844,1.2924404089022988e-41
193,-0.2268215170022635,9.213423298474088e-42
194,-0.2670602879391004,6.409846625253437e-42
195,-0.31719342759612223,4.377295973566497e-42
196,-0.3566291561433051,2.946109286286041e-42
197,-0.38877624228982743,1.959883174424672e-42
198,-0.6102583159479087,1.060599343062975e-42
199,-0.5912323813962552,5.672975581742178e-43
200,-0.44323352878242667,3.818157635026708e-43
201,-0.4469917372779334,2.540008594054375e-43
202,-0.4509780805750464,1.673693602177383e-43
203,-0.4527471555029442,1.0941322921823255e-43
204,-0.547322890566855,6.025296967838581e-44
205,-0.49103379554718884,3.291851137894471e-44
206,-0.5451811935089546,2.1691069084218884e-44
207,-0.45516689681237804,1.1850664096420096e-44
208,-0.576890911407565,7.8087848703188e-45
209,-0.4983827722150047,5.104783622405858e-45
210,-0.5053330622432239,2.8111625533147675e-45
211,-0.5187947252082883,1.837722104066108e-45
212,-0.38142528031095324,1.1933309583852144e-45
213,-0.29620970316468986,7.704572897085856e-46
214,-0.2866058279781474,4.949691028751441e-46
215,-0.3023413231812721,3.16607892055516e-46
216,-0.32542892447720806,2.017454035632048e-46
217,-0.34162620248478426,1.2811812032748235e-46
218,-0.3498737644410318,8.111471917710245e-47
219,-0.6726447780618527,4.612252331789364e-47
220,-0.6684203025357602,2.614620430179134e-47
221,-0.3588122966443486,1.6604108394441706e-47
222,-0.6584319070657918,9.412633548644884e-48
223,-0.3508561735732425,5.977479021999013e-48
224,-0.32533425807799327,3.7844883379268894e-48
225,-0.692924423138469,2.1518924479196457e-48
226,-0.6371546708220582,1.2198773079043767e-48
227,-0.49422356814867713,6.891864668646417e-49
228,-0.35597276922847154,3.878784000015768e-49
229,-0.6667132722770415,2.48107128071271e-49
230,-0.35002702111754963,1.3963622400056767e-49
231,-0.3085049920123677,7.82476089576691e-50
232,-0.31340308741350453,4.363007055288537e-50
233,-0.706134285417576,2.8169139224760864e-50
234,-0.7089036098127777,1.809685463047357e-50
235,-0.671634037942598,1.1575686167293216e-50
236,-0.3478698893239376,6.514867666970485e-51
237,-0.3068055793157558,3.65072044352901e-51
238,-0.3133956570944828,2.0356045717154191e-51
239,-0.32432185802844943,1.1285345247314655e-51
240,-0.3325804049900563,6.214747246334399e-52
241,-0.6934057475821119,4.062724289033275e-52
242,-0.6917898408307941,2.638143524943184e-52
243,-0.6319626907435966,1.703280130132894e-52
244,-0.4735927366824736,1.0942475971326295e-52
245,-0.3389842919774177,6.999374771123171e-53
246,-0.29849414847767447,4.460064715135885e-53
247,-0.3044072776790606,2.832357504804905e-53
248,-0.7154843958221351,1.6056232974489184e-53
249,-0.3084108840460972,1.0196487017297661e-53
250,-0.33661556521641667,6.455645609590279e-54
251,-0.3613403857409612,4.076097644567205e-54
252,-0.3818113105739873,2.5673182020284825e-54
253,-0.630542579428819,1.4673951520441932e-54
254,-0.39545453837364164,9.242345527302535e-55
255,-0.6206629504203676,5.282622547359098e-55
256,-0.6197303610222098,3.0119460156104416e-55
257,-0.4053354065342983,1.901744117049275e-55
258,-0.4117613505873942,1.1978079803384084e-55
259,-0.4204463109566019,7.527507719835913e-56
260,-0.5955861672053009,4.312108729218271e-56
261,-0.43075096289343295,2.709902779140927e-56
262,-0.5856061030971585,1.5523591425185774e-56
263,-0.44000984657186853,9.755650004907339e-57
264,-0.5775765081590886,5.588492913066876e-57
265,-0.44765841812022317,3.512034001766641e-57
266,-0.44543877424121897,2.2026073943171492e-57
267,-0.4429008898499807,1.378809583943491e-57
268,-0.4387870150566104,8.616394706220403e-58
269,-0.5761041021169108,4.963714502196568e-58
270,-0.44234520881517275,3.1019020942393453e-58
271,-0.5710065705868181,1.786937220790764e-58
272,-0.5237433300626654,1.0276485058926092e-58
273,-0.49570803052161216,6.432973994846753e-59
274,-0.524088011614618,3.699534621213392e-59
275,-0.487207070277933,2.3158706381448296e-59
276,-0.4265460995203441,1.4472234410883089e-59
277,-0.5901747433959689,8.337134297321388e-60
278,-0.4311661144163693,5.21000438791791e-60
279,-0.39085070206053046,3.250656896187043e-60
280,-0.3804614519113206,2.025196617941511e-60
281,-0.629441749078863,1.1702364826273351e-60
282,-0.6012018379352655,6.75216568674161e-61
283,-0.4230899004948318,4.2128513374584074e-61
284,-0.5927190763358549,2.43077964722698e-61
285,-0.5384045168250188,1.400318415992976e-61
286,-0.4766180275736336,8.05308161487776e-62
287,-0.4297540089935277,4.622598992645009e-62
288,-0.40999444001622737,2.6480410528618667e-62
289,-0.6025036064416914,1.664135637352203e-62
290,-0.4272370644170277,9.532947790302721e-63
291,-0.5849862175606463,5.99088829446793e-63
292,-0.5480211853171661,3.757245758237367e-63
293,-0.5038811570976984,2.3519972165964575e-63
294,-0.466145486724663,1.4697994996644446e-63
295,-0.5550283758208748,8.467189979747248e-64
296,-0.5237827764267049,4.869390502675626e-64
297,-0.4913939833620328,2.7951088426669572e-64
298,-0.5211223053127036,1.7529805809632256e-64
299,-0.5086781959592651,1.006239183360104e-64
300,-0.48351528586544634,5.764208988872553e-65
301,-0.5278074262591751,3.622461060096375e-65
302,-0.5080700386674434,2.0751152359941188e-65
303,-0.5017142866309771,1.1860680280398807e-65
304,-0.5024402918471891,7.470414849578827e-66
305,-0.4631084323994371,4.694709533884902e-66
306,-0.43130935411415094,2.9443342314751264e-66
307,-0.6007531193265896,1.690095432198564e-66
308,-0.5903113956165769,9.681657645054158e-67
309,-0.5522417623687047,5.533718991622864e-67
310,-0.4575384611203159,3.485396752219496e-67
311,-0.578635010019398,1.992138836984231e-67
312,-0.5026153748738185,1.1358401208500344e-67
313,-0.41332435887722635,6.4584841063091785e-68
314,-0.3488464008417327,3.6612230375938577e-68
315,-0.3234583458769693,2.0684583222696805e-68
316,-0.3320347094969215,1.164141118675631e-68
317,-0.687670153370506,7.44644996017085e-69
318,-0.703532529928785,4.744945056721637e-69
319,-0.702780861266385,3.0132703446396095e-69
320,-0.6575201314738491,1.9077752404216506e-69
321,-0.5298255996160401,1.2045701753352382e-69
322,-0.4872803310954101,6.867990865517941e-70
323,-0.3380019401599187,3.905198366652934e-70
324,-0.6812768401221199,2.4724767115864588e-70
325,-0.5090785458764903,1.5611229472344677e-70
326,-0.33005543518490177,9.832687309101385e-71
327,-0.6956821173075933,5.620042610044084e-71
328,-0.5092586144674796,3.20432981821605e-71
329,-0.49820402893151305,2.0232153396158702e-71
330,-0.2890277283205531,1.274316275259539e-71
331,-0.7351339590699719,7.283575222617135e-72
332,-0.2683070142063117,4.58753859093434e-72
333,-0.21886367138201718,2.88299399612842e-72
334,-0.8111710068168518,1.6515138927363624e-72
335,-0.2027996887846814,1.037877838606231e-72
336,-0.238617398581012,6.509155095201392e-73
337,-0.7919004988700137,3.7363602189824326e-73
338,-0.8303318622674267,2.140362004986325e-73
339,-0.6920344464245008,1.2233609481111294e-73
340,-0.3242923564184667,7.705303217950768e-74
341,-0.16973391651398342,4.842322843801232e-74
342,-0.8501936193670375,2.773909158462278e-74
343,-0.1634715353794105,1.743236223768443e-74
344,-0.8603426594502188,9.986072970464196e-75
345,-0.5793307292177527,5.707712839507284e-75
346,-0.180706318868295,3.2543159748933524e-75
347,-0.8386537528065336,2.0547766222226219e-75
348,-0.17175482322490843,1.1715537509616065e-75
349,-0.8409199544163865,7.397195840001438e-76
350,-0.16704463520202092,4.217593503461783e-76
351,-0.1250045040199048,2.3981597505638022e-76
352,-0.9007035161825623,1.518333661246242e-76
353,-0.11946450525164418,8.633375102029687e-77
354,-0.8893182343673974,5.466001180486471e-77
355,-0.1286683829199929,3.108015036730687e-77
356,-0.8763725699592363,1.9677604249751293e-77
357,-0.7380362211194516,1.242444848799985e-77
358,-0.27427408455329544,7.825502609320863e-78
359,-0.7370861362286676,4.472801455679948e-78
360,-0.23683905842651187,2.5502175107677665e-78
361,-0.11241617184498454,1.450075495537069e-78
362,-0.1865537199177212,8.22027231641606e-79
363,-0.8333004711349348,5.220271783933447e-79
364,-0.19220029750865056,2.9592980339097826e-79
365,-0.8236088767313865,1.879297842216041e-79
366,-0.8906029853541948,1.1898294818238094e-79
367,-0.7930448029602095,7.512588889783329e-80
368,-0.22274787750516975,4.2833861345657125e-80
369,-0.1350445092917093,2.435570003511989e-80
370,-0.207315763782264,1.3806900907009474e-80
371,-0.8054615647867605,8.768052012643161e-81
372,-0.8216532115942481,5.551268430397164e-81
373,-0.20573636074997953,3.1564987245515376e-81
374,-0.23089159402973408,1.789374357548428e-81
375,-0.7779671294904292,1.1363395408385533e-81
376,-0.2481542653769896,6.44174768717434e-82
377,-0.2826332017918179,3.6393539745270585e-82
378,-0.7312944696807883,2.319029167382762e-82
379,-0.2927150815426045,1.3101674308297404e-82
380,-0.31207527481759784,7.373703217306875e-83
381,-0.3343508143213353,4.131984018096831e-83
382,-0.35293050468222315,2.3039522438377366e-83
383,-0.6664618126926529,1.4875142465148592e-83
384,-0.6711402192752902,9.556319369629703e-84
385,-0.3529947281602607,5.355051287453491e-84
386,-0.665479843890768,3.440274973066694e-84
387,-0.6369615684300509,2.2005781795005254e-84
388,-0.5505015614582247,1.4022282578409953e-84
389,-0.4371573628958659,8.904829824704567e-85
390,-0.5899528401409266,5.0480217282275815e-85
391,-0.42357587223609544,3.205738736893643e-85
392,-0.6045400340218602,1.817287822161929e-85
393,-0.49113581053564737,1.026701755427765e-85
394,-0.37948527859888265,5.778340889162387e-86
395,-0.3223879415001394,3.2379947363618916e-86
396,-0.6952106066246218,2.0802027200984588e-86
397,-0.6191886748548625,1.3306054750343832e-86
398,-0.46746277124627517,8.478738063078697e-87
399,-0.33873528907609085,5.384410074306352e-87
400,-0.2959929569272092,3.4090018648051744e-87
401,-0.3067968046412363,2.1524453651568207e-87
402,-0.7108554806081631,1.2272406713298626e-87
403,-0.3126859847340927,7.748803314564554e-88
404,-0.7056218546678492,4.4180664167875064e-88
405,-0.7255362294587823,2.5121503642683718e-88
406,-0.29556770585032865,1.5905039100435018e-88
407,-0.726189216429582,9.043741311366135e-89
408,-0.7287361719064641,5.126768679800154e-89
409,-0.656050559720719,2.8964384942397327e-89
410,-0.4732864837817971,1.630133473107411e-89
411,-0.537031663135034,1.0427178579263037e-89
412,-0.48596509448141983,5.86848050318668e-90
413,-0.3155419394472442,3.2885060511747276e-90
414,-0.698838320510804,2.1126529811472053e-90
415,-0.520673667726032,1.3513623438724896e-90
416,-0.5024115193836491,7.605550732129933e-91
417,-0.512313754652597,4.864904437940961e-91
418,-0.5086962853284704,2.737998263566776e-91
419,-0.3141299006668192,1.53428538323608e-91
420,-0.2616825370541544,8.555019177016021e-92
421,-0.28864055695909535,4.7428830899442876e-92
422,-0.7128317467760659,3.079806903725768e-92
423,-0.6684464870474419,1.9884338566739603e-92
424,-0.5355224620329574,1.2774404698497145e-92
425,-0.38196137210729286,8.171171332436644e-93
426,-0.30832976007386986,5.206744049694956e-93
427,-0.2955423738710778,3.306535112529747e-93
428,-0.3027320927837567,2.0934483460771345e-93
429,-0.3131984330263476,1.3218042607220645e-93
430,-0.322926875201612,8.325345548562966e-94
431,-0.7036579145060594,4.7584953385994305e-94
432,-0.7239415955229624,2.713109056515966e-94
433,-0.2904020953232671,1.713058321895795e-94
434,-0.2924926091279253,1.0789647830937602e-94
435,-0.320114116231718,6.780649208794495e-95
436,-0.7026958869066315,3.884273219137536e-95
437,-0.3158147118544035,2.4410337151660177e-95
438,-0.336910285194221,1.5309188089003545e-95
439,-0.6864410224916229,8.787721374597664e-96
440,-0.6922212048197006,5.0340180920022466e-96
441,-0.3251103749445671,3.1635796948551573e-96
442,-0.7026387027851199,1.8122465131208088e-96
443,-0.6431210107478107,1.035820859900158e-96
444,-0.37627440766657505,6.524087447234908e-97
445,-0.2994346218386831,4.099999284532285e-97
446,-0.7181347594573612,2.348671481004568e-97
447,-0.5996875934575447,1.3424238344306044e-97
448,-0.4118821902264233,7.653978839345792e-98
449,-0.2905084624274074,4.3521178532544754e-98
450,-0.27708761769334467,2.4671538838491677e-98
451,-0.7344114934153846,1.5667624271716108e-98
452,-0.2832202747026812,8.881753981857005e-99
453,-0.2980994901906021,5.017869097698485e-99
454,-0.3270688472102016,2.8240877187957144e-99
455,-0.35766233712109585,1.5825271204811764e-99
456,-0.3806184548366646,8.824010195097603e-100
457,-0.6391038920463584,5.697097633732232e-100
458,-0.6435469828634415,3.6600176835592465e-100
459,-0.6319440606204864,2.341137006222204e-100
460,-0.6014019311137284,1.491793609599073e-100
461,-0.42357447614809834,8.428093222399935e-101
462,-0.3972898051618913,4.743382917892782e-101
463,-0.6188934453205421,3.0341135600639755e-101
464,-0.4062957465216478,1.7076178504414016e-101
465,-0.6058174171300935,1.0922808816230315e-101
466,-0.4157765924997576,6.147424261589046e-102
467,-0.38526297482212885,3.444817082104367e-102
468,-0.6333541262398729,2.2130727341720562e-102
469,-0.3897395902136869,1.2401341495575716e-102
470,-0.6254763817794005,7.9670618430194e-103
471,-0.3968107508818079,4.464482938407259e-103
472,-0.6180467191189141,2.868142263486984e-103
473,-0.5253345803324165,1.8346124452681488e-103
474,-0.42328072736464883,1.1690315921998584e-103
475,-0.5890658099902738,6.604604802965337e-104
476,-0.47439946336628935,3.7171123734791304e-104
477,-0.5425042528573961,2.377657729067521e-104
478,-0.4810654104058244,1.338160454452487e-104
479,-0.37508711002936596,7.498616975075848e-105
480,-0.6454752243472573,4.817377636028954e-105
481,-0.5244342051605281,3.081444416871507e-105
482,-0.49804266503015643,1.7342559489704227e-105
483,-0.5159100968149459,1.109319990073742e-105
484,-0.49730879424301055,6.243321416293522e-106
485,-0.363667323441773,3.4985547358913843e-106
486,-0.30642656660936646,1.950758521485938e-106
487,-0.3094642411908261,1.0814960682937402e-106
488,-0.3320034183273697,5.955710317280118e-107
489,-0.6804240929491253,3.8933858458574656e-107
490,-0.33922442191484903,2.144055714220842e-107
491,-0.3481046052490573,1.1713799801470801e-107
492,-0.36183635544222803,6.338973943106649e-108
493,-0.36926884993284637,3.3906153749530198e-108
494,-0.3764411470908285,1.7874041129433263e-108
495,-0.6424540962835092,1.2206215349830868e-108
496,-0.6295025958423316,8.215310230266214e-109
497,-0.5776978975766756,5.465190435374216e-109
498,-0.4450496762744805,2.957511682895837e-109
499,-0.3840214578362854,1.5819255093380809e-109
500,-0.35504105909535827,8.339312629348377e-110
501,-0.6569198905555986,5.694931833617087e-110
502,-0.5941041513106569,3.8329351410330045e-110
503,-0.4796248255294574,2.5498392495281946e-110
504,-0.3720878865639037,1.6801713382016843e-110
505,-0.6495839552446214,9.179421298301498e-111
506,-0.3646942111918146,6.048616817526065e-111
507,-0.6698870202549007,3.3045916673885394e-111
508,-0.346931587302005,2.177502054309383e-111
509,-0.30831446976156446,1.4234835520753489e-111
510,-0.7184668613956063,7.839007395513778e-112
511,-0.30087000633741323,5.124540787471254e-112
512,-0.3147576746197979,3.327637598561099e-112
513,-0.7086660789726693,1.8448346834896518e-112
514,-0.721353112649943,1.0159353584585854e-112
515,-0.6928151171639408,5.550445038012471e-113
516,-0.3318805694971262,3.657367290450908e-113
517,-0.30769798609743493,2.390905749802589e-113
518,-0.3207425948308753,1.5525425979846657e-113
519,-0.34268751055913726,1.002377214632071e-113
520,-0.6717815435513134,5.5891533527447966e-114
521,-0.663848350034308,3.0986138517441535e-114
522,-0.6138546043052213,1.706381283032775e-114
523,-0.5106050628680144,9.322616292966343e-115
524,-0.5131548927974703,6.142972618917991e-115
525,-0.4103201259900293,4.0158035518604227e-115
526,-0.5852168253077825,2.211470142810476e-115
527,-0.4407893788922834,1.4456892786697521e-115
528,-0.5718867887495384,7.961292514117713e-116
529,-0.4429125044541056,5.204481403211107e-116
530,-0.3215577007369968,3.379547303180567e-116
531,-0.687160072881902,1.8736133051559987e-116
532,-0.3335991939358387,1.2166370291450041e-116
533,-0.6872068640453137,6.745007898561595e-117
534,-0.3338086186407673,4.379893304922015e-117
535,-0.6953862010711015,2.428202843482174e-117
536,-0.33734351012495256,1.5767615897719254e-117
537,-0.3020180382805308,1.0180138648344057e-117
538,-0.31888231762896435,6.5400823137403485e-118
539,-0.3466578879988541,4.183375615154737e-118
540,-0.366047808927132,2.665684662048395e-118
541,-0.38890547555614075,1.6928391044133229e-118
542,-0.40038688024553754,1.071777889150387e-118
543,-0.4076134575519175,6.767210583826282e-119
544,-0.409891976031171,4.2623078306215887e-119
545,-0.6110691274254162,2.4361958101774615e-119
546,-0.4145331710711391,1.5344308190237713e-119
547,-0.6053122968195369,8.770304916638859e-120
548,-0.413179224514637,5.523950948485578e-120
549,-0.4018134119833009,3.47147323204278e-120
550,-0.39807132166843584,2.1771693002474356e-120
551,-0.39695018946119326,1.362885598583653e-120
552,-0.6280638297804373,7.837809480890768e-121
553,-0.3908603975949143,4.906388154901149e-121
554,-0.39003729191949754,3.066077971669029e-121
555,-0.6342487860638499,1.766299735764414e-121
556,-0.639386025514953,1.0157801087234434e-121
557,-0.38503528494781497,6.358679048751889e-122
558,-0.38221317292346496,3.973637051283061e-122
559,-0.6406891471799256,2.2891244575506805e-122
560,-0.37938268281206017,1.4305093384619017e-122
561,-0.3799131252119281,8.925318867129547e-123
562,-0.3824969508080805,5.560576265358106e-123
563,-0.3906021845650416,3.459590408624166e-123
564,-0.3997766721218111,2.149708017037205e-123
565,-0.4095255752199352,1.3342006927782109e-123
566,-0.6110868634252106,7.738948861333939e-124
567,-0.41111893799181864,4.803122494001559e-124
568,-0.609300417828002,2.7860215900802172e-124
569,-0.41293952148519764,1.7291240978405615e-124
570,-0.41804215592459504,1.0719836098599366e-124
571,-0.4206024242624171,6.638969664432775e-125
572,-0.5992045994571219,3.859140995495773e-125
573,-0.5947445168693871,2.2409448308013664e-125
574,-0.5817093444700745,1.2998462330678263e-125
575,-0.44465421165152574,8.067401390884923e-126
576,-0.4381893775387609,5.001446730162521e-126
577,-0.43229453842421117,3.097477686637757e-126
578,-0.4300538289211375,1.9164556783762486e-126
579,-0.5909857010153867,1.1150919671895918e-126
580,-0.5877201968741491,6.481874962290627e-127
581,-0.4309655250151731,4.01433108188253e-127
582,-0.42730219583016615,2.483726559175617e-127
583,-0.5924638658831765,1.445159189477711e-127
584,-0.5840937253554569,8.400509951128649e-128
585,-0.43591266230840997,5.202573082119759e-128
586,-0.42587134472503746,3.2189096206916e-128
587,-0.5975357924527042,1.8729263095631128e-128
588,-0.42512508524235243,1.158807463448976e-128
589,-0.5964718577899057,6.742534714427205e-129
590,-0.5777747992747418,3.9193419227985824e-129
591,-0.44287727140444116,2.4273124971937945e-129
592,-0.4235690565958765,1.5018144726298722e-129
593,-0.5895175426871856,8.738324989897658e-130
594,-0.429555166843606,5.406532101467539e-130
595,-0.4082038395568905,3.3420465207488854e-130
596,-0.3957540075970963,2.064106984101824e-130
597,-0.6131589061742158,1.2031367474695984e-130
598,-0.40774986213125197,7.430785142766568e-131
599,-0.5999255745123298,4.331292290890556e-131
600,-0.5081432894525717,2.522471617260695e-131
601,-0.4058195298016801,1.4677030466231943e-131
602,-0.3502427942878878,8.531554266292224e-132
603,-0.6764574557939572,5.283730967843498e-132
604,-0.3506015002688049,3.071359535865202e-132
605,-0.6653135556908703,1.90214314842366e-132
606,-0.5972764172093635,1.1768843577491494e-132
607,-0.4758574696867167,7.274907832456431e-133
608,-0.36853145326180786,4.493111622607081e-133
609,-0.6459090206963025,2.6189668196843143e-133
610,-0.5134044193575371,1.5252421276428974e-133
611,-0.38004849488237485,8.874639073285422e-134
612,-0.6386140200526593,5.490871659514428e-134
613,-0.5082422234265571,3.3941809983108704e-134
614,-0.5171534884030751,1.9767137974251953e-134
615,-0.378662483085865,1.1501532238977908e-134
616,-0.3166546519532451,6.685681185176522e-135
617,-0.3120342670262925,3.8822739852713165e-135
618,-0.32623325667543396,2.2518890898744468e-135
619,-0.6898624084212522,1.397618634697674e-135
620,-0.33486603444418894,8.10680072354801e-136
621,-0.34881918413966906,4.696747432671618e-136
622,-0.6708174098784228,2.9184482604772834e-136
623,-0.3510105347916366,1.6908290757617824e-136
624,-0.6615036007918023,1.0506413737718218e-136
625,-0.628416664873814,6.520729502045462e-137
626,-0.550106103069634,4.042575752227722e-137
627,-0.4567409196910077,2.5036332214741633e-137
628,-0.5807011004594589,1.4553272708019789e-137
629,-0.43103194454925664,9.013079597306986e-138
630,-0.5856716047173169,5.239178174887126e-138
631,-0.4261689016592455,3.244708655030515e-138
632,-0.6016119591323916,1.8861041429593653e-138
633,-0.5153640265994082,1.095232160330759e-138
634,-0.4148314308322382,6.352826621936874e-139
635,-0.6061791449115803,3.942835777190734e-139
636,-0.48854293666113763,2.4443909692753367e-139
637,-0.5501844295652798,1.4194208797886638e-139
638,-0.4681106296539354,8.799807489391212e-140
639,-0.5632322281727083,5.109915167239186e-140
640,-0.43837524244214837,3.1679306961808366e-140
641,-0.5771019442113307,1.8395694602061078e-140
642,-0.4350154872858461,1.140455050625101e-140
643,-0.5943344716594288,6.622450056741987e-141
644,-0.4095466011360453,4.1056381822503633e-141
645,-0.3206884305850107,2.5426888148652262e-141
646,-0.6991587234914731,1.4780297456101313e-141
647,-0.6046464024271518,8.582695273537618e-142
648,-0.41317005187582045,5.3209070841964704e-142
649,-0.6234365341651184,3.0897702984735403e-142
650,-0.40183984920930305,1.9155265503107296e-142
651,-0.3180124094667845,1.186316893463519e-142
652,-0.3173153554476924,7.339919692205088e-143
653,-0.3363955805892561,4.537169595876766e-143
654,-0.36112679146129456,2.8022361127412236e-143
655,-0.37611756865195667,1.7293042956096067e-143
656,-0.37862750969184716,1.0663612601351455e-143
657,-0.628632095346217,6.225495464194586e-144
658,-0.4160228067825124,3.838900536486524e-144
659,-0.5806936572123899,2.241178367110051e-144
660,-0.4468986910718536,1.382004193135149e-144
661,-0.5620758758624467,8.068242121596184e-145
662,-0.4674003025264141,4.975215095286534e-145
663,-0.5336637387879927,2.9045671637746256e-145
664,-0.3946001184080438,1.6944050198656656e-145
665,-0.31207035145060047,9.876430631740797e-146
666,-0.7186606662126156,6.099858071516395e-146
667,-0.29493130504881576,3.555515027426687e-146
668,-0.7345562022913937,2.195948905745902e-146
669,-0.28060754980975233,1.279985409873608e-146
670,-0.2826127032411999,7.454419258900014e-147
671,-0.7345332343406749,4.607947475544987e-147
672,-0.28641730085076067,2.683590933204005e-147
673,-0.3110575772758549,1.5614505081453356e-147
674,-0.34276427795422315,9.076495259051934e-148
675,-0.6718494438912748,5.6212218293232095e-148
676,-0.6850645805270418,3.47793384943239e-148
677,-0.3417661909448,2.0236398585563546e-148
678,-0.6655834590520889,1.2520561857956603e-148
679,-0.6387708964774005,7.739582307084968e-149
680,-0.5624337985143327,4.780102788786207e-149
681,-0.4567970549883018,2.7862496305505878e-149
682,-0.5539825306826223,1.7208370039630346e-149
683,-0.4730226402221414,1.0030498669982114e-149
684,-0.5377535803096127,6.19501321426692e-150
685,-0.49615117895226973,3.610979521193561e-150
686,-0.4110199014886426,2.1029736025613634e-150
687,-0.5860968360752575,1.299952627629682e-150
688,-0.44095826074309324,7.570704969220907e-151
689,-0.36846839328582376,4.40502349853101e-151
690,-0.3452790048945028,2.5605790700288804e-151
691,-0.34488073410501324,1.4868895532805565e-151
692,-0.676908655531142,9.218084652103968e-152
693,-0.3423456028848753,5.3528023918100035e-152
694,-0.3490264124321113,3.10486002587692e-152
695,-0.3571811905597827,1.7988283976172416e-152
696,-0.3707974126978457,1.0408480982577839e-152
697,-0.3853134343011976,6.01442055879296e-153
698,-0.6370868378354152,3.7470531537280205e-153
699,-0.3838312831775662,2.1651914011654655e-153
700,-0.637784001908944,1.3489391353420878e-153
701,-0.38352956919476905,7.794689044195676e-154
702,-0.6369778298818952,4.856180887231516e-154
703,-0.6438959617313955,3.0213409578922793e-154
704,-0.6395319813250345,1.877390127800383e-154
705,-0.615942410276099,1.1651885694590561e-154
706,-0.4033189437626332,6.758604460081379e-155
707,-0.37414510023773306,3.915657881428396e-155
708,-0.37123885501029297,2.2656997547467316e-155
709,-0.3728067217922882,1.3092084433655734e-155
710,-0.38025297343223935,7.554022165022966e-156
711,-0.38183431961092396,4.3517051677509886e-156
712,-0.6264954834554525,2.719447979408197e-156
713,-0.5808739893706155,1.6967341426019695e-156
714,-0.4937319814711922,1.0570848775756128e-156
715,-0.40536863574527227,6.576801628182803e-157
716,-0.6113964131173005,3.805505559255619e-157
717,-0.5130798966301099,2.1989674488219527e-157
718,-0.4125590438615017,1.2687856492201875e-157
719,-0.3444161082175658,7.309193627413077e-158
720,-0.6593236250497668,4.567628336571403e-158
721,-0.36345421422766944,2.6313097023442636e-158
722,-0.6536526664521757,1.644346201904331e-158
723,-0.3602304811982977,9.472714955975291e-159
724,-0.6539275717281537,5.919646392178926e-159
725,-0.38217787776758366,3.4101768414047946e-159
726,-0.6326178231653654,2.1310724754889304e-159
727,-0.3835383997765719,1.227664758939235e-159
728,-0.6173817927342207,7.671871223915999e-160
729,-0.42823327402181893,4.786671153648682e-160
730,-0.5941132155312072,2.7618796452765195e-160
731,-0.3997679992474111,1.5910421929028953e-160
732,-0.6012588818842536,9.943071341389132e-161
733,-0.3781235306454279,6.204252988965188e-161
734,-0.6574763479610892,3.578225578272987e-161
735,-0.4428123236821131,2.0611505757759683e-161
736,-0.5608837200341331,1.2884818435281897e-161
737,-0.32847208584883103,8.035129682887582e-162
738,-0.24688260317545418,5.013086769832251e-162
739,-0.2715306637113803,3.1347177209498837e-162
740,-0.310150328084906,1.9719668299819553e-162
741,-0.6982893680121333,1.1439107915929853e-162
742,-0.3265758648416276,7.131971793114628e-163
743,-0.3521110418225705,4.3709762444614485e-163
744,-0.37478778853452266,2.7027983906590937e-163
745,-0.39182309520075975,1.6611859565167697e-163
746,-0.6114447787843861,9.656243588941669e-164
747,-0.5803911028689246,5.607234662028138e-164
748,-0.5406314894588778,3.2524418955723335e-164
749,-0.4900399370233236,2.018604478330129e-164
750,-0.4685141619488153,1.2514491691268402e-164
751,-0.4513322969244024,7.75042919872464e-165
752,-0.42752195416463007,4.795306229912477e-165
753,-0.40263907887446204,2.9642173949645722e-165
754,-0.3850525701164559,1.8307530398982787e-165
755,-0.37046548939790214,1.1297867020204246e-165
756,-0.3576083203283902,6.96673670625292e-166
757,-0.6661692246589564,4.067232127273527e-166
758,-0.6384136684468745,2.372655939708169e-166
759,-0.5445326647416151,1.3829852677946706e-166
760,-0.468904329293063,8.541561382949409e-167
761,-0.35309091578956364,5.271132836946491e-167
762,-0.2940770604220595,3.25040067766936e-167
763,-0.29695577175838667,2.0028748495912917e-167
764,-0.724632767183094,1.17014424396097e-167
765,-0.2907683161576499,7.210349458528647e-168
766,-0.7260897869214556,4.21251927825949e-168
767,-0.6863575586428593,2.459299736405754e-168
768,-0.33449184244903685,1.5165069401734162e-168
769,-0.69835773814774,8.853479051060712e-169
770,-0.31847202698412613,5.459424984624298e-169
771,-0.6968781837873291,3.187252458381858e-169
772,-0.5082194191526519,1.8593119940263997e-169
773,-0.3161866003809575,1.0837648446781194e-169
774,-0.25700416159712797,6.311663764265177e-170
775,-0.27399666884222434,3.672448907921976e-170
776,-0.7503092522645454,2.272198955135463e-170
777,-0.27184269252485055,1.322081606851911e-170
778,-0.7506424137327868,8.179916238487668e-171
779,-0.27149306208736035,4.759493784666879e-171
780,-0.30922736134368173,2.7666277315012527e-171
781,-0.7060581464240007,1.7134177624800765e-171
782,-0.3179318077153706,9.959859833404505e-172
783,-0.34661033149975307,5.783540024897863e-172
784,-0.6737267341642502,3.585549540025623e-172
785,-0.3501478479236008,2.0820744089632307e-172
786,-0.3709002730565393,1.2076944243602686e-172
787,-0.6479065463194768,7.495467872267631e-173
788,-0.6561465365767604,4.646872203873208e-173
789,-0.36868877644477005,2.698368434016347e-173
790,-0.6485403939067204,1.672873993394354e-173
791,-0.376337297845487,9.714126362458849e-174
792,-0.6388214047839359,6.022346376219676e-174
793,-0.38569217633486325,3.497085490485186e-174
794,-0.38788989363677073,2.0284628782662963e-174
795,-0.6288727510509382,1.2589507765746673e-174
796,-0.3941829212344729,7.302466361758666e-175
797,-0.391295218161459,4.230749133518869e-175
798,-0.6273191300495636,2.62888789023312e-175
799,-0.6077245286888019,1.6316002064407674e-175
800,-0.4165660113107362,9.463996404839229e-176
801,-0.6001185353386833,5.873760743186763e-176
802,-0.5489299815367329,3.641482559174608e-176
803,-0.4869194186678464,2.2552296529123253e-176
804,-0.5332876024604722,1.3109337213028587e-176
805,-0.4757875911060436,7.612393923170043e-177
806,-0.43197809486896427,4.415522162641791e-177
807,-0.585827673885304,2.7404618123412156e-177
808,-0.5332997219691896,1.6989701028085054e-177
809,-0.4891865513444742,9.865662524428374e-178
810,-0.4425957204396782,5.722516722783759e-178
811,-0.4141910096470774,3.315391193480822e-178
812,-0.40006728036127914,1.9183701031661105e-178
813,-0.39457486585319296,1.1085080144901679e-178
814,-0.6248106641297042,6.906132371397995e-179
815,-0.395625248124672,3.990628852164604e-179
816,-0.6236550102996385,2.4862076537032794e-179
817,-0.5871062187811598,1.546828915230412e-179
818,-0.4374122311850567,8.950347553331804e-180
819,-0.5812766123745394,5.568584094829482e-180
820,-0.44348213095755723,3.2221251191994496e-180
821,-0.40358482549115465,1.8618677972659171e-180
822,-0.3814872154739099,1.0742819968937492e-180
823,-0.6374565681966192,6.702724070157302e-181
824,-0.5984381106403702,4.175874154482487e-181
825,-0.5263007242080369,2.598078595283643e-181
826,-0.44961379071853047,1.6143848622227893e-181
827,-0.40382108164103214,1.0019562584861605e-181
828,-0.6138147095885175,5.811785504002042e-182
829,-0.4112147454089314,3.60704253055018e-182
830,-0.5903902418088601,2.0922427814407345e-182
831,-0.4370251664449848,1.298535310998064e-182
832,-0.41591435272563426,8.050368229514171e-183
833,-0.42344401403959486,4.985724592397561e-183
834,-0.5840414315492656,2.8981325626251025e-183
835,-0.4539082586369815,1.7948608532631216e-183
836,-0.5462359405409823,1.0433277225450368e-183
837,-0.49927067522771756,6.058446346992566e-184
838,-0.4510051779229543,3.5141644515923597e-184
839,-0.4164481130841173,2.0359625737511252e-184
840,-0.6127170694758302,1.2650992025732496e-184
841,-0.4030924306797061,7.329465265504048e-185
842,-0.38974477250137135,4.2410159818199924e-185
843,-0.390990338325974,2.450622118051886e-185
844,-0.400774508141085,1.4139882683822829e-185
845,-0.4130605095269983,8.145673814870636e-186
846,-0.4258765379222006,4.684489991000373e-186
847,-0.4374899777576424,2.6889729607915625e-186
848,-0.5753265695359795,1.6864163967601337e-186
849,-0.568306160460236,1.0556793264072345e-186
850,-0.5607112963606566,6.597103664964378e-187
851,-0.5533033506359848,4.116104119433836e-187
852,-0.45552952220160475,2.3749573193871763e-187
853,-0.5704323002314314,1.4817974829961808e-187
854,-0.44835037775248704,8.549846349793834e-188
855,-0.5790439415858503,5.33447093878625e-188
856,-0.4295766010906884,3.0779446859257794e-188
857,-0.4143992293190919,1.7731358875028125e-188
858,-0.41155859751775864,1.0197115065578404e-188
859,-0.5954410704891638,6.3832891950101246e-189
860,-0.4262787592109659,3.670961423608225e-189
861,-0.4198030325036161,2.1071911834917686e-189
862,-0.4263543817768067,1.207097732031911e-189
863,-0.43817528649289555,6.899376004998683e-190
864,-0.5576781405029784,4.3455518353148804e-190
865,-0.47923515235267017,2.4837753617995267e-190
866,-0.46396542930732165,1.4161521550282603e-190
867,-0.4446836262881777,8.052362315323682e-191
868,-0.5537457605383074,5.0981477581017395e-191
869,-0.4522676605787896,3.218972868892187e-191
870,-0.36408918752264674,2.0274606642845097e-191
871,-0.6672375175543864,1.158830232801187e-191
872,-0.3408797192793696,7.298858391424236e-192
873,-0.31221223311692897,4.5868965467998145e-192
874,-0.3220881042756187,2.876718233897206e-192
875,-0.3429415447075205,1.8007960390199884e-192
876,-0.3645966051896976,1.1253453441494519e-192
877,-0.6479489252192848,6.48286574047196e-193
878,-0.6477541953639366,3.7282268311307786e-193
879,-0.373915143628437,2.333831666569906e-193
880,-0.6412450083737742,1.34216165920708e-193
881,-0.3846541127032124,8.401793999651659e-194
882,-0.6320097645469422,4.831781973145489e-194
883,-0.6133823827814103,2.773520938925898e-194
884,-0.408019578814892,1.7394415103323758e-194
885,-0.6147727824958038,9.984675380133229e-195
886,-0.3985981866138169,6.261989437196553e-195
887,-0.621969526459955,3.594483136847962e-195
888,-0.3958807585764474,2.2543161973907588e-195
889,-0.37105394815137055,1.4111787630518915e-195
890,-0.3677935983130867,8.81867472135972e-196
891,-0.37433426853363067,5.502199933784392e-196
892,-0.6251266196139004,3.174722899689499e-196
893,-0.5665215908264694,1.8288876769152514e-196
894,-0.4857833754159004,1.0517737650546321e-196
895,-0.42232327437904316,6.037351388380024e-197
896,-0.38593514820783204,3.458477439297671e-197
897,-0.6130369319694294,2.173446499816809e-197
898,-0.5223764539106576,1.363098799510803e-197
899,-0.4298582743931191,8.532858345415795e-198
900,-0.5740559031206574,4.907155678238889e-198
901,-0.46488408369485523,2.8167866637625842e-198
902,-0.5394528308005185,1.7665760441660002e-198
903,-0.4812676741579614,1.0140431989545306e-198
904,-0.36616847058276925,5.808914042683396e-199
905,-0.318942023755676,3.320185358456974e-199
906,-0.6706267799015692,2.091209055366022e-199
907,-0.5069170437652462,1.3141999858450708e-199
908,-0.5165021723071943,7.528352599317677e-200
909,-0.3271399387673384,4.302960224560239e-200
910,-0.24562964043290114,2.45338064332716e-200
911,-0.2534999226342897,1.395013224202448e-200
912,-0.7759734821947399,8.832170315977773e-201
913,-0.8024010943891756,5.576636451030067e-201
914,-0.21680351593919223,3.1795813137519973e-201
915,-0.7932112521223454,2.0075891223708244e-201
916,-0.641242423205118,1.2644741479455556e-201
917,-0.38040052899278304,7.2273208405349665e-202
918,-0.20057000567419972,4.1207373826225885e-202
919,-0.8196128698510126,2.6018355025925876e-202
920,-0.604654531602069,1.63875849573744e-202
921,-0.411265058218496,9.366607809333317e-203
922,-0.1823651556461988,5.340475647878876e-203
923,-0.1972778648419924,3.0366401449302944e-203
924,-0.25526166249160925,1.7214282287449382e-203
925,-0.30784688253881054,9.725445593933288e-204
926,-0.6946532948863345,6.197141623481777e-204
927,-0.680768717204194,3.9354856278296604e-204
928,-0.34653884169559485,2.2309709844534392e-204
929,-0.6621181187216025,1.416774826018678e-204
930,-0.5674378712302364,8.96994834578772e-205
931,-0.4482776044402892,5.663629563221225e-205
932,-0.3644468777359889,3.567220546491189e-205
933,-0.6459979800122103,2.0389066427596414e-205
934,-0.3846442612021968,1.284199396736828e-205
935,-0.3500393867840605,8.070426171325051e-206
936,-0.6661399421221057,4.623117828252581e-206
937,-0.6113641191084097,2.642423009016494e-206
938,-0.42240785486821214,1.664322418170929e-206
939,-0.3809193342920309,1.0459272318037266e-206
940,-0.628794644181445,5.991560705415343e-207
941,-0.5568323721938995,3.4245802196853784e-207
942,-0.46265413542528594,2.156961853949524e-207
943,-0.38866517227811176,1.3555216924176294e-207
944,-0.6302022115232867,7.765062674218286e-208
945,-0.39275467840122297,4.879878092703467e-208
946,-0.3531672683699247,3.0604645527202116e-208
947,-0.3439204756459306,1.915819345516261e-208
948,-0.34782219483589166,1.1972251904116072e-208
949,-0.35427793824759274,7.469798548587431e-209
950,-0.3577305947803949,4.653770373320023e-209
951,-0.35490903687589065,2.8954084215658867e-209
952,-0.34532092001477216,1.799138615057192e-209
953,-0.3512814474348616,1.116622335493571e-209
954,-0.3422953741814247,6.922584929257084e-210
955,-0.3289833640386798,4.2872699658908196e-210
956,-0.3207738998636628,2.6525979206591437e-210
957,-0.7003413219174408,1.5434171877206954e-210
958,-0.2953640633721926,9.549352514372915e-211
959,-0.28120425128937926,5.902929964551925e-211
960,-0.293730786066362,3.6457538489815243e-211
961,-0.31286474796102837,2.249852452872597e-211
962,-0.3317248179242908,1.3873529967249798e-211
963,-0.3461445192168396,8.548775059442774e-212
964,-0.6673588563680923,4.994470788209927e-212
965,-0.3464846924511394,3.077559021399398e-212
966,-0.6608433233412631,1.798009483755574e-212
967,-0.5700196308593604,1.0496911604122387e-212
968,-0.4313453834079639,6.12346649681095e-213
969,-0.5986696735360064,3.778888177484059e-213
970,-0.41957721887383265,2.204447938851942e-213
971,-0.3451948899652568,1.284939367748173e-213
972,-0.33177697961405955,7.48327027446869e-214
973,-0.6803599452776781,4.625781723893424e-214
974,-0.3379410004697299,2.6939772988087282e-214
975,-0.6746334960837491,1.6652814206016316e-214
976,-0.6283625996021375,1.0285072303507618e-214
977,-0.38967485402579555,5.995013114165875e-215
978,-0.6199460697169523,3.702626029262742e-215
979,-0.3970512007030974,2.1582047210997148e-215
980,-0.33368157742508764,1.2569020485321999e-215
981,-0.31574910278886426,7.313299199540567e-216
982,-0.7032306935136289,4.524847374715921e-216
983,-0.32549742918178187,2.632787711834604e-216
984,-0.6840821220933216,1.6289450548977314e-216
985,-0.3437578699742037,9.478035762604574e-217
986,-0.6625806272387496,5.864202197631832e-217
987,-0.36437111424862983,3.412092874537646e-217
988,-0.3394117545244649,1.983402268444056e-217
989,-0.3226140258614157,1.1517317107763288e-217
990,-0.6901990870069284,7.140248166398603e-218
991,-0.341051960224039,4.1462341587947844e-218
992,-0.6503456773616987,2.5704893399034966e-218
993,-0.4868805083261718,1.591946051544284e-218
994,-0.32892492661732653,9.849607838377584e-219
995,-0.28288635043368776,6.088532721012715e-219
996,-0.30520040144745547,3.760385390912731e-219
997,-0.6892039806876739,2.1918717795645772e-219
998,-0.667503862721514,1.2765091758537348e-219
999,-0.36449929503732,7.890738406432475e-220
1000,-0.36782295813735355,4.8734594666229e-220
1001,-0.38752458606256884,3.007489037697857e-220
1002,-0.6081356343935225,1.7544454079842437e-220
1003,-0.5665109182215342,1.0226396974736486e-220
1004,-0.508782962173833,5.955681210863182e-221
1005,-0.4565558460335744,3.465320044866541e-221
1006,-0.4253771248366591,2.0143424843921622e-221
1007,-0.41769224794132676,1.1696982264008453e-221
1008,-0.42225187143818105,6.78476244713953e-222
1009,-0.4309275224789646,3.9308127449496293e-222
1010,-0.5792376737417414,2.4425144809702304e-222
1011,-0.451133542737103,1.4150925881818663e-222
1012,-0.45300497459228495,8.188087486381714e-223
1013,-0.541282788039431,5.0943333174547165e-223
1014,-0.4934131059094982,2.947711495097417e-223
1015,-0.5190923165635137,1.833959994283699e-223
1016,-0.5160859629353354,1.0611761382350702e-223
1017,-0.4918579394115255,6.131883790713164e-224
1018,-0.45559479477096904,3.53804516791206e-224
1019,-0.5428993385872479,2.2074781646567383e-224
1020,-0.47954427917967485,1.2736962604483416e-224
1021,-0.3916685984387032,7.337482572399753e-225
1022,-0.3501262640706079,4.2197078413324844e-225
1023,-0.6634140271565688,2.6414937260639118e-225
1024,-0.35953649155660333,1.5190948228796935e-225
1025,-0.3280250026665098,8.719849783966848e-226
1026,-0.3388084185664866,4.99513806831873e-226
1027,-0.6797443917049295,3.139145922228064e-226
1028,-0.34821466580096233,1.798249704594743e-226
1029,-0.6488138911102665,1.1300925320021034e-226
1030,-0.5542392753693385,7.087488805627503e-227
1031,-0.41277309062457274,4.436695126196561e-227
1032,-0.3185034264328208,2.772559521173205e-227
1033,-0.2986506550829829,1.729871811334975e-227
1034,-0.31300093416787955,1.077730026167107e-227
1035,-0.328513533668483,6.705248311838189e-228
1036,-0.35001048114226097,4.16648341267547e-228
1037,-0.6518712304593185,2.4138893922617478e-228
1038,-0.6471784930658685,1.39673811391257e-228
1039,-0.38419071679619626,8.690001812142288e-229
1040,-0.3782800127698818,5.399762502827409e-229
1041,-0.37084478202501847,3.351323442538684e-229
1042,-0.39230776675845336,2.0776784073667526e-229
1043,-0.4006871563399751,1.2867401881971986e-229
1044,-0.6216054845712904,7.479642266520309e-230
1045,-0.5987428075107917,4.343315181530132e-230
1046,-0.5673553973031797,2.5193131933191553e-230
1047,-0.5226969843510261,1.4595866083703182e-230
1048,-0.48473636351453614,8.445541262174551e-231
1049,-0.5395722962930524,5.254511790133147e-231
1050,-0.47832408140578303,3.040394854382838e-231
1051,-0.5530550809400823,1.8916242444479318e-231
1052,-0.5233212652673037,1.175410763474985e-231
1053,-0.49092350352705394,6.809847280012557e-232
1054,-0.53843034960025,4.231478748509944e-232
1055,-0.5116220206316391,2.6262366018987294e-232
1056,-0.4978251332303549,1.5233323494635805e-232
1057,-0.45464112807882373,8.825562074896273e-233
1058,-0.43378095009857937,5.106695843739084e-233
1059,-0.589429293810854,3.1772023469626574e-233
1060,-0.5766396422338432,1.9742387249047993e-233
1061,-0.43959325944956057,1.1437928449065562e-233
1062,-0.4222397200266227,6.618277813485851e-234
1063,-0.5963270798780866,4.117654241663603e-234
1064,-0.4239754782541276,2.382580012854906e-234
1065,-0.5979570043597101,1.4823555269988973e-234
1066,-0.5930359110370056,9.211008194915833e-235
1067,-0.5786793297170323,5.716745445169816e-235
1068,-0.4368781165839639,3.3159629501696995e-235
1069,-0.4139221584805037,1.92113276299057e-235
1070,-0.6048889347163808,1.1937466620610912e-235
1071,-0.4105649842890753,6.916077946766052e-236
1072,-0.3903435341504188,4.001819510871305e-236
1073,-0.37587468045775374,2.312405199091996e-236
1074,-0.3668103527990311,1.334238273284471e-236
1075,-0.6522449859185152,8.324658716731188e-237
1076,-0.6099039340990904,5.186358086089211e-237
1077,-0.5222653088665833,3.226765326843168e-237
1078,-0.49980699706261855,1.8670889109921162e-237
1079,-0.5123592720362596,1.1616355176635404e-237
1080,-0.39365027080557585,7.218129576759848e-238
1081,-0.6267074223474294,4.1818878635887456e-238
1082,-0.5013177789418004,2.4197472286457814e-238
1083,-0.5098318883412021,1.505479630891948e-238
1084,-0.5075604407806245,8.711090023124812e-239
1085,-0.5020713034378421,5.419726671211015e-239
1086,-0.37749536688565266,3.3676905353330736e-239
1087,-0.6429478738022295,1.951101601635965e-239
1088,-0.5210451886694646,1.1289572669969758e-239
1089,-0.5078805908283403,7.023965765889472e-240
1090,-0.5115577738349789,4.0642461611891116e-240
1091,-0.5035009557770664,2.52862767572021e-240
1092,-0.3977207964410922,1.5712296961649977e-240
1093,-0.3523264857552669,9.751723175997985e-241
1094,-0.6643508755126333,5.656426906193993e-241
1095,-0.6133602222885235,3.277101467733392e-241
1096,-0.533005041461317,1.896214688964392e-241
1097,-0.49135322910133983,1.1797565283840208e-241
1098,-0.42301639527679863,7.330729270427413e-242
1099,-0.3842494668131974,4.54976396499362e-242
1100,-0.3782139410632759,2.8206607063631614e-242
1101,-0.384196324233707,1.746881266743368e-242
1102,-0.6286212278996007,1.015437854290738e-242
1103,-0.6117411866545766,5.896494098631727e-243
1104,-0.41269256116852404,3.6555762754466555e-243
1105,-0.596124126330913,2.1227378755074225e-243
1106,-0.5439049177611387,1.231281017427821e-243
1107,-0.4846441609027246,7.64185635182672e-244
1108,-0.524715561993594,4.432611662740154e-244
1109,-0.46008133388433103,2.5680731717670187e-244
1110,-0.5671207257761357,1.595740198586455e-244
1111,-0.4441744543143609,9.245063418361263e-245
1112,-0.39464227938854324,5.349430045701041e-245
1113,-0.6244569270289504,3.328222830610057e-245
1114,-0.5630681128989855,2.068079297368046e-245
1115,-0.473102857391914,1.2835384198229783e-245
1116,-0.39032592912031366,7.957393864292948e-246
1117,-0.6259797610304211,4.620738311362721e-246
1118,-0.39740319731984164,2.8646617911454605e-246
1119,-0.6106448924385252,1.66346579209058e-246
1120,-0.4798051893800962,9.648830769800353e-247
1121,-0.36476216456166033,5.590136317857939e-247
1122,-0.31836241560019973,3.234595786430471e-247
1123,-0.3155198733378254,1.8690738283382377e-247
1124,-0.3286484881861259,1.0784398159727511e-247
1125,-0.6809028538040491,6.728665782017657e-248
1126,-0.6328818880271464,4.192036139213889e-248
1127,-0.3946727264661797,2.4223196815263562e-248
1128,-0.6254618433650178,1.5091330101170001e-248
1129,-0.5455643648211058,9.389282401655275e-249
1130,-0.47477843259667013,5.432878836421199e-249
1131,-0.41018898365798473,3.1393263072581563e-249
1132,-0.6035609817561574,1.9558363811116322e-249
1133,-0.5499722057897202,1.2168509992545237e-249
1134,-0.47470685912917093,7.041010972001873e-250
1135,-0.43490509195082305,4.06856689420657e-250
1136,-0.5735388863302777,2.534763949920675e-250
1137,-0.45643639915590767,1.4646840819143658e-250
1138,-0.5528031795066336,9.125150219714426e-251
1139,-0.49201766304936556,5.677340022121904e-251
1140,-0.5362258772825661,3.2850540790971932e-251
1141,-0.4833912284562959,1.898230570161017e-251
1142,-0.5220517897470516,1.1826194684749897e-251
1143,-0.446533954330359,7.357832668669986e-252
1144,-0.3923137069582871,4.571983965624535e-252
1145,-0.37433841668981616,2.837568695824218e-252
1146,-0.6373948993508437,1.6459142276248333e-252
1147,-0.6181792670151169,9.535751138596301e-253
1148,-0.5823286709881836,5.517629392116911e-253
1149,-0.4381392364808642,3.432870409894669e-253
1150,-0.4062367108448709,2.1331048390017832e-253
1151,-0.39924232003840465,1.3238960507237467e-253
1152,-0.6118501239101446,7.679177420406423e-254
1153,-0.5775025491409125,4.449000051223488e-254
1154,-0.4461652639296335,2.7645038713463102e-254
1155,-0.5690474402534549,1.6016400184404557e-254
1156,-0.5115964131398643,9.267498609069833e-255
1157,-0.5055369842367444,5.765904066385642e-255
1158,-0.438015994237109,3.582797017264819e-255
1159,-0.5734040626509749,2.0757254638988305e-255
1160,-0.48282493617924516,1.2010678197354502e-255
1161,-0.3992502004232571,6.940231720279752e-256
1162,-0.3492684070701106,4.004455097357604e-256
1163,-0.6830872827347736,2.498483419300711e-256
1164,-0.3326616830299826,1.4416038350487372e-256
1165,-0.3196020211247065,8.30476098928907e-257
1166,-0.7132452092113442,5.189773806175455e-257
1167,-0.29743182776593247,2.9897139561440645e-257
1168,-0.7317996894163428,1.8683185702231637e-257
1169,-0.2871292146268122,1.0762970242118633e-257
1170,-0.30445868662571735,6.1896692058298815e-258
1171,-0.3227019413558687,3.5529701552775527e-258
1172,-0.705515946213413,2.228280914098758e-258
1173,-0.7375192983601564,1.3948809433785747e-258
1174,-0.275406468153665,8.021811290755525e-259
1175,-0.7512756893357982,5.0215713961628687e-259
1176,-0.26503678734456343,2.887852064671988e-259
1177,-0.2866480970473812,1.6576737556462948e-259
1178,-0.3111861650491045,9.495931107559512e-260
1179,-0.3317865893897256,5.427563774669133e-260
1180,-0.34800696911300555,3.094585868861436e-260
1181,-0.3615300863626285,1.759608001405452e-260
1182,-0.37454593655430596,9.974968190425273e-261
1183,-0.3849040683074705,5.63549550409808e-261
1184,-0.38990544343430095,3.1716916748090447e-261
1185,-0.6273695243898223,2.0287783814753082e-261
1186,-0.3910158055580351,1.141809002931256e-261
1187,-0.6242510965349095,7.303602173311109e-262
1188,-0.5877106517348696,4.6539211589248144e-262
1189,-0.42666435740878206,2.629296782391999e-262
1190,-0.37492893760539847,1.4797844677989078e-262
1191,-0.3440203110573331,8.292231991140825e-263
1192,-0.3273659462259207,4.6236641813565355e-263
1193,-0.6874085662524461,2.9852035168106967e-263
1194,-0.32816754826123073,1.6645191052883535e-263
1195,-0.6860289633709148,1.074673266051851e-263
1196,-0.5529012855242872,6.904082412962577e-264
1197,-0.462122109996797,3.8688237577866623e-264
1198,-0.2986874790111962,2.1572167604537053e-264
1199,-0.25292502811638723,1.1959560443754596e-264
1200,-0.26318373487803753,6.586032035916616e-265
1201,-0.7537120624403352,4.305441759751652e-265
1202,-0.7108860794440461,2.795752921548002e-265
1203,-0.5027959799099089,1.8050384124329451e-265
1204,-0.28922814607825414,1.1596207286130548e-265
1205,-0.24572691638980868,7.417535202448244e-266
1206,-0.772848216351914,4.174634623006998e-266
1207,-0.7218763837739239,2.3393297825130958e-266
1208,-0.5229615947722113,1.3043864830774352e-266
1209,-0.3095865441463709,7.2314888667470275e-267
1210,-0.699316832179777,4.6957913390787655e-267
1211,-0.32408541793390233,2.6033359920289293e-267
1212,-0.6851787977302811,1.6904848820683558e-267
1213,-0.41719208211952796,1.0914377033293095e-267
1214,-0.6000134046881413,6.08574557544608e-268
1215,-0.3310766064681346,3.373923445669493e-268
1216,-0.6767383826344281,2.1908684071605882e-268
1217,-0.3471401131113865,1.2146124404410172e-268
1218,-0.23467604357185753,6.688771281844907e-269
1219,-0.7791845216693802,4.372604785587661e-269
1220,-0.24192010577357104,2.4079576614641658e-269
1221,-0.7684980453767458,1.5741377228115587e-269
1222,-0.5899845843245057,1.0221715640448437e-269
1223,-0.4359497314964694,5.666895802121609e-270
1224,-0.26653220325336446,3.1207131292575587e-270
1225,-0.7474947460803629,2.0400824887637786e-270
1226,-0.5423928622572103,1.3247343470021177e-270
1227,-0.30999396409685326,8.552960328425936e-271
1228,-0.24980811765256453,5.494725219991012e-271
1229,-0.7623512173206793,3.079065718233336e-271
1230,-0.6951770331914807,1.7168557137147445e-271
1231,-0.4925548315135881,9.518208859576286e-272
1232,-0.31468120795415166,5.241599703311063e-272
1233,-0.7015474903315277,3.4265551894474625e-272
1234,-0.49461247236447825,2.2250450049743085e-272
1235,-0.5322217928062377,1.2335598682010863e-272
1236,-0.48250308005108034,8.010162017907508e-273
1237,-0.30743439802161404,5.171648045396204e-273
1238,-0.7133194502447163,2.8836583264467027e-273
1239,-0.541551399779156,1.5986935891886078e-273
1240,-0.3370898062015881,8.803874727276513e-274
1241,-0.25999041563479436,4.809894880461261e-274
1242,-0.2611476500427297,2.602895630203417e-274
1243,-0.7704721568125149,1.7315621569660545e-274
1244,-0.7581558715282823,1.140982164655036e-274
1245,-0.2590735685477758,6.233623765077795e-275
1246,-0.2279019232664184,3.3733527367436276e-275
1247,-0.25144758824140934,1.8043522117299173e-275
1248,-0.7768915656167115,1.2144069852277062e-275
1249,-0.23713947351273842,6.495667962227698e-276
1250,-0.7900171784269947,4.3718651468197424e-276
1251,-0.8069958326229015,2.908359503834696e-276
1252,-0.20618217765541802,1.5738714528551068e-276
1253,-0.8152250534728421,1.0470094213804905e-276
1254,-0.19767468051304432,5.665937230278385e-277
1255,-0.1917057180115127,3.0306188444569545e-277
1256,-0.8299491326197971,2.0397374029002175e-277
1257,-0.7965209864484973,1.3569242101091156e-277
1258,-0.467035470929652,8.941211358163647e-278
1259,-0.18505693266329315,5.845077059186498e-278
1260,-0.18677175860440365,3.795520222258553e-278
1261,-0.8457534683730837,2.1042277413071382e-278
1262,-0.17225678786819545,1.366387280013079e-278
1263,-0.8524063978973844,7.575219868705698e-279
1264,-0.9047912221293593,4.17161157126483e-279
1265,-0.6398206981281579,2.279111614086631e-279
1266,-0.3695802219704478,1.5017801656553389e-279
1267,-0.09759718810575149,9.817484949842585e-280
1268,-0.9293141615526548,5.406408596359219e-280
1269,-0.08787033673907037,3.5342945819433297e-280
1270,-0.9375278507501663,1.946307094689319e-280
1271,-0.07747660504073169,1.2723460494995988e-280
1272,-0.1403294563779489,8.262021375743209e-281
1273,-0.22840085310712355,5.3342574848499635e-281
1274,-0.28962884079174683,3.4269162963982917e-281
1275,-0.3275774025488856,2.192033277533783e-281
1276,-0.3589595312002676,1.3967833692613193e-281
1277,-0.37990246396325056,8.870252140261703e-282
1278,-0.6358123934067531,5.028420129340748e-282
1279,-0.3903353477821923,3.1932907704942133e-282
1280,-0.39097115921868003,2.0217505801473155e-282
1281,-0.6238945196144533,1.1495846773779168e-282
1282,-0.39958506799851123,7.278302088530337e-283
1283,-0.38525390179101343,4.5955233285164735e-283
1284,-0.6275442206203112,2.620188751870922e-283
1285,-0.5690602175653601,1.4898617418817794e-283
1286,-0.4749630000073291,8.445814903962788e-284
1287,-0.3880052866648773,4.771579318459723e-284
1288,-0.6398219249281302,3.040493365426604e-284
1289,-0.5456277943192931,1.930860817478785e-284
1290,-0.4556617921529967,1.094577611553577e-284
1291,-0.565335275230967,6.951098942923628e-285
1292,-0.4417438902469459,3.940479401592877e-285
1293,-0.28750848001372703,2.2262280468205677e-285
1294,-0.7273442622524333,1.4185725845734356e-285
1295,-0.284822730787719,8.014420968554043e-286
1296,-0.2451068522780779,4.5105656185677415e-286
1297,-0.7839740748256767,2.885191548679455e-286
1298,-0.2383969119690197,1.6238036226843878e-286
1299,-0.7770964364639469,1.038668957524604e-286
1300,-0.24562367137300387,5.845693041663795e-287
1301,-0.28262942782578826,3.275736697154002e-287
1302,-0.7253549688468147,2.1044494949989656e-287
1303,-0.7276139092180894,1.3461149689518867e-287
1304,-0.2942275717865597,7.576018181996276e-288
1305,-0.3053977328832925,4.245354759511585e-288
1306,-0.3361579222740535,2.3671666156562376e-288
1307,-0.36683781664958576,1.3123517645220107e-288
1308,-0.636042817247614,8.521799816362455e-289
1309,-0.6160352448205235,5.501979768327014e-289
1310,-0.5810587381044036,3.534667042992182e-289
1311,-0.4467577438476561,1.980712716597725e-289
1312,-0.5630472462254561,1.2724801354771853e-289
1313,-0.5187890952716759,8.139442462887926e-290
1314,-0.5047066345060528,4.580928487717868e-290
1315,-0.47560990685433047,2.567003680710651e-290
1316,-0.5432411400897885,1.6491342555784317e-290
1317,-0.5133337028547583,1.054871743190275e-290
1318,-0.5078054000094188,5.9368833200823545e-291
1319,-0.4836665056323832,3.3268367702010026e-291
1320,-0.5252674719843751,2.1372779952296472e-291
1321,-0.5072622496574273,1.1976612372723609e-291
1322,-0.5075820038405968,7.69420078282673e-292
1323,-0.5235673587834587,4.311580454180498e-292
1324,-0.4866733357515486,2.769912281817623e-292
1325,-0.5441106214282121,1.5521689635049794e-292
1326,-0.5188098975142379,8.654736200866853e-293
1327,-0.48784179928535437,5.587808268617928e-293
1328,-0.5457615393641774,3.1157050323120664e-293
1329,-0.46109799020943093,2.011610976702453e-293
1330,-0.5738856648761331,1.1216538116323441e-293
1331,-0.42870554925311405,7.241799516128832e-294
1332,-0.6026171105284683,4.037953721876439e-294
1333,-0.5317822750675529,2.238632319716832e-294
1334,-0.47108470636901906,1.4536633398755173e-294
1335,-0.36310297043767525,9.385372172902966e-295
1336,-0.31723590061530826,6.029496127330054e-295
1337,-0.3208650665377705,3.8567782270490655e-295
1338,-0.6986605946908381,2.170618605838819e-295
1339,-0.3214574227739681,1.3884401617376636e-295
1340,-0.3408693943232052,8.84726590150854e-296
1341,-0.6718658540051744,4.99838458225559e-296
1342,-0.35480279877980153,3.1850157245430736e-296
1343,-0.6581110583801894,1.7994184496120114e-296
1344,-0.6549722675890941,1.0127238167401594e-296
1345,-0.6414141443423643,5.674975656322528e-297
1346,-0.6006502499133994,3.164308680731788e-297
1347,-0.39826255194590426,2.0429912362761096e-297
1348,-0.6335946659548765,1.1391511250634443e-297
1349,-0.3797116908732577,7.3547684505939955e-298
1350,-0.32639435061655186,4.724964239382886e-298
1351,-0.326331956084162,3.022332018663527e-298
1352,-0.6935405221712975,1.7009871261778384e-298
1353,-0.32630703538558914,1.0880395267188693e-298
1354,-0.6893553559886433,6.123553654240218e-299
1355,-0.328907688308447,3.916942296187931e-299
1356,-0.6892149604468644,2.2044793155264787e-299
1357,-0.3353822812369856,1.410099226627655e-299
1358,-0.6873796564659217,7.936125535895323e-300
1359,-0.3346774615967916,5.0763572158595576e-300
1360,-0.3520895087078039,3.2347005897281785e-300
1361,-0.37333968521131455,2.0541918282085577e-300
1362,-0.3962543757706958,1.3005591469428805e-300
1363,-0.6110742281274812,7.395090581550805e-301
1364,-0.42058172043369935,4.68201292899437e-301
1365,-0.43243340220833654,2.956225143981901e-301
1366,-0.5700982014152703,1.6855246544379732e-301
1367,-0.4640508076541876,1.0642410518334841e-301
1368,-0.5418103726932134,6.067888755976706e-302
1369,-0.49211367389999616,3.831267786600543e-302
1370,-0.5140284116515504,2.184439952151613e-302
1371,-0.5195713660620254,1.379256403176195e-302
1372,-0.50017894510483,8.687206190602823e-303
1373,-0.4779733778830479,5.459390214205623e-303
1374,-0.4496345377589732,3.423911399554551e-303
1375,-0.40468531426595516,2.1433333350552755e-303
1376,-0.37656753836829093,1.3394022073023886e-303
1377,-0.6404220752682084,7.716000006198992e-304
1378,-0.37721492958189357,4.821847946288598e-304
1379,-0.3276337409160894,3.008476022653079e-304
1380,-0.6919557485230501,1.7358652606638955e-304
1381,-0.5793699560323716,9.999936008033893e-305
1382,-0.4072215220806344,5.750856369274214e-305
1383,-0.2911051152575928,3.3010844954483483e-305
1384,-0.2896496778139517,1.8910156984894061e-305
1385,-0.31428709521063625,1.0808427510895809e-305
1386,-0.6980255913247289,6.807656514561863e-306
1387,-0.7075064596342865,4.278205506101057e-306
1388,-0.6977490991782368,2.683119547648577e-306
1389,-0.6260826134278851,1.6796052518069846e-306
1390,-0.4006686098851395,9.659230371534878e-307
1391,-0.33203593456561936,5.544554335906971e-307
1392,-0.6835618716419789,3.4773229337525545e-307
1393,-0.3332637667927532,1.996039560926509e-307
1394,-0.6599898569724992,1.2518362561509198e-307
1395,-0.5620343518372481,7.836366262830666e-308
1396,-0.4274984595364669,4.897066684867604e-308
1397,-0.3380934288414672,3.0554069449861494e-308
1398,-0.6735927937600112,1.762944006552337e-308
1399,-0.5383316161332303,1.0155930676628544e-308
1400,-0.4772110686168975,6.346598423588417e-309
1401,-0.33001361155984016,3.95980740070205e-309
1402,-0.2847514754532789,2.46700553509912e-309
1403,-0.7228568835976475,1.425530664252736e-309
1404,-0.6160536584364645,8.22519155697057e-310
1405,-0.4138661344898439,5.13191039130987e-310
1406,-0.3046005636151704,3.19723917348847e-310
1407,-0.7167799578688603,1.84748774087153e-310
1408,-0.545220488070088,1.0659848257834e-310
1409,-0.3522706536802277,6.1409029173684e-311
1410,-0.6722127862344754,3.8375453728204e-311
1411,-0.5047668237064203,2.3943441121695e-311
1412,-0.5042711504283377,1.381516334215e-311
1413,-0.3360450878389376,7.95861018091e-312
1414,-0.2893087294420802,4.576911693505e-312
1415,-0.3061024538707732,2.627221279457e-312
1416,-0.70558533646058,1.64768820966e-312
1417,-0.6760386907155936,1.031435879447e-312
1418,-0.35819255615695805,5.9316775548e-313
1419,-0.6404360076913821,3.713169166e-313
1420,-0.46735684626621893,2.3204169392e-313
1421,-0.5665953022933223,1.33674089976e-313
1422,-0.4296672787403008,8.353500981e-314
1423,-0.25625888633847127,5.2119659696e-314
1424,-0.7730690335583666,3.0072603534e-314
1425,-0.5947131889880066,1.732416206e-314
1426,-0.3063577416333268,9.96294053e-315
1427,-0.20300262949644637,5.718888876e-315
1428,-0.8268900225332027,3.586658593e-315
1429,-0.7212386771005274,2.2452114e-315
1430,-0.2948291783373094,1.291197093e-315
1431,-0.17756616400405184,7.41168e-316
1432,-0.2200054429324827,4.2457572e-316
1433,-0.2796754524228093,2.426736e-316
1434,-0.3244210151737697,1.38363054e-316
1435,-0.6671926925868806,8.7362496e-317
1436,-0.36485916354414666,4.98107e-317
1437,-0.37722349519295045,2.832279e-317
1438,-0.6274456592802415,1.793185e-317
1439,-0.40846826478423065,1.0196206e-317
1440,-0.4130189903934143,5.780084e-318
1441,-0.40896778155907454,3.265537e-318
1442,-0.5973977732094294,2.08083e-318
1443,-0.43225814256302436,1.175595e-318
1444,-0.5741246288604682,7.49097e-319
1445,-0.4527507015849089,4.2321e-319
1446,-0.552241823864207,2.69676e-319
1447,-0.47561789133394866,1.5236e-319
1448,-0.3863015876297327,8.575e-320
1449,-0.6374105407729211,5.4846e-320
1450,-0.510360618585145,3.495e-320
1451,-0.5045509102672022,1.975e-320
1452,-0.3517928390764144,1.111e-320
1453,-0.2938373648175509,6.23e-321
1454,-0.2965960287521017,3.473e-321
1455,-0.32868758229847156,1.927e-321
1456,-0.6843090502585722,1.25e-321
1457,-0.3435049214150639,6.9e-322
1458,-0.6668215228562493,4.5e-322
1459,-0.6543043203196339,2.9e-322
1460,-0.5972240335013298,1.9e-322
1461,-0.5028260107765932,1.2e-322
1462,-0.5195589419740466,6.4e-323
1463,-0.440406530864838,3.5e-323
1464,-0.3811609729638155,2.0e-323
1465,-0.6224086046557276,1.5e-323
1466,-0.40749156935692116,1.0e-323
1467,-0.3634169902346247,5.0e-324
1468,-0.3398801353916409,5.0e-324
1469,-0.3319404543744343,5.0e-324
1470,-0.3399300555403631,5.0e-324
1471,-0.3396147525212415,5.0e-324
1472,-0.3508047256738862,5.0e-324
1473,-0.349102967980436,5.0e-324
1474,-0.6776512541555525,5.0e-324
1475,-0.33726100580868007,5.0e-324
1476,-0.32537595331708663,5.0e-324
1477,-0.6956557897865068,5.0e-324
1478,-0.3044383861676596,5.0e-324
1479,-0.7161638059142652,5.0e-324
1480,-0.2982224244423794,5.0e-324
1481,-0.27043139442812003,5.0e-324
1482,-0.29089114475951383,5.0e-324
1483,-0.31902287473387325,5.0e-324
1484,-0.34103670678923365,5.0e-324
1485,-0.3618620955783029,5.0e-324
1486,-0.6560424529585795,5.0e-324
1487,-0.6660797967137181,5.0e-324
1488,-0.6719006078846672,5.0e-324
1489,-0.34575235750365624,5.0e-324
1490,-0.6697416661382031,5.0e-324
1491,-0.6253270783794443,5.0e-324
1492,-0.5239514096093867,5.0e-324
1493,-0.4980328495665425,5.0e-324
1494,-0.5510770675281947,5.0e-324
1495,-0.44977722217657573,5.0e-324
1496,-0.5593867381539807,5.0e-324
1497,-0.4403522914724469,5.0e-324
1498,-0.5922832311528707,5.0e-324
1499,-0.47690586121161194,5.0e-324
1500,-0.5344383692876141,5.0e-324
1501,-0.4025674356168554,5.0e-324
1502,-0.6399732823267085,5.0e-324
1503,-0.37856903299608247,5.0e-324
1504,-0.3221620358312682,5.0e-324
1505,-0.7032863321591138,5.0e-324
1506,-0.664808075878196,5.0e-324
1507,-0.5481230825361143,5.0e-324
1508,-0.46586699770780693,5.0e-324
1509,-0.33561900601143874,5.0e-324
1510,-0.2984091296620802,5.0e-324
1511,-0.3158750211846737,5.0e-324
1512,-0.3386951801709965,5.0e-324
1513,-0.6694939103514616,5.0e-324
1514,-0.3577111340319704,5.0e-324
1515,-0.6556121856049163,5.0e-324
1516,-0.37189285236749614,5.0e-324
1517,-0.38519226205094254,5.0e-324
1518,-0.6258524635934278,5.0e-324
1519,-0.6172477354750159,5.0e-324
1520,-0.40671606180604697,5.0e-324
1521,-0.4143421682476816,5.0e-324
1522,-0.598179043976718,5.0e-324
1523,-0.5846666036766974,5.0e-324
1524,-0.5630398262159777,5.0e-324
1525,-0.5361336556681108,5.0e-324
1526,-0.5157946457142861,5.0e-324
1527,-0.4948284607999424,5.0e-324
1528,-0.4768664750609565,5.0e-324
1529,-0.46634187528613424,5.0e-324
1530,-0.45513027852047555,5.0e-324
1531,-0.5593339494868704,5.0e-324
1532,-0.4646531169562151,5.0e-324
1533,-0.44400962034965835,5.0e-324
1534,-0.5720049145892513,5.0e-324
1535,-0.5237123879817923,5.0e-324
1536,-0.49993919478345905,5.0e-324
1537,-0.5205046552747434,5.0e-324
1538,-0.5049297216152951,5.0e-324
1539,-0.4460525096942335,5.0e-324
1540,-0.39831245653941166,5.0e-324
1541,-0.6196281824467575,5.0e-324
1542,-0.5645612824321347,5.0e-324
1543,-0.4559836012542197,5.0e-324
1544,-0.5619386353613389,5.0e-324
1545,-0.47554506997945156,5.0e-324
1546,-0.4045286346121684,5.0e-324
1547,-0.6175163987551474,5.0e-324
1548,-0.5475572205625283,5.0e-324
1549,-0.4601499392678688,5.0e-324
1550,-0.5611412394145083,5.0e-324
1551,-0.4585766873212864,5.0e-324
1552,-0.5616288411866961,5.0e-324
1553,-0.471228647702862,5.0e-324
1554,-0.5482504557912881,5.0e-324
1555,-0.47664453615582303,5.0e-324
1556,-0.5418603494187243,5.0e-324
1557,-0.48417256411419235,5.0e-324
1558,-0.5325059147629583,5.0e-324
1559,-0.44520733303579507,5.0e-324
1560,-0.5806012151834254,5.0e-324
1561,-0.4348287412385555,5.0e-324
1562,-0.5915166884671127,5.0e-324
1563,-0.5118956764931059,5.0e-324
1564,-0.4401943472424421,5.0e-324
1565,-0.3951334058115105,5.0e-324
1566,-0.6216827474625757,5.0e-324
1567,-0.40003475926402726,5.0e-324
1568,-0.37493049395009737,5.0e-324
1569,-0.6409863110156859,5.0e-324
1570,-0.5996370068602646,5.0e-324
1571,-0.5156858210703495,5.0e-324
1572,-0.4229389066357553,5.0e-324
1573,-0.6056707955249385,5.0e-324
1574,-0.40376797628834377,5.0e-324
1575,-0.34330082781117127,5.0e-324
1576,-0.6876088007738119,5.0e-324
1577,-0.31884711878159006,5.0e-324
1578,-0.7104201586888231,5.0e-324
1579,-0.6509961389565071,5.0e-324
1580,-0.3598058925118441,5.0e-324
1581,-0.6699146838245054,5.0e-324
1582,-0.4869220741151742,5.0e-324
1583,-0.3129895241764298,5.0e-324
1584,-0.698677303687206,5.0e-324
1585,-0.3283100091756838,5.0e-324
1586,-0.27988558453074125,5.0e-324
1587,-0.7346778573238073,5.0e-324
1588,-0.6832682684554005,5.0e-324
1589,-0.5280859597636912,5.0e-324
1590,-0.3567454112175208,5.0e-324
1591,-0.2872300651456838,5.0e-324
1592,-0.7388143529405127,5.0e-324
1593,-0.279622236262012,5.0e-324
1594,-0.7456674341189841,5.0e-324
1595,-0.6853795067638586,5.0e-324
1596,-0.33198293920272004,5.0e-324
1597,-0.26477909509826625,5.0e-324
1598,-0.7602525154094,5.0e-324
1599,-0.6968204237528766,5.0e-324
1600,-0.4862054202325226,5.0e-324
1601,-0.30465394632786563,5.0e-324
1602,-0.267118880727697,5.0e-324
1603,-0.2973266639428147,5.0e-324
1604,-0.705545992077806,5.0e-324
1605,-0.32873173605664985,5.0e-324
1606,-0.6662018192881034,5.0e-324
1607,-0.6201028543511304,5.0e-324
1608,-0.536373169341565,5.0e-324
1609,-0.49131866547000835,5.0e-324
1610,-0.4219355674135087,5.0e-324
1611,-0.5704783213581017,5.0e-324
1612,-0.4656474173144624,5.0e-324
1613,-0.3845136492626569,5.0e-324
1614,-0.35461336593719484,5.0e-324
1615,-0.35351387700540643,5.0e-324
1616,-0.36510073226230205,5.0e-324
1617,-0.3852076106323314,5.0e-324
1618,-0.40038629604429504,5.0e-324
1619,-0.4089133777520447,5.0e-324
1620,-0.6098333864934327,5.0e-324
1621,-0.5990328261552422,5.0e-324
1622,-0.5709065562103891,5.0e-324
1623,-0.5249089280852823,5.0e-324
1624,-0.4708379960794475,5.0e-324
1625,-0.4268243536829382,5.0e-324
1626,-0.3991792865099155,5.0e-324
1627,-0.623563575404936,5.0e-324
1628,-0.39789208438374113,5.0e-324
1629,-0.3935727863068048,5.0e-324
1630,-0.3993942827885549,5.0e-324
1631,-0.41015719548919466,5.0e-324
1632,-0.6085212380824474,5.0e-324
1633,-0.4147081339501611,5.0e-324
1634,-0.6056804682422477,5.0e-324
1635,-0.4157436456225559,5.0e-324
1636,-0.42310188044681973,5.0e-324
1637,-0.4331088467177263,5.0e-324
1638,-0.5807144923852197,5.0e-324
1639,-0.4469439933778376,5.0e-324
1640,-0.5658597080851139,5.0e-324
1641,-0.55175399072453,5.0e-324
1642,-0.47630120744059096,5.0e-324
1643,-0.538128753151503,5.0e-324
1644,-0.5191013050191654,5.0e-324
1645,-0.5079182121951129,5.0e-324
1646,-0.5050026935584522,5.0e-324
1647,-0.4788593257514033,5.0e-324
1648,-0.45736408109722054,5.0e-324
1649,-0.4442014465500832,5.0e-324
1650,-0.5707919698336411,5.0e-324
1651,-0.5500680038417329,5.0e-324
1652,-0.47194155236609253,5.0e-324
1653,-0.5523266042880254,5.0e-324
1654,-0.46923510454379913,5.0e-324
1655,-0.5539464016899003,5.0e-324
1656,-0.46652264113744535,5.0e-324
1657,-0.4550791057364297,5.0e-324
1658,-0.4489954362891109,5.0e-324
1659,-0.44819045806387964,5.0e-324
1660,-0.45110473206347373,5.0e-324
1661,-0.45506359109470046,5.0e-324
1662,-0.4618242003615149,5.0e-324
1663,-0.5469136345525475,5.0e-324
1664,-0.5266605563408663,5.0e-324
1665,-0.5008624426570164,5.0e-324
1666,-0.5244838047118632,5.0e-324
1667,-0.5055170705140479,5.0e-324
1668,-0.5063420673555684,5.0e-324
1669,-0.5195730171333348,5.0e-324
1670,-0.4811948153003817,5.0e-324
1671,-0.52812535755332,5.0e-324
1672,-0.49170261241627805,5.0e-324
1673,-0.4185812189740587,5.0e-324
1674,-0.3672343580444303,5.0e-324
1675,-0.6634132641012738,5.0e-324
1676,-0.6347904557729473,5.0e-324
1677,-0.39479713281482454,5.0e-324
1678,-0.36322463371692654,5.0e-324
1679,-0.3547941114069388,5.0e-324
1680,-0.6729337869926494,5.0e-324
1681,-0.6696989740599777,5.0e-324
1682,-0.3505896641094086,5.0e-324
1683,-0.6790701495445304,5.0e-324
1684,-0.3402517071934159,5.0e-324
1685,-0.6816093855614189,5.0e-324
1686,-0.3378847365148437,5.0e-324
1687,-0.3172808243513627,5.0e-324
1688,-0.3220922101097841,5.0e-324
1689,-0.33644306991295403,5.0e-324
1690,-0.34813618381687716,5.0e-324
1691,-0.6794236562769843,5.0e-324
1692,-0.6847499256632773,5.0e-324
1693,-0.32815954112068224,5.0e-324
1694,-0.6906568315382247,5.0e-324
1695,-0.32537397685544933,5.0e-324
1696,-0.6921374681678804,5.0e-324
1697,-0.5811792643226171,5.0e-324
1698,-0.4113193745729059,5.0e-324
1699,-0.3174030032398366,5.0e-324
1700,-0.700021119986389,5.0e-324
1701,-0.324756586454628,5.0e-324
1702,-0.3155749727498441,5.0e-324
1703,-0.6998665767362197,5.0e-324
1704,-0.3278164855263944,5.0e-324
1705,-0.345256405381653,5.0e-324
1706,-0.3689077333404262,5.0e-324
1707,-0.38944337225893827,5.0e-324
1708,-0.6195832647592673,5.0e-324
1709,-0.6058556059256932,5.0e-324
1710,-0.5747057543456666,5.0e-324
1711,-0.45369543260924056,5.0e-324
1712,-0.4320084486906258,5.0e-324
1713,-0.566092718695264,5.0e-324
1714,-0.4983342750266319,5.0e-324
1715,-0.43248000783463536,5.0e-324
1716,-0.38827499442315344,5.0e-324
1717,-0.6363769995154098,5.0e-324
1718,-0.3842233644344987,5.0e-324
1719,-0.3731330229118234,5.0e-324
1720,-0.3780397085673387,5.0e-324
1721,-0.38827303640704947,5.0e-324
1722,-0.6308408058627453,5.0e-324
1723,-0.3928229759778882,5.0e-324
1724,-0.6242177735256736,5.0e-324
1725,-0.6181822897152439,5.0e-324
1726,-0.40282744424642286,5.0e-324
1727,-0.6121042726820487,5.0e-324
1728,-0.4094495083506921,5.0e-324
1729,-0.39372947047261764,5.0e-324
1730,-0.39226578861029066,5.0e-324
1731,-0.6266259563670376,5.0e-324
1732,-0.39710129462277,5.0e-324
1733,-0.39750170200544016,5.0e-324
1734,-0.6227351611496054,5.0e-324
1735,-0.6132681321715281,5.0e-324
1736,-0.5872614717234851,5.0e-324
1737,-0.4374000652883304,5.0e-324
1738,-0.4143309248516853,5.0e-324
1739,-0.4050553718598924,5.0e-324
1740,-0.6154086874758561,5.0e-324
1741,-0.40876910146352446,5.0e-324
1742,-0.4011470006748927,5.0e-324
1743,-0.6171652379224654,5.0e-324
1744,-0.6013082102138557,5.0e-324
1745,-0.42178769915422376,5.0e-324
1746,-0.5961226132750242,5.0e-324
1747,-0.4272259462165606,5.0e-324
1748,-0.406294954642837,5.0e-324
1749,-0.39524811518831543,5.0e-324
1750,-0.6138759992572267,5.0e-324
1751,-0.5707764931978043,5.0e-324
1752,-0.4428686130308688,5.0e-324
1753,-0.3962637352708453,5.0e-324
1754,-0.37030750570160975,5.0e-324
1755,-0.6432809666318801,5.0e-324
1756,-0.593689293702698,5.0e-324
1757,-0.5108649418701432,5.0e-324
1758,-0.419629382861641,5.0e-324
1759,-0.35878895845163256,5.0e-324
1760,-0.6446031842096673,5.0e-324
1761,-0.3706355117121621,5.0e-324
1762,-0.32548784228341804,5.0e-324
1763,-0.31782969193567545,5.0e-324
1764,-0.33116558894192977,5.0e-324
1765,-0.687994189278511,5.0e-324
1766,-0.7063637301661095,5.0e-324
1767,-0.3135737793085728,5.0e-324
1768,-0.7083292418898658,5.0e-324
1769,-0.7168112164946441,5.0e-324
1770,-0.686504371443904,5.0e-324
1771,-0.3274571985608696,5.0e-324
1772,-0.695658600424542,5.0e-324
1773,-0.5766276807966755,5.0e-324
1774,-0.42823910447198255,5.0e-324
1775,-0.5973618361618351,5.0e-324
1776,-0.42072527751451083,5.0e-324
1777,-0.5910703057750092,5.0e-324
1778,-0.4131622697638677,5.0e-324
1779,-0.3078660218165401,5.0e-324
1780,-0.6994644501872316,5.0e-324
1781,-0.323409620866516,5.0e-324
1782,-0.2889141376355017,5.0e-324
1783,-0.7224614455056154,5.0e-324
1784,-0.3044808526476846,5.0e-324
1785,-0.7038668034058893,5.0e-324
1786,-0.3225264713409366,5.0e-324
1787,-0.682956076478019,5.0e-324
1788,-0.5707284645191301,5.0e-324
1789,-0.45362140358061165,5.0e-324
1790,-0.35148109777949427,5.0e-324
1791,-0.31711738076805995,5.0e-324
1792,-0.31856676882789814,5.0e-324
1793,-0.6960979695362494,5.0e-324
1794,-0.3245822561372393,5.0e-324
1795,-0.32632800855795246,5.0e-324
1796,-0.6833245863056729,5.0e-324
1797,-0.3369586993039632,5.0e-324
1798,-0.32854534730732776,5.0e-324
1799,-0.6883886900692041,5.0e-324
1800,-0.3324128741327071,5.0e-324
1801,-0.328590829705175,5.0e-324
1802,-0.6903212853921182,5.0e-324
1803,-0.6685947302573051,5.0e-324
1804,-0.5862746511515741,5.0e-324
1805,-0.43297711877166584,5.0e-324
1806,-0.33597938544395395,5.0e-324
1807,-0.6700136734084786,5.0e-324
1808,-0.5297614787781016,5.0e-324
1809,-0.4779702430019688,5.0e-324
1810,-0.5323057686732846,5.0e-324
1811,-0.3491869533665775,5.0e-324
1812,-0.27443680275571786,5.0e-324
1813,-0.27846375056875056,5.0e-324
1814,-0.3049961404372315,5.0e-324
1815,-0.33215079694178035,5.0e-324
1816,-0.6902030544715673,5.0e-324
1817,-0.7205277773428519,5.0e-324
1818,-0.3010071034272866,5.0e-324
1819,-0.33340203290147313,5.0e-324
1820,-0.35940227025617705,5.0e-324
1821,-0.3767848142702272,5.0e-324
1822,-0.38682201583323134,5.0e-324
1823,-0.3975330210766996,5.0e-324
1824,-0.6244208625463302,5.0e-324
1825,-0.6344434108709261,5.0e-324
1826,-0.3865438174034526,5.0e-324
1827,-0.634521007680936,5.0e-324
1828,-0.3858274689466858,5.0e-324
1829,-0.6324929783381887,5.0e-324
1830,-0.6148514886708156,5.0e-324
1831,-0.4046868457650614,5.0e-324
1832,-0.6148881076476627,5.0e-324
1833,-0.5538811850109712,5.0e-324
1834,-0.4580959209344446,5.0e-324
1835,-0.3792283274974406,5.0e-324
1836,-0.33480795274435676,5.0e-324
1837,-0.3282116430356279,5.0e-324
1838,-0.6766328312051162,5.0e-324
1839,-0.6258422326237119,5.0e-324
1840,-0.3994583040375845,5.0e-324
1841,-0.6400380284010889,5.0e-324
1842,-0.37645272586471734,5.0e-324
1843,-0.3251984820371205,5.0e-324
1844,-0.3175300927309989,5.0e-324
1845,-0.6922237694606003,5.0e-324
1846,-0.3363882159230089,5.0e-324
1847,-0.674097052148084,5.0e-324
1848,-0.6414748887249861,5.0e-324
1849,-0.5787323590608932,5.0e-324
1850,-0.434633481975251,5.0e-324
1851,-0.6077471785376579,5.0e-324
1852,-0.5495318942848159,5.0e-324
1853,-0.48127953618382296,5.0e-324
1854,-0.4239697214711111,5.0e-324
1855,-0.5875317954378436,5.0e-324
1856,-0.5002947438559788,5.0e-324
1857,-0.41338719932399703,5.0e-324
1858,-0.6271883514329327,5.0e-324
1859,-0.38884005983403336,5.0e-324
1860,-0.35950121250768446,5.0e-324
1861,-0.6621655190781113,5.0e-324
1862,-0.35332246122711625,5.0e-324
1863,-0.3506153347510696,5.0e-324
1864,-0.6759926549413884,5.0e-324
1865,-0.34261207826487716,5.0e-324
1866,-0.3566417478083777,5.0e-324
1867,-0.3684405586675789,5.0e-324
1868,-0.37961028284719467,5.0e-324
1869,-0.39014001217549105,5.0e-324
1870,-0.40058152239409217,5.0e-324
1871,-0.6235617890339623,5.0e-324
1872,-0.3958078044731216,5.0e-324
1873,-0.6278738352512748,5.0e-324
1874,-0.6441175359221097,5.0e-324
1875,-0.6637533436526702,5.0e-324
1876,-0.6875494149349578,5.0e-324
1877,-0.714796849910256,5.0e-324
1878,-0.3099724768823064,5.0e-324
1879,-0.7080062364384431,5.0e-324
1880,-0.3159691232357212,5.0e-324
1881,-0.3435014132045478,5.0e-324
1882,-0.36565358733001235,5.0e-324
1883,-0.3827950574056,5.0e-324
1884,-0.6366817814894782,5.0e-324
1885,-0.386244435419352,5.0e-324
1886,-0.39824949960611755,5.0e-324
1887,-0.4066552522345894,5.0e-324
1888,-0.6138411884289544,5.0e-324
1889,-0.6163024494077843,5.0e-324
1890,-0.4050508284126719,5.0e-324
1891,-0.40841084205534706,5.0e-324
1892,-0.6130308564688275,5.0e-324
1893,-0.6177704348446265,5.0e-324
1894,-0.6194453952525928,5.0e-324
1895,-0.404328055849295,5.0e-324
1896,-0.6149972187176457,5.0e-324
1897,-0.6073535707406811,5.0e-324
1898,-0.586727240400094,5.0e-324
1899,-0.4382813313595019,5.0e-324
1900,-0.5783728362104449,5.0e-324
1901,-0.5405928747525087,5.0e-324
1902,-0.48247370414683394,5.0e-324
1903,-0.4489074333193591,5.0e-324
1904,-0.42724198404486835,5.0e-324
1905,-0.5883571933971011,5.0e-324
1906,-0.4369986368827366,5.0e-324
1907,-0.5786473594240619,5.0e-324
1908,-0.4463814265772593,5.0e-324
1909,-0.42201134136543994,5.0e-324
1910,-0.5924618027272293,5.0e-324
1911,-0.5468237334973528,5.0e-324
1912,-0.4752488296220144,5.0e-324
1913,-0.4288897126598329,5.0e-324
1914,-0.3976125467198295,5.0e-324
1915,-0.38634935659755865,5.0e-324
1916,-0.626586226740414,5.0e-324
1917,-0.6017934678244027,5.0e-324
1918,-0.5527475566737684,5.0e-324
1919,-0.488822831998582,5.0e-324
1920,-0.5366172639283732,5.0e-324
1921,-0.4786778808270494,5.0e-324
1922,-0.5398964529168456,5.0e-324
1923,-0.4809378184777908,5.0e-324
1924,-0.5401782403011715,5.0e-324
1925,-0.48004376369510304,5.0e-324
1926,-0.5428495947495345,5.0e-324
1927,-0.48029028511651056,5.0e-324
1928,-0.4291780346327568,5.0e-324
1929,-0.3966734221937294,5.0e-324
1930,-0.6234707107056464,5.0e-324
1931,-0.5783275666138059,5.0e-324
1932,-0.4492216495227195,5.0e-324
1933,-0.41367782561172145,5.0e-324
1934,-0.5971980907703476,5.0e-324
1935,-0.4279746925533813,5.0e-324
1936,-0.40355137899128085,5.0e-324
1937,-0.3977639002914304,5.0e-324
1938,-0.4022873936318498,5.0e-324
1939,-0.6217720206130941,5.0e-324
1940,-0.40646469040343197,5.0e-324
1941,-0.5963387338403991,5.0e-324
1942,-0.5688644974221679,5.0e-324
1943,-0.4580616041839988,5.0e-324
1944,-0.555409608310592,5.0e-324
1945,-0.47171661219306704,5.0e-324
1946,-0.4526741745633106,5.0e-324
1947,-0.5468174681580931,5.0e-324
1948,-0.47821855783226075,5.0e-324
1949,-0.4406911478182726,5.0e-324
1950,-0.5591824708347141,5.0e-324
1951,-0.4990911647680047,5.0e-324
1952,-0.5286530805639609,5.0e-324
1953,-0.47293571971854625,5.0e-324
1954,-0.40219263357884716,5.0e-324
1955,-0.6105595499049287,5.0e-324
1956,-0.5290290559117682,5.0e-324
1957,-0.5008994303159344,5.0e-324
1958,-0.4153361289696516,5.0e-324
1959,-0.6082329659997815,5.0e-324
1960,-0.5291200095378069,5.0e-324
1961,-0.43024631033227395,5.0e-324
1962,-0.5891819830551042,5.0e-324
1963,-0.4820844096813168,5.0e-324
1964,-0.3824368100165507,5.0e-324
1965,-0.6260967713751027,5.0e-324
1966,-0.5186383311865213,5.0e-324
1967,-0.4010277778265624,5.0e-324
1968,-0.6199917304888243,5.0e-324
1969,-0.4050706725904736,5.0e-324
1970,-0.6043858208659478,5.0e-324
1971,-0.4659179900455233,5.0e-324
1972,-0.3549096179880024,5.0e-324
1973,-0.6581350453680196,5.0e-324
1974,-0.3766808922678351,5.0e-324
1975,-0.33772245103689474,5.0e-324
1976,-0.6811874700438122,5.0e-324
1977,-0.3480254541421094,5.0e-324
1978,-0.6620949115838494,5.0e-324
1979,-0.3671360731932747,5.0e-324
1980,-0.6432715642645301,5.0e-324
1981,-0.59327420447335,5.0e-324
1982,-0.5224035602674092,5.0e-324
1983,-0.5009029031287051,5.0e-324
1984,-0.5200219009255764,5.0e-324
1985,-0.4922536320172352,5.0e-324
1986,-0.42881180796076734,5.0e-324
1987,-0.5883515765988033,5.0e-324
1988,-0.42856105095285574,5.0e-324
1989,-0.5860457026974315,5.0e-324
1990,-0.44065897995821335,5.0e-324
1991,-0.40068117480737325,5.0e-324
1992,-0.6147989050291344,5.0e-324
1993,-0.4169097869200049,5.0e-324
1994,-0.5954189796805068,5.0e-324
1995,-0.4312583639629581,5.0e-324
1996,-0.407646031314667,5.0e-324
1997,-0.5975998965479526,5.0e-324
1998,-0.5502313801944262,5.0e-324
1999,-0.4920954407427834,5.0e-324
2000,-0.44294714796827483,5.0e-324
2001,-0.5772099069459968,5.0e-324
2002,-0.44524429459305603,5.0e-324
2003,-0.5806072793504141,5.0e-324
2004,-0.5355100480582811,5.0e-324
2005,-0.4907288012991299,5.0e-324
2006,-0.45410105285487395,5.0e-324
2007,-0.5520424037499372,5.0e-324
2008,-0.4884795358937724,5.0e-324
2009,-0.5370507675098993,5.0e-324
2010,-0.48631680384836756,5.0e-324
2011,-0.5179126415028752,5.0e-324
2012,-0.5104056687576359,5.0e-324
2013,-0.4926697377797071,5.0e-324
2014,-0.5354902837834932,5.0e-324
2015,-0.47924566200748436,5.0e-324
2016,-0.39552009928522636,5.0e-324
2017,-0.6280049238237831,5.0e-324
2018,-0.38447578448674663,5.0e-324
2019,-0.6364202648941024,5.0e-324
2020,-0.5533489931631912,5.0e-324
2021,-0.45696214162764515,5.0e-324
2022,-0.3781441017318614,5.0e-324
2023,-0.3344387214335986,5.0e-324
2024,-0.6775473145976776,5.0e-324
2025,-0.34977648393044247,5.0e-324
2026,-0.3160693218468423,5.0e-324
2027,-0.7000696865892453,5.0e-324
2028,-0.6169142212458162,5.0e-324
2029,-0.4104028187944022,5.0e-324
2030,-0.31711290021519706,5.0e-324
2031,-0.6787513314190602,5.0e-324
2032,-0.5374558660118592,5.0e-324
2033,-0.4921957877009834,5.0e-324
2034,-0.5281799013953835,5.0e-324
2035,-0.33789879371896064,5.0e-324
2036,-0.6935886975066227,5.0e-324
2037,-0.32500091221723443,5.0e-324
2038,-0.268390768123321,5.0e-324
2039,-0.7559151886979001,5.0e-324
2040,-0.7003515690673098,5.0e-324
2041,-0.3165358677090726,5.0e-324
2042,-0.2668550175929212,5.0e-324
2043,-0.7525140610417245,5.0e-324
2044,-0.7010327588140162,5.0e-324
2045,-0.5245066075909648,5.0e-324
2046,-0.33721535087493854,5.0e-324
2047,-0.6545384076441448,5.0e-324
2048,-0.44190299350926454,5.0e-324
2049,-0.29391606903449125,5.0e-324
2050,-0.7233785367731606,5.0e-324
2051,-0.3003258136327081,5.0e-324
2052,-0.717854383316175,5.0e-324
2053,-0.5794357087155455,5.0e-324
2054,-0.4426579259190654,5.0e-324
2055,-0.5823718453718008,5.0e-324
2056,-0.38992420591684374,5.0e-324
2057,-0.6135967419841042,5.0e-324
2058,-0.3981880436573524,5.0e-324
2059,-0.638257308590223,5.0e-324
2060,-0.3766216911484796,5.0e-324
2061,-0.2803178320621277,5.0e-324
2062,-0.28176103251620244,5.0e-324
2063,-0.7348106527552113,5.0e-324
2064,-0.2911706344499929,5.0e-324
2065,-0.3218852507042539,5.0e-324
2066,-0.3520398186972587,5.0e-324
2067,-0.3774899164266568,5.0e-324
2068,-0.6299853596744673,5.0e-324
2069,-0.39782590239171617,5.0e-324
2070,-0.4062852872173146,5.0e-324
2071,-0.5983783513143779,5.0e-324
2072,-0.4266695896004853,5.0e-324
2073,-0.40774381698608914,5.0e-324
2074,-0.600598780221408,5.0e-324
2075,-0.43000877109670754,5.0e-324
2076,-0.5776649120821175,5.0e-324
2077,-0.49136409187925467,5.0e-324
2078,-0.5241874549086404,5.0e-324
2079,-0.4869129022736614,5.0e-324
2080,-0.5489036893383519,5.0e-324
2081,-0.4460680359885371,5.0e-324
2082,-0.5614258937040948,5.0e-324
2083,-0.42382949226130784,5.0e-324
2084,-0.6008366323819407,5.0e-324
2085,-0.4078611097413553,5.0e-324
2086,-0.5978712463781305,5.0e-324
2087,-0.4271969194865815,5.0e-324
2088,-0.30471698104276024,5.0e-324
2089,-0.2739098639296598,5.0e-324
2090,-0.7343806527651101,5.0e-324
2091,-0.2882834165429966,5.0e-324
2092,-0.29743871937514843,5.0e-324
2093,-0.32175984510798156,5.0e-324
2094,-0.33951166879784783,5.0e-324
2095,-0.6728905933023361,5.0e-324
2096,-0.34677693648350194,5.0e-324
2097,-0.6719724377333786,5.0e-324
2098,-0.35191037789560387,5.0e-324
2099,-0.6737252189085712,5.0e-324
2100,-0.6689070749464435,5.0e-324
2101,-0.3515104107597201,5.0e-324
2102,-0.345329044402234,5.0e-324
2103,-0.6738733178451056,5.0e-324
2104,-0.3473343559636799,5.0e-324
2105,-0.675568794848915,5.0e-324
2106,-0.6349112582496088,5.0e-324
2107,-0.5383062803543113,5.0e-324
2108,-0.42487474752677423,5.0e-324
2109,-0.35249256267802065,5.0e-324
2110,-0.3357451154195529,5.0e-324
2111,-0.6816140484662694,5.0e-324
2112,-0.6411440685658422,5.0e-324
2113,-0.3831413091396395,5.0e-324
2114,-0.34658619017442654,5.0e-324
2115,-0.34114273789482363,5.0e-324
2116,-0.3458755682521023,5.0e-324
2117,-0.3529450007429125,5.0e-324
2118,-0.6658033885448049,5.0e-324
2119,-0.34939709128630103,5.0e-324
2120,-0.6752039093496502,5.0e-324
2121,-0.666886572963021,5.0e-324
2122,-0.62376577315089,5.0e-324
2123,-0.3965080858022774,5.0e-324
2124,-0.6119104636243373,5.0e-324
2125,-0.5098376903033892,5.0e-324
2126,-0.5093641650807285,5.0e-324
2127,-0.5026997375366247,5.0e-324
2128,-0.40457385858625583,5.0e-324
2129,-0.3560864515135937,5.0e-324
2130,-0.35077377072893184,5.0e-324
2131,-0.36095247336530706,5.0e-324
2132,-0.6577162936745791,5.0e-324
2133,-0.6448735760926508,5.0e-324
2134,-0.6012383414769561,5.0e-324
2135,-0.5316617745716479,5.0e-324
2136,-0.45911424043592464,5.0e-324
2137,-0.41842775945233224,5.0e-324
2138,-0.5950348157820992,5.0e-324
2139,-0.5502772464706644,5.0e-324
2140,-0.5066997900017247,5.0e-324
2141,-0.5148441977348448,5.0e-324
2142,-0.47542336651073847,5.0e-324
2143,-0.5361683005577226,5.0e-324
2144,-0.4828827087875328,5.0e-324
2145,-0.43811584586038327,5.0e-324
2146,-0.5844266876255273,5.0e-324
2147,-0.4358958557502254,5.0e-324
2148,-0.3986812508222043,5.0e-324
2149,-0.38142362236840205,5.0e-324
2150,-0.375712019192633,5.0e-324
2151,-0.37458461916575064,5.0e-324
2152,-0.649940206367514,5.0e-324
2153,-0.36893007634999836,5.0e-324
2154,-0.6548219780575858,5.0e-324
2155,-0.6341917112304252,5.0e-324
2156,-0.5692399410624756,5.0e-324
2157,-0.4607288878404271,5.0e-324
2158,-0.5581576562460867,5.0e-324
2159,-0.42999657079379716,5.0e-324
2160,-0.584864027268012,5.0e-324
2161,-0.4290567291827353,5.0e-324
2162,-0.5782095634001176,5.0e-324
2163,-0.399003781203719,5.0e-324
2164,-0.6186199944640209,5.0e-324
2165,-0.4240592336642113,5.0e-324
2166,-0.2998228778293453,5.0e-324
2167,-0.6882483706261575,5.0e-324
2168,-0.5276639787903813,5.0e-324
2169,-0.49690143492340233,5.0e-324
2170,-0.33143017888943127,5.0e-324
2171,-0.2927600873317921,5.0e-324
2172,-0.7308098258119148,5.0e-324
2173,-0.6675729049101413,5.0e-324
2174,-0.5164400243153785,5.0e-324
2175,-0.3618488705039509,5.0e-324
2176,-0.6582326227188164,5.0e-324
2177,-0.5012471706796923,5.0e-324
2178,-0.5115575912568604,5.0e-324
2179,-0.36234219162078035,5.0e-324
2180,-0.31070620941936156,5.0e-324
2181,-0.31357131354448026,5.0e-324
2182,-0.33295215941017847,5.0e-324
2183,-0.6877753488427117,5.0e-324
2184,-0.6983173259568877,5.0e-324
2185,-0.3329528509520433,5.0e-324
2186,-0.6754537428213199,5.0e-324
2187,-0.6701233111035315,5.0e-324
2188,-0.35964179629456344,5.0e-324
2189,-0.6529099809082378,5.0e-324
2190,-0.3772745181556348,5.0e-324
2191,-0.6236564473993497,5.0e-324
2192,-0.40595947406653293,5.0e-324
2193,-0.3735080722559168,5.0e-324
2194,-0.3660767264525063,5.0e-324
2195,-0.6416388950988994,5.0e-324
2196,-0.5818634487527654,5.0e-324
2197,-0.4780266660037291,5.0e-324
2198,-0.3796645360181439,5.0e-324
2199,-0.3339505377064344,5.0e-324
2200,-0.33283407440137336,5.0e-324
2201,-0.3522306989464713,5.0e-324
2202,-0.6656927587701598,5.0e-324
2203,-0.6781182271489608,5.0e-324
2204,-0.3499410022507726,5.0e-324
2205,-0.3730323070484042,5.0e-324
2206,-0.6405816625145037,5.0e-324
2207,-0.6319985458918609,5.0e-324
2208,-0.5907130861254305,5.0e-324
2209,-0.5168147023744658,5.0e-324
2210,-0.5167126095137995,5.0e-324
2211,-0.46763101582793487,5.0e-324
2212,-0.5270935606790451,5.0e-324
2213,-0.4956170763210092,5.0e-324
2214,-0.4036541597035472,5.0e-324
2215,-0.6139300304377128,5.0e-324
2216,-0.40846445962661726,5.0e-324
2217,-0.3437647963582292,5.0e-324
2218,-0.3265692365957631,5.0e-324
2219,-0.3317973050682562,5.0e-324
2220,-0.3429148783038326,5.0e-324
2221,-0.36335456578334807,5.0e-324
2222,-0.37303567053890196,5.0e-324
2223,-0.6475216399643167,5.0e-324
2224,-0.640617089455127,5.0e-324
2225,-0.577969236519707,5.0e-324
2226,-0.4537722517839337,5.0e-324
2227,-0.5760570835325145,5.0e-324
2228,-0.4394059791304976,5.0e-324
2229,-0.3399633018701773,5.0e-324
2230,-0.6842642973756747,5.0e-324
2231,-0.34260255916270826,5.0e-324
2232,-0.29307262845146825,5.0e-324
2233,-0.2958704247678465,5.0e-324
2234,-0.3235325485306077,5.0e-324
2235,-0.345911121882433,5.0e-324
2236,-0.36069613943656487,5.0e-324
2237,-0.6521389033804519,5.0e-324
2238,-0.6315192264871372,5.0e-324
2239,-0.5642485043514527,5.0e-324
2240,-0.47533100855115074,5.0e-324
2241,-0.4017130160209418,5.0e-324
2242,-0.3636051636932075,5.0e-324
2243,-0.35542754962047185,5.0e-324
2244,-0.6735583113882326,5.0e-324
2245,-0.6814312499791508,5.0e-324
2246,-0.6696120748854333,5.0e-324
2247,-0.3489615737063342,5.0e-324
2248,-0.6736003144751231,5.0e-324
2249,-0.6232617231399643,5.0e-324
2250,-0.52579929963371,5.0e-324
2251,-0.48771277908216537,5.0e-324
2252,-0.538828306408378,5.0e-324
2253,-0.40134936156023304,5.0e-324
2254,-0.3191743531739098,5.0e-324
2255,-0.7029951901270707,5.0e-324
2256,-0.31660550057806336,5.0e-324
2257,-0.7066589743770313,5.0e-324
2258,-0.3127282661894492,5.0e-324
2259,-0.7022861106485357,5.0e-324
2260,-0.31730871512694414,5.0e-324
2261,-0.6994614010946512,5.0e-324
2262,-0.3196642876028608,5.0e-324
2263,-0.6934474148719568,5.0e-324
2264,-0.3260842035392738,5.0e-324
2265,-0.6872443025302094,5.0e-324
2266,-0.4597852830992598,5.0e-324
2267,-0.5662623740603107,5.0e-324
2268,-0.32760379701169556,5.0e-324
2269,-0.6842295813191517,5.0e-324
2270,-0.33604466042519054,5.0e-324
2271,-0.22172779694954647,5.0e-324
2272,-0.7930067786831854,5.0e-324
2273,-0.6311540827338493,5.0e-324
2274,-0.3935480006217635,5.0e-324
2275,-0.21486616469738698,5.0e-324
2276,-0.7824330842318177,5.0e-324
2277,-0.5204334192938375,5.0e-324
2278,-0.504760679754255,5.0e-324
2279,-0.23361150320893456,5.0e-324
2280,-0.18530736923429236,5.0e-324
2281,-0.24355051089506866,5.0e-324
2282,-0.26982033080865303,5.0e-324
2283,-0.7405828219828536,5.0e-324
2284,-0.7285565524682883,5.0e-324
2285,-0.2978602904136734,5.0e-324
2286,-0.24536691306221384,5.0e-324
2287,-0.743299681541883,5.0e-324
2288,-0.6117103295119632,5.0e-324
2289,-0.3618243746342308,5.0e-324
2290,-0.6689971423712393,5.0e-324
2291,-0.4188513555629522,5.0e-324
2292,-0.2554030633479299,5.0e-324
2293,-0.7419342943452291,5.0e-324
2294,-0.3021724075350485,5.0e-324
2295,-0.698103681773129,5.0e-324
2296,-0.32882590400935297,5.0e-324
2297,-0.6936116479867046,5.0e-324
2298,-0.40837674117205175,5.0e-324
2299,-0.2491508814943309,5.0e-324
2300,-0.7691472590921031,5.0e-324
2301,-0.2519119396746303,5.0e-324
2302,-0.2691620539471908,5.0e-324
2303,-0.7445761223285364,5.0e-324
2304,-0.273864726015398,5.0e-324
2305,-0.733401549629007,5.0e-324
2306,-0.2921459731160933,5.0e-324
2307,-0.7107228334100552,5.0e-324
2308,-0.58609870990655,5.0e-324
2309,-0.3879818388167025,5.0e-324
2310,-0.648038069266055,5.0e-324
2311,-0.3551105374095193,5.0e-324
2312,-0.6811409760921432,5.0e-324
2313,-0.47667270710344095,5.0e-324
2314,-0.27570532511343937,5.0e-324
2315,-0.22360653473585557,5.0e-324
2316,-0.8016375838063436,5.0e-324
2317,-0.720304380863448,5.0e-324
2318,-0.2982178310298978,5.0e-324
2319,-0.7081052968361928,5.0e-324
2320,-0.3381298149693749,5.0e-324
2321,-0.697169188436727,5.0e-324
2322,-0.2866732001604156,5.0e-324
2323,-0.14181248094737214,5.0e-324
2324,-0.8782708175553684,5.0e-324
2325,-0.1338694622351086,5.0e-324
2326,-0.8790020933576715,5.0e-324
2327,-0.6344100739558299,5.0e-324
2328,-0.18807416310900377,5.0e-324
2329,-0.131740706488373,5.0e-324
2330,-0.8857730599070593,5.0e-324
2331,-0.13923550013809724,5.0e-324
2332,-0.217774060460217,5.0e-324
2333,-0.2827971023769241,5.0e-324
2334,-0.32722373709053243,5.0e-324
2335,-0.36457842022470155,5.0e-324
2336,-0.39833761014477437,5.0e-324
2337,-0.6040199380341693,5.0e-324
2338,-0.43097888803528356,5.0e-324
2339,-0.5710344079431066,5.0e-324
2340,-0.5326686954141076,5.0e-324
2341,-0.4996701989822836,5.0e-324
2342,-0.470451766118765,5.0e-324
2343,-0.5317651642252386,5.0e-324
2344,-0.45526725000861124,5.0e-324
2345,-0.576393313435077,5.0e-324
2346,-0.5062319430377978,5.0e-324
2347,-0.42504689111938476,5.0e-324
2348,-0.36413186875214665,5.0e-324
2349,-0.634541209902298,5.0e-324
2350,-0.38777225706796525,5.0e-324
2351,-0.3420787447541401,5.0e-324
2352,-0.6621342515795727,5.0e-324
2353,-0.36907880229740936,5.0e-324
