t,lambda,delta_s
1,0.02838387857214899,1.2179422855090896
2,0.2960878637644278,1.190879226453038
3,1.1481301358593465,1.1527007769350317
4,1.176512246585655,1.1866706921603714
5,0.7456955867725519,1.1036685409212024
6,0.383293307726673,1.150408953004896
7,0.45153139625599426,1.1728835804778637
8,0.6246545054633427,1.1044745739867188
9,0.19909992964772535,1.0569504134999697
10,0.4182858125975628,1.0762276957546129
11,0.1376460592757831,1.114317240905053
12,0.24845615129278176,1.160295201455022
13,0.4295352053078237,1.0343754014768318
14,0.19764389077239258,1.0411781888161227
15,0.8201773757285971,1.1244422783376626
16,0.4428476116777305,1.2255929063171718
17,0.3072062624444386,1.232816385299727
18,0.4146715056906418,1.24379207278628
19,0.6695181993690833,1.2858689086881978
20,0.079263702889042,1.1451464692655648
21,0.19384398888545024,1.1592779395381243
22,0.35129590839256314,1.2582300082675708
23,0.5541826638099677,1.2711692427607835
24,0.5452043192938756,1.222287998383495
25,0.210523906257466,1.1946859227187203
26,0.24735605026069954,1.1429461269621028
27,0.5805507337085933,1.1293276860881736
28,0.8856344731707119,1.1348619492538252
29,0.3242044821246546,1.0848403364408437
30,0.4445687583405347,1.1321007433522765
31,0.6550699109290592,1.1301143215762495
32,0.566696116202343,1.0719961951040256
33,0.7053430449211905,1.1313671245203119
34,0.5354650224464405,1.2331803968968331
35,0.3061672614039111,1.0395101118463481
36,0.5147402277054841,1.072941538168718
37,0.4549450839547815,1.032277573707361
38,0.7937518296205597,1.0319539328715586
39,0.45752001504021816,1.124666175000588
40,0.20606264853736178,1.1830635292880478
41,0.4166246943915548,1.1036305361599432
42,0.5716475701498998,1.135460892800426
43,0.3818036564119284,1.0413910020833792
44,0.3177932011916092,1.1666729573636194
45,0.6367757130344838,1.1437833739793977
46,0.3857490632790909,1.1399230948523869
47,0.18148539283252746,1.166715298133991
48,0.8338037726135276,1.0623779699411828
49,0.1631713682353765,0.9809814322328626
50,0.4335696774527625,0.9289738044752929
51,0.6088922223120264,1.0538908369633249
52,0.6661492177754429,1.1039248770685055
53,0.782845083904853,1.160311857519672
54,0.23774786751725657,1.037387115224528
55,0.28622345710871233,1.1199682873636845
56,0.32150192599727706,1.0758815542154683
57,0.46472223013081937,1.1100139771742938
58,0.4375756869794781,1.0547678175695623
59,0.29255546657376935,1.0304410984829806
60,0.2914013844677044,1.0664381755200576
61,0.34649292677440935,1.0344592845456542
62,0.3535422070755837,1.0864605548779587
63,0.3839392304520623,1.1145883462822963
64,0.3162783724886189,1.0104251221569926
65,0.5387830765566319,1.0965460516203651
66,0.6049979351048212,1.174132524856327
67,0.4072788286297439,1.2041592680401094
68,0.24067245774398355,1.1249060785037928
69,0.48589461057025635,1.016850740719345
70,0.3543348613224163,0.9827753625852232
71,0.4549807087784565,0.9602143088952508
72,0.5204211227757941,1.0029362080836515
73,0.6113650724763694,1.0176203034472873
74,0.15173106089206398,0.9850560452517648
75,0.37211956097385507,1.063112192363946
76,0.43789046846203833,1.1391501041277952
77,0.475092219862728,1.1311404387585167
78,0.4891951763006161,1.0737961311636113
79,0.10360646111086105,1.0938726114807087
80,0.38671145659638184,1.0852264880180638
81,0.6418652003974042,1.0313671587716877
82,0.10843417533276886,1.149690635915627
83,0.31925525851203684,1.1779826784219276
84,0.5180105536219884,1.158816547438459
85,0.6848818137269274,1.153665685898233
86,0.45085872512546343,1.2047339087947284
87,0.1504503980643988,1.1128022103777473
88,0.7085019214565246,1.1390372135335227
89,0.7607929981940658,1.0904794420504134
90,0.32591053655013286,1.1138763271409438
91,0.44305296456962046,1.2074762076888699
92,0.5755950262114845,1.1520670016867869
93,0.48288599018161277,1.1575286340932385
94,0.34079094511714036,1.133808086365896
95,0.34334795625965847,1.1380759164656689
96,0.3402828718124547,1.065397170918479
97,0.3890234709208334,1.2135295959017778
98,0.33131936805978646,1.0782845283399136
99,0.3198577480253953,1.1179404905874084
100,0.5663459088831232,1.1472814211955498
101,0.24065528618526885,1.0777497115657761
102,0.18497724595164705,1.0704164262141382
103,0.13262136887684153,1.067221957730538
104,0.3855576190386281,1.1069774350011954
105,0.29203015534715465,0.9496239591809472
106,0.5931400474938988,1.0784085589289523
107,0.2955271140876595,0.9521144486782834
108,0.5743851415605852,0.9829512210515902
109,0.5540461093810517,1.10275749600831
110,0.38566232442051496,1.140133774680574
111,0.4736540086704724,1.1492568412326294
112,0.3446914669217089,1.1242345606399358
113,0.5382426205293233,1.148076109713914
114,0.09806014857677313,1.0127982914167413
115,0.37109014222575426,0.9879195650013269
116,0.7055182877854768,1.0759967602986744
117,0.4253345361554791,1.165745901602023
118,0.4895977534670623,1.0974395885676462
119,0.4805315262311926,1.0894231688309337
120,0.34367552851557387,1.167908239993752
121,0.368916510981145,1.1533779759943175
122,0.6221759602714017,1.197591034801485
123,0.5166918555650817,1.2357118439186219
124,0.7229990832146806,1.1574464231181447
125,0.23604169001991726,1.1930750325704753
126,0.39005458714163754,1.2538073329964055
127,0.39400300675708033,1.130792830726487
128,0.5669688731004705,0.9879062761379253
129,0.8802838373186068,1.0933964719991809
130,0.3626688466510811,0.9393572238960484
131,0.5797200301340739,1.0143543989314459
132,0.767829957127687,1.1636325546674577
133,0.28369324582375466,1.1869227006737273
134,0.5362135447081989,1.1040193491561305
135,0.19443543994293822,1.0808079479425334
136,0.6222462662084175,1.2404018568941344
137,0.4852827591565365,1.1811193926453092
138,0.13302137367682265,1.1432875412923194
139,0.5289173801717975,1.181251071129924
140,0.257581705870597,1.1144057808194578
141,0.20325158198653437,1.1825251644349777
142,0.27383976278184874,1.252654608527637
143,0.6188639854520376,1.2983770719054228
144,0.517978246618135,1.1781463315663099
145,0.43220501058205124,1.1406593232049438
146,0.5183573594963549,1.0428399655495577
147,0.2833967966826133,1.1045117971658285
148,0.2719209513844026,1.0180337402829236
149,0.3189095766211619,1.0661437105453648
150,0.32559189859927196,0.8817005410758889
151,0.3326257326231358,0.9531292708841196
152,0.30349134722084614,0.8492843033649928
153,0.2944517143649271,0.9722519955237099
154,0.5913989691497752,1.1040617246602786
155,0.45854659194910863,1.1324004859659746
156,0.6855426397081384,1.183328026082209
157,0.3603471537143171,1.1820709175368438
158,0.4097184035174874,1.150259918991586
159,0.5051970718790889,1.1784066873396515
160,0.3865512231106796,1.222978270828434
161,0.41235956374013105,1.1076441234265564
162,0.4777860238548445,1.1082962561156895
163,0.31635899260204714,1.0030068404923649
164,0.1359767715207686,1.0375819132083044
165,0.533310423551117,1.224742852711435
166,0.3194139126913777,1.2731156165402508
167,0.4805878166317793,1.06939210141951
168,0.21246278950294095,1.0562215736855547
169,0.2826726938939924,1.1529571834552972
170,0.3182164685142852,1.2168736530298006
171,0.5765830060518639,1.1737802380020241
172,0.4816184983811518,1.2713181750410214
173,0.6025188869609732,1.2744665964381878
174,0.3033685079023025,1.1757940170588637
175,0.5219172253442087,1.0729969739710192
176,0.3186464341042326,1.129646291936354
177,0.44205324779435523,1.1810839397850865
178,0.37263156857558255,1.0957409752660032
179,0.6130428656118142,1.203805335153849
180,0.45397568468979305,1.2161113336478397
181,0.3146678128172589,1.072531165179749
182,0.4614868288352852,1.0731204799846543
183,0.5349660393269665,1.1528764616131952
184,0.5173725447110246,1.1139196804386249
185,0.3715613173631337,1.1141256487589188
186,0.465847171266207,1.1038438796547168
187,0.5788562369309083,1.225423300214661
188,0.35932848367453796,1.1829870094772863
189,0.724069236232094,1.2002632778562454
190,0.14087445336069293,1.0685763933342796
191,0.2944833280230781,1.0051236539371589
192,0.32383745944907244,1.0059601488638925
193,0.14494376065270254,0.9419518119659291
194,0.42874778499404553,0.9758202159536148
195,0.3225379353722242,0.9710460139984836
196,0.493288464656134,0.999192397459026
197,0.4259524420825572,1.154086921242907
198,0.6320705235141898,1.108382326731182
199,0.6194570063238891,1.0878199180163706
200,0.5674731870398734,1.0199788807072472
201,0.565289496236117,0.9502495361374134
202,0.14517613671222268,0.9241303986934533
203,0.23876702472090117,0.9993931559552048
204,0.37495480659633346,1.0415523126763617
205,0.626059616594635,1.2122440667245846
206,0.06549263906933271,1.088056005451379
207,0.708604427597197,1.1094777380377556
208,0.41579531664514935,1.0838607011558148
209,0.4459699921050576,1.1064083251883938
210,0.47227721625102165,1.059881536040835
211,0.5050140041520422,1.107540254487145
212,0.2196716704967545,1.2005048600580681
213,0.3881510719976127,1.196553715373048
214,0.23521673646164895,1.118399678717397
215,0.2709257552418865,1.0660467924393877
216,0.47079338226518797,0.9485543656607995
217,0.11602839228511726,0.8802662054288996
218,0.3786553754877982,1.0014272181050725
219,0.3574507419249539,0.9603180829812404
220,0.7593577150628255,0.9679037589980358
221,0.41226234897738157,1.024385400453722
222,0.32880753444919436,1.1275071371296186
223,0.32038668495607153,1.1857377859551956
224,0.41399141927695604,1.1709885583777677
225,0.6999567850081694,1.1135150636725148
226,0.25094239958858466,1.1447996138395231
227,0.36459238028835506,1.0372882193559556
228,0.5952963356131437,1.1286012642226233
229,0.7190058337649687,1.2121018741927259
230,0.421315195365023,1.1701530642429516
231,0.3967474337831337,1.1468746618446328
232,0.2907034999305749,1.062746243935815
233,0.5167769318121802,1.1744099284808633
234,0.28241552655418245,1.0834103184634758
235,0.4388545151533309,1.0184730091326066
236,0.5242797524140774,1.1749243218942464
237,0.6438377850491163,1.1433112539000974
238,0.1520179603921664,1.062055122463254
239,0.3267200724713674,0.9611316925789198
240,0.2954158646291809,1.083094948247886
241,0.18593134032212905,1.0088445813458335
242,0.3235382906361556,1.1319739672514773
243,0.477161101283688,1.1008365237336748
244,0.6117471357242558,1.1836882977484637
245,0.34575488084847367,1.1652836723674336
246,0.4391302815155026,1.0751141660878614
247,0.1952868791506738,1.0748361670798625
248,0.5207869679481856,1.149581468123142
249,0.15886907448249715,1.032539752534224
250,0.3566290894552203,1.1380195746365183
251,0.356766620274135,1.0126331211143855
252,0.3840102205811103,1.0356328939810837
253,0.4329991970757575,1.0528502146854286
254,0.6436092022021909,1.1050068469703318
255,0.42226537519624596,1.1581523425492644
256,0.5097134382473165,1.2363014070380498
257,0.5942110100281731,1.264281297715841
258,0.601832412018795,1.2486332740185049
259,0.1962394525405327,1.160492314820633
260,0.3336911819163595,1.1615299441153144
261,0.38503182606002995,1.1253718836872637
262,0.4849347887648765,1.1089092879381024
263,0.362940970987188,1.1361112047759852
264,0.34274352792119334,1.2079095398199176
265,0.36710054839037665,1.140578324900818
266,0.6846794417781392,1.0562618933615657
267,0.5072819428453997,1.106525224749339
268,0.5600369283351704,1.2299723988674398
269,0.02439855882918199,1.1572229248841142
270,0.24981990734900453,1.1976143318289034
271,0.40394273187515806,1.2053364470286752
272,0.364018122723285,1.2085979014958614
273,0.4649305947962364,1.1831169166079605
274,0.4694473927584861,1.2136210872824023
275,0.4902235602988876,1.2769794014302676
276,0.5443182307750327,1.132052937130193
277,0.37594383822478106,1.1404428674730116
278,0.6738917196140124,1.134623862409543
279,0.3166402994747624,1.1626931072497495
280,0.4903190464497893,1.2022140802694352
281,0.28703685251404387,1.1478313140725342
282,0.4831294727916988,1.0345003198099723
283,0.23108438338852622,1.0785559651772143
284,0.2291631942252453,0.9647005965859553
285,0.5384187885612098,1.0520796585279388
286,0.49815646398229446,1.1666485877128514
287,0.5247514172042491,1.148056939835864
288,0.8209890260961218,1.1928053783114747
289,0.7183974890290592,1.15071756925419
290,0.23220913606630794,1.144032404319752
291,0.46335313780884746,1.063516606660544
292,0.18150421148809673,1.0122945632606404
293,0.6248078062476019,1.1533989096676853
294,-0.018041545818514727,1.0964492702473554
295,0.39842211399748995,1.078854781959804
296,0.3705517280037163,1.0958675402113232
297,0.47603725736383146,1.0716940433138038
298,0.22667682224927946,1.0845198234398132
299,0.18691769771661196,1.1463118643589856
300,0.3146964039317508,1.179974299450876
301,0.4970371998229883,1.2548694892451826
302,0.4321948594620161,1.1155834970828387
303,0.5838604558367738,1.156413280667892
304,0.37313173006322303,1.033772489990746
305,0.14971988410778458,1.0441244334675492
306,0.2074776388092759,1.1489320975822592
307,0.43873899465225435,1.0961667699321602
308,0.08492908269008477,1.065072016360359
309,0.20678031918228124,1.0926861585047287
310,0.5379388225385219,0.9634504232261764
311,0.8122815767697584,0.9884035766633441
312,0.35206341964220345,0.944530022729148
313,0.3974958577270918,1.0243414610184807
314,0.4583652149383793,1.0313084940206274
315,0.3470696022816092,1.0067152588458677
316,0.5508688399830348,1.0064118266365196
317,0.1548205928276147,1.0625959556762268
318,0.18582370304914705,1.0727501535138597
319,0.3697044874171434,1.1492264965773797
320,0.6110047971383654,1.176460241889732
321,0.5908447405504583,1.1373294076183589
322,0.2247176432345789,1.117910574221674
323,0.6010536409410667,1.1609580764362075
324,0.6331898873534618,1.2043029109826047
325,0.6314477718604617,1.1417508491727975
326,0.1687430622646298,1.1181905813016781
327,0.4626872848397203,1.1041265058957683
328,0.12033649458170284,1.1077532843360955
329,0.8327168061778649,1.0968575717071525
330,0.011439355625034377,1.1233298683374389
331,0.45858384684023185,1.0726967516331471
332,0.40418055167876543,1.1422563945084752
333,0.052140638200591664,0.9846206411554176
334,0.18810453043631434,1.0110427515260925
335,0.19001530313501086,0.9238560163306782
336,0.2692749716127776,0.982769345627021
337,0.4816242378479608,1.0001648708161648
338,0.5590681070408029,1.133434363041577
339,0.26234397643977825,0.9778260127191446
340,0.3608773214553332,1.025393522607398
341,0.45010479143402793,1.1405862623699212
342,0.5096812238456057,1.2132921180560774
343,0.6255242175584161,1.2498370068209854
344,0.43743182890895427,1.2260876105813974
345,0.4178022137538774,1.1181366001222892
346,0.46097948774732916,1.1349069901483255
347,0.42366861208546297,1.1022540700787449
348,0.6813633412648981,1.1842364490075714
349,0.20949241009041383,1.1696602110087417
350,0.24370922763570557,1.1085331523775768
351,0.5322091125864659,1.1161978242370787
352,0.44971977811222996,1.1161099945758792
353,0.49546084222114484,1.1154896675108628
354,0.5190239885585104,1.1264406561372355
355,0.6194405219101734,1.1259557990909181
356,0.5392447018162254,1.0893009294745368
357,0.06785296100721586,0.9804368849649036
358,0.43307047721689557,1.0665194761966792
359,0.6620344555592057,1.1063591681849656
360,0.48944806361506205,1.0090118477497803
361,0.1826427780321497,0.9459359319530876
362,0.6685587165300253,1.042777627348712
363,0.7039821962159496,1.1495470820136255
364,0.4353117650552752,1.2298826977948225
365,0.47094287853102873,1.1039622673192564
366,0.12872928404793885,1.0547680205246361
367,0.2782762641927796,1.084089989739439
368,0.758320737851225,1.1731764202364674
369,0.788438709146325,1.241770811545032
370,0.5844253685816916,1.1342902449370047
371,0.48028921938485475,1.104354764051819
372,0.5096635542387971,1.2355605194863568
373,0.1637348650612272,1.1712094782673752
374,0.4068678913200499,1.1300475638416883
375,0.491597499134009,1.1582033016461688
376,0.33467104957496957,1.1465427624157842
377,0.236257144316906,1.1543916282918723
378,0.48824952390140935,1.2307602500792032
379,0.40367354111942705,1.209341078943462
380,0.6255216162656588,1.2395923822986892
381,0.5029909520091173,1.1642845905965382
382,0.3505092966848574,1.0816964703475744
383,0.44706602819963565,1.0814550159086884
384,0.29418361372482177,1.069087211328473
385,0.46240148059567787,0.9612518498717794
386,0.3650758279741746,1.1230183033175205
387,0.5004194434950144,0.9975006754389806
388,0.568305324102301,1.0522891452350775
389,0.531292101444242,1.0016774335277725
390,0.5375074288048107,1.1068089538695516
391,0.5273562436485184,1.0604595771213838
392,0.3972625116313548,1.116475179497801
393,0.6373940133513691,1.0847932358047827
394,0.08291573725575273,1.1004452015894477
395,0.3738179726453621,1.1527964956731933
396,0.3556549963221378,1.1093522624780936
397,0.23262481058587295,1.2371006639900055
398,0.4017504838555193,1.3422730532197515
399,0.5892949919203101,1.2240946772421573
400,0.43137544686686913,1.1858158069461882
401,0.25911287070906475,1.2102821563853214
402,0.49562458567428397,1.2492465805503141
403,0.6973794693549267,1.1543112025553108
404,0.3700268661545203,1.0803555329923642
405,0.40994993187117834,1.0955960549029087
406,0.3634813553014521,1.0187158639610312
407,0.10346208746055978,1.0394960489553011
408,0.20299964749862104,1.1555043467517263
409,0.5763171276342243,1.1810347067126101
410,0.6272878665491702,1.1315722328296751
411,0.4515067469429218,1.0783280778257909
412,0.2649883833803636,0.9798752830155969
413,0.11100483950059381,0.9200573865538956
414,0.4795487456699675,1.0071884923720968
415,0.12037645987090509,1.0070280502311333
416,0.5365390866679219,1.003827748350738
417,0.4153348392026518,0.958490151570117
418,0.6656880419973235,0.9488237920008362
419,0.13396954601986102,0.900730132151308
420,0.43681532896575775,0.9863955014621153
421,0.317420824819446,0.9651504507450265
422,0.5410613662457721,0.9250972108801423
423,0.25300804551769773,0.9993370496162884
424,0.6809728564506731,1.0768143884068715
425,0.47387701587759484,1.0994670848211054
426,0.44859516830901786,1.008263903699775
427,0.6877596165764359,1.1049514151665878
428,0.48326640143087063,1.1838873017115017
429,-0.07692114795482485,1.0174081803879278
430,0.5424817486211779,1.071565370257823
431,0.4294497008383287,1.1178444419338887
432,0.4158143189360277,1.2329325574100027
433,0.36190512476412723,1.3073331972802433
434,0.23813074460388017,1.2064771099457106
435,0.502264414955341,1.1243683116322762
436,0.17849113719938758,1.1065723911655885
437,0.48193848408414997,1.141413602627158
438,0.4621746293192919,1.0791073140993959
439,0.3814656520674663,1.1211772958598853
440,0.4257438955485922,1.1112336631119608
441,0.25917892306956225,1.1232527192124686
442,0.5899251742744396,1.0323428960172083
443,0.35402563323524405,0.9392556742593045
444,-0.09083112251795372,0.9966961550304193
445,0.5489810743380744,1.1604574651588508
446,0.5710135611752136,1.2593510622969504
447,0.41277524622341294,1.1016231703359531
448,0.43832391471554766,1.1254656856334853
449,0.36217605814798254,1.0506325537090362
450,0.6328045167732377,1.095436399231039
451,0.4750508862598167,1.0341045322465099
452,0.8388102939094737,1.103219572917373
453,0.5629861229245884,1.018992467821687
454,0.22802621014541488,1.0073895167013602
455,0.728688952317695,0.9843568349606123
456,0.24873113638294037,1.0731368828986352
457,0.23928532589748774,1.07767439181376
458,0.48639134240678467,0.999244382593439
459,0.19525437255437628,0.9797186451984643
460,0.3849988674388219,1.2502593859872215
461,0.5839890657226648,1.2466355050277484
462,0.4437170555643061,1.2381860315307767
463,0.32306455497674547,1.2242848473596428
464,0.561233906189476,1.1150955195094865
465,0.5585209002038353,1.1779347766895363
466,0.6486175259836378,1.2575788798623861
467,0.7142831397229792,1.3248365950557368
468,0.5543795703890062,1.2095750393144316
469,0.8255983398932845,1.1946628841675722
470,0.31130015201838024,1.1100558029837488
471,0.6810373199862412,1.0483847931007992
472,0.4531651389222862,1.1106481709691478
473,0.10402109308711475,1.0245644379046097
474,0.1773348341748384,1.0598008016995777
475,0.34179761867447844,1.1577304715842318
476,0.30551510105286234,1.0467961459014548
477,0.2565388943916873,1.1346134266684826
478,0.3479064126912408,0.9378420795565786
479,0.3743594664172894,1.0919591067988554
480,0.30168943803606135,1.023668770852287
481,0.36986610426855754,1.0815478368730154
482,0.2459791303897415,0.9064804081203743
483,0.2881600159128402,0.980057427408389
484,0.5599819013771475,0.9677501528381467
485,0.258764477353843,0.9643338828233099
486,0.35433188207019806,0.9989164159901899
487,0.49700861289831505,1.077965191762988
488,0.4340783904600318,0.929040791037653
489,0.459121354061135,0.9183478698829618
490,0.5614447373105794,0.9920504330294865
491,0.3109878739894266,0.8540296554050453
492,0.44379459436561447,1.046290868185858
493,0.4854758026987642,1.0907437249042007
494,0.22014024204485924,1.0509170191301314
495,0.7784332721674637,1.1459298338677968
496,0.4173697187648538,1.2285139276208874
497,0.4386042665036161,1.0471336203849155
498,0.44600502272286213,1.1014779158040433
499,0.47937869843157516,1.1814623562622417
500,0.3392749385044612,1.2131245899752066
501,0.616352863500468,1.1646862568788103
502,0.4115412608340833,1.2482304108694646
503,0.235414173539176,1.076140375143979
504,0.2691875861657717,1.1207676349124087
505,0.1702655201966807,1.0151123730050156
506,0.23824969710823188,1.0451057052884423
507,0.557462298487577,1.1781072578073304
508,0.7651539417894064,1.1784530951652945
509,0.9311376187717675,1.1775749302072138
510,0.6937873975995855,1.2358056610606118
511,0.5512968881535851,1.3133665957698257
512,0.29632949422172755,1.1381908112133274
513,0.20962473306981838,1.1470835054097908
514,0.1839600928837522,0.9540558499383829
515,0.2588213277858378,0.9617697649848623
516,0.48728983181382074,0.9817935830816888
517,0.2818969114097523,1.142360391531119
518,0.2354383424564326,1.1440103347598498
519,0.1930508911370314,1.038362428732817
520,0.3164100252856875,1.1262755276986878
521,0.4356901827694097,0.9998962221822452
522,0.4203447839899568,0.9507961103589053
523,0.3945594728299919,0.9424231968924528
524,0.5486229140387716,1.150851709252373
525,0.4773247150409445,1.1898339972210454
526,0.5698860116731874,1.269623012837254
527,0.6096820083642961,1.1507990485100246
528,0.3579556183908513,1.17512280536609
529,0.3917218943952121,1.2106238531810054
530,0.3851513540821925,1.166819614642496
531,0.43631782894793025,1.1428870451870905
532,0.40247708836712304,1.1205384670168608
533,0.41109564030820406,1.0851815515995966
534,0.560549687778394,1.1067027935874731
535,0.1091545326113831,1.0372509253613311
536,0.4106833347444419,1.0861480233157268
537,0.48926923015141327,1.0380153656196913
538,0.5541759828192616,1.1653889445500036
539,0.5323008664153341,1.1873093805229133
540,0.3774374434589934,1.1990272752349458
541,0.2742781704049866,1.133063125916303
542,0.40234072380373853,1.1964382139404022
543,0.4060169070253383,1.139120408730887
544,0.4404348982175122,1.1296254794331735
545,0.37674514371909623,1.0929234802694774
546,0.7866907114208583,1.0936126000970163
547,0.2230929428515195,1.0733633963582219
548,0.31349454204180655,0.9424367414112945
549,0.3528075291065024,1.038020002076343
550,0.12841469474526468,1.0733027059300795
551,0.46092790446978193,1.14471256753391
552,0.011876727348080698,1.0399916127999889
553,0.502884742276985,1.0229109334694293
554,0.5933453705878422,1.167494038923462
555,0.44801992079853126,1.2188791610432927
556,0.058111502394073186,1.0687149935999938
557,0.6183084913502082,1.0734828552687166
558,0.5445981716911569,1.0460249366360639
559,0.5885729650169409,1.1586680237817513
560,0.5331864111408002,1.0658662396091991
561,0.5473631339001096,1.1879782592444699
562,0.5243140164856621,1.2632282170021962
563,0.2066066130677327,1.2346471971861337
564,0.5277918288156006,1.1489710570223008
565,0.3483714619469353,1.1419000909891477
566,0.4262665426058042,1.1339142828113058
567,0.3408301021491996,1.1768871648302703
568,0.7159131853758749,1.2287689561532837
569,0.32051316850161016,1.1650372592798037
570,0.4385864039508897,1.209367990959889
571,0.46498784224514744,1.1430028132007566
572,0.093116180743636,1.1778383453969812
573,0.5836995789904162,1.247967333622211
574,0.058023386031021966,1.1016288713664901
575,0.3896966624856205,1.0144463164203077
576,0.703338340825438,1.0102839150827656
577,0.16993243589558255,0.9906348630329587
578,0.35855630356670315,1.1162839455397442
579,0.23595543105542902,1.051560799771606
580,0.6841826112466216,1.1136087872641192
581,0.5470887311857572,1.1341330669808714
582,0.5265577639258838,1.2082462003099328
583,0.4126462864385518,1.1746380527695786
584,0.09863638850926751,1.2015547354007963
585,0.2854085836223321,1.2055337849511467
586,0.4225877263776308,1.161556365685447
587,0.5157453040712131,1.1678513761619722
588,0.4525327743769621,1.0907036552161535
589,0.500952943916078,1.1103589030607366
590,0.35911012977645973,1.1141500957440615
591,0.4051117299492266,1.0868496316083551
592,0.35287359428381654,1.1335492684872397
593,0.10722678694144219,1.0060884693348422
594,0.29740604165275736,1.063281427638584
595,0.41265950195610507,1.186107920635806
596,0.3178971321967511,1.0470947086424283
597,0.48453336369206107,1.2040606705174342
598,0.657132970345454,1.2547105463302852
599,0.570078239658379,1.1886977342387106
600,0.25402043600990665,1.199022772351557
601,0.6673387705662237,1.2066396640781858
602,0.38395521934148075,1.2852173151853614
603,0.6079554236214394,1.1175141514605373
604,0.40302076263073217,1.0911663939252099
605,0.19896855426222723,1.2155820387782237
606,0.3310923532266449,1.2858246938096798
607,0.5129657769472978,1.098412430395293
608,0.6517994990226104,1.1288593066648311
609,0.6675537583496364,1.108007745664743
610,0.7043050399168579,1.074193046886666
611,0.5157075448327533,1.060852573593615
612,0.4450887345213509,1.122170811916606
613,0.19405336588325536,1.0716192955787
614,0.4099537245630077,1.0823365252905002
615,0.3613340443654539,1.0700534690280727
616,0.16968175713721798,0.9686624354126017
617,0.3825294304341388,1.0651229812547944
618,0.3885920217610615,0.9011921033539944
619,0.4106671252527336,1.0520261184748467
620,0.7138137734791827,0.9190499053370929
621,0.418701618053092,0.8985219982568596
622,0.8122653342853124,0.9414534878024057
623,0.4295777326289438,0.913899986349768
624,0.19571246187469746,1.0329562526427523
625,0.4472569972565,1.0573172998994544
626,0.545593235296331,1.019736827526402
627,0.19472569499786777,1.0195188950007126
628,0.2889498076796264,1.1451032113186421
629,0.5542973837417154,1.1792550093807823
630,0.6215181865177883,1.0713787164306765
631,0.06774457994787247,1.0746021741099614
632,0.2583718850489265,1.1975494915396578
633,0.41621927219951416,1.16256327159506
634,0.44578234486763185,1.1261923247317855
635,0.24228606883184298,1.0925456786178103
636,0.4028257050076636,1.1906574494695186
637,0.26558134260272326,1.200349917361492
638,0.4107622526744238,1.1952509891174263
639,0.6093218078528632,1.142802703380194
640,0.5191607467457616,1.1570763912355613
641,0.6013583978253061,1.169671353336867
642,0.263813187092733,1.0677876936891417
643,0.17349118123747526,1.0033374789049796
644,0.27090117103496253,0.9109843792526462
645,0.5828489308145016,1.0254999376689753
646,0.43865602149360045,0.9713893817731009
647,0.2908674428193522,1.0501469241830974
648,0.3742977817309426,1.0191509992265135
649,0.21607730891808113,0.9928520838404615
650,0.42180398589549023,1.1856181808911919
651,0.6674692086592081,1.3195517689863998
652,0.3280080117692631,1.259001596625374
653,0.38334028944455373,1.2751964128377442
654,0.3605949313401777,1.2390390560190456
655,0.4145811228807004,1.2105377850836598
656,0.479420718796118,1.1258198841800793
657,0.42721495710131546,1.1069963279122392
658,0.5521437766003422,1.091170729165714
659,0.6384641065876019,1.1477188224489523
660,0.3555294945200077,1.2130257342293462
661,0.7649421147135029,1.257026227373935
662,0.6467831086825726,1.2779412602214746
663,0.24934351575734862,1.276448759518265
664,0.6696488042684077,1.1930427289255416
665,0.6103479069920262,1.03422109358079
666,0.046317770165654984,1.097359469278666
667,0.22183149694848955,1.1736975767474536
668,0.4650190650755693,1.1918689952070778
669,0.1742758927605948,1.087473437137668
670,0.46071810884234965,1.0488066576129338
671,0.021365376281487745,1.0069480102257302
672,0.17139129047013388,0.963557944826186
673,0.33967816841124804,0.8879499100343291
674,0.7117651837637843,1.1652102795109012
675,0.6320446980481158,1.1102649049706197
676,0.44263912883492984,1.1688081345696009
677,0.22243709657914124,1.1104242484710234
678,0.43538284780399134,1.174845055168415
679,0.4913250542433408,1.1380936875463132
680,0.321558713236667,1.0645650164248044
681,0.27237515301920856,1.2344456597486293
682,0.26097142932079676,1.3047425638416028
683,0.41371504430896866,1.2323750289286712
684,0.28568218813347596,1.1681842473629735
685,0.4667536815739892,1.0980258946904737
686,0.6769773696175276,1.0871227524282137
687,0.5070103796157119,1.0500926203349275
688,0.374320175415697,1.0678496017362833
689,0.5064975611790457,1.1404266825627738
690,0.2527917094663152,1.0779259752653874
691,0.5727765945903764,0.9841227308539818
692,0.16014353913933654,0.8981949212172495
693,0.44199212855088915,1.0286671228113664
694,0.76344684572275,1.0958078634481527
695,0.5152423902915662,1.1563180722389124
696,0.2992868903520507,1.0487113620469475
697,0.45250938283462044,1.0898673910225245
698,0.5228780147081687,1.065215629709473
699,0.3594474932741207,1.0970858461333624
700,0.3429148083919513,1.177932752921507
701,0.3413018865594481,1.141144356138814
702,0.3670652577771378,1.114641348754802
703,0.3090305954370952,1.0898899253552503
704,0.7026627023855038,1.058926283763168
705,0.6601456193399848,1.1013627121425562
706,0.3832377766501562,0.9825279630818959
707,0.4248138838840831,0.9604208544600792
708,0.4881609537223388,1.040513999012879
709,0.14962780003869688,1.0396061106640198
710,0.5117218490187355,1.258038125319417
711,0.3630193573078919,1.2472757360725104
712,0.3764058358599035,1.1461844327291553
713,0.3869353415442705,1.138525387008077
714,0.27199188572675653,1.1685864670589619
715,0.4931905921260063,1.0585130947282384
716,0.5027358955512128,1.0704735914012788
717,0.36849560148107485,1.2302050081232365
718,0.3906856940415017,1.07207466491227
719,0.7621817958810302,1.168224916973259
720,0.8014705333273678,1.2593386028385902
721,0.939609330918704,1.2771611656701547
722,0.7530465935115533,1.1742233921332572
723,0.4185840919235532,1.1234730162114777
724,0.2721807957636068,1.1082274225980102
725,0.47489472615526124,1.2152473162629158
726,0.5756534192225957,1.2203474386485613
727,0.521349426399552,1.1924394686574067
728,0.4165965813490787,1.1119417788149133
729,0.3809179381775505,1.1851772922274562
730,0.9297674862049484,1.1798054051026747
731,0.3846502196181071,1.1413727891485195
732,0.20707812318542737,1.1429117685155095
733,0.5065710933249713,1.1773605813553014
734,0.7290081235525725,1.1598556915332339
735,0.4556695873976653,1.0364342545358844
736,0.4554717395170839,1.0464404874872888
737,0.47217930271130926,0.9454883419708381
738,0.3488440605376052,0.9697893768768219
739,0.3162347003579905,1.0305812090192996
740,0.7427092353853215,1.208363486940119
741,0.10957664666871705,1.102833385180198
742,0.507758775935542,1.0878875141846893
743,0.2700066132326813,1.050723996245552
744,0.4946672404309563,1.137634820596291
745,0.39898694362890574,1.1945741598714488
746,0.5714310187004211,1.1294322254038696
747,0.5547513580220422,1.0494976738518014
748,0.13496156610480284,1.0661312702909296
749,0.516880592047091,1.08657483548588
750,0.39129405596899675,1.1005462801684944
751,0.8707272773867575,1.167025297945598
752,0.19602084330400021,1.1127097440494933
753,0.06974999399336763,1.064124561433878
754,0.6398885179033653,1.062960292004332
755,0.5222879093019462,1.208400146556456
756,0.5092775691634497,1.1819039166510175
757,0.30889697004019123,1.0368440075826066
758,0.35455111302262765,1.071987081015871
759,0.4642331562393105,0.952627287653998
760,0.387036519718862,0.9818283748295565
761,0.14652588440916806,0.9653267024136691
762,0.466760983295053,0.9752094203820477
763,0.685483728619954,1.040161433325923
764,0.34435884341042117,1.1043437971142285
765,0.20874026087957262,1.0806723190101388
766,0.4707560588904398,1.1579253407623062
767,0.5401210586189702,1.1376807579363224
768,0.055725156031894645,1.1191668347988852
769,0.47193297335477546,1.0469944455741313
770,0.4358736879629842,1.1510772535788167
771,0.3249297219414218,1.0873899591668097
772,0.4405344764669978,1.0978961504019238
773,0.5800639201551491,1.152806754984935
774,0.38628166037059003,1.0290659151526786
775,0.38205518041547193,1.0948339631281676
776,0.5078684136725821,1.0890750791986423
