t,lambda,delta_s
1,-0.8870039523393197,1.2448311707395825
2,0.15995644695540848,1.231780156192292
3,0.07797278002935748,1.1698991961398622
4,0.14437517646763992,1.1797195201905533
5,0.14730405284170775,1.1576547757689999
6,0.1512997257672689,1.3239148870031763
7,0.5595649550722633,1.1447936011057316
8,0.6430861008338993,1.1835064358920497
9,0.5118558977871525,1.183226275624185
10,0.26289542507202096,1.0575191332474474
11,0.4511162108066146,1.0558513195121242
12,0.525774919887368,1.1201031797500947
13,0.6370720200245549,1.1550169802957582
14,0.09432970048847725,1.0385258595091078
15,0.042819536448675866,1.1435694317304217
16,0.45894980371118693,1.1397187001260507
17,0.38710223359647566,1.201374433653191
18,0.14490322367875555,1.1713827172361586
19,0.26907968037988683,1.1306989183748346
20,0.308204831016719,1.1977023151548964
21,0.3323410215496309,1.2599516932347563
22,0.4309743823206827,1.2272192295826627
23,0.36138216280300833,1.2041709100217306
24,0.5072542575241167,1.0980323755653763
25,0.4286985211956502,1.0594447693971922
26,0.2590218381424844,1.0759266308066475
27,0.5101754478814876,1.1837636795623674
28,0.4007916182508475,1.1294580762281137
29,0.07622998864124213,1.0930137949910204
30,0.11093951715728094,1.053416526434356
31,0.26926537495919284,1.0024910399198395
32,0.47531417417694344,1.0419445349257612
33,0.5438528168463365,1.0952153232464181
34,0.4214898151643666,1.19052155283947
35,0.2250752983312028,1.1054890204936367
36,0.6293313295192023,1.1841196899354767
37,0.5733334627258244,1.1701776689429817
38,0.4593385081924525,1.1391545741362148
39,0.8612640599673854,1.108539044748402
40,0.763313321347925,1.1133854413559565
41,0.8495911187122714,1.2489870748123093
42,0.686706098614427,1.2313083576337271
43,0.2852622650361618,1.2099964250264645
44,0.35225456651637205,1.1256605541193767
45,0.42367662074594187,1.2099618160382304
46,0.3380934468309506,1.1879441512724473
47,0.5101414055869925,1.106745783660456
48,0.5028276350271452,1.031418834280225
49,0.35633626738205065,1.000283550770476
50,0.5248749321934976,1.0857250035242507
51,0.39543304876225954,0.9677950327131155
52,0.5404902850316128,0.9709107979376665
53,0.6079778904273064,1.0799349137474819
54,0.6348166247384368,1.0980390813984968
55,0.2009617139549331,1.103217256594471
56,0.6050246468062759,1.085691288303586
57,0.028844502123135093,1.1038870795438596
58,0.6929969320016913,1.163168087314159
59,0.39399975523685704,1.249601383901543
60,0.921902161949594,1.1338864260723502
61,0.624691783472016,1.0184478713031822
62,0.6615023155380605,1.0616933290061126
63,0.15847450959720008,1.0432821204154643
64,-0.012738107327040197,1.1142552872384524
65,0.5839566301949356,0.9432359278873766
66,0.38347656666960955,0.9885751722109298
67,0.5866976531096828,1.1133190296455835
68,0.7310495966605359,1.163441321282279
69,0.6114503576650525,1.1907958782841503
70,0.3306237839919183,1.1421201157190775
71,0.48623504240164184,1.1302640338076861
72,0.51033974398575,1.1239210585020933
73,-0.05313468009254894,1.1241190009733577
74,0.3085117825732905,1.1048272931808778
75,0.052952457740810144,1.0445950943244529
76,0.38601173110319065,1.0217528398825382
77,0.3141108405100157,1.0040666654603505
78,0.3523131265651909,1.1376629548531523
79,0.36226696005279496,1.1742327943476256
80,0.5365209189055247,1.180094368699906
81,0.5781610687529538,1.1858868864679566
82,0.4760675840861918,1.2291173876756654
83,0.4489524906748757,1.099345675047642
84,0.8466743428846821,1.0469168215812084
85,0.16606123336860026,1.0363056776258635
86,0.3242444372777581,0.8867815010879317
87,-0.03227692135463664,0.9049115007037
88,0.3224533929435502,0.9039070551051606
89,0.2986320163912899,0.8962252863398502
90,0.37476769549105116,0.8498438848237138
91,0.22254173221811843,0.84335186104116
92,0.4780293836989293,0.9593875566453675
93,0.514221469039225,0.9477163749982974
94,0.39774325381378556,1.0163072140586407
95,0.5454465069492153,1.0334978526405305
96,0.3166747762621649,1.0636922250359369
97,0.4690097056835697,1.1041244590755301
98,0.296632701824638,1.1188158091429465
99,0.2787784522579235,1.095599608074133
100,0.5894292357966885,1.1640482419172227
101,0.5637095653358407,1.2232609261273943
102,0.6725929834369102,1.162741734069571
103,0.27335201011316196,1.1842660457410905
104,0.5584084817819728,1.1308950142106589
105,0.3750770538832008,1.0857924516904238
106,0.11928139173520794,1.1520978258546741
107,0.6493187471211573,1.150632975064316
108,0.5217345381697196,1.1854907188938488
109,0.4069738892886706,1.1539327044161147
110,0.3781085770969063,1.146462995534347
111,0.5460578652284972,1.1496157220849488
112,0.31982797274649705,1.0765909260234174
113,0.609955751416055,1.2218959160534546
114,0.45958429818495194,1.2342369490697946
115,0.5039496686637921,1.209480267206331
116,0.38114601851143587,1.1589415529254183
117,0.866783506529214,1.206448367944669
118,0.5516852735824302,1.180964418667579
119,0.4637569049764818,1.133982996483442
120,0.3248314576626416,1.2050483402835588
121,0.3934295479658082,1.211927253527863
122,0.30670996274131745,1.1403607765216082
123,0.7077967279532266,1.219617390699108
124,0.24094104610625025,1.1030307214722
125,-0.018495977474051108,1.0252335867150648
126,0.3004328673948015,1.102935620924138
127,0.3240213059073305,1.0573389822870214
128,0.4998856342317855,1.0537337815015482
129,0.3153698706854149,1.0564942906682158
130,0.6185850897253192,1.0528459724342492
131,0.12082518772622336,0.956098990930547
132,0.544065016551156,1.1129809826663153
133,0.388733143824463,1.0374869326715839
134,0.4970903340503696,1.0886125910510838
135,0.5920326621664758,1.0686373836103793
136,0.513824962345756,1.1800722283823846
137,0.7692819909546444,1.2006718578380084
138,0.5608539159171616,1.1026018964296138
139,0.2273629074042049,1.059183807769812
140,0.5541680640358692,1.0101216231980747
141,0.24075958458996027,1.0348926808868244
142,0.9862897531291701,1.0817811914179223
143,0.34042319970994644,1.0723443776633845
144,-0.012556576952945467,0.9368389885362876
145,0.4896491790374341,1.0033189744978308
146,0.4865423632860075,0.8951934624020438
147,0.44036586199610156,1.0123034088337028
148,0.48294334181318155,1.186143594358746
149,0.6488053362603314,1.3004041737410708
150,0.4979427612535225,1.2304308318340413
151,0.6144755112013741,1.0781435936776531
152,0.3895632292816485,1.0575444431387768
153,0.6747800271765318,1.1447543795172306
154,0.04303264129481446,1.1369795357990693
155,0.4045430271074184,1.0235391071558237
156,0.39633126673500374,0.9823345713402863
157,0.6283477177092351,1.1037910247746052
158,0.7205450916837212,1.1314850979206288
159,0.7916987301518197,1.1107634047560233
160,0.32359302434910325,0.998821863017708
161,0.14803797434963395,1.058148446035707
162,0.5649862899156933,1.0881187893913493
163,-0.09063031700338718,1.1966786023663576
164,0.706549024586172,1.066659402884712
165,0.598659043485492,1.1023664932330628
166,0.512846223775874,1.179785756922937
167,0.506799903914237,1.1053355879708515
168,0.12171231063388685,1.0978582016514884
169,0.2881973283322305,1.0412265230142541
170,0.3351239456537031,1.017883480860088
171,0.5495378244780945,1.037341283006658
172,0.6749277618949876,1.2025885026625451
173,0.606210554436627,1.0925079919741223
174,0.4807289329043372,1.1644605454817492
175,0.5587918019659106,1.1458004100474828
176,0.7395984126315761,1.1366042643646896
177,0.5831897748651229,1.2147552583198429
178,0.3067223950790603,1.2637371561248032
179,0.5862215552844049,1.2555354069208469
180,0.6719957592289704,1.2461626364682044
181,0.8956366498767518,1.113154298518765
182,0.48995108692209133,1.113485568145115
183,0.09763928651223053,1.0860011315322868
184,0.6776022993116005,0.9663865153540924
185,0.8548939646911539,0.9394922874038721
186,0.513004902818781,0.9527879939424191
187,0.29974438160581024,1.147228861786761
188,0.566957980488495,1.215851945746387
189,0.11970589511084384,1.106144191792996
190,0.38727924569481054,1.066223337258073
191,0.6323673238507235,1.084444750737894
192,0.6404813967603268,1.1378178745179965
193,0.3348552986175582,1.070841654824577
194,0.39883582676707546,1.1762906539010207
195,0.43913526995320973,0.9995392281422546
196,0.4740099698300342,1.0109871175718648
197,0.45673101608785227,1.0130438183183919
198,0.6313952450490145,1.1185979603321885
199,0.43452726526956237,1.1070109301852682
200,0.19007179986157002,1.1423034386090374
201,0.3370731138411551,1.0581707515621006
202,0.2920540474868925,1.1016362903763424
203,0.40197111841994015,1.048702847112698
204,0.3183435224714822,1.0479065340906797
205,0.38473181799037026,1.059451642367199
206,0.1888027272716721,1.000571336162168
207,0.3973282097079733,1.0377988555910376
208,0.6866592229480786,1.0438257986482302
209,0.5678168913010669,1.124559526300981
210,0.20889787285370168,1.0721611328733418
211,-0.07828796210198799,1.0464783039721834
212,0.295926447872018,1.1098267627053175
213,0.4216596067585584,1.1441383642345166
214,0.423496426231853,1.306841459822539
215,0.13780782271009476,1.094028498096795
216,0.3910539500917377,1.1126896454255844
217,0.45222073918149747,1.121005116983831
218,0.6089819665563658,1.2201955174035464
219,0.5559157887928817,1.2320710322749429
220,0.24429973680117867,1.210113211054239
221,0.3141689370905432,1.2219289586756428
222,0.34894804529013224,1.170620633300398
223,0.40122542134236894,1.0835817582126797
224,0.27458761194308645,0.9089520803084883
225,0.7358513241712556,1.0716054321235782
226,0.5319742717123049,1.116188503845348
227,0.45336946294617403,1.0835171382734419
228,0.4677028146679564,1.1474787572951262
229,0.4676885060778814,1.1768521375672831
230,0.26432140792672004,1.1047841151965463
231,0.8024240625970053,1.1915741743944086
232,0.41752398596665696,1.032797063414958
233,0.3252933055928738,1.118945343795857
234,0.5319512149037516,1.1821023762553038
235,0.09334337828552518,1.1146965126637878
236,0.4566169388429338,1.150619276060967
237,-0.014408882543075896,1.0749633362666524
238,0.2681692699890105,1.165719958006245
239,0.3264472934784606,1.0976661711404716
240,0.38964176866251987,1.2340439028374803
241,0.3612535296443006,1.2728819011372976
242,0.4869432149503223,1.2222885172961067
243,0.3821811491071265,1.0956308441801073
244,0.486582906124101,1.115492574130529
245,0.8023541660139584,1.1621776113790856
246,0.22988797486928675,1.2224825453817414
247,0.45876151365240087,1.2691486055707608
248,0.4717298385394674,1.261001611380835
249,0.6482448035860526,1.1845856085595587
250,0.6073287876490355,1.2206173796243927
251,0.5227881740263791,1.16912954439892
252,0.47351666008815835,1.2155926780024322
253,0.4559092761952465,1.183359371760016
254,0.5308086861504211,1.1601679815564219
255,0.4632572640693422,1.2690263869410783
256,0.2295755113515184,1.2119336158550302
257,0.5027598002821774,1.1768008029537396
258,0.3555602391792028,1.1812249720416799
259,0.6511813477856705,1.2716217519638553
260,0.06641686607055478,1.236826507980133
261,0.5331959591031895,1.098732773844776
262,0.48871165593083554,1.025084755752764
263,0.5932128736865605,1.0729497155407537
264,0.4144243406703694,1.0929740357581061
265,0.4001162857358989,1.0195250324765786
266,0.39085233909864103,1.1631955489036847
267,0.7307063560288455,1.2410741838649335
268,0.6184406641170922,1.2114798709165737
269,0.26836869487233994,1.1404899682362255
270,0.2964438752603362,1.020620494687692
271,0.5469267556723983,1.0501433026544778
272,0.34740353978239497,0.9844753782389383
273,0.4698827937165651,1.0493753078881847
274,0.326000631946148,0.9159577669290582
275,0.32985886778065526,1.0798139604721257
276,0.28832045184380567,1.0863209428300113
277,0.2511144332465395,1.1005095171069632
278,0.3649175187655731,1.125360656108892
279,0.1734309172394044,1.111084363114768
280,0.3316190376153994,1.1062477046320847
281,0.4430940739071074,1.1023893450010331
282,0.476252380287031,1.090359951429553
283,0.47306791993242914,1.2020979246896966
284,0.6749214590883545,1.075398845232546
285,0.09521741390022788,1.0920087632980073
286,0.1819424480806016,1.1788564108998583
287,0.19905276223563279,1.1911451914726428
288,0.28615504568286104,1.2266119311707582
289,0.4437261547884459,1.2137448266696589
290,0.5085983518971311,1.2547727564992701
291,0.3227187472370776,1.1915116411928122
292,0.3957086470073907,1.0836615776110732
293,0.27390719870748703,1.112888016155916
294,0.41845411230027746,1.154474276892125
295,0.3594679400030488,1.0356112559687216
296,0.151611175350585,1.0698317616481474
297,0.25329571505310655,1.0754987912508798
298,0.4314327098034667,1.1769313085514905
299,0.5415052771718711,1.1975063833790096
300,0.3444079200435091,1.1107748648755988
301,0.28963833792702015,1.0302656185020274
302,0.5467053722124049,1.1121998886349949
303,0.7041953503570251,1.2184593773467376
304,0.47591532878859116,1.1634955543553087
305,0.41150463498905376,1.0684817314247894
306,0.43891359004563407,0.9933663413234632
307,0.6951988184130847,1.1654976421468466
308,0.2970303168819451,1.0735912290387637
309,0.40228187167894885,1.1228659817893534
310,0.24947053159818997,0.9323671549655461
311,0.731003412423373,1.0460038185434692
312,0.6367889377050989,1.1228688449613045
313,0.2632722065092141,0.9347484140093858
314,0.09508277828617713,0.9284756023296618
315,0.42282990252200153,1.1196985378586797
316,0.20261829876666082,1.0491596502196534
317,0.3755190617108857,1.1124241846113798
318,0.40904106737410084,1.2000566050907862
319,0.5588340443070071,1.1465624534503256
320,0.5313119542931637,1.1558965666081669
321,0.5155715412700203,1.2402069847089983
322,0.6829289890190331,1.1755170476380525
323,0.4149150255715179,1.1752900410461875
324,0.2839770278939537,1.005575180818809
325,0.2646594455997508,0.9809696712902928
326,0.2143693698980323,0.9227277481534193
327,0.3100940048549881,0.967667901913964
328,0.36490600611759744,0.9781537950554535
329,0.4431471797823546,0.9873366899957187
330,-0.05695211602377601,0.9828880074463409
331,0.5001070078657528,1.1382890714045297
332,0.5725408885182183,1.102320266700902
333,0.2985356460996656,1.0474879349053627
334,0.5233323022093302,1.0781171445666546
335,0.47527597285447953,1.1486622563404882
336,0.4654910743942375,1.2291018376435887
337,0.4751024732751115,1.196181884806742
338,0.3843083646695937,1.220279175089281
339,0.28859563278224504,1.1407777734829276
340,0.357154843223739,1.109680860318164
341,0.6045093913751692,1.0658904659343171
342,0.4310346358044064,1.212687528133768
343,0.5462535326256256,1.236303697901509
344,0.522280034245212,1.1310175493845498
345,0.3238144633055323,1.1500338870252236
346,0.4150866070465363,1.0663289716708582
347,0.3692301336026255,0.9871868677501502
348,0.468429788032831,0.9704241493967003
349,0.1149223921807919,0.8125076867469329
350,0.36403899296974745,0.9264181481951753
351,0.492745991341601,0.8766508951369882
352,0.5672944542160369,0.9747541089877141
353,0.42352543387891955,1.159036025399516
354,0.1457628054293116,1.0269085532994544
355,0.2884489266156746,1.0094553164585152
356,0.39959445397854,1.0578075404752783
357,0.49613693293707545,1.162422248070213
358,0.3339147122887152,1.031598885094067
359,0.3496229338262314,1.1022919995636504
360,0.6259032483808157,1.1270024476431817
361,0.18181359028691813,1.0762115707631026
362,0.4427674940003859,1.0125142501425062
363,0.3282014924031019,1.026609506493283
364,0.4343837109847029,1.170116597028589
365,0.39810135250817774,1.26433382832659
366,0.6414537019979585,1.2809770332509514
367,0.5972116844411678,1.106784714674866
368,0.3452587372897847,1.122658717607005
369,0.5978120331340174,1.1363778232837745
370,0.42285131607897825,1.188932435367875
371,0.486484629585008,1.2198100223600883
372,0.7694251244891072,1.040712555166002
373,0.33983655363930015,0.9874108714988342
374,0.6732844388406276,1.1280201861503303
375,-0.057385344947908486,0.962244279663257
376,0.4098596700742633,1.1287920802868998
377,0.58530845553063,1.2186399553901837
378,0.43471097982845075,1.178119843628886
379,0.3544936822232782,1.104106997686975
380,0.5098710077694019,1.1743494905382568
381,0.23995536577421483,1.1909272147340486
382,0.4108832576106686,1.1947485003752287
383,0.5166586285013599,1.2382363831542007
384,0.6673002840450942,1.2931309425906543
385,0.15536321038254794,1.2024260127398112
386,0.4134892167512653,1.0968195061232537
387,0.2692955053697199,1.0764588520114269
388,0.48058882682102905,1.0396859215451604
389,0.45133417734957754,1.1839687428582202
390,0.44720596595147016,1.120873708873665
391,0.4378225364029832,1.1227658719523765
392,0.6329718647538929,1.174263587262298
393,0.5017550841694386,1.1989135563235451
394,0.486203276846874,1.1763430351841695
395,0.33584756436344737,1.0220547217025842
396,0.44892562036415107,1.0138976208646862
397,0.19287073884576586,0.9084022328125992
398,0.3244044188333826,0.8957693817117052
399,0.5178253810607021,1.0369037140620627
400,0.1387842129368237,0.9174778708678664
401,0.5573949808773916,1.0835146786815792
402,0.3720092700719891,1.2257071884884785
403,0.08032426097605164,1.0274565879894533
404,0.5351042368723146,1.02850108343164
405,0.3515514716295411,0.9143694980096614
406,0.19119222721729662,1.0254228860851031
407,0.19271602748907418,0.9177564881279998
408,0.41868955609624786,0.9642385354048915
409,0.5440015677698573,1.058846000088568
410,0.5090464019087425,1.056637473445693
411,0.5510455170650417,1.0350111094340237
412,0.3660530708526206,1.0925061935219285
413,0.28723674268677996,1.2284395919014532
414,0.3347170219876434,1.1512456081247173
415,0.4497566291388047,1.1541041340368208
416,0.3175850052452542,1.0952510114666454
417,0.7129335233047454,1.1452834091460393
418,0.5104987940760104,1.1746254756519452
419,0.31504130137053726,1.200787413562831
420,0.19779430591767527,1.1477681669546573
421,0.2912743662770448,1.1652570551676185
422,0.31874688122421296,1.0593094986240776
423,0.43183103208285856,1.0471787522418268
424,0.663493304589462,1.0291021817104122
425,0.40182452242383704,1.0769162573465412
426,0.338913337602429,0.8985370925452302
427,0.28895269103451526,0.8626825130709451
428,0.18325181585096523,0.8654859614251196
429,0.49101685532554157,1.1297453362192302
430,0.32418175579032926,0.9288656566278807
431,0.5627207135523815,1.0187297183136115
432,0.4900526028771375,1.1334379543883817
433,0.17196979311428504,1.1150652093893554
434,0.4640783356123356,1.1210814048693414
435,0.19861652586403633,1.143819444848376
436,0.29825140684263196,1.1839513951590246
437,0.5476647859992381,1.138756050843821
438,0.2248647100685836,1.1106465374167005
439,0.20719620914292905,1.0839484612573456
440,0.2902476097350961,1.0792112512037129
441,0.17716570863729933,0.9338912486074292
442,0.24308451805472497,0.9840405524972363
443,0.538274574391953,1.0844951046684266
444,0.4115570560329581,1.1142434833810908
445,0.44389373597235354,1.0464463124803767
446,0.5640094408401274,1.1328945678493092
447,0.23231656126421008,1.1571755628783411
448,0.4795881944187335,1.0846784675948626
449,0.6636815665495921,1.124988706130424
450,0.33932720755913426,1.1752892901312997
451,0.4951227351675738,1.111949701164468
452,0.49822822668590144,1.0602575244465346
453,0.5792062076944329,1.156082622621912
454,0.3085984301173745,1.0056912876121902
455,0.49762556736153196,1.1258378592008735
456,0.3910247645218884,0.967674093555068
457,0.5109885761103485,1.0827786519324423
458,0.4666006218084003,1.2309315512495906
459,0.4232644747119264,1.1968600715975404
460,0.4642426221736301,1.2070417596263536
461,0.24413447333705998,1.0653020453857736
462,0.39328140144591656,1.0222602966069378
463,0.47892908680285046,1.1519310984112796
464,0.47252229272908824,1.1933064221965035
465,0.4314290442817529,1.1320474523923554
466,0.4891734773338693,1.173697561379603
467,0.43888025212947557,1.1535870933326913
468,0.5133550054435712,1.1482865507131157
469,0.48544587166686615,1.0809692445257997
470,0.6113570392129958,1.1243250759209944
471,0.6657311978661479,1.1870784804124286
472,0.4945495412141786,1.2221212982273824
473,0.17147391256687092,1.1002100082955044
474,0.279934598379279,1.1754219880501462
475,0.3409487433246846,1.1043880783720712
476,0.6528991575294109,1.2298604149409333
477,0.47592107287740276,1.1311854598341533
478,0.49482971846672363,1.1228818347597183
479,0.6183813145431918,1.1957833229701325
480,0.45962029288054995,1.1986662619132185
481,0.364687194732845,1.142398418254167
482,0.6382383828567095,1.1245153188900208
483,0.5834466576057183,1.1557663089215988
484,0.8203614065274316,1.166337702525261
485,0.6186310047749949,1.0952189539477768
486,0.4678651345577339,1.21065735928544
487,-0.0012287481492120683,1.1517154586465972
488,0.7608689256255584,1.1656470889486161
489,0.5743199956603223,1.2560441575795016
490,0.1960880548947193,1.1224601095987743
491,0.40189954761832475,1.1685962621327872
492,0.41785892295676247,1.081185900855512
493,0.5131278863558909,1.0405763686565448
494,0.3564206360515482,1.099321076527828
495,0.546089327766111,1.230295434110702
496,0.370381666463838,1.2228067414190094
497,0.15138680846571276,1.0851938923870237
498,0.34104874213309544,0.973983150355334
499,0.14381269680697356,1.0631025492999817
500,0.6299765086359557,1.2403129079894237
501,0.5924074752839128,1.1954928747367637
502,0.4518401736713501,1.2111711309654722
503,0.04122239403554485,1.1067837671185412
504,0.25269397756524564,1.0746711765822121
505,0.3199755982053324,1.0469997668187982
506,0.3277341532061174,1.0265247282196823
507,0.43556152475326243,1.0716286324190343
508,0.3357919049109714,0.8934347084625847
509,0.3823253883847941,0.9304641059763266
510,0.5302038514277183,1.0989275148156168
511,0.09996739773262903,1.0479985810112369
512,0.3793889959620734,1.0477292601275994
513,0.4321655686530359,1.1229972966649573
514,0.3152127733747523,1.0497157218224127
515,0.24338142913612035,1.0391125508378547
516,0.5019924446875764,1.2026561476096034
517,0.5173720921787056,1.308955013142947
518,0.30725422297266625,1.1260592212223626
519,0.38506540674785267,1.1251954326831353
520,0.5312701402959812,1.1606276577002606
521,0.27792615940657145,1.1228528260205999
522,0.28877566464674687,1.1139969845797308
523,0.4745655453172361,1.0796576032176521
524,0.36275109812742795,1.077121882767357
525,0.06769300390025614,0.9988707055015026
526,0.4522885304662137,1.0816994988273725
527,0.5281279130128043,1.0522111909719107
528,0.09217817190575013,1.0418015724879526
529,0.5739593957341862,1.092912618472957
530,0.5144020368499185,1.1341300121667546
531,0.562170893748097,1.1363058587609853
532,0.2990521004297452,1.0761927536128202
533,0.512361836940857,1.1709209343245635
534,0.5012287477597717,1.129230776142576
535,0.45486842152827983,1.1812014193141982
536,0.284600317511501,1.034834173874454
537,0.33376340674591276,0.9602674882843379
538,0.6263572134592524,1.08858835236905
539,0.29142439376348267,1.0919450957745753
540,0.3672512240008134,1.1241404077610386
541,0.3325644114317869,1.1408628335451847
542,0.4886693008776248,1.1409189295164428
543,0.210051455767364,1.1677411405657394
544,0.3739723261961351,1.136341196281886
545,0.33001661087001455,1.1614631522701213
546,0.3909638336247086,1.0894812679708021
547,0.6468014852116285,1.0244782916763573
548,0.7046927667330217,0.9843774163686959
549,0.6853027446448882,1.1409484335755202
550,0.1814519142960042,1.0764630702405482
551,0.5529486693146131,1.032207182743731
552,0.8836664211093552,1.2143258113097324
553,0.4249464815275925,1.258621462144271
554,0.5045106438912795,1.288426903831259
555,0.5398096172634409,1.2777077429460877
556,0.052920139753578586,1.211625759350389
557,0.18322428201815183,1.1431840765293317
558,0.2948216883926516,1.1864581727366408
559,0.45307951204139446,1.1335422586954644
560,0.1376162285337076,1.0804334865497653
561,0.6763144208685966,1.0812911523546855
562,0.4242827488643704,1.1298609945355254
563,0.7344222828051975,1.1324706551394823
564,0.6039928018592173,1.2853829805224901
565,0.12075385615753231,1.1754351651125292
566,0.47856827684313674,1.1056333413818353
567,0.546183082461392,1.128163927853875
568,0.5196812423090154,1.1178067352324998
569,0.47633789245327957,1.1019381558572203
570,0.7538923341974647,1.162754355453781
571,0.14937014057255626,1.1622264923134484
572,0.3550775007574947,1.0640532096935775
573,0.5624551100123624,1.0482088880847875
574,0.3687194108704374,1.014113575671376
575,0.3453970938819706,1.1056251691082948
576,0.4528732077815102,1.233898100931808
577,0.1214525415681116,1.0227981738437257
578,0.2046567690029955,1.00282477990275
579,0.5371590662084863,0.9810902449936784
580,0.7139451994102957,0.990363094542518
581,0.36278448611669656,0.8629685838019365
582,0.6110437516717478,0.9565621640012134
583,0.6637137735450884,1.1040238399361957
584,0.38604941592502356,0.9294204864544002
585,0.5221020386428936,0.9673772137766261
586,-0.18819881399071253,0.83086612688633
587,0.24753662732399165,0.9544736304384066
588,-0.14660673721098547,0.8944977486014203
589,-0.028447025305948836,0.8598400494603503
590,0.44100807407899373,0.9709306470434449
591,0.31964199877727534,0.9388882328326105
592,0.3219021995664254,0.9000680263318684
593,0.4214634298962331,0.9927952764049495
594,0.29540183796268904,1.1546794854608977
595,0.6451697513725431,1.1945150605009616
596,0.44435011180178746,1.1724261724905276
597,0.5363175338176391,1.1118089464359406
598,0.3996290100878807,1.046882514723966
599,0.24373276405691216,1.0473186732216295
600,-0.08273057142465322,0.986223914376437
601,0.4182383917259765,1.1110706819754252
602,0.4507485385627055,1.129752563139067
603,0.21220073687468424,1.1134654060430538
604,0.3948034092333317,1.186683651109118
605,0.46538143846509955,1.2466737165250688
606,0.2187478440577006,1.1975311360766396
607,0.12477204883902596,1.1405578233718148
608,0.4883266880197536,1.0363424098684664
609,0.26807960830370103,1.1305495003333978
610,0.37460478911759443,1.124138463026864
611,0.2939686034055684,1.137646459040044
612,0.46117990022914035,1.0501745123901345
613,0.6307765151230641,1.1514096924354789
614,0.5562664014092913,1.199046535508825
615,0.08406638519071419,1.0927926943862052
616,0.435196922395523,1.1676742484110216
617,0.4283136676775258,1.2422857003829464
618,0.3369695682187612,1.1744991693235476
619,0.6203814419769507,1.1105367725083233
620,0.42748260640262686,1.086682691610524
621,0.41039200170578227,1.0863216029184284
622,0.4392023875811556,1.1474350951338264
623,0.534086170597898,1.2200702463075508
624,0.4143086819903547,1.1438403204417842
625,0.4221935563179677,1.1255463443175646
626,0.45351688544168484,1.099152694173574
627,0.43718980099097976,1.0559900483591245
628,0.3346328505369235,1.0083032354489976
629,0.3375306609536698,0.9158775323804405
630,0.5382474942349708,0.976831933995291
631,0.20054235974084397,0.841498161884953
632,0.4495829621767168,0.8891385303612547
633,0.4118966677777024,0.9807044082713213
634,0.4230081195972143,1.012080302770358
635,0.6096404184680099,0.8845916634809106
636,0.24813819813053575,0.9777968318226034
637,0.43200044279652583,0.9879435730323997
638,0.36510996691802666,0.9697095284767747
639,0.4385310505054043,1.1859860262953934
640,0.2603380203180532,1.0726530997416432
641,0.43331254961495086,1.1678646562126622
642,0.34936210157595016,1.0605335365908546
643,0.38267935101524453,1.1061923774394937
644,0.3702315211245894,1.188707739167003
645,0.47971641498450995,1.2147012714282046
646,0.6439587208040201,1.193398183849862
647,0.48569684826409554,1.224321895636532
648,0.2897623901690316,1.1229604420283368
649,0.32188633100401015,1.0999260364327437
650,0.6049754425806618,1.165767415896107
651,0.49425511419806595,1.0216263223532012
652,0.3816949771676184,1.029677330190948
653,0.6897968982313191,1.2059231814382037
654,0.5674168227805476,1.1720431541248795
655,0.673553741750336,1.0908871131006697
656,0.5535807350058757,1.1526146530724073
657,0.35796159340460776,1.1736555773439963
658,0.07988994682435135,1.1763870522822424
659,0.5146061211637689,1.2088506870781999
660,0.4648334238355547,1.174010319856799
661,0.48594477951794024,1.2582713511299635
662,0.5015207880947804,1.2490059347662672
663,0.5444732339377998,1.187802373865647
664,0.4794889667931837,1.1665931932168807
665,0.5351954068679592,1.1463081639424495
666,0.6189232690134574,1.2303017633553726
667,0.6599122464351865,1.1377663061789784
668,0.9252470855037712,1.1678526648502485
669,0.7331330008410551,1.0817937677066582
670,0.17253631889717624,1.094998339664448
671,0.5443205470752344,1.0363163224869123
672,0.4976659265700062,1.0988577292266841
673,0.5393043140825386,1.0003765696153846
674,0.8342350791997064,1.0680372690243989
675,0.6491582339065239,1.152575616412629
676,0.29056962818705734,1.1970866077678972
677,0.6236058101792733,1.0894355952389552
678,0.39614824895227946,1.105904674327568
679,0.31481264141900944,1.082172326307385
680,0.396740070818992,1.2377620225399886
681,0.5609055744143385,1.220816987718976
682,0.5143606904431284,1.1316009922816592
683,0.7732985757846468,1.1374411416801335
684,0.4636276979761331,1.078042715537927
685,0.7475167042343357,1.1789015136484469
686,0.5246885170152977,1.2527280909844798
687,0.4716247799714558,1.1464029831444267
688,0.43293159536851467,1.1623178979302418
689,0.3961521289675553,1.10921901286405
690,0.4973209169550288,1.1664625992296935
691,0.2950806011623591,1.052153994440026
692,0.29064382314231046,1.1472904385497504
693,0.3443495808780948,1.0709883682033456
694,0.40756240255299214,1.0833408825566506
695,0.5577530882166648,1.0818292989976788
696,-0.1958959676498709,0.9554349614104024
697,0.1913696854794196,0.9517033977455128
698,0.5493715509921361,1.0313609640992571
699,0.29099568520804114,1.0890077427277551
700,0.17076851122736167,1.0232624047066503
701,0.504614897672952,1.1779006562607974
702,0.3522945502346151,1.1072709609426685
703,0.4886842163928713,1.0859706809833978
704,0.43517081263228424,1.177744054596594
705,0.2623671938381359,1.1617001082922211
706,0.6168594347880494,1.1365783987152414
707,0.07414653386958223,1.1129681973821783
708,0.3080826628890214,1.1599834344315512
709,0.5865870782038255,1.150877701569675
710,0.6598865734302225,1.1242844017854534
711,0.34115032523016053,1.033803709475191
712,0.14822855101932725,1.07317226103337
713,0.7123633280365321,1.1472950930117176
714,0.5117418586441937,1.1268590428740362
715,0.6363131339469406,1.1426063224651808
716,0.7547451899364409,1.048794356027519
717,0.8436563085447064,1.1151598927748427
718,-0.06778048662711658,0.9901168634012797
719,0.5748004950386683,1.0514584627363077
720,0.06881167474007527,0.9191667124615677
721,0.3450526102902152,0.885941697130856
722,0.3364439671325279,0.8562416349020746
723,0.311812123989388,1.008824165980771
724,0.13231700903215024,1.1530999528287924
725,0.14060860494762994,1.0936027065480507
726,0.2876677138415744,1.0231202450788517
727,0.5194716159039671,1.0568716534370453
728,0.5950250405566503,1.0756884262405682
729,0.4972277576952823,1.1544512809474303
730,0.11451400336735389,0.9661862274250972
731,0.2496639846246773,0.987690953028197
732,0.07717346395066711,1.0019684768446047
733,0.48619134300717004,1.208950371223663
734,0.24214443382831627,1.3497934105610014
735,0.16066668705146092,1.2080829248800526
736,0.27218070119535925,1.0829200425534953
737,0.7008010345282716,1.144749478741631
738,0.6420606652746214,1.0473205992129708
739,0.5042840634693543,1.1488067265826762
740,0.6332149571911578,1.224738594857951
741,0.3892725546765453,1.2096678400298577
742,0.4015746498708445,1.1321475507938332
743,0.3380032928751028,1.1265352576900107
744,0.35208990259314943,1.1137480651077145
745,0.5390492801044885,1.11844651785693
746,0.5025336307119258,1.173240122939043
747,0.5636304469067062,1.239060591222429
748,0.45172756458514757,1.071210525929089
749,0.6060208635688884,1.129575591404046
750,0.3943992127450048,1.1580540970452904
751,0.42346911413973104,1.1259276230029636
752,0.49280682644172946,1.1519514687184778
753,0.434526155988531,1.1582566076869092
754,0.35035720185565683,1.0957541552879393
755,0.8876377269725283,1.132994173944894
756,0.10278365732990614,1.076785291616306
757,0.22226931847409065,0.986122359576996
758,0.19527550980061395,1.0172097354949123
759,0.5252821411207232,1.1440381895230607
760,0.695990071436625,1.2508358058777376
761,0.3206029489565435,1.144551705331147
762,0.47424825979807816,1.1094810988406365
763,0.48146026738253794,1.022100172770359
764,0.5011846221507916,0.990532009935899
765,0.3993589877152492,1.044563634963725
766,0.29979025603700293,0.9659493925820581
767,0.3141206869823463,1.0587984460515525
768,0.450500106935714,1.0303419578243678
769,0.5373818532714907,1.0905447258109107
770,0.45614272793181554,1.0892626999617836
771,0.5548375105579157,1.0347519900326536
772,0.5230421160734933,1.1128952272718982
773,0.5471063682756406,1.1284114460180443
774,0.42153130650482923,1.1605662096365885
775,0.42185298957784073,1.1939036589804943
776,0.36197595610632516,1.1245270954426732
