t,lambda,delta_s
1,-0.6960386684242029,1.2191882215026706
2,1.011498922232129,1.1875843664549657
3,0.9051913784624761,1.1288908720635549
4,-0.015591630003244797,1.082524185235085
5,0.13594719300960945,0.9949008627478555
6,0.056741850825885516,0.9869573858551942
7,0.6217225176563145,1.2896396577824336
8,0.3541930235787336,1.0767304276819862
9,0.1346460034954029,1.148492587623867
10,0.5267203718066666,1.0666515154515999
11,0.5225554892759198,1.056806394779697
12,0.62719855733739,1.0798902911445678
13,0.11288376582586007,1.1930522246401725
14,0.6893161328778864,1.2832863161741677
15,0.49888854720526715,1.231527530514722
16,0.30248379925438384,1.1742960340609379
17,0.6607284625087794,1.1868429451942597
18,0.6480335849119121,1.1608933476212664
19,0.25910958077557006,1.0932011559695352
20,0.41504829994677916,1.0888277063368823
21,0.539990070753215,1.1610197451891469
22,0.18454879585019618,1.1056987185327467
23,0.41191876774257574,1.0032485259113866
24,0.39219240952460843,1.098236258523955
25,0.7188814757749701,1.1495651573821426
26,0.22178522643716236,1.0269313860188196
27,0.48784816299978867,1.1257470390408761
28,0.6403242117762694,1.128704325150602
29,0.574401739782084,1.158925330382447
30,0.48822574240679356,1.149257547183621
31,0.6455804607709146,1.1507718745553022
32,0.2517760852752919,1.060281294303244
33,0.2771573430170308,0.9918357410218184
34,0.6863148079480739,1.0496603079610907
35,0.7287055033601934,1.1531726959193092
36,0.2808223805741439,1.2060838341446694
37,0.2802401464937433,1.1453572376207783
38,0.6333205269443579,1.1318772969998296
39,0.24510376081424168,1.014140999077918
40,0.5463189343863406,1.145942020719949
41,0.18885440465287137,0.9746630895724788
42,0.14011468671131144,1.0365745367809998
43,0.35039624402877995,1.116079778425718
44,0.08727285591646365,1.1522846548384595
45,0.7689841149680906,1.1553143872067742
46,0.19513745652521308,1.08288747965843
47,0.011868266089606273,1.1537570878464374
48,0.46307040901876034,1.242404265927667
49,0.7988687790115498,1.2494386910434034
50,0.14770916075514295,1.2361220073169026
51,0.7028559074746655,1.157421495805527
52,0.6793331244797635,1.1446793717184247
53,0.6963373915251714,1.1838386293502647
54,0.6442667326891577,1.1814554474244074
55,0.5646639400182165,1.0990634105280679
56,0.5200640668244626,1.2456986351729082
57,0.35743573190277517,1.205477229453513
58,0.3741375112081292,1.1346350713135416
59,0.36791245170404624,1.0504368204206094
60,0.19494586304865558,1.1226158603447425
61,0.5034305478475742,1.1589324834026202
62,0.5434262370238131,1.2248243292577434
63,0.2110092542390959,1.1133555640464718
64,0.13335038696103285,1.0550860080342592
65,0.2713776182964899,1.191499981757112
66,0.3691723761155921,1.191074382221801
67,0.20267765535199722,1.1512973867746705
68,0.5448524661696372,1.0830039821302042
69,0.5286677763091048,1.0449472280024175
70,0.4639973033436612,1.109778819220364
71,0.36759755488224344,1.0670990008535697
72,0.37547281594777054,1.0530593469499563
73,0.6083348041450664,1.1837621690181221
74,0.8376480735804431,1.2078783570213387
75,0.22816084578439497,1.1601183155774715
76,0.20728796224434043,1.130883053452568
77,0.5148040307403408,1.0380049641268283
78,0.3576274907697297,1.0573925665311656
79,0.20687887706293379,1.0105126259433974
80,0.560346774677775,1.0428143393675509
81,0.2713571897548924,1.044007782214837
82,0.29821955331456235,1.2245114193326971
83,0.5994156300321198,1.0719082824588533
84,0.9003594891844495,1.1414584397241272
85,0.4934940867379175,1.135657708239242
86,0.314348867849187,1.1339177897807728
87,0.12734127561227992,1.1385168126443046
88,0.41819746730865914,1.1415800957850493
89,0.4544247238217477,1.0962326000586362
90,0.07706633295071062,1.1055273264147532
91,0.4071045361806982,1.2262062716282316
92,0.43828959191689487,1.270315044549433
93,0.29342872089497596,1.1185550729541653
94,0.277338227685156,1.1619412491884802
95,0.5107599252169178,1.1741989274764437
96,0.6084288341226505,1.1448360911919824
97,0.3626049210526777,1.1084275862456443
98,0.23279929533406002,1.0541336985530403
99,0.3467985772144691,1.0943363353679647
100,0.23507680433164843,1.084906195026608
101,0.5765608754506262,1.1457089013321207
102,0.4060033586623233,1.1638781155345437
103,0.4038716347085784,1.2508758604876091
104,0.3744256015603094,1.2615769896889033
105,0.6494479370530819,1.252709006193658
106,0.239638351662946,1.2236072752776068
107,0.4310408185253238,1.14982470878476
108,0.6706907422231141,1.0635366092469989
109,0.35578986606630975,1.0964102726402192
110,0.6109368692937157,1.0637872236107841
111,0.2687509202843075,1.073099039717311
112,0.5324974834458005,1.1580577281347786
113,0.4432353360220914,1.225699352283117
114,0.24870636566791504,1.174224061751998
115,0.4676077898800132,1.207202362952768
116,0.4718406332565447,1.1370769529277895
117,0.6385215299552506,1.1629739190990347
118,0.7041356547943779,1.1677475329182472
119,0.3763188959224066,1.1860415954692074
120,0.5500908976473016,1.1488138946547755
121,0.34770041784611216,1.1721915339645972
122,0.6236159573645108,1.1352657906187897
123,0.4588460019690721,1.1822794436841704
124,0.33116054591804506,1.2153274055514391
125,0.47069875855312954,1.312710826392453
126,0.480684967239216,1.2327690661939807
127,0.6176382903784643,1.1573823996097405
128,0.5600230174551127,1.109428671080163
129,0.28868064510586183,1.1176638169423923
130,0.26366565632379707,1.0611721901878435
131,0.33836579765999647,1.1096520456676848
132,0.5596454701721604,1.098849540449717
133,0.47904017492362866,1.094118435227563
134,0.4446186108027217,1.0711455740754023
135,0.49156931365098394,1.1632169852471521
136,0.27910388582772616,1.1404471796734612
137,0.5587618705278945,1.1609880638644692
138,0.6001422616904059,1.2371191679945621
139,0.47683785114391475,1.249205778966746
140,0.44934609121735025,1.1246310634613628
141,0.5886490869942215,1.1535712622723304
142,0.4085415159274518,1.201066585065654
143,0.6456710912588469,1.2948593280614193
144,0.41681322649389047,1.143723991440292
145,0.21463485116076883,1.1310309050687108
146,0.23115400058520344,1.204099773570922
147,0.3843054229556523,1.1261924330822093
148,0.5592845696957924,1.0766764148549675
149,0.46335835576763784,1.0284019410683451
150,0.5167995279709837,1.0870701790435615
151,0.4629259408149995,1.1398551116804634
152,0.5004173930155978,1.218457524319977
153,0.6332081312869096,1.1556404562305291
154,0.7676750829904894,1.2184235680873825
155,0.39278536130750963,1.2291992435674641
156,0.5295715122937231,1.2661869202088303
157,0.4567817443701807,1.2904290702899324
158,0.5797320229185403,1.2112578346061234
159,0.3906211866559726,1.1257798507839938
160,0.3403467787288782,1.140055565567362
161,0.5160520219882249,1.1190865580201115
162,0.4195770670844968,1.221856541285505
163,0.44521422214503054,1.2050955116319895
164,0.2919022509445711,1.170638350237386
165,0.591492138654585,1.1863287033213035
166,0.49750273453850585,1.2963914943732993
167,0.5467434025863863,1.2897743422373837
168,0.4983877064085417,1.2644328076493665
169,0.6820916262993982,1.266429255422373
170,0.3286350887694032,1.1095137740854202
171,0.321133005190147,1.1262190344336447
172,0.6577424940971857,1.0534288544195949
173,0.20444415050444778,1.1037095675762005
174,0.41767160301988837,1.17660396454
175,0.5181926240841435,1.1453337679635285
176,0.5763848906908927,1.1270623481390845
177,0.15089270836077992,1.1403924599217388
178,0.427076362290896,1.2589605458577466
179,0.7218209502915012,1.1777514484758305
180,0.8317067147176377,1.1156584660004716
181,0.5115752604750744,1.2494898621577955
182,0.38140018706130824,1.2454135061520906
183,0.4799845216768316,1.2643896734349733
184,0.43381620206121385,1.256136048147423
185,0.30493060457532295,1.1259251756844024
186,0.43752378515037416,1.1580912262234828
187,0.006672884662499735,1.0309551602563043
188,0.5574809031822322,1.054736770059165
189,0.8629104593801026,1.1097020223794674
190,0.4322389786467634,1.142921481460766
191,0.7510542900143724,1.0192291514599896
192,0.7235730444972022,1.1605867816430677
193,0.2712519196659463,1.158100131200332
194,0.7692214180617042,1.0820264786618192
195,0.3070932232973906,1.0390552842382326
196,0.08688644144832466,1.1044526802936154
197,0.5581293476149246,1.0696027936521324
198,0.4383389654516081,1.1434467760940408
199,0.8943137829628847,1.024365037426659
200,0.4088280468590394,1.0010206623081053
201,0.27382462809355934,0.9965752911819296
202,0.6670025753551566,1.0561459342952224
203,0.9080956928262829,1.155191034380113
204,0.8339099936073854,1.0763492638149805
205,0.12536632359736594,1.0422706992411788
206,0.25575995832613985,0.952665380907524
207,-0.027100913938658856,1.0722639117154371
208,0.42635675407224133,0.9444471772256051
209,0.053355103088324946,0.974101986618997
210,0.38493280165215493,1.1771358932958018
211,0.47278540894125765,1.036999821691887
212,0.22426843660535864,1.027881487679917
213,0.3555217777891712,1.0756276173902735
214,0.33119132690211694,1.0168853840397472
215,0.27888655489887265,1.0240059420954948
216,0.4272819101502669,1.0153539238493827
217,0.2302288082990134,1.0041076760731094
218,0.603315958664022,1.1103622783119107
219,0.44161674590626504,1.0704438863268144
220,0.15970600220453313,1.052851818139483
221,0.2844530476936513,0.9874043594019514
222,0.5355130671257349,1.0003242504026604
223,0.5668516880433637,0.9810306226727872
224,0.3973680347293381,0.9356611555189512
225,0.05514289612927082,0.9375066501949062
226,0.15806999719452539,0.9635646942621169
227,0.4745379348739219,1.08986922687277
228,0.43575171965974885,1.0632462863306762
229,0.1348163775934861,1.1092537982264354
230,0.5695201203477287,1.1816733130123163
231,0.5044585341319154,1.115514315012151
232,0.4536590704785552,1.1469675766225336
233,0.3391833442953459,1.1467967663215568
234,0.42896299485181816,1.0824764609722928
235,0.3733740171426039,1.1476926076807858
236,0.4165513887691002,1.2165690048238749
237,0.1496029809631719,1.15697079287884
238,0.3021956471962475,1.2031478047713464
239,0.45754192632362045,1.210576160212711
240,0.584088015749733,1.1931722310652562
241,0.3285644993990964,1.133321595450463
242,0.2705318671275312,1.0403632323681002
243,0.4208024446037121,1.0492783874569631
244,0.18653856419728276,1.0206665252897784
245,0.38408946151165896,0.9910835808120393
246,0.3453242249441775,1.0529294225864791
247,0.2358310786490848,0.9590418531116157
248,0.4898184616499538,0.8876382793085448
249,0.37016190120630976,0.928076389507039
250,0.40559018589641976,1.0487660837909025
251,0.37631327027308226,1.1162390050283326
252,0.3061896166908898,1.069558064121339
253,0.7613417427030412,1.1710798413699632
254,0.5979702549528778,1.2392568093823393
255,0.27223650968189134,1.1684329507957718
256,0.3229354048331031,1.2458578288114006
257,0.26530582454966734,1.187092244046044
258,0.3184381922359885,1.2480157986262037
259,0.32135370192640295,1.1613001979115376
260,0.4886596551256347,1.170693077246947
261,0.4668149436105587,1.1483394320094695
262,0.3226511517406771,1.1811602803930288
263,0.26919422972756585,1.017549494812939
264,0.3614148285091674,1.093261881205477
265,0.4040467980711654,1.156926681183397
266,0.5419267478811024,1.1313265518850613
267,0.5158009569074024,1.2132220419964286
268,0.31447680106722437,1.1240552997246354
269,0.28581858615550926,1.204528972281658
270,0.3382073256194848,1.1149537252377997
271,0.498947042387157,1.1204346903274218
272,0.6426120597481804,1.1515148897269094
273,0.5172788737823403,1.2309563545142734
274,0.43661109729300474,1.1885110369604401
275,0.33530000171124863,1.167093458912062
276,0.20379181164376123,1.1706251238254959
277,0.5433010952284352,1.127462890837878
278,0.39961443868165747,1.2873838293942044
279,0.4582795144157721,1.198231284976505
280,0.14512248772456135,1.155050440158347
281,0.5011746812479948,1.1406793527618702
282,0.4853703946002155,1.1681848306581706
283,0.3420216148074157,1.095972236152776
284,0.4571569206306839,1.0530925235384518
285,0.4132996341207402,1.0238519454176471
286,0.31300299524286274,1.114766823328723
287,0.33748437864123665,1.2151987497380872
288,0.5408205941360953,1.24647978116684
289,0.542636037927719,1.2054577621836717
290,0.5466356347805024,1.1742480422042554
291,0.40551705582004044,1.185610099373756
292,0.4853110294360037,1.1258830469100702
293,0.2838646057380424,1.0253209233166722
294,0.47414525810848407,0.9602535726355407
295,0.5569915864045394,1.1091472160636748
296,0.33309263612933276,1.0346790678370417
297,0.2636883186953448,1.1285036643261699
298,0.199174239541646,1.017855076002656
299,0.04636388886346223,1.0746745203633012
300,0.12642248357322314,0.9991579732344245
301,0.2601090250699864,0.9608176630367895
302,0.3301251509084699,1.069284439072202
303,0.46662059970806563,1.1072900825385075
304,0.4057816540675521,1.1434798868046547
305,0.4358308833766483,1.1404367881186401
306,0.3646797608095892,1.1204782639093251
307,0.3995618500251096,1.0873473507396845
308,0.6305166335600016,1.0626976516768456
309,0.6210607090938632,1.1657648759734636
310,0.48572409935553484,1.1894760191451745
311,0.10041400984538615,1.0832986290477296
312,0.44839302074269755,1.0831578964757287
313,0.5666470511108815,1.0190059427005835
314,0.44953183887068976,1.1427357863114807
315,0.6006345030822556,1.2097188697884445
316,0.3756162306674691,1.2211430001254695
317,0.4082946015232575,1.1977984106571828
318,0.5707311606300558,1.1264387497907857
319,0.46976383884393846,1.2008393412459184
320,0.3212727823051671,1.1944160564573891
321,0.4075428041222744,1.1598019988545383
322,0.5039795147835952,1.0769575599819916
323,0.5235947933295554,1.076603123260181
324,0.49414961762529547,1.0480399641113223
325,0.4874875645632223,1.2014470880591486
326,0.42990906869025114,1.2378457856483074
327,0.6328437227890259,1.2350049515186994
328,0.5133311625557184,1.15914982554201
329,0.4069592813037167,1.1003455459129352
330,0.3177152545285339,1.1047205118709746
331,0.6087234889165242,1.1495027694365847
332,0.6173693230286427,1.0695765189974253
333,0.18582250206994713,1.1263700080935595
334,0.6299715900180598,1.020589638779694
335,0.14022281276109344,1.0527926349089909
336,0.3662117692836324,1.1390151431436726
337,0.13118838673944686,1.0467968914931878
338,0.5474772396509467,1.1992157929255978
339,0.3555405628015275,1.0540738897463948
340,0.5049895062538466,1.1970188560261592
341,0.5514999286835697,1.3489361846636163
342,0.6148991358467785,1.3847225602744053
343,0.1593545815773213,1.2472520010485304
344,0.23989819613572927,1.127333547932735
345,0.4117837033930764,1.130511405008985
346,0.12685519592679845,1.0140429600435146
347,0.34731394711220925,1.0228842324705183
348,0.19986084843749405,1.0306924548421943
349,0.2600290144148897,0.9769500136676974
350,0.14505993717406526,0.9287773120896058
351,0.2796298330687044,0.9211100638421034
352,0.35269753517159913,0.9113260364485353
353,0.4404200277608308,0.8907208631488169
354,0.47283649026847263,0.8853838794621378
355,0.8860895077152308,0.9402586819831124
356,0.6856310423765095,0.9803317761640323
357,0.6144299266391043,1.035567195484228
358,0.16880875369782825,1.0109106694244216
359,0.3209186051005421,1.0601923033478529
360,0.1401648207497598,0.970037331353603
361,0.4181797921872404,1.019699827150872
362,0.34434261465427835,1.1571424165234445
363,0.0590940727663177,1.0740882698020644
364,0.3840287783122801,1.0386807077386506
365,0.3803951989830591,1.1023228080764809
366,0.592428890375586,1.1406438441020568
367,0.2867459891006991,0.9700516885225052
368,0.5458175864754907,0.952526798620898
369,0.634129863672372,0.9931040705099045
370,0.6616505439459083,0.985789813381601
371,0.9045238296033693,1.1614226640508678
372,0.8404081155067273,1.2763238735852551
373,0.788068646091626,1.2143777651612917
374,0.45526190479312306,1.1507435099526369
375,0.9715419934487702,1.2279676138801476
376,0.5984847323617761,1.3247040658623979
377,0.3996569808222545,1.2952233122882075
378,0.34647704930932594,1.1624902578047467
379,0.42419747532838736,1.1810281768544566
380,0.7049228704816562,1.1263254417017003
381,0.8026963924748001,1.0654452710335338
382,-0.04384445638216498,1.0703369742443753
383,0.7286732595598182,1.0985666092140083
384,0.6188827458306985,1.090663145549688
385,0.13501801591973062,1.110379885295566
386,0.6041124681868673,1.1378018248256854
387,0.8607219639842251,1.1702089854651547
388,0.5307240311161813,1.139264190537708
389,0.3767518554998723,1.1301051443555084
390,0.26139346292421006,1.109052364659659
391,0.41683365337624767,1.0892575016210844
392,0.5200304204586478,1.195094469625267
393,0.5077991311572904,1.2240480106336475
394,0.26389795447579517,1.1612979581283225
395,0.6750705301328496,1.122962021027931
396,0.44960023011053596,1.0560449159763303
397,0.21069381845081597,1.1163576088914056
398,0.0007557097970756488,1.238509984339532
399,0.5690777242942688,1.1306108092737701
400,0.5460276643782075,1.1571921101398854
401,0.5460962121632789,1.124168424890259
402,0.45805765829839207,1.1825590496470693
403,0.2532968990389022,1.1103812434044062
404,0.098250088487525,1.1339689036069276
405,0.14285832030737164,1.0463149526309172
406,0.20781334112738092,0.9837587424388368
407,0.26636609018654217,1.0386487661149397
408,0.2616359252212142,1.100793576383664
409,0.32491562218599324,1.0962077905337504
410,0.4330813767490963,1.0691032259492874
411,0.5042642379476802,0.9638258829968228
412,0.6373264261329399,1.0543931033702978
413,0.6467963357955338,1.1448449611180722
414,0.6202423144780526,1.221090158819572
415,0.804420137917936,1.0528602293613454
416,0.42036595434107676,1.0975397426549274
417,0.47823465476157223,1.1728747090732825
418,0.7123026065021866,1.181303708604248
419,0.32708246470316443,1.1809354012371478
420,0.24348808765402327,1.19541707607756
421,0.8090028136375127,1.1225336565998791
422,0.33802442643682173,1.1769746193861559
423,0.6387320545952109,1.2269608188508425
424,0.19046346909335699,1.1634876370948009
425,0.28849768891708266,1.0760684834716212
426,0.2941085726335974,1.038158069896733
427,0.7268688456253326,1.0431083866855124
428,0.7305605060603972,1.0890912412503873
429,0.29906860304131344,0.9252278890896362
430,0.4020252107670526,1.038409244171053
431,0.5062593382941376,1.1454035561304527
432,0.5045014902921119,1.1442575576917202
433,0.06702883316053232,1.0864944085462565
434,0.4344575258706695,1.0714431771635688
435,0.4415986007778195,1.1246476757953354
436,-0.016037748183219194,1.0714441562042538
437,0.5685310579788736,1.1333772733055987
438,0.6585134200116838,1.11357973395204
439,0.1760082811165735,0.9762615992719351
440,0.036594816119365846,0.982869257023242
441,0.4866362574933371,1.0685778426257824
442,0.10517044369943065,1.1347952430413086
443,0.40564550028004703,1.160293048381562
444,0.44666793693898665,1.1175565106689649
445,0.7267245057877421,1.1193847917572601
446,0.5315709018129317,1.1995208287939771
447,0.46893030669975405,1.2106116890673628
448,0.5471234504629277,1.1571149288964202
449,0.6547150702486298,1.1586878422043507
450,0.3244212208228138,1.1720422493127407
451,0.4937074410864477,1.1751134960348946
452,0.4672103343628336,1.1183383751629383
453,0.430151427568557,1.2426528864188855
454,0.14194695237670227,1.1242877894838703
455,0.5179415898387031,1.1608564968344928
456,0.568879147686,1.1409537544719661
457,0.5267201381165155,1.2565183448934059
458,0.5215540919080373,1.216267634700693
459,0.4723605975138776,1.160685604142794
460,0.3853387315438523,1.1917142446893239
461,0.37942825092280097,1.2377651748044518
462,0.19130688463959422,1.1276592601973119
463,0.23941741577896036,1.1443986925187937
464,0.8488261400902547,1.26986631649179
465,0.4575377587390412,1.3030994151063244
466,0.5027918159371064,1.291039430736985
467,0.23711727480416997,1.244752247087775
468,0.32187017647291133,1.256945601401727
469,0.4589779737778779,1.1511021470619056
470,0.34524023697581596,1.190510393202533
471,0.4006124156201751,1.310194143789582
472,0.6425912809615003,1.2266265724872547
473,0.40603651294212295,1.23194786482035
474,0.3255291127224294,1.177803884908692
475,0.38921535687968867,1.2020476715539352
476,0.28770383542534816,1.1287758850460117
477,0.6123304257601178,1.0683632233451046
478,0.716695501241482,0.9773630346912192
479,0.3071878087272258,1.0132977207043325
480,0.15525642387866864,0.9430622146801759
481,0.7377832724158928,1.133075612431331
482,0.5466019177628185,1.1006783947623873
483,0.24893928343996594,1.1341782964302776
484,0.5516310185024723,1.1451746606935442
485,0.7366436469169589,1.1746650535146157
486,0.4218025587620989,1.2396122930389235
487,0.5342782411419141,1.245821744573163
488,0.7250339879598384,1.182168929794873
489,0.20044205737243503,1.1343418269672623
490,0.17296589002106333,1.0310460140289819
491,0.5547177125646428,1.0603478365711678
492,0.6788962828985735,1.1516219576374658
493,0.6250292962545165,1.2759929924211
494,0.11660348341420954,1.1085991356429352
495,0.732103464419774,1.0029960227106145
496,0.44702774828976244,1.0484409082442177
497,0.4777761920500563,1.0815836632708522
498,0.5700299320590588,1.1245914758427162
499,0.2967017693583071,1.0912727022590745
500,0.6839616522551989,1.1145732405430409
501,0.40301560067206205,1.1689526683456044
502,0.40021747004355057,1.2481988120862173
503,0.40041223423407196,1.1129926908114725
504,0.27769620031111264,1.1601629768656656
505,0.38812921621530466,1.0662737286860138
506,0.36485118352941953,1.053481450018923
507,0.55459344730221,1.1751969727821794
508,0.4294660555502789,1.0304926009958737
509,0.2478576387131914,1.0531047377527312
510,0.4249887515830225,1.139032598366743
511,0.4336635142711649,1.1716933636825229
512,0.0010721777262466875,1.1198274588622674
513,0.47168709419802407,1.2972227740317321
514,0.47572136971360496,1.2802657506102493
515,0.36602314735080155,1.1710155360145833
516,0.7046252820725261,1.2158349571797145
517,0.3106691365682131,1.2091197463212207
518,0.325239728666998,1.1562139364024513
519,0.2570936733206962,1.1416470963298553
520,0.4542391539864102,1.1485458306569185
521,0.5035579447672114,1.2424130320575557
522,0.22018342383973766,1.2268968675919103
523,0.509170107687705,1.293204732300136
524,0.33073723220134355,1.2326589710615492
525,0.46166135216482773,1.242620009309973
526,0.5773463259734893,1.1981324434629195
527,0.06279869412853768,1.1122441610045268
528,0.4845900871881227,1.0963673374292764
529,0.6584477287620545,1.1112180050939169
530,0.5046862049364076,1.1451650737387744
531,0.3664295719249755,1.0710658334231509
532,0.45726871530894814,1.088787191744685
533,0.5321428130956845,1.0592573633431999
534,0.34316138138066965,1.0632340304809291
535,0.40673004715824856,1.0519064178801427
536,0.4732480486429002,1.0767022800653736
537,0.2838717146342064,1.1048864461136407
538,0.368628129310264,1.1270906022383993
539,0.4058388597173036,1.1681927387703077
540,0.5194447132417607,1.0869029156868335
541,0.5387455305450872,1.089731455937491
542,0.40746855439597407,1.0451367231765092
543,0.587395798596179,1.152135513482136
544,0.5387175089610114,1.1640646183643693
545,0.5264345407415475,1.0775399875430045
546,0.4942445998633918,1.0253814612422918
547,0.10140496421522964,0.9928936673083552
548,0.5470909917497615,1.0553603569620649
549,0.38636106477144555,0.9747257381248566
550,0.598669639808801,1.0153718053860004
551,0.22587291433904105,1.0083426112931413
552,0.24638823790529876,0.9959893010462295
553,0.38192918043392443,1.040773508612554
554,0.6623949020268076,1.1479474148741866
555,0.5869776766666783,1.2242521761497183
556,0.5026850869736389,1.1966322152311633
557,0.2604209038054612,1.2087228966670653
558,0.40259129281571554,1.1488197658791126
559,0.17792231568160582,1.1793451905645953
560,0.4809679415705501,1.0573283006679937
561,0.5058813404352627,1.1351211750629964
562,0.3037742785485487,1.1223967859490365
563,0.25882090205212965,1.0587710710400358
564,0.41368036839992317,1.0692490524117682
565,0.6128359771253434,1.1328223803514805
566,0.4207576016248832,1.0490604677533164
567,0.44491777976527436,1.1905540906337613
568,0.2886577012843189,1.1345535156960138
569,0.35770383954540497,1.0673365250562525
570,0.6645882109409634,1.1108777285005123
571,0.6178881378298513,1.071386704371084
572,0.300701043684758,1.1476037366896006
573,0.5975146603608678,1.2440511986652316
574,0.4913995449315307,1.2223018825468384
575,0.488448736392059,1.2776923569555305
576,0.45235866293245264,1.145771595285781
577,0.8177193609665406,1.151198845999795
578,0.23760706980358695,1.017207080287773
579,0.6350392053404951,1.1275166638475445
580,0.3072664701217538,1.2165501197040505
581,0.5522597032380497,1.1308813407225986
582,0.31865846635164974,1.0954839208331557
583,0.2633222058142003,1.1395964350100563
584,0.4692747210276431,1.0375633484623497
585,0.6858577888325891,1.117380651316052
586,0.4666670967334028,1.203664848474868
587,0.18573609790233186,1.0710117181961665
588,0.1351983322235364,1.0351682690791044
589,0.29260318428868204,1.121801449129345
590,0.3682882233524015,1.0031570285839084
591,0.45432278711173824,1.0565837700869347
592,0.6146825283544908,1.1311133526056896
593,0.4541249176632885,1.116350690184914
594,0.5764882594657713,1.1905412903724077
595,0.4363237435161913,1.145001891212174
596,0.5251360324015084,1.2039118604821097
597,0.42514206244402347,1.3020908492634746
598,0.36939516681966555,1.2701568154098963
599,0.32738915032135707,1.2492523099738762
600,0.45310630728775103,1.186279324413805
601,0.29915984141708046,1.1041537295695798
602,0.5887174136703487,1.0975295165469694
603,0.435816576843791,1.1064996676980838
604,0.3677450509687817,1.0290101084476762
605,0.26818418100523755,1.022952154561744
606,0.7759811459444846,1.157401589302581
607,0.6625782114720996,1.0415763939084104
608,0.22724683632961276,1.0670789354725867
609,0.043034472453306,1.0869893962118615
610,0.3704480638424792,1.2728037198369764
611,0.4213915108777778,1.2630935485689405
612,0.37065787207028156,1.189374232079483
613,0.418413122556889,1.1459517489200872
614,0.20822958807524994,1.1018755883102667
615,0.5657665370023225,1.1311426218638128
616,0.3382181249276069,1.002569851131604
617,0.41800926212126116,0.9729347156413847
618,0.33534245161865955,0.9299641139002566
619,0.20720715158801137,0.896113197989814
620,0.3233953467417379,1.0935173340825382
621,0.4703490398452528,1.0586468862216656
622,0.38734587739198667,1.0817408684255807
623,0.4433555971913425,1.0557669125265257
624,0.35891545311141965,1.0291651605717538
625,0.24062294760295477,0.9529732526973518
626,0.16942745314964597,1.0008413431785532
627,0.4714001390921278,1.062422795531514
628,0.21330776266078613,1.1063407727379089
629,0.25067519962354806,1.1281292931879858
630,0.4522886512450742,1.1889988617783014
631,0.3715569957319743,1.0555273094992437
632,0.34621875677340724,1.0808316809248621
633,0.23722479303927452,1.09271196934389
634,0.4552097466866941,1.0805476944384442
635,0.5797565943489621,1.1501849401292068
636,0.26077677449404274,1.1095331992835127
637,0.40101814588619983,1.2045788414400271
638,0.5612010572983341,1.0844923377031144
639,0.34948004563322765,1.1040453498207876
640,0.3181454496370588,1.0628219087208342
641,0.4436866814316074,1.1388664444034096
642,0.5751034157318361,1.1650840635456663
643,0.33280314765892344,1.1420847640564544
644,0.3330952850583044,0.9966648291617599
645,0.48397547032103433,1.1085479356897967
646,0.251216068133672,1.095877730666422
647,0.49752009675179837,1.2042898324728497
648,0.4312257333669486,1.0987237994849848
649,0.5028875306863775,1.071104737667743
650,0.46372084597333796,1.045959177292191
651,0.3193337718775563,1.0967473795990716
652,0.40913816710072726,1.181022009358974
653,0.4410466796609962,1.1340414032595096
654,0.3322172964697904,1.1426099099611915
655,0.4511175408017557,1.2337658205650166
656,0.6054471648243915,1.0839732375821236
657,0.4990479130773663,1.1040078014295627
658,0.3307469725396558,1.1525292154561668
659,0.39278549653467304,1.1645845030751727
660,0.3668824321025026,1.2225183846788537
661,0.30149427362471115,1.1031490941772149
662,0.4035651907730487,1.1265116274693152
663,0.25587421433432317,1.0508642518119382
664,0.5482439857955159,1.1055372153335714
665,0.6426931423164364,1.1223985106722714
666,0.2881443158444232,1.072628439601471
667,0.2718424040069986,1.089330320983236
668,0.29657079196865715,1.1273948506970897
669,0.4373445345948718,1.1884220987268246
670,0.39801076222106146,1.0811063599925983
671,0.3208995828161748,1.1262118301975665
672,0.23245412786579925,0.9979207198955957
673,0.5150762816181763,1.087984263992611
674,0.456271583351924,1.0830380467384015
675,0.49841782834371506,0.950132569311392
676,0.3785964364962152,1.0070959274814897
677,0.6157945946727954,0.9267807731910516
678,0.8080547272494254,1.0493006530240583
679,0.5808614160034905,0.9666154602133583
680,0.9022260879041315,1.0575220245140864
681,0.24560498080003515,0.8950148848699546
682,0.4044430241334404,0.881524073477771
683,0.29718827462313235,0.860602122673128
684,0.20797182568191466,1.036973104120883
685,0.000718903619466826,0.860152400850041
686,0.19319095496547414,0.858579838336131
687,0.5372616200539342,1.0796356300586212
688,0.15771564003554112,0.9036111467055656
689,0.2650533413189013,0.8892579294891035
690,0.6591054580327601,0.966602217609338
691,0.3691913768388185,0.992410169346439
692,0.37903178953931527,0.9691945119811591
693,0.2090987586249901,0.9498613306202646
694,0.41379529176720187,1.0624961208765666
695,0.4875827225029981,1.1306009536964026
696,0.4685690033942696,1.1870348516429636
697,0.7649983995437961,1.2145480006610538
698,0.3683018468485842,1.1321129154182048
699,0.16343284687804685,1.1168692408547338
700,0.5321555988678779,1.0221787763691175
701,0.7511368364541589,1.1220149125123655
702,0.3476273584229731,1.028444020575627
703,0.49628831115677574,1.0013105082461955
704,0.3413661956834877,1.131371206631891
705,0.5141130251474753,1.1781543299604502
706,0.16813301615110793,1.1727297548522475
707,0.5989512952195766,1.1581151229761886
708,0.358861349937453,1.1192989820866215
709,0.6164236504131418,1.2478189916047435
710,0.4399834046626032,1.1069767845115912
711,0.21520485256080618,1.1260695672853283
712,0.22282243018676123,1.1413790671766997
713,0.31556382571769975,1.158166152805988
714,0.6244874732640803,1.155927897299826
715,0.31565506341015115,1.1397388951855474
716,0.566509411794139,1.2416992921301313
717,0.5677398178995074,1.1591744391803596
718,0.6389582758512469,1.1555355657530668
719,0.43201724410042086,1.0279538278777647
720,0.6284304406446882,0.9961015168667227
721,0.4422804344072863,1.1245726179016364
722,0.1150498643670396,0.9699471787695217
723,0.1843368486865565,1.0121783212460984
724,0.5609224000897577,1.062436006361079
725,0.2617130723292206,1.0886347568736294
726,0.679190212569915,1.0651777974054826
727,0.7201455034639122,1.0882953789725762
728,0.25529150561357267,1.0647548795065886
729,0.30351519763087903,0.9415275412584212
730,0.07900169254575533,1.0746081404033285
731,0.5398007929271775,0.8923804164505463
732,0.3846290513571101,0.9784254361995784
733,0.5692050876700684,1.0456041075254954
734,0.5127739095682623,1.1339348284768225
735,0.6364410863201299,1.1530048088571143
736,0.5601921584480721,1.162162801697258
737,0.5067910624393263,1.176714467054548
738,0.5479682988037321,1.1319531239482221
739,0.4859354143518145,1.2072786625757925
740,0.5862569074130539,1.1220065130745809
741,0.40534147017181277,1.1806945489541054
742,0.4306374370419812,1.18278922515278
743,0.3782585178630735,1.2043678937147881
744,0.4018099950936918,1.1337397457514098
745,0.35321434810343616,1.1305908954407051
746,0.4728666635775206,1.065978031459641
747,0.5001792426175968,0.9222434648007828
748,0.632400508558047,1.042319935050993
749,0.2129209924539891,1.1041326952777704
750,0.6117696718949932,1.1742510773513763
751,0.0847482930807538,1.177137885221143
752,0.5202039765460904,1.0669127980809492
753,0.1792593252249757,1.0015121863081204
754,0.5559062397583759,1.142884442899448
755,0.49929297943220063,1.0422153010708601
756,0.3007612690902811,1.128419158629648
757,0.10849005447631664,1.0487363621352161
758,0.4566035534225287,1.0814305395965196
759,0.46273609560078155,1.0399622323538316
760,0.2406186923724429,1.1602934870160375
761,0.39243316212810575,1.0736197055134054
762,0.5149294679881264,1.070915609507001
763,0.5854771048512678,1.0412483138374817
764,0.23949158891708036,0.9983892298158379
765,0.5394860726760433,1.105759278675078
766,0.7072602177865341,1.0081880362450595
767,0.14244876123564437,1.1411764941305076
768,0.23590730325760703,1.175300044618704
769,0.1510874181189976,1.1504756790188413
770,0.40568976311553956,1.158057816989927
771,0.41500539732279523,1.0364795422018827
772,0.119948742095671,1.0430834909683724
773,0.33713660214361185,0.8998544989483774
774,0.4517486038259548,0.9965151067446006
775,0.34698810433623817,0.9131673137482894
776,0.5923625156215269,1.0058537265078573
