t,lambda,delta_s
1,-0.6402192981553259,1.15813853093791
2,0.320571715087725,1.1311290391944264
3,0.09857243993844202,1.1379805349397496
4,0.22906288209851725,1.1895330454069595
5,0.27088119585284426,1.1974487562457798
6,0.20972789769444333,1.2037023604688297
7,0.4697943543458355,1.1156406018588685
8,0.27010204770578417,1.1671960672572603
9,0.4373082355620043,0.9434582426927556
10,0.31873735057733243,1.0906073894617154
11,0.602509841211902,0.9114850193510431
12,0.21582113203838268,1.0469995696302026
13,0.2271977776809529,0.93111842339693
14,0.6834040755413666,0.943659349401609
15,0.40016997049645886,0.9795668784159006
16,0.49184562951917593,0.9770397737788565
17,0.25825063219597055,0.9713517410380135
18,0.25090481703487916,0.9315856121167092
19,0.6490473512562162,0.9001005182046401
20,0.12977122421254156,0.7635681496189255
21,0.2838746877760664,0.788332021957164
22,0.2617048486965129,0.9051055955178955
23,0.28670930921049637,0.7787222932192203
24,0.20152219921258338,0.8347496693604693
25,0.4104156683540606,0.7649910789619367
26,0.4810563281092627,0.8967841181337919
27,0.4973994502850615,0.9566283771050762
28,0.52320779287758,0.8781935134684792
29,0.19397293734926743,0.9716491978357268
30,0.5604913767325331,0.9893373003330326
31,0.19871714897931833,1.0314845240325123
32,0.31419624616542535,1.063808949429937
33,0.5300189960667605,1.080692245826972
34,0.16587527749058806,0.977505100717277
35,0.3728893401034628,1.019574619785504
36,0.22617406796769043,0.970524381052258
37,0.26218716300427625,0.8969495023257015
38,0.19614811625157855,0.8349485838204601
39,0.23607105211058652,0.9888417466206897
40,0.38017952203693933,1.0520672780871476
41,0.4369963575877997,1.0055052218093057
42,0.09026711692009011,0.9176685545955285
43,0.19864663963603488,1.0169274228870426
44,0.17847731387936597,0.8976297240826641
45,0.4081968009847143,0.9350810507790289
46,0.3703632364397323,0.9431092422189308
47,0.5205426014256019,1.0543288325995603
48,0.49117038716439715,0.9208925504243685
49,0.3804866746053058,0.91441056639123
50,0.44866279782373725,1.0257379808138232
51,0.4692093791540809,1.2061126748357056
52,0.14411500659170323,1.1327759130585033
53,0.21834433701292758,1.0015197167489396
54,0.42362795795619773,1.125562932297904
55,0.31404417340769214,1.099428559056993
56,0.608926862263854,1.0328615155731267
57,0.6153880888159579,1.103438906780037
58,0.41547671557865956,1.1674542989873236
59,0.48262552366362765,1.1724844880919005
60,0.24429693124676471,1.0184683975318503
61,0.44601360209359747,0.9693737914479147
62,0.4636857360828288,0.9699953898013691
63,0.29975730804711365,1.065785318335878
64,0.5177891250730109,1.0134207743063885
65,0.30160991967824985,1.0803962317214058
66,0.3291336494412916,0.8923116624142571
67,0.23736216514823877,1.0186774768958835
68,0.5018827861169539,1.16774143180776
69,0.44083775170890277,1.0713188197032795
70,0.24098225741229765,1.0428798429015305
71,0.16537718585722294,0.9904645282232056
72,0.4769193769597825,1.0023295521982107
73,0.284291684321644,0.9185343218052848
74,0.153130541801968,0.9655451685842422
75,0.11422325356406013,0.8635384723954549
76,0.3999566686943386,0.9898431190314625
77,0.14369270691454517,0.9404062204072071
78,0.30847389629942285,1.1114845943695322
79,0.4907276166245442,1.01216773792043
80,0.24539867665455425,0.8986164726242897
81,0.4372767936672709,0.901418601475575
82,0.4717975570597826,1.0245537524454151
83,0.5182989794291115,1.1614563165287686
84,0.2257489090280907,0.8933229442179226
85,0.5013938472036733,0.9094813308995722
86,0.6024568584326764,1.0935346617773318
87,0.36349298196577723,0.9919367991403882
88,0.16281660946000617,0.9961913114740183
89,0.3569422003208282,1.0376750170229854
90,0.5857305987905638,1.0160841160377052
91,0.29320235266485717,1.0692494780013784
92,0.6639575605428605,1.1193308375805318
93,0.5654710877850093,1.2136030134401052
94,0.41191558907528075,1.103239915299526
95,0.35575822775163457,1.0930355553661524
96,0.20117008063070382,1.2001293488192817
97,0.28592781371285714,1.1775917636904256
98,0.39988272700384964,1.057220535899981
99,0.22668545617490296,1.1919995493744804
100,0.7457683033730255,1.0304872023571776
101,0.39484679499216013,0.933630904194814
102,0.4396911548913104,0.8414951575375609
103,0.6579896032528085,1.0044075834710589
104,0.5975915543725344,0.9181652405182761
105,0.5938225830436082,0.9862242422908373
106,0.7567897673781566,1.0682420846564709
107,0.10994460655677875,1.1352368018724113
108,0.4234450134697842,1.2070589032744379
109,0.7133997965715673,1.2224281984365524
110,0.3240436341038873,1.079971961096196
111,0.5070684080374597,0.9726900963500729
112,0.6906238912636551,0.9865257665929009
113,0.4951024490926666,1.0661150595821225
114,0.3510430995731974,1.1002672326534177
115,0.5111199760473105,1.1304634908056395
116,0.24344948998851718,1.1319864178050478
117,0.22641243199616073,1.0639493352414517
118,0.14733451589888025,1.0132701046749668
119,0.5949240492792404,0.9935710380766645
120,0.8417894108133688,0.9653813213483838
121,0.4892781954381302,1.147334125230968
122,0.5667045459636286,1.3074431484721223
123,-0.07699927727181027,1.174015762862212
124,0.4409362992657999,1.0129491247778024
125,0.3535355285916824,0.9031046319147114
126,0.23382611231679434,1.007881927109078
127,0.6123401443987524,1.1326429494247843
128,0.1472546135897733,0.9911027628323996
129,0.4068607080000562,0.9524916821960431
130,0.4221617068832863,0.9632807000102956
131,0.13509864393250115,0.8880038186414079
132,0.5101773410397431,1.090566510841345
133,0.6700190463082867,1.0120750829018592
134,0.033895304350382585,0.9264367253027838
135,0.41378961888048227,1.0016855377914864
136,0.5897760630218103,1.1188904948732443
137,0.48253532620274675,0.9744082188544362
138,0.5960796931073765,1.0331610292824966
139,0.35345620635537695,0.874744150932813
140,0.3449147620984022,0.9535607104057409
141,-0.08909136369557791,0.8741285910487206
142,0.3785953960501042,0.8190616253294825
143,0.5405903115976058,1.0155507368595837
144,0.5406187146055772,1.0596984548837258
145,0.4413279662993975,1.0401823873262932
146,0.09578306458369036,1.053879980700972
147,0.7239170004876441,0.9775474934640146
148,0.46914903509349776,1.0203570920362433
149,0.17592174946238887,0.99108594557411
150,0.5615405871734143,1.0409581548367959
151,0.7138153061177677,1.129383266913659
152,0.553199614065064,1.0010987952923756
153,0.23680326783228356,1.004547466537581
154,0.08892204443207012,1.0783140635748378
155,0.205826354526339,1.1955462393255094
156,0.5927601961214992,0.9585519251976761
157,0.8275156426134889,1.110558594793037
158,0.17598086976877622,0.9754016079325468
159,0.077697983785817,1.0389843464036153
160,0.2678365999562994,0.9247136802494607
161,0.4177260859687358,1.0030866609467908
162,0.14107767589331682,0.8388816209323019
163,0.16016811940816694,0.779345212191595
164,0.4333747976452902,0.8554826219897782
165,0.4293976073873575,0.9438483289771317
166,0.15839989696544401,0.8904442307846425
167,0.42254530058143647,1.0610092230890618
168,0.36723736736627977,0.909724680582055
169,0.06348009154393965,0.8660446552596958
170,0.5302138118835003,0.6956184524248038
171,0.25323738637850113,0.655201882925484
172,0.2836724761796602,0.7472952189106978
173,0.44045093716020334,0.8287143811060977
174,0.4737832340369787,0.9850062333595636
175,0.5707253729968805,1.0765975989054604
176,0.5227978343693463,0.98874794399962
177,0.595934588913331,0.8603353187360973
178,0.5458615652178023,0.8591476827390295
179,-0.12065641385489324,0.7332163958355313
180,-0.13599517110318224,0.7853576383612194
181,0.008552302581438654,0.7171367055497581
182,0.4262225905310443,0.925869879923964
183,0.3167778841825809,0.7278138187922022
184,0.7441417648821785,0.8417641236727643
185,0.2875764048009047,0.8225669441563368
186,0.5486278970524403,0.9863036844798184
187,0.6236128775467101,0.9597708986932835
188,0.44336397669373034,1.1296683990264378
189,-0.04125925034750608,1.0046426626619964
190,0.5572225604115795,1.161373169051071
191,0.15888522037702885,0.9962381123426509
192,0.4274592933262996,1.1156336061841106
193,0.07101097821916119,1.0055616788046715
194,0.5230550187942924,1.030260135354233
195,0.33530654636536733,1.0489682228643487
196,0.3870033245018208,0.9836819871421902
197,0.7288276337864693,1.0939046191136952
198,0.17743955319188576,0.9478481041208678
199,0.5526111986116856,1.0623208862370308
200,0.1337529893696041,1.0723165427621613
201,0.2775071322420321,1.0723064944068035
202,0.4965947373498946,1.0122238234560907
203,0.24031860925812146,1.0518575458793726
204,0.42749620333360605,1.1593959028512018
205,0.5346074294096924,0.9732793192946021
206,0.06139261480069988,0.9602475372620058
207,0.7943763706126546,1.035732184644005
208,0.30982568987788384,0.9876968721857531
209,0.6901503620269099,0.9243990762636005
210,0.27394147926329193,1.0345210112394967
211,0.7269957046820944,1.1458219350230552
212,0.6832592786893289,1.2224109879392793
213,0.07986092120161128,1.0570167271711544
214,0.3442097300731288,1.027512733460852
215,0.4316005463609302,1.0634681791384977
216,0.06687910491893027,0.9205843842804166
217,0.061075316097736906,0.9401679661382485
218,0.3989712316059859,0.8411285632787313
219,0.24816933762793647,0.8559544189781386
220,0.2946522073623386,0.9174936883286788
221,0.4148620117891922,0.8993843662136108
222,0.5441319253464363,0.9666369142818122
223,0.5051761933330369,1.1097313217940763
224,0.31069480459186216,1.09865708019205
225,0.6162757725052319,1.093622651570986
226,0.573230500823809,1.1429831175715575
227,0.44753065812682985,1.090024615817435
228,0.6750511893456035,1.0714354486455384
229,0.520095730088922,1.143973263938713
230,0.6215028500701925,1.183573354883755
231,0.46922737342389353,1.302231148277499
232,0.11573120363428903,1.0588401087440595
233,0.635174992855919,0.9572081562863968
234,0.40800954123322936,1.0146760380259763
235,0.4567054649999186,1.0956054258130674
236,0.6406077236770977,1.1371327605504056
237,0.4314309849402967,1.1364208035167735
238,0.433548086497129,1.1657075888173152
239,0.27087944000117,1.067008254281774
240,0.6405082817189167,1.216782975646937
241,0.42748709037673593,1.1616528177359973
242,0.3828619766776572,1.0225238934723857
243,0.5084409153939363,1.0143324632306046
244,0.2443342050072658,1.0744123537113992
245,0.42388626266199153,0.9585058548430545
246,0.6474694060047479,1.118815455720371
247,0.5598458891927738,1.1995562725748192
248,0.08173733557960981,0.9746297959861288
249,0.6463641120531143,0.9407796381542161
250,0.8323028524165575,1.1713641498498386
251,0.7990012798358173,1.116023562140179
252,1.0120538900721527,1.266687607830342
253,0.2897378350463226,1.2995342594070747
254,0.6260750556658394,1.2723377393264281
255,0.7782199636420163,1.2175208921454885
256,0.019268772950478495,1.0668832037423357
