t,lambda,delta_s
1,-0.619801556015388,1.1892734649343968
2,0.8938714324708199,1.2531922285011319
3,0.2263090369862223,1.1771199606376523
4,-0.14049157443097637,1.0737799769332492
5,-0.09508089793425265,1.1658065949534921
6,0.6190957501547104,1.302319194074504
7,0.7728324498451707,1.3158089004631568
8,0.6750324584364743,1.2420317861610544
9,0.8571913152196204,1.2126504007101195
10,0.7898324623227247,1.208795521753939
11,0.0214297190372337,1.131552320038415
12,0.01636619501090046,1.1578845997152558
13,0.2692127434116745,1.115987561503749
14,0.4185830992230851,1.116506907889848
15,0.5200297106351468,1.2160655549811066
16,0.19798732463675328,1.0842532641977662
17,0.23441545240612088,1.0630707591581658
18,0.39275996754727666,1.1913430595930232
19,0.3362768188981858,1.081508924945512
20,0.08999800014491804,1.0680538026795328
21,0.4945395894909368,1.1038053726827055
22,0.38663791642076256,1.0398137722147662
23,-0.003452297491766545,1.01066850195546
24,0.3296757927479668,1.1461448175258904
25,0.4964363126355596,1.1335470977164506
26,0.46935313717922544,1.1833278915025127
27,-0.014265181481914434,1.1812598217015438
28,0.36934993232409713,1.0144337824183174
29,0.17541855915972795,0.9177021954391484
30,0.3469713540573416,0.8397224873460531
31,0.41083746019977646,0.8599616088055279
32,-0.06105440530906131,0.8578396717281369
33,0.25909561611943205,0.9367171406295611
34,0.5583817058033563,1.0126850739104372
35,0.5643004512106193,0.9236630068005312
36,0.2031942017666315,0.9151783219008641
37,0.3360678151288247,1.0867713500459422
38,0.38431823766189954,1.125113584069657
39,0.6436306147064423,1.2270123249655722
40,0.6134213581841029,1.0668854782648187
41,0.003129904065069917,1.0968086107740966
42,0.5056861327625736,1.0098392212708331
43,0.17695091827653478,1.0122119605884103
44,0.6136226776421979,0.8818463340896245
45,0.22572108705946659,0.9168722830061278
46,0.3296599401302677,0.9310753753652514
47,0.5766668663503051,0.8344855640707002
48,0.48256026770380306,0.8616747048906028
49,0.16310539295203844,0.7586701780732173
50,0.3148297870983462,0.8595223959831618
51,0.4610010643420121,0.8894404154334027
52,0.21663279531429264,0.9392177903423292
53,0.27742013533625853,0.8541457432493883
54,0.47303206813120424,0.771203523449282
55,0.568602611009741,0.9470416193571226
56,0.144328211140901,0.8792410010133287
57,0.7251459437727659,0.8912288220077902
58,0.5923399428613196,0.9133636401867389
59,0.5934317915672157,1.002292277366799
60,0.10260264595951778,1.0571371982126374
61,0.3073168336798813,1.1425245309653491
62,0.6974030851190696,1.1803525552102592
63,0.3803718251811391,1.1040931355324966
64,0.2940465764096235,1.1489897803672915
65,0.3565728546399512,1.2190342289747849
66,0.24282024493985918,1.0168599494697546
67,0.32288714414483183,1.0591273529997172
68,0.2039158737648565,1.0830179330348733
69,0.44255159520800813,0.9973827063625889
70,0.321668142770763,1.1452400766330588
71,0.477502380180659,1.0042219316462804
72,0.4607678801460905,1.008406248242941
73,0.29469959373726984,0.9149645219645555
74,0.2557068200705702,1.0260164695390024
75,0.3738254019830439,0.9412894906510955
76,0.6193695377842319,1.0014687498074535
77,0.5058055638323649,1.0786942353574287
78,0.47296558359848545,1.2865202750691307
79,0.532896307909908,1.2947390053147816
80,0.25408101933865906,1.2198087218844376
81,0.5401886923764287,1.1407699388997605
82,0.3829174215066614,1.2090595122354868
83,0.5361561392339446,1.1201002150304713
84,0.3657714658606865,1.1403222773755246
85,0.7318032523924893,1.1494160207125286
86,-0.02223033880361404,1.0612025285125708
87,0.27976105510588684,1.0705848924963595
88,0.21412886989335936,1.045311511444806
89,0.5629636746272206,1.0615835243101444
90,0.3031945714916073,0.9815949640573758
91,0.3819279569786622,0.9461395590844618
92,0.5754768573377225,1.1387429048809703
93,0.4106321602116222,1.0400600246631133
94,0.46694845731773976,1.0818849973159559
95,0.048374413241671604,1.0922411797261231
96,0.6134672690910145,1.0784675584580876
97,0.4262319589188188,1.1139061101922154
98,0.27640373652925554,1.1099734312828193
99,0.1917146833834925,1.1676469668921803
100,0.5823443505376746,1.1286698508173552
101,0.26144151231039575,0.9091487270500292
102,0.5476112704688624,1.0225778998660788
103,0.30852006365787255,1.1022332766563379
104,0.37055061247673865,1.2506078735052446
105,0.6249674594484147,1.2347757284569059
106,0.2680801081531361,1.1628984114996606
107,0.257832094808618,1.2599720010098205
108,0.312184928868192,1.1594706324582906
109,0.42748803445901995,1.1509727636165705
110,0.5968738648412899,1.112928505592354
111,0.5004554206823476,1.082340775175138
112,0.46502299098163735,1.0256714677973977
113,0.4770971259847048,1.1051456196829177
114,0.4055123678843917,1.1195587909311195
115,0.2962822310094517,1.1241374069718528
116,0.19709517194931822,0.9639716287275732
117,0.5544859418099604,1.0064770103566287
118,0.20880340472080477,0.850228542808933
119,0.35550853634010454,0.9159063292568222
120,0.5368513144569619,1.085259404182281
121,0.23067535084522642,0.9759608938020751
122,0.6796216081988039,0.9234575458229268
123,0.6740775753699131,0.9903886239101147
124,0.23578618876793275,0.777179461089614
125,0.4146646668920338,0.7857441973772397
126,0.20951908308276515,0.8884814882123588
127,0.764985277917451,0.9939924726379956
128,0.49187024464262324,0.9707273469657868
129,0.2026977463368206,0.9460815656211071
130,0.5325584785568513,1.0438092809214439
131,0.37285518913855437,1.132820087968211
132,0.3808477069412822,1.1748421723735891
133,0.2000156530776316,1.0638260130152883
134,0.4272989226320649,1.0828517413781018
135,0.0506220484746981,1.1076662033213633
136,0.4532658635522002,1.0212242377369585
137,0.4315711151312499,1.1010260956855045
138,0.6263806940861212,1.2061215922442838
139,0.3792713037503679,1.1392498914100826
140,0.21106200298461808,1.0867953757517292
141,0.4623276134355016,1.130557723770198
142,0.6353753001802047,1.2833254333942565
143,0.7084813953056952,1.1753150962205516
144,0.2538079751004859,1.0331602173915087
145,0.41471453545393544,1.1668952984775671
146,0.5791359949282019,1.0872314690174558
147,0.20706562080345955,1.1112030858997697
148,0.26888751481578693,1.1586276799459916
149,0.4165467084769924,1.2129424902047161
150,0.44397720649072475,1.162006975477454
151,0.5353083755321916,1.1602715135295585
152,0.27574764247896755,1.1727121312037185
153,0.35149380926430907,1.27595095205961
154,0.46100018742277865,1.3988996557908735
155,0.5043996836118753,1.160866864232355
156,0.2819105201164188,1.0125647201279042
157,0.3341149971110951,1.0251227473695812
158,0.22417041188718526,1.0361419551788975
159,0.08134906064056824,1.0199201872638364
160,0.41848928208355,0.9376239797619917
161,0.22342150029640107,1.044355331865253
162,0.7676207218967286,0.957062281514803
163,0.5765503944983982,0.9082872500903753
164,0.2514684340520786,0.9138351045336044
165,0.4096489645833014,1.0002620198381535
166,0.505004420361367,1.00989579177436
167,0.3660633149977509,0.9176826600106941
168,0.4121455324132586,1.0119333587259944
169,0.29003502373012324,0.9444973319371079
170,0.16799507012776757,0.9761469519937509
171,0.46110787239757073,1.089911104606825
172,0.533721569955056,1.1976893437884064
173,0.13651816347063503,0.9918765777742714
174,0.2495964748401183,1.1434780855062245
175,0.7043740053277181,1.0068332411865921
176,0.603969664541587,1.1268961659875525
177,0.2327638803526462,1.1222952204475476
178,0.5054144953604675,1.165140542864639
179,0.5980463389837875,1.247154932111254
180,0.5989749309323946,1.1334188243274688
181,0.5509262750102863,1.1413022733877547
182,0.18609849578427864,1.178913188006795
183,0.1951437012141984,1.1143556580070408
184,0.26876324417402797,1.1739279222313235
185,0.4412869347950301,1.0536842125601085
186,0.5504095771971647,1.184255881060863
187,0.2697819161279726,1.1253951562620073
188,0.2296374022762795,1.0998510425628425
189,0.36589922752393444,0.9963733005718022
190,-0.2536271968861183,0.9685910156108771
191,0.28966216411200063,0.957610241694607
192,0.6319450390149222,1.0210079772714646
193,0.4207845092992792,1.0116837110012693
194,0.7292262469139015,1.0113921966907728
195,-0.006841708946934226,0.9629942800293511
196,0.14031280293475223,0.8711043777008646
197,0.5119927878819345,1.0421742502740274
198,0.5634133631910907,1.1308656586209198
199,0.3163498278597134,1.0975886723573118
200,0.5057415486303581,1.2347694014436792
201,0.6081521448810592,1.1353294860587382
202,0.44319386551562245,1.1925296437504382
203,0.6377797074487316,1.261290163361631
204,0.17161364126627024,1.1018708280366751
205,0.66708626915779,1.1832704453089975
206,0.6103803019038698,1.2477368358117926
207,0.2596595308319373,1.1450074832647725
208,0.31506006288684996,1.0097369471304116
209,0.5438440457040242,0.9955057394395438
210,0.10763254978469712,0.8362891377223202
211,0.18339824811554278,0.8734006428949938
212,0.2792636854714816,1.1248923306376455
213,0.3753528323324143,0.9753482560130022
214,0.6021878535077471,0.8872211580177947
215,0.7280687054277117,0.8463859226833464
216,0.4316829161523421,0.7479960156775576
217,0.2106356794524873,0.7756352874747179
218,0.37747029779613317,0.7704362223676596
219,0.4137037248484807,0.7466442045121584
220,0.3261421177082786,0.7629639970961345
221,0.1409963521148643,0.7169976211125481
222,0.055975451676803414,0.6332534771251759
223,0.3232768830899537,0.8434997813916875
224,0.13097111121052438,0.6729666485620796
225,0.5113017975403301,0.7843600853289506
226,0.5473993240016805,0.9951235696604337
227,0.2818961353083371,0.8504214184728202
228,0.22931421909851246,0.8469745359329207
229,0.555244164172902,1.0579344257382046
230,0.3775401455075298,0.7439177290322819
231,0.28110939897977416,0.8320440699654643
232,0.3707065102577426,0.7801851313704686
233,0.40337248757855165,0.8446278706693411
234,0.38052404348859326,0.8748889632154214
235,0.11190144087540248,0.9709624636596645
236,0.5658353667405427,1.050369019638443
237,0.278098907809424,1.1214881337090632
238,0.41287483048169177,1.0839663511265838
239,0.3396748937971012,0.9361006567459549
240,0.41118645692098593,0.9320183617429452
241,0.3550493633002925,1.0029779580223426
242,0.42487791710149625,0.8827608232551979
243,0.4542737657273068,1.0733791467201572
244,0.37772718610589495,0.8362951610203757
245,0.7172413197027722,0.9048540308229105
246,0.020511796158074403,0.7461742736684507
247,0.5885926136372758,0.8775264374679942
248,0.5709947219024029,0.9631389979032134
249,0.20654087036162544,0.9785181073872106
250,0.5722509761929176,0.9921037563598727
251,0.29150117595800756,0.9834381672624771
252,0.183795516543855,0.9714289119183754
253,0.4336528561684724,1.1140753772228462
254,0.48099435859039247,0.9124598290260799
255,0.5514767000929064,0.9668111229674317
256,-0.07896433139661539,0.9600005476136769
