t,lambda,delta_s
1,-0.5158875410877495,1.1688936963276195
2,-0.0047327224125892865,1.1626743819029859
3,0.10393879788197893,1.3282455306263616
4,0.37689357363846426,1.1112835967193717
5,0.2665434917941172,0.9718321364748083
6,0.17209336501121295,1.109998776934889
7,0.1685140192673372,0.9357008555350593
8,0.41998800712291245,0.9411267118269369
9,0.1793817522097243,0.9111021364470953
10,0.4584079904088822,0.7587062726405868
11,0.3554380449100636,0.7669843605592038
12,0.28557079403482155,0.8399935390995473
13,-0.04368932595946066,0.6672715581749503
14,-0.04224019217957207,0.6810615431718157
15,0.16493846864942974,0.5996067158752713
16,0.2623386814470473,0.5908402018331973
17,0.499214147073564,0.6985370345967813
18,-0.0342503811566477,0.5260531082034358
19,0.3941062638920686,0.5948382362194182
20,-0.07685376610262967,0.5799903290840455
21,0.3885535022237912,0.5955610409676972
22,0.1726760076687283,0.5524098083399829
23,0.40320197763078697,0.6554721588184556
24,-0.08488540551052073,0.5337296755545355
25,0.05162879058940757,0.48361029630742514
26,0.464118932143098,0.5716988962346607
27,0.2767356256829767,0.4802430957883561
28,0.4439602514734931,0.5727103421900459
29,0.229238871262915,0.7439423828122932
30,0.22111602464709845,0.5212070603687389
31,0.3740338529545497,0.6141429010538811
32,0.34134969526224085,0.7946650714352322
33,0.3398704008489898,0.9937674299468929
34,0.2159418630879819,0.9524088222637662
35,0.4021793167517638,0.9119132439831956
36,0.47176615632640345,1.0024664720829346
37,0.27521836960968815,0.9135813831012735
38,0.5235317159418681,0.9373055273325486
39,0.26730147175022784,0.8319208159902284
40,0.3096005573925118,0.9438963984118665
41,0.43976331463267176,0.9450267666497195
42,0.6377805451359906,0.977587741109195
43,0.3538353321819695,0.8651400296960771
44,0.06225953808220178,0.8032588638677521
45,0.13774155753568829,0.728379111633205
46,0.49894150044943675,0.8604239009624247
47,0.5156789601145021,0.8908388634689803
48,0.1439391772562815,0.7125092230479237
49,0.48199608208986344,0.7373280652430966
50,0.5106796699335873,0.8554315263608457
51,0.30994900548934085,0.826799993582936
52,0.6930613544571033,0.893427215648282
53,0.46341080603850276,0.8560731169077699
54,0.4524809757174927,0.7902310015559829
55,0.28834464196844245,0.8301970077501041
56,0.3420330106244172,0.82797469395109
57,0.06670260052550697,0.786773879341352
58,0.3896115552138347,0.7406028345668098
59,0.509649146208897,0.6873776616788811
60,0.8989724087991149,0.7755307439531378
61,0.6652923975578853,0.9039852455116142
62,0.22530072703070056,0.9445912831767662
63,0.2387025071809775,0.905269223200247
64,0.5539821312553626,0.9345988124941734
65,0.012203213219185934,0.8577067303677953
66,0.24885984971541134,0.880806936774014
67,0.4191886898921686,0.9628133398856039
68,0.4722564546296035,0.9681998784673632
69,0.1534638247466099,0.8871556669034665
70,0.6658274812052603,0.7939770697196777
71,0.43439800853362115,0.7348978912376353
72,0.6410219312184061,0.7980017724879381
73,0.44560649433250815,0.830419136200553
74,0.53055713950996,0.9323059216079927
75,0.4864057570007871,1.0917006055135776
76,0.6060643612934501,1.1615468932609538
77,0.4561376725311281,1.0627743461466415
78,0.3785011369692687,0.9459511233779435
79,0.6344783483255936,0.957193843508854
80,0.524559901235912,0.8188132533641852
81,0.5114412892354748,0.8205024194163933
82,0.3375856956361111,0.7704459050809119
83,0.5056672849522522,0.881532366651918
84,0.5350168534788767,1.0353575829999841
85,0.5379991931554038,1.0107136684665157
86,0.017989037665895168,0.9129233719540634
87,0.2305953070500676,0.9951934811502979
88,0.46174523962564507,0.9567461249340823
89,0.5376921144007007,0.9035565775781642
90,0.5628018015052264,0.9499740131521527
91,0.5456932294603188,0.9954140470165052
92,0.38600527904242643,0.7935437366659571
93,0.26404474101172604,0.8057873111510337
94,0.05941050811677879,0.7121444643661512
95,0.4129975791599656,0.7160996107529849
96,0.21918363065986413,0.6174210055747683
97,0.4381185126076481,0.7369996468540514
98,0.2807122916079536,0.7884101844689121
99,0.7436918191916881,0.7300897089121832
100,0.8119076386066733,0.7527934841121214
101,0.4911789190926165,0.8816934193603555
102,0.3854735872620888,0.8591832939352965
103,0.44402294603598236,0.8025572621591007
104,0.4879493405356338,0.732602473907193
105,0.47356484757624134,0.7471836952782598
106,0.3730903916506209,0.7407591828683534
107,0.3373844002549473,0.8254765518186128
108,0.4824181792983304,0.742451631118713
109,0.18370133277959058,0.8439330178573524
110,0.1994950863650244,1.0231513349532955
111,0.5745167608104876,0.8022473984279362
112,0.6209912478092509,0.8218530367889154
113,0.6351198020351719,1.026612017879734
114,-0.03533479464700166,1.027573612052512
115,0.4792515885254211,1.003586418764817
116,0.42631265845063215,0.9036960634024618
117,0.5862998806662638,0.87244263193887
118,0.5177207891503334,0.9842003086746761
119,0.1279779543409994,0.8455547413523621
120,-0.1349580035738964,0.8121551427949153
121,0.026573571676083374,0.7729890511003168
122,0.32562622728654633,0.8254450690793675
123,0.5506971146589354,0.7894281381144589
124,0.4744173270606526,0.7164518675710189
125,0.3653103229737621,0.780939227293313
126,0.2788393469616885,0.6917487317490818
127,0.4738215018534032,0.7559955387100674
128,0.39614682689538766,0.7890534852153598
129,0.4452312851931649,0.6587773256359928
130,0.4521488949484343,0.6917704145032822
131,0.6705173320355051,0.700520608621952
132,0.13416824760202853,0.5855143403965559
133,0.385532085737467,0.5798523605627426
134,0.21376558195374273,0.7363081062941822
135,-0.12772680033189326,0.5516157624406385
136,0.26780882941741807,0.5145027010015537
137,0.11446743506946795,0.5543381049893531
138,0.3858223434976223,0.5423978327120371
139,0.23869905470571706,0.5435861719359032
140,0.697273351188248,0.6487045989438313
141,0.26608335015585743,0.6366984214740596
142,0.7558458644794027,0.6852634828970712
143,0.09175994760136673,0.5520852746967468
144,0.05811415217243634,0.5606371303015864
145,0.3063803389486009,0.42455096896646133
146,0.434013095023041,0.5557845486758455
147,0.3869371918642023,0.681331269952284
148,0.4660192945765679,0.7172183149836068
149,0.5749706788275029,0.8907174958397296
150,0.5294351147561965,0.9089943900400584
151,0.48765229881279487,0.850312939783519
152,0.426048669663953,1.016267160828579
153,0.6020497151690953,1.0306523762175819
154,0.6892891212589968,0.9476673570045866
155,0.5136953032711589,0.8490585579577026
156,0.47459997863211295,0.8909687979990826
157,0.32284046300309044,0.9920963367981064
158,0.3694515052157537,0.9990753750692171
159,0.318799721465834,0.9795637885452934
160,0.4421048073463601,1.0263267679691548
161,0.6733848516820797,1.1245628754708492
162,0.6407652344744014,1.124662696810463
163,0.2233654028425499,1.0037305825063303
164,0.5563894853796234,0.965639799035303
165,0.3656076974035785,0.9213757401028901
166,0.4667944920373322,1.0129044047763816
167,0.29220971199958745,0.91385152039751
168,0.34607952290482263,0.869656065874846
169,0.8739908414565631,0.9734117849216857
170,0.6493437592296252,1.1141938189329985
171,0.18141671759271083,1.108524785639812
172,0.49462301140783005,1.1563219164652117
173,0.35657781087636514,1.0375758655335985
174,0.5820479354388963,1.0033916825507403
175,0.4650051734318663,0.9537649999699314
176,0.34779005889458586,1.0777390187768414
177,0.2580234801226825,0.9778762984611591
178,0.6112639752317652,1.0821517683318802
179,0.36674858378533365,0.8681592362250683
180,0.5217880740896542,0.8820150095805751
181,0.8966272644016626,0.9958175532671534
182,0.22355186284189618,1.07179343311743
183,0.14540878171500743,1.072832533501677
184,0.27221194440009855,0.8902434036381355
185,0.48141750052468346,0.9057253874501547
186,0.46665871375445084,0.9174883359724572
187,-0.004617468381290684,0.8734887428129471
188,0.4651618374950534,0.9205132799628152
189,0.34768882178847726,0.998656684204314
190,0.46900833789603524,0.865169985521183
191,0.40281898334320226,0.9172105478039781
192,0.3645049800155694,1.0631914584632423
193,0.259257131437999,1.0837556396463723
194,0.20698222836724084,0.8975237887383597
195,0.4282124333843872,0.8442210789635153
196,0.3242246565502884,0.7900890168775877
197,0.5739067147532799,0.893339801293752
198,0.6309090581722714,0.9333813298984363
199,0.6061216051456347,0.8236400445502483
200,0.3022228928864707,0.7775854361933896
201,0.4233024385994906,0.8452294662957465
202,0.4586904863902981,0.9422084945929294
203,0.5886850894393755,0.9497000944141891
204,0.22324641023459654,0.8568885931182839
205,0.3359741982236361,0.841119987143137
206,0.37327007778940746,0.9821979016589377
207,0.41963757489990244,0.8871864464655943
208,0.6101639117574404,0.9692967469984787
209,0.5402760384618308,1.033659853579893
210,0.495420510044131,0.9652168225240317
211,0.32675168943307675,0.8355710927193813
212,0.4465975058019293,0.9806852159466088
213,0.39066551637448155,1.0835606013103105
214,0.5826869865905543,1.0992578932611474
215,0.49681455182455925,1.0747579719148508
216,0.22484924438556775,1.0761470643459132
217,0.21655648395454802,0.9402281837237325
218,0.333706984408267,0.9075275501751163
219,0.24927282006722976,0.9412537027206984
220,0.498323406447433,0.8507834547675285
221,0.700733752197437,0.9530592219110031
222,0.3307384118214244,0.8002092759373087
223,0.05943972662491377,0.7774362009604835
224,0.026411782218696195,0.8292767882596163
225,0.5577531963790162,0.9533975467987672
226,0.5976655789156294,1.0903979866932076
227,0.6345467966568277,1.05646571880012
228,0.31006720616107675,1.007458925788846
229,0.33243036111777263,0.9262672551986653
230,0.41526336579679546,0.8972303231009493
231,0.2588616374801466,0.8985568533599031
232,0.015292662968468899,0.768745633348571
233,0.3621742604849749,0.9108365884719246
234,-0.022957617911454762,0.7532415851967206
235,0.28618628149042713,0.8315960411947729
236,0.4672487062506057,0.9229385008526141
237,-0.09594329845837131,0.716400512086737
238,0.2489651651457879,0.641992818897253
239,0.08094816807563122,0.5784280529653439
240,0.425839945333176,0.5821695237784377
241,0.4030231299712537,0.5597616711077165
242,0.27764696223006496,0.5195625619553594
243,0.31985180365880794,0.4666989064819116
244,0.1765006404055385,0.46302283931938565
245,0.5428442341867096,0.4946754932470244
246,-0.007340639203960192,0.6345187171072442
247,-0.008545819732262034,0.46027012666716766
248,0.5065005467062338,0.577512174323952
249,0.25202507971482974,0.7708230681585132
250,0.4422133269499209,0.8053125100521804
251,0.3264485966549078,0.8855133068753217
252,0.567837012084615,0.8781638740370343
253,0.3848538736252828,0.8685524028528325
254,0.4226066042580437,0.9825534752229281
255,0.4674158608527684,0.8502388244140422
256,0.07329662280002817,0.8470210940088603
257,0.21553232997595725,0.7074543686974876
258,0.34494675118440454,0.818971155737397
259,0.6290669431686906,0.722040998962232
260,0.19611738018712527,0.7191143086899323
261,0.08980889836094447,0.544180977491005
262,0.026567364941685937,0.5237262786296079
263,0.48987394701594705,0.5722891032800911
264,0.5759960845603941,0.7486100037614878
265,0.4243508495464882,0.9243278487889391
266,0.15569775209273432,0.8381811286022788
267,0.3114831179817675,0.743255165536664
268,0.4317143527548084,0.865913505915866
269,0.39784144868008503,1.0149552163457232
270,0.40454947693866183,1.131268211459903
271,0.42230514621821424,0.9623392026182014
272,0.5420004051839201,0.9515949409432223
273,0.2835415468534339,0.9114067915735478
274,0.2796813272368496,0.7804599159814907
275,0.5190041701877088,0.7519356134684776
276,0.4251408973176367,0.9168771765447638
277,0.6958948702348118,0.7744066967548203
278,0.3543781149377957,0.7938580211620546
279,0.2903504256055844,0.5949520474805085
280,0.051111174495070306,0.6273010800598651
281,0.24751367379395042,0.620660083104882
282,0.6406700190135036,0.6558447469503483
283,0.4419699635298453,0.4823287440628552
284,0.45729184769644055,0.4701328388688023
285,0.5507437981395019,0.557265620893872
286,0.16717753973230906,0.4147106678324925
287,0.29327451820675743,0.44940627828242163
288,0.5861822582536851,0.37546989267413683
289,0.2504368130079876,0.4204409841076604
290,-0.09130871030066803,0.29294541997158796
291,-0.05984983307819181,0.2971692672516512
292,0.2764814980169824,0.24483642643281192
293,-0.16498093588899002,0.2265726606797289
294,0.4031128377152879,0.30471655612154797
295,0.1261263135994845,0.2894017553575891
296,0.21822507772658434,0.315764174191941
297,0.5241664831126395,0.3884049271586484
298,0.530897207507711,0.42678332628898835
299,-0.009755241040345667,0.3856156157982023
300,0.5462235427299846,0.3817145641268757
301,-0.03405633935396422,0.3184878986723385
302,0.1794897519192068,0.35725100031358487
303,0.4588779347294262,0.46074253488568895
304,0.14256661272886698,0.45431895127986927
305,-0.010354832048276539,0.41218342589579493
306,0.28224808057657924,0.45415322502508165
307,0.6803415010635507,0.534077308171726
308,0.5103397498241818,0.581680129018025
309,0.24387767889541742,0.49017900592777636
310,0.17290976621738324,0.45322441963143817
311,0.7479151537055979,0.5224880297647736
312,-0.11664214293010523,0.4433602797577895
313,0.332201741074261,0.4855139666263326
314,0.7394257802247819,0.393473697709111
315,0.11324668871990469,0.48909062287526356
316,0.12043805212732527,0.5713017988790825
317,0.34278876628559546,0.6311972597502975
318,0.4461695929194824,0.6635391543561322
319,0.4623061388427902,0.7606834484624906
320,0.5756379966659144,0.7586252848093492
321,0.3314202788476642,0.7850262433477316
322,0.27735180879592053,0.6939266529556332
323,0.31924532524319366,0.8406271002715764
324,0.38733455358055763,0.8846479994966795
325,0.4983740298701592,0.8673117522864916
326,0.0039355636245160044,0.872594335793012
327,0.5227898676925856,0.9603767697165563
328,0.24336481488248257,0.9485131846682268
329,0.1974821554232504,0.8482565547426132
330,0.5089604112583653,0.976217684481762
331,0.09470145037646896,0.7281070150860597
332,0.3751141095496056,0.7683199681835591
333,0.19596380195161953,0.5801317339095509
334,0.1636219373302033,0.5867948292908858
335,0.4843018039894189,0.7027227167606717
336,0.5087858359936124,0.7715425108516685
337,0.9163204295288366,0.8832515479724679
338,0.2779291151325925,0.774954913126864
339,0.7104444490350944,0.7675556421213019
340,0.31425898572781585,0.8586872193573621
341,0.33033540347089396,0.9055412955673285
342,0.3974672965659065,0.8915792665167621
343,0.7259164616081654,0.8418479067647692
344,0.960763405343212,0.9287113386776252
345,0.4817270000745754,0.8005174849957823
346,0.08150297826454649,0.8068188469116853
347,0.7482070667791828,0.8790463695334924
348,0.661549730978596,1.0068100356558083
349,0.5073549484644121,1.0092254251421133
350,0.2791978927533289,0.9333646838887725
351,0.7756889747670035,0.860573641141401
352,0.4418157500632565,0.8449560351318821
353,0.25605880689447325,0.7754094856823561
354,-0.11847227192342229,0.7246781688066428
355,0.156798729714178,0.6775154830146192
356,0.06856071830952432,0.6540188311252616
357,-0.2083022649061229,0.613414495789517
358,-0.10962626384756016,0.5898056274480322
359,0.13334590084813003,0.588820594723208
360,0.2613624031630445,0.628278628032624
361,0.13820421503821667,0.609263138978863
362,-0.33980186592942097,0.6225228303223805
363,0.08937275867282837,0.6991423351465524
364,-0.03527140234553832,0.5786779726705966
365,0.48142990934717306,0.6299245880196428
366,0.5031563250203053,0.7435566739871657
367,0.08364996695522216,0.5444161191029283
368,0.5119996543303078,0.5373680499084578
369,0.8297328665569732,0.48266530937879515
370,0.38152669650630217,0.5118145962494243
371,0.705796055819115,0.4975918581142131
372,0.47358236398898335,0.5857000573276846
373,0.05973038206627867,0.647234040247232
374,0.4186846445907726,0.4993493796699926
375,0.3631579304269227,0.6312987611636336
376,0.2664080525665977,0.47208745514920436
377,0.4717553218110045,0.5631585272245241
378,-0.1061313800324394,0.39093625154082634
379,0.294411799918007,0.42941173735961613
380,0.4941169091151826,0.4932142341394525
381,0.6797016771491015,0.6051145470011412
382,0.541821501929404,0.5301088612116865
383,0.3195343161516984,0.6256713146588264
384,0.28947124750843134,0.7089464241194953
385,0.48730203477311257,0.6221446232984719
386,0.1446341945284103,0.5518336711726567
387,0.21854991381481062,0.6023133873791631
388,0.4685364310875151,0.7682237175423622
389,0.9394342963290804,0.7272239613561705
390,0.42122367773656694,0.8045963864118438
391,0.6942268011923324,0.8877102972830326
392,0.720293246730774,0.9248502477934236
393,-0.1838237315200664,0.8247700746358597
394,0.19078606833468734,1.021692130446069
395,0.5041546929198403,1.0258896851738175
396,-0.000568944343830489,0.9829143764585636
397,0.38741705963939027,0.9630417204610169
398,0.5652635577807682,0.9249493186262544
399,0.4830817591750021,0.9547833667173942
400,0.282939627125264,1.0980650411504538
401,0.7003606188838729,1.0308431931064306
402,0.3289703024130475,1.0387518426311022
403,0.45924301884650837,1.0520252059479782
404,0.4650866069071823,1.1216402072200131
405,0.5871356105676933,1.1095368334471645
406,0.8739109852446367,1.0202233498329414
407,0.06873196537143729,0.8660300207348615
408,0.5887520426686312,0.8897661213701274
409,0.43396085584834304,1.0166319834727013
410,-0.12534849327275085,0.8808607884085651
411,0.23548567883992214,0.8703597874666128
412,0.6141008331228698,0.9770109883222916
413,0.43371270440124987,0.9403656076122533
414,0.1596156773435656,0.8821815618514544
415,0.3061698037112396,0.8388712836518493
416,0.234741736711066,0.7485554797281769
417,-0.011397292505843449,0.745844327170242
418,0.24927145749821092,0.7341582101958204
419,0.3726631526043931,0.782154821828477
420,0.6421247949955551,0.9313307734518406
421,0.5909458242044482,0.9762452076964909
422,0.4202637167200797,0.8714314266559782
423,-0.03639759612448749,0.8315727836827995
424,0.1875632123413543,0.7116998581856121
425,0.726417419275726,0.7611373234693919
426,0.838291637452871,0.7313581107990222
427,-0.03736404695088987,0.5714191905844035
428,-0.21652503036550855,0.5407850813377106
429,0.13045592487403915,0.5201770524154778
430,0.21078268091016106,0.44986279250701383
431,-0.0008792284516548333,0.42596464555717056
432,0.06450573067622946,0.37085849298009965
433,-0.021306170395750373,0.3330763804381717
434,0.22370129358479973,0.4208934095412108
435,-0.05471077805848196,0.2878755291938147
436,0.04414884691481449,0.3267427771752998
437,-0.13525126442455335,0.2519358603906894
438,-0.13872938393005116,0.25302251524675873
439,0.21882996847356184,0.3166478068716747
440,-0.42261730334883807,0.17880692396879228
441,0.06686626494182732,0.1641668906608829
442,0.23438602280796014,0.19900598342806655
443,-0.35406970583701175,0.13605619597490715
444,0.19999429858164192,0.1549402659001614
445,-0.11376682292271242,0.1038310225582514
446,0.0040804823591179245,0.09872270352562393
447,-0.2754544840682019,0.06958043282443604
448,0.18794195805714706,0.08794309312332999
449,-0.4745701368481572,0.04378254182983921
450,0.14342587378601998,0.049778176050799025
451,-0.5687170037361367,0.027016282374131364
452,0.07070192179904441,0.03418907446078139
453,0.1439990537074608,0.04047124639874201
454,-0.6434903987501158,0.02018570660874836
455,-0.3838512556569988,0.011306372294152817
456,-0.15101613279694379,0.0117736280214736
457,0.11902475552254993,0.013741158641610303
458,-0.6220628685329413,0.006905765443271038
459,0.08573020572359737,0.007968846756189004
460,0.09636130994177405,0.008375077619574523
461,0.03885741110366387,0.00831049781902974
462,-0.014118599938013482,0.007828572789973611
463,-0.5107068093711543,0.004897726749070168
464,-0.4691664505353108,0.002996741577965183
465,-0.272509301261733,0.0019344426461631922
466,-0.06424079024012162,0.0014120417002454917
467,-0.48744407642114973,0.0011185890238428963
468,-0.0621031323796574,0.0008167664835866416
469,-0.47710600885647503,0.0006472500083532656
470,-0.2794402629083808,0.000581180579695754
471,-0.07060851635028247,0.0005561718605452871
472,-0.46201051969627993,0.00033617874503958343
473,-0.21215510762294637,0.00021802919674931856
474,-0.028794489435930184,0.00016056636935325063
475,-0.5071453653806505,0.00012598002161564234
476,-0.041229016171724135,9.275937998842968e-5
477,-0.0024438447017867348,7.914534159734532e-5
478,-0.5294098447083753,5.359122502410412e-5
479,-0.4225668496000235,4.206216858956549e-5
480,-0.11883433178852017,3.0956551790940013e-5
481,-0.4111284147885344,2.4296839814070837e-5
482,-0.14144376827285252,2.170294176290435e-5
483,0.0019819666157940815,2.0768571806340306e-5
484,-0.5331913855055737,1.2536286335744945e-5
485,-0.016437828843372502,1.1996175335776116e-5
486,0.0073924949240897556,1.114585009898394e-5
487,-0.024929852914905206,1.0087017948671212e-5
488,-0.05829564353262407,8.922128553777956e-6
489,-0.492477885115275,5.826335810831585e-6
490,-0.5203787655243274,3.7186750383244966e-6
491,-0.023627863011013838,3.365301717324015e-6
492,-0.5193179909084686,2.147920579023547e-6
493,-0.027069980775387716,1.943804517315574e-6
494,-0.5126002161086365,1.2406429640016454e-6
495,-0.02985205890147917,1.122742318686478e-6
496,-0.02230587644714675,9.930674627995102e-7
497,-0.03683591646438819,8.619788430724072e-7
498,-0.5112615474038806,5.735965071189005e-7
499,-0.03911232760157817,4.978792478720175e-7
500,-0.06447527279335279,4.2574117302372546e-7
501,-0.4821871061699077,2.87575199695108e-7
502,-0.051696448375830095,2.459080479965523e-7
503,-0.4924587115410134,1.6610349129861672e-7
504,-0.04779933996566308,1.4203649014155024e-7
505,-0.4920627516331118,9.594140286292506e-8
506,-0.038815399391183204,8.204027074485912e-8
507,-0.02753774753487513,6.932252270813231e-8
508,-0.51892562933593,4.7386462311424196e-8
509,-0.02449896989983666,4.0040688910414154e-8
510,-0.5032032479557134,2.7370422469180524e-8
511,-0.387460841535501,1.8487908091473715e-8
512,-0.1642314044842098,1.5809156225036365e-8
513,-0.37434188965744,1.067861583015612e-8
514,-0.16004140011093868,9.131368643044324e-9
515,-0.015129658307601466,7.715837861048641e-9
516,-0.008025809661217714,6.45883955960908e-9
517,-0.03491838194647467,5.370152155222259e-9
518,-0.05543081077347155,4.444775905391645e-9
519,-0.08696118987017538,3.6612056447998756e-9
520,-0.11322169095083018,2.999803011741874e-9
521,-0.4246056067548669,2.1147123743755576e-9
522,-0.3868771227205848,1.4828739442008823e-9
523,-0.2987387145086666,1.0348279299686764e-9
524,-0.250785086364032,8.565079901606333e-10
525,-0.11986118217911218,7.05514066934731e-10
526,-0.05891976349693274,5.780618320229534e-10
527,-0.05364181725961237,4.712692044168264e-10
528,-0.4915322125330609,3.3388851417310086e-10
529,-0.44845660304884216,2.3537484473893085e-10
530,-0.2556595201519313,1.650490286953777e-10
531,-0.05192560838863532,1.1517994905066785e-10
532,-0.005512835914080457,8.001510660653422e-11
533,-0.034265095968030235,5.521127658583477e-11
534,-0.5172886626030115,4.621672557565556e-11
535,-0.039497169973545056,3.18900333562372e-11
536,-0.0834608186278405,2.1798919409636336e-11
537,-0.46103232324299437,1.841968326654204e-11
538,-0.09369019385071448,1.259105585102957e-11
539,-0.11954082843933536,8.504885171322875e-12
540,-0.1500750215218625,5.659513790668132e-12
541,-0.38410271847234645,4.912421674938899e-12
542,-0.17164234404189718,3.2689351654983003e-12
543,-0.34491965708937955,2.837414759433652e-12
544,-0.302524324958793,2.4262955631279918e-12
545,-0.2519571386056738,2.050174824864245e-12
546,-0.21190181391227858,1.7161778013507987e-12
547,-0.19218001202331553,1.4269026961310481e-12
548,-0.31758145653745296,9.912642980616412e-13
549,-0.24642342952179427,8.241789972849561e-13
550,-0.2759365617080594,5.725542585606661e-13
551,-0.28722168061221415,4.760457888316782e-13
552,-0.23511437037973898,3.307073397447283e-13
553,-0.12606321484854238,2.28191590045648e-13
554,-0.0866102492817029,1.5598384692644676e-13
555,-0.09155653096686091,1.0536246701055087e-13
556,-0.4206362087056239,9.009626998470462e-14
557,-0.13155513177232248,6.08573609452982e-14
558,-0.11525576822515018,4.049708686310188e-14
559,-0.12601783169405337,2.6445698516471777e-14
560,-0.4143003491400651,2.3391117372127792e-14
561,-0.3773186440897898,2.0303339867525204e-14
562,-0.18340718985817883,1.3510709394141203e-14
563,-0.1587800083944826,8.82286048349521e-15
564,-0.15067804004953028,5.631296059438583e-15
565,-0.38430314098546725,5.096084215266826e-15
566,-0.3221703880208845,4.5074666469218794e-15
567,-0.2219845377289678,3.9124521423262785e-15
568,-0.14054073994626312,3.3455684411975527e-15
569,-0.4124750009347792,2.2598323574076625e-15
570,-0.13380682180448183,1.9324003316357066e-15
571,-0.10587857114995236,1.6328424993425042e-15
572,-0.4407505060109128,1.1161544315527851e-15
573,-0.41952907832248554,7.539292483832963e-16
574,-0.35373394625572924,5.016967181317187e-16
575,-0.2390603202909376,3.276215940980252e-16
576,-0.3006524332860052,2.897800243928807e-16
577,-0.255433836257163,1.8923423275101938e-16
578,-0.12504460418624477,1.2078100874373009e-16
579,-0.41935833299187586,1.0930169283698876e-16
580,-0.126012452551769,6.97631106503785e-17
581,-0.053095958264314146,4.337417265145948e-17
582,-0.05556668793285466,2.6186367923362463e-17
583,-0.06593850552151366,1.6959835746983433e-17
584,-0.08638270294797144,1.2493628466987546e-17
585,-0.4603142983026782,9.796001127457633e-18
586,-0.0678687466010607,7.216319802532007e-18
587,-0.47648832183399753,5.658170251219528e-18
588,-0.4142441903277746,5.046111228496803e-18
589,-0.24760808354498368,4.8276963038152636e-18
590,-0.29474909557632395,2.9146338455797535e-18
591,-0.2296606735372348,2.788477385083696e-18
592,-0.053599693688797384,2.590531898727087e-18
593,-0.02826034405591941,2.3443215520733765e-18
594,-0.06265505030436155,2.0735432852491374e-18
595,-0.10523605238902722,1.7998222735866974e-18
596,-0.41537321176352904,1.1976786015599019e-18
597,-0.14381535612261426,1.0395773452236766e-18
598,-0.13664039481997553,8.889507224224608e-19
599,-0.4047474164630352,6.004598746011958e-19
600,-0.14711430000418707,5.134579372712133e-19
601,-0.38747138693286515,3.468256235696507e-19
602,-0.2867632693787026,2.307925809775966e-19
603,-0.2691252370065602,2.003264801738302e-19
604,-0.26098363962844384,1.3330579477265984e-19
605,-0.28893968131313863,1.1570857494840431e-19
606,-0.24896994492783164,7.699742706068833e-20
607,-0.11348222561221637,5.028141282049635e-20
608,-0.07628706653498986,3.209271215483478e-20
609,-0.467518890207234,2.9042544045118693e-20
610,-0.42874980677018903,2.5688017131458472e-20
611,-0.31732775641127914,2.2297034128188262e-20
612,-0.1810773234782542,1.9066368353637515e-20
613,-0.10344578562331808,1.61107282203713e-20
614,-0.43624159681878527,1.1012734361061032e-20
615,-0.11672528725365629,9.305556620086465e-21
616,-0.4244499796805334,6.360955366948849e-21
617,-0.3054655264624805,4.2966368839585135e-21
618,-0.24722421607835746,3.674087819949655e-21
619,-0.300977777267389,2.4817374641744364e-21
620,-0.18757861976939402,1.6514540903019214e-21
621,-0.13361008012484304,1.0784444109167334e-21
622,-0.12811747104458007,6.883300232254578e-22
623,-0.13988497343411216,4.279589168290927e-22
624,-0.3894130129223975,3.9757942141502447e-22
625,-0.35637395079202233,3.597925224322039e-22
626,-0.20289843335940627,2.296418738093181e-22
627,-0.17650478603833208,1.427764070402155e-22
628,-0.3582196088043976,1.3264114631226212e-22
629,-0.19569995533452816,8.246765270642848e-23
630,-0.15346859231246793,4.9788345541478566e-23
631,-0.12642937121271655,3.2245867963391297e-23
632,-0.1173821263498535,2.375423323317288e-23
633,-0.1186575691443202,2.0278476304181722e-23
634,-0.12146023620332692,1.9213635206615062e-23
635,-0.1260149159605845,1.814922788425841e-23
636,-0.1317713045580438,1.6705198759823608e-23
637,-0.42106682034033627,1.0482994025947655e-23
638,-0.12336331630614908,9.648922803674112e-24
639,-0.1262777193914095,8.653404577365136e-24
640,-0.13344151119873537,7.601970283967344e-24
641,-0.1454244208450671,6.57045656565411e-24
642,-0.15046856416312746,5.601178592704081e-24
643,-0.3933574763204445,3.7950957123218145e-24
644,-0.15368424511428574,3.2352407551458752e-24
645,-0.14302706731717738,2.726585212232546e-24
646,-0.13833276834819494,2.2761575821244787e-24
647,-0.3973247964820265,1.574875618585519e-24
648,-0.34813177755943747,1.0793467147554962e-24
649,-0.2558116623998933,7.313146727034974e-25
650,-0.2747501015809992,6.234306624427748e-25
651,-0.2681868515872302,4.224073549535401e-25
652,-0.2825501976655199,3.600935506269467e-25
653,-0.13636055547992884,3.0347841921751327e-25
654,-0.07023801470576972,2.533442570633951e-25
655,-0.06615008254367845,2.0981863131736673e-25
656,-0.4781835068001997,1.46331642879817e-25
657,-0.07663144331784788,1.2119124144891106e-25
658,-0.4649892272815231,8.452115692738233e-26
659,-0.39859482110116584,5.84802697075722e-26
660,-0.2549595290987326,4.007966485859712e-26
661,-0.28625344179849116,3.37782037830937e-26
662,-0.13145274877687294,2.8198097131349494e-26
663,-0.3978446003708029,1.951029050511493e-26
664,-0.20163110360092665,1.3371448330335328e-26
665,-0.06831296954275681,9.059865773979845e-27
666,-0.47354186788276276,7.723348555601682e-27
667,-0.33058091562059205,6.50905745642773e-27
668,-0.1408067707328045,5.433771303190155e-27
669,-0.3876443910340729,3.7596315868326565e-27
670,-0.1663553769245824,3.1385463047226344e-27
671,-0.04685002254351092,2.5993306405137796e-27
672,-0.02800635877475887,2.1383613488175304e-27
673,-0.0494654425221231,1.7493517773043606e-27
674,-0.4898132448528764,1.2351175150770058e-27
675,-0.46309672360517984,8.671932631101344e-28
676,-0.08750123311630557,7.134038767084783e-28
677,-0.04959190740369101,5.836218188034085e-28
678,-0.49304739488364424,4.1206207918681715e-28
679,-0.055936357082583245,3.3709996254084867e-28
680,-0.04763780549599675,2.744178549842789e-28
681,-0.4963805249889699,1.9470893836359425e-28
682,-0.0517512944571886,1.5850375303891954e-28
683,-0.057744986069382824,1.2848207504241325e-28
684,-0.4810883718112561,9.155176775527991e-29
685,-0.45087504307612564,6.495913870459385e-29
686,-0.336918166440214,4.5863942872595443e-29
687,-0.1699241345621152,3.2201715054055495e-29
688,-0.06424565456527784,2.245810983429883e-29
689,-0.05650740061550293,1.5538787777839654e-29
690,-0.07661502974693377,1.0649564537901538e-29
691,-0.470617811362342,8.975203820480182e-30
692,-0.08359923549993757,6.151188477091928e-30
693,-0.11140823879454444,4.1677565942108226e-30
694,-0.4266391689826668,3.5529264643682965e-30
695,-0.1249438938758208,2.4072962088161702e-30
696,-0.410972501312553,2.0521703258191284e-30
697,-0.14173964709931627,1.3904542902122203e-30
698,-0.14593734394119087,9.292113799187671e-31
699,-0.15893350166665415,6.109456062733915e-31
700,-0.3807504542794411,5.367124930410801e-31
701,-0.1711143837071723,3.5288218218351086e-31
702,-0.1717211988383771,2.27273467395239e-31
703,-0.17256357832713987,1.4262065571411722e-31
704,-0.17653548469125876,8.72089385369186e-32
705,-0.1802451039931012,5.316354884322831e-32
706,-0.3591354140303859,5.037188289892419e-32
707,-0.19618545093359804,3.070726581184865e-32
708,-0.34188523784784886,2.909479956241859e-32
709,-0.2985753077835917,2.748299016957267e-32
710,-0.2455028063602215,2.5296327547641535e-32
711,-0.20039368710189967,2.2686403554595405e-32
712,-0.17386246019444065,1.992988587673754e-32
713,-0.16355350241159616,1.7225593447493386e-32
714,-0.3655053656293076,1.1511502082403604e-32
715,-0.18748938410784896,9.949502775272182e-33
716,-0.36482655038748213,6.649043602796323e-33
717,-0.18978374813558666,5.7468328029972095e-33
718,-0.17181199488633783,4.899056336550492e-33
719,-0.16565656713578378,4.128810055290748e-33
720,-0.3606093826258857,2.8296949399915655e-33
721,-0.1931231907664638,2.3848006879359366e-33
722,-0.344455187968414,1.6344317973391283e-33
723,-0.2122337701686907,1.3774608773517971e-33
724,-0.18012992641129735,1.1499064859582763e-33
725,-0.1654505543093904,9.523476388349872e-34
726,-0.37467598853586154,6.641859862895005e-34
727,-0.31207987685583616,4.595509222332506e-34
728,-0.23094614008595565,3.1495489060959337e-34
729,-0.3282522092252551,2.6543661268192553e-34
730,-0.209253124149825,1.8191794481610114e-34
731,-0.1289502734964472,1.2325906073862203e-34
732,-0.4234570509176968,1.0507580492577998e-34
733,-0.11866217353663669,7.119443348262809e-35
734,-0.4342012630603644,6.069178492513052e-35
735,-0.34443390993139555,5.114961630526244e-35
736,-0.1912953638422562,3.5055574972755396e-35
737,-0.08980770145482485,2.3752012200677324e-35
738,-0.06576864269103225,1.5872970573862013e-35
739,-0.4870727372274982,1.371916224711122e-35
740,-0.06127222761917944,9.168227803462696e-36
741,-0.07812760937430584,6.028002470577528e-36
742,-0.10107394769026072,3.882329831668213e-36
743,-0.12187193614405442,2.4362739418591637e-36
744,-0.4262093876812321,2.24243371077156e-36
745,-0.12315225530827492,1.4071918288178528e-36
746,-0.42497732346974115,1.2952297113416531e-36
747,-0.12462011363079889,8.127940003251918e-37
748,-0.14269930312380613,4.970030579555073e-37
749,-0.4034509712944994,4.694698145878307e-37
750,-0.4161512514527027,4.321168159020943e-37
751,-0.42637599774653057,3.8753358367213706e-37
752,-0.12419619402825784,2.4959067286504976e-37
753,-0.4226888074369256,2.238393979290263e-37
754,-0.4243640208682861,1.9664173057256093e-37
755,-0.12728989153013406,1.2928963624380565e-37
756,-0.418347583058987,1.1358026357871111e-37
757,-0.13373455835250309,7.467769389442209e-38
758,-0.13694642577176347,4.809610483433086e-38
759,-0.41018103664449485,4.3133835993418215e-38
760,-0.14022292279723012,2.7780310152309504e-38
761,-0.4065694155087971,2.4914103669798365e-38
762,-0.3984473465230783,2.1886908679260886e-38
763,-0.14852394912428676,1.439038627967553e-38
764,-0.13738142245322996,9.268115966359365e-39
765,-0.13850232325288872,5.8160100759053293e-39
766,-0.41465985898158825,5.353263782169171e-39
767,-0.1348186196608329,3.3593274198429196e-39
768,-0.4097541394339033,3.092045160580913e-39
769,-0.13664314341388129,1.94034751770127e-39
770,-0.1396767997480435,1.1864736321971834e-39
771,-0.14562986649267343,7.232876578335454e-40
772,-0.40831880629757383,6.853071699570934e-40
773,-0.4211766605857767,6.4734215386712905e-40
774,-0.4284205558166387,5.958368815977082e-40
775,-0.12003425032806499,3.739048280736537e-40
776,-0.12543451208629852,2.2863338418170463e-40
