t,lambda,delta_s
1,-0.7434600565791152,1.2067880718633712
2,0.09562551734761655,1.2198107858534
3,0.6524634764706349,1.1350942778139643
4,0.07533889661530369,1.0436813325683576
5,0.6430937666819992,0.946390150213879
6,0.47102252066277245,1.0211557708285603
7,0.6417275555123142,1.0128982053562012
8,0.7069548737790666,1.2052404069762832
9,0.4169417963629413,1.1550170739245553
10,0.48576756750537003,1.1650319746044187
11,0.04575574053967811,0.9417281307545665
12,0.41509111243477786,0.9730588751059654
13,0.1261482469912705,0.8075171237943995
14,0.36144645914176454,0.9178253486236502
15,0.37616282778789967,1.1262215705693615
16,0.56316175739299,1.0693737661619267
17,0.5364456311974348,1.055701297316734
18,-0.10076008937726669,0.9717273961021267
19,0.45413173897173315,0.8988228023891814
20,0.4696631907041305,0.9702314918499321
21,0.5780565367284645,0.913910975085388
22,0.579964736139723,0.9824124021637707
23,0.3448132138725325,1.1793167789955032
24,0.4415286380297246,1.143540423197349
25,0.32362448495491913,1.1566320821108318
26,0.28950507740143483,1.0730124626969046
27,0.45408094659683695,1.1394283676061006
28,0.5895492592879236,1.2230606117444482
29,0.2909289862479775,1.160400850349661
30,0.34981161304715686,1.1913209720015825
31,0.46347487448591407,1.1969033292251503
32,0.6796946163603536,1.0356494421837743
33,0.565281320674013,1.071280103302962
34,0.5104759269640784,1.0866908903270829
35,0.4352581665009856,1.085527751150912
36,0.46618196588034894,1.1080627066193167
37,0.40933391467811076,1.0072706348322324
38,0.4814602872361471,1.1282816063877479
39,0.2808591691999651,1.1579670065133427
40,0.3894511532436271,1.2838472891549644
41,0.46130814367579,1.156580034155813
42,0.3305148042620321,1.2993542145467236
43,0.4777391603103781,1.1954706111161197
44,0.27938723851182756,1.1554276736796893
45,0.5908567964490483,1.3010754926289216
46,0.2830433731712217,1.1549866025690345
47,0.38829567389769065,1.076697884131606
48,0.23209846353808497,1.0184233166788978
49,0.48447671000739856,1.0239702857790172
50,0.7345263188777524,1.0216596347559448
51,0.5625077731029066,1.138028305630439
52,0.43655146238126674,1.089348174142894
53,0.3658547067348654,1.097551693500133
54,0.563359130406382,1.0780219092050096
55,0.49377565585488653,1.1655269038675609
56,0.4331225877229736,1.1152838619187189
57,0.5902303068632145,1.101819034673831
58,0.2333966261451532,0.9681987658948366
59,0.7040363886937245,0.9469872070093963
60,0.5135917337912835,1.0355594143185947
61,0.28493928856049633,1.140212380150819
62,0.5127428070719886,1.0392194442941431
63,0.5049307472198636,1.0773776586600197
64,0.5834089277513814,0.975365606446159
65,0.6568896838081144,1.0523649383802864
66,0.5661681028430448,1.0753711724918513
67,0.23014845736376294,0.9047166198664692
68,0.3492055174888019,0.8743179322739485
69,0.1660686869733082,0.8654417473403481
70,0.3356326669777771,0.9615312151852445
71,0.2055606931624882,0.9250837646231547
72,0.4604409209867434,1.0561618370934271
73,0.3272321232013048,1.1098032551817214
74,0.6469152711760322,1.1234899425725848
75,0.7010287403370793,1.1464925931451149
76,0.4751789578724824,0.9361535129701265
77,0.311079433494216,0.9806715089525152
78,0.34486948380620286,0.8003079831831623
79,0.3967666371606604,0.8945317925655347
80,0.10026217734442994,0.7240703855033294
81,0.5222546374506591,0.7408755336937196
82,0.45135066503407256,0.8893985531521557
83,0.3659616399162006,0.7670912780605171
84,0.425194494326116,0.7279920683998654
85,0.7019842538758837,0.8314160747266117
86,-0.148995148488268,0.6930745840560161
87,0.3293749243297059,0.6111217642879818
88,0.8366061076812765,0.6657532106926245
89,0.4483566198629405,0.6775774213463842
90,0.47484925315029175,0.6572313656882885
91,0.2549747534273313,0.5822490561769601
92,0.4249794444558206,0.719807313750564
93,0.354250660819009,0.8768004736069741
94,0.3936708492823207,0.9016524824245824
95,0.3843825613839262,1.0542289240129583
96,0.3910611794988743,1.1135529137470102
97,0.2488672786288631,1.0173356974313543
98,0.509114816398234,1.111023482397298
99,0.3265007640233701,1.0170953116240218
100,0.737152814856498,1.1210823963468202
101,0.2604293704062082,1.22599567816051
102,0.46290689832916376,1.2228404850652066
103,0.45368307990650997,1.0623489016055572
104,0.44045911193095566,1.055915798409825
105,0.7192030278567741,1.2392406821777666
106,0.6428551289370605,1.077818591182893
107,0.2631963877224598,1.057818754967953
108,0.05284135444156052,0.8776428877300781
109,0.34880141167546697,1.0952949361683577
110,0.23701486028775046,0.7793327629175844
111,0.48264314282591136,0.8871572439074664
112,0.46823150855856477,0.8964530948851991
113,0.1518670772668375,0.9239919627523918
114,0.044079693490486946,1.0412029407743002
115,0.6620650889204059,1.1387490170093955
116,0.3924795146921176,0.9829212985740121
117,0.35399818287829227,1.0174092342104364
118,0.21126469860285227,0.9729963489857117
119,0.32317886450225447,0.9827384184743849
120,0.5560190811837316,1.166120073389876
121,-0.002888377528252427,0.8929674834815441
122,0.38282563370868194,0.990669387643705
123,0.5716140628755118,1.0646983457331947
124,0.853742107874836,1.0906341865311968
125,0.43023173579198665,1.0438149305621052
126,0.895700198825516,0.9446302448593992
127,0.10412749954497258,0.9877864391998988
128,0.22831360462531003,0.9441684596292269
129,0.38755665562035096,0.8461509237490987
130,0.18358482874615237,0.9235921097998228
131,0.4198394161468826,1.025621099769733
132,0.5100591996611642,1.1771403177130795
133,0.4039765814257974,1.1110953503194345
134,0.3628727936536997,1.0472661655046869
135,0.19792225496573196,1.1160742240850339
136,0.24170901603784872,1.054817395215164
137,0.3469200474646161,1.1497563585778625
138,0.4198096323185061,1.0816025991517353
139,0.45659559945812783,1.1539855811980362
140,0.665720837191082,1.2607709683622121
141,0.5761174534929913,1.1434647824255622
142,0.5918804175003248,1.2290444680829813
143,0.2132324410416979,1.1760212607764695
144,0.416816410824591,1.088373117348541
145,0.4293717821923058,1.0703405210377233
146,0.18261647339298195,0.9218819992897198
147,0.33103399690528285,0.9527964267276487
148,0.1945430468570645,0.7601009267547084
149,-0.04373031014866244,0.7051475287778135
150,0.4512431611030372,0.8097432828048475
151,0.10770435482585837,0.7003164624199718
152,0.3649757086742751,0.7230301043619044
153,0.36355647062496355,0.7175234433202506
154,-0.0711276797068551,0.760899329479872
155,0.33048492966257365,0.7308927851942493
156,0.49060204576286764,0.8391247755240926
157,0.5401116640410973,0.9454813600691131
158,0.39707398824084156,0.9429147696621919
159,0.6330839974946593,0.9610875948547479
160,0.24436626763693295,0.801665280609735
161,0.4309602676036104,0.8308851462237964
162,0.4767409696510921,0.8699581695714194
163,0.010402999809208604,0.7775042287342406
164,0.5536071756558959,0.895738257746837
165,0.3967868519841324,0.9158922101469007
166,0.21667555757450785,0.9513116025625443
167,0.3397863904256016,1.1415609183222009
168,0.5471284100742578,1.1460320066919292
169,0.4652614961652048,1.0584778106981014
170,0.5138343216633776,1.0585538298223574
171,0.2167867498659204,0.978651948334901
172,0.6334618091560432,1.0637185929039747
173,0.32162977435196005,1.1714370640731895
174,0.5662698701006791,1.154953177191392
175,0.061076606882507614,0.9938046711834668
176,0.26099202253614817,0.8561308884834855
177,0.5009298259203244,1.0429869555001738
178,0.5568258347906578,1.183253429494096
179,0.06108061709905831,1.0713707307619402
180,0.23233135826186463,1.0326538093540532
181,0.3767672546678786,0.9629098826681338
182,0.37502278657683247,0.9940473905945235
183,0.6145078403931057,0.9721248814476966
184,0.3613286104728389,1.1181234973237648
185,0.5930810340200622,1.1665991972499965
186,0.662937693957083,1.2075265897183007
187,0.652923293978829,1.1879911271902996
188,0.7398063789469563,1.2675918720144594
189,0.5627465380382657,1.1970109982267425
190,0.9031743402966935,1.1041939655202895
191,0.6042619272655387,1.1302328808853592
192,0.32888052370255605,1.0500320037966941
193,0.10319736995821951,0.9552493004210707
194,0.0785434778009789,0.9472294566258997
195,0.11599427225354782,0.9005721510780733
196,0.3243175818269303,0.895025020397955
197,0.37925940966436894,0.960658327054927
198,0.49777355625871966,0.9866352263186384
199,0.3636230373817645,1.0019461693151699
200,0.2598876438872132,1.10996884188004
201,0.35264166751667536,1.0344162133375017
202,0.3952146225964578,1.0544674701862509
203,0.373454374256038,0.9621394277264247
204,0.4027160783304312,1.0020187810356316
205,0.5292332738780033,0.9086953863002416
206,0.3107845416635569,0.9053060391948454
207,0.23253864537602006,1.062724804820781
208,0.3864709662427243,0.8816719853157848
209,0.1819647418743113,0.8980547479580888
210,0.47539088709094446,0.9510253808586802
211,0.17000232959708586,0.88557712135154
212,0.5555293538946822,1.0264892820410927
213,0.6782241093216559,1.0976378555249156
214,0.27581275700785757,1.0837238743549
215,0.23845888401793827,1.027590472748197
216,0.1836533342687239,1.0338134112328974
217,0.4399022446567592,1.035570083406481
218,0.6481232890844779,1.074647084923217
219,0.47714315361388443,0.923458147583045
220,0.3513308021158554,1.1052165864096022
221,0.5412453075428417,0.9659786990054688
222,0.325515818929786,0.9922774651049321
223,0.5574686637743215,1.0877984960658826
224,0.3156734839084716,1.048144858148036
225,0.3162434174037104,0.9737270174463297
226,0.5230546226682217,1.1278736544749604
227,0.21819864579447387,0.9204378119903636
228,0.42576445144214203,1.0396705126427592
229,0.26651106285856746,1.0199578970042606
230,0.4340742164127755,1.0018195516168606
231,0.30583768858079724,0.9223773289356201
232,0.2567974835629156,0.8874273366510864
233,0.15032077367955707,0.9733569830544839
234,0.27402698572830275,0.8528984771858158
235,0.4852890075839395,0.8300662922335234
236,0.4956142379668607,0.9339593929166827
237,0.34041260891819614,0.96515316806421
238,0.43675102126216614,0.9737147488358399
239,0.41706073840196034,1.2121290802236078
240,0.24253157773796738,1.0987053733873646
241,0.5218463851209922,1.0330897015933935
242,0.5046049022300022,0.9404634342129131
243,0.029598675492968813,0.8366331842442534
244,-0.026603656387544136,0.7348943277237533
245,0.03340498665572776,0.88230387191712
246,0.45167359369946036,1.0521290056433514
247,0.2367970411144487,0.904336604504425
248,0.6878701514098675,1.0724766158715808
249,0.46237585372940065,1.1291831075551415
250,0.38401108954544433,1.0308975678575598
251,0.0947221255875267,1.072944011992568
252,0.5256540549533848,1.1354237331872838
253,0.3603905667986646,1.007474175169951
254,0.6675705631975756,1.15574485313781
255,0.3486767190668419,1.0710699034416657
256,0.6103780896051764,1.115688481856909
