t,lambda,delta_s
1,0.1560147531902719,1.1719632880474489
2,0.8632932852861603,1.164374720036466
3,0.6185404061639462,1.140585754211908
4,0.753294443004008,1.1712617521414117
5,0.27980953189766505,1.0610699645904342
6,0.4874481242661691,1.0607160661295647
7,0.5764757217881671,1.036229219334406
8,0.7844088403462185,1.151669116189447
9,0.3984948821222101,1.1948881038176995
10,0.4399813728198213,1.2739496118082307
11,0.014217584240686363,1.1292152762857515
12,0.394697207270553,1.0334706301962284
13,0.3782744278725221,1.0732335712208754
14,0.1785800078836084,0.9810789066881027
15,0.48584370916413006,1.0209192951467534
16,0.30067402237198504,0.8770017246492301
17,0.37976241069409766,0.8784184161715443
18,0.48232560825037973,1.064751547152712
19,0.3338404975877245,1.1842464585391328
20,0.5863082264719015,0.9872954999123826
21,0.6847065117761699,0.9982041837209453
22,0.37821101811066365,0.8961962074566868
23,0.40927666408967295,0.88062044966349
24,0.43833456356141515,0.8489451382943276
25,0.6378931170214306,0.8261650468124766
26,0.5935600296915906,0.9885230424091594
27,-0.1653995785955472,0.8380939179682929
28,0.6596841416745995,0.9767100514641773
29,0.29183931601173774,0.7953411348726603
30,0.6947691462468533,0.9983566320421884
31,0.46284652447551194,1.0116881801992463
32,0.4140721912759322,1.2613998409802227
33,0.5659286715163052,1.1621028633610375
34,0.38870231471454886,1.1425059311842807
35,0.18087730129710045,0.981051760239294
36,0.4770631196548085,1.1047140683222052
37,0.4373986772937589,1.176129363541267
38,0.47974935130090207,0.9648344313041777
39,0.7482993635815848,1.0253179457077122
40,0.3082208836561051,1.0958012792450769
41,0.5730506361254404,1.03591677717227
42,0.5653554414654343,1.0312498833300527
43,0.2654778106421796,0.8298169644432575
44,0.3079360548883128,0.7993672275188962
45,0.2048445776391061,0.7960958701645552
46,0.22924277395026446,0.867960378304155
47,0.6016014285857072,0.8639403954454392
48,0.5654560303303604,0.8932985404297074
49,0.6778160515192757,1.1216008440096985
50,0.4228300134455148,0.8847796157423611
51,0.30772435098918133,1.0274840781887191
52,0.5625855907734818,1.1840517362440064
53,0.3187909978338718,1.0143223109228046
54,0.4943963054876746,1.00516110705208
55,0.1643849873876726,0.9548161781266596
56,0.30635695262993246,1.09937552574165
57,0.24375001570435698,1.0359048154681656
58,0.49560603194324204,1.011592370744439
59,0.3125163026424517,1.0074723661455751
60,0.4566404472583564,1.1051307932608465
61,0.6209484304094594,0.9972128137931928
62,0.48558027357494005,0.9229228142084833
63,0.30289544092974136,0.7939646903570122
64,0.6029100458598254,0.7701507200001482
65,0.4219624072104125,0.9569930071379648
66,0.3182101104186634,0.8777519542412499
67,0.21485055992839047,0.9404563238465427
68,0.23729752561602438,0.9473908857573704
69,0.3734423037163159,1.0779746749270227
70,0.19441537290838545,0.8878074430921683
71,0.38916799500004773,0.9704849211392951
72,0.19078911144095087,0.8896712416940812
73,0.3494628245924461,1.0130472694503294
74,0.6097038746882149,1.2036880368313652
75,0.5596986333080138,1.0660268326344209
76,0.41323073296500507,1.037689933590011
77,-0.2698461039207979,0.86878806013605
78,0.3620381507955045,0.8499796434384982
79,0.31834167670636,0.9242474969751153
80,0.2040025099858191,0.8343441296535382
81,0.45131909171424855,0.9042813889209815
82,0.3848860059172948,0.963907687567089
83,0.36816396426237624,0.9666906832108473
84,0.5234359237356689,1.1885361762388242
85,0.9525523524391629,1.1016064493175453
86,0.2874844006934656,1.0397071141282768
87,0.08235141471065267,1.049092295716105
88,0.4218192793231343,1.1962661898357225
89,0.36175580021375636,1.225603544921632
90,0.38328575825739974,1.268034072171662
91,0.296292532063283,1.0576974045802465
92,-0.03138485742507232,1.0748241706434687
93,0.4625599095943436,1.0307976483456285
94,0.5357750226269195,0.9151153566647268
95,0.6670913046731213,0.9566595089697131
96,0.6144703207635838,0.9666001920407005
97,0.3454733076270778,0.8760752696467154
98,0.2608720362786618,0.956063897524538
99,0.6660964424909547,0.9998264802459049
100,0.356474650001292,1.0329428622843002
101,0.1050943886287239,1.0309367869219606
102,0.3339282708096018,0.9343059182744902
103,0.4082738289083252,0.8969874739446921
104,0.4188870304246363,0.9605084973573546
105,0.5388433655838416,1.0258228053468585
106,0.2929568575023547,1.057449490388206
107,0.4720800656574511,1.1315417837680684
108,0.35985691848215245,1.061897757515113
109,0.35304494021432525,0.992312054973154
110,0.24836892961342039,0.9203023515886918
111,0.5985238748257314,1.0962991013919678
112,0.6526259991069305,1.3861226403610687
113,0.6934301921473767,1.3409337969866337
114,0.1819268096953537,1.1966052409160217
115,0.4187616895075386,1.2020264327193453
116,0.1910250800653318,0.9606551918308288
117,0.38792796065449003,1.012486599194465
118,0.27845905676481414,1.0824661299450595
119,0.5171289384963996,0.9243080509683964
120,0.6471224811937061,0.9818940389768441
121,0.3515890208979397,1.091178311514452
122,0.6210691332725794,1.0838723626481654
123,0.438201140584702,1.115352042313879
124,0.6163290569720733,1.0877755389153092
125,0.04355461466755013,1.1780073132820505
126,0.11764012583910081,1.1257441432105786
127,0.5355686991933862,1.1067390751007167
128,0.4151374300979294,1.1957855829583754
129,0.3830134342914982,1.2987791167896094
130,0.5182014331632615,1.1726559992713608
131,0.05638429414568666,1.0781774739927616
132,0.42628826639163814,1.1233879977044758
133,0.412583966712057,1.0033695852029099
134,0.20202753432694334,1.1144603643004536
135,0.5565695980409838,1.2195314588351667
136,0.36053300061875276,1.1285811588685584
137,0.5007840296043657,1.1379378079174534
138,0.3447115058286414,1.0168303637804106
139,0.6467165800635802,1.1538341935566203
140,0.05049393602633298,1.005797682500137
141,0.20028562204828493,0.841375631651803
142,0.41294062918590313,0.9347333432461544
143,0.555627930370068,0.9834585043299013
144,0.533622024242013,1.0295337959226125
145,0.551732381490555,1.0487100837603283
146,0.30458159678817903,1.1683762745389727
147,0.37607854467589535,1.0073165134505782
148,0.6301577225240121,1.1144217989344085
149,0.2001115709186829,1.016289662832012
150,0.16961039264946925,1.1566115828775865
151,0.49981862365541463,1.0542595362299116
152,0.3589876653051305,1.0898054403113897
153,0.6221885660869343,1.0385279247599088
154,0.5676345325643282,1.0484278458985477
155,0.4690526042988922,1.0329946966789432
156,0.27415669958749256,0.948856467213214
157,0.6228082878817869,0.9616652278855636
158,0.41345332174796195,0.957703077130504
159,0.3256023204103719,1.049760113739164
160,0.5276372484249726,1.1451857428143197
161,0.4771165884366786,1.1042122019707599
162,-0.06764540254219456,1.1097896285835238
163,0.4229497420148185,1.069847642562313
164,0.3800258803026561,1.0086414681929161
165,0.2626058769075199,1.1064937418593048
166,0.49831532724745436,1.221321281602575
167,0.48722592002778475,1.2520012420179512
168,0.45676970334407835,1.1636453509132498
169,0.3083978581020117,1.015938718922353
170,0.39358928336066057,1.0027287036856851
171,0.40025058557042015,0.9830188952785193
172,0.5601389686238155,0.8763209433214771
173,0.6150884685054974,0.9966111926520114
174,0.7084360742587759,0.9715477432121473
175,0.2923933851404901,0.9445453656352243
176,0.2755000064548384,0.937200692346316
177,0.36432448250479116,0.9848446411634484
178,0.5889449214295599,1.0936063651169863
179,0.44941013673064,1.0567663283208852
180,0.5725518720770566,1.0919214864618185
181,0.5892892320880819,1.0650000801847699
182,0.4655423496818037,0.8991343492026606
183,0.6575914063122724,0.9295821870718436
184,0.4689873925910426,1.1318573988945528
185,0.5244722329315697,0.9278712402755561
186,0.1780164063245379,0.8912505266488636
187,0.24581675377608586,1.0075992942783885
188,0.26750734223771916,0.8361203183295914
189,0.367560238725565,0.8697868034734614
190,0.7460587718531615,1.0155984530979945
191,0.3230401327476241,1.1099241602328571
192,0.34231484252809125,1.0611308305365652
193,0.6008430217028312,1.124190871044933
194,0.33243330034920837,1.1116107795358348
195,0.5189050148501599,1.0466283337975595
196,0.13012124942470193,1.0152632586081334
197,0.6979818355631674,1.0737592263129012
198,0.31108798421457823,1.007471097246956
199,0.48685935088495136,1.0860174161818597
200,0.2747522104590848,1.0848372605701018
201,0.3367519646472404,1.0345793152563731
202,0.43499360638904966,1.0286491545500336
203,0.3297736362295852,1.1246527122673955
204,0.34574846268563086,0.9903239311016949
205,0.1878686726391074,0.9932674016200491
206,0.48496611464490863,0.9428006411217704
207,0.7321010613515492,0.834052062464316
208,0.5994431574237362,0.8272566867905642
209,0.37607201656751876,0.9271919862331527
210,0.5815009389872647,0.8080287276367933
211,0.20295624190389966,0.8370674519623865
212,0.2823912137968975,0.7083190941450107
213,0.16461438612379664,0.7349239984929203
214,0.4820282474605412,0.6281090605111153
215,0.5788442556640836,0.5943457196547873
216,0.9405453108363164,0.6368153710930169
217,0.5536102513091159,0.5947355140353321
218,0.26984300230071195,0.6987921959699687
219,0.336380720564784,0.8008423837791578
220,0.12979609945429615,0.8747562888790197
221,0.4895080750767704,0.7691110094002935
222,0.09714579947900513,0.7448843127405297
223,0.511135788320342,0.914531700861759
224,0.16939545131325923,0.7269338210948165
225,0.05859872443856108,0.832566588450874
226,0.27484167340950927,0.9405892337815323
227,0.1546565641112697,0.9335632727228935
228,0.49648216932619466,1.0134568196213405
229,0.4079111586698129,1.0322815841430766
230,0.5136736435578266,0.9735766892534582
231,0.29655608319567567,1.0567804887308347
232,0.3531573848356235,0.951236120811987
233,0.5221559908055592,0.8601828193155827
234,0.24593474521655354,0.945631765852058
235,0.5270798467790606,0.9677106884615272
236,0.3495848719512508,0.8703401335107398
237,0.3375559658233338,0.8070520362694821
238,0.3493217550269545,0.835943690165653
239,0.43183239746589663,0.9883247368523872
240,0.6298285293759508,1.0871368098264862
241,0.2997253243631624,1.1068846992130934
242,0.40054017748285875,1.1538852391116057
243,0.4732441204363064,1.1245527873023722
244,0.15401556048141793,1.087858454025965
245,0.35242822334947815,1.1468576788614406
246,0.5222990588530217,1.0315367069446668
247,0.4113556084689249,1.1292077721668263
248,0.27373606945426987,1.0770410088275861
249,0.43020023637519117,1.123183693438724
250,0.5519128875320594,1.1303650642671688
251,0.3922789255371238,1.1195662999156333
252,0.5434225043028412,1.1967178275173342
253,0.7524624461716202,1.102602541156499
254,0.2655315327675937,1.0159180239341283
255,0.3932438736197512,1.1442447056075085
256,0.7597227210498771,1.1212065137188345
