t,lambda,delta_s
1,-0.4989385976122611,1.1120696817787936
2,0.16826355929470999,1.2729817615470151
3,0.5290496307833835,1.2478475418999118
4,0.28409771038952236,1.0581158859007418
5,0.1311117686489579,1.023801361984429
6,0.3379440355731766,1.1228354903551587
7,0.387606884502502,1.2066823265082787
8,0.790535057907229,1.0155948698002895
9,0.6336471341131646,1.158914654508031
10,0.6291844230721781,1.040121764124861
11,0.41917890797128154,0.9974363465748118
12,0.3313129035335281,1.1793103053905072
13,0.2413977148069736,1.1313566309957286
14,0.3719501365338036,1.1989292524740949
15,0.21319809067399775,1.0876179547147935
16,0.38765575425780824,1.0075677102054053
17,0.65617833499647,1.0029760117282382
18,-0.04096131645019192,1.0070858304978603
19,0.7382467942123491,1.029383113560738
20,0.36541601682607633,1.084888362787914
21,0.26789374060035576,1.1534260518087076
22,-0.03713899200235667,1.0758966007090613
23,0.6407414344749377,1.1858577166049078
24,0.6285279181337375,1.0931785158408647
25,0.07227946200382196,1.1336084668435418
26,0.2378023736925883,1.0530601264559556
27,0.23629146315744218,1.1554169423616696
28,0.33682194284765166,1.1791194043972113
29,0.34346545226304653,1.0575400599152842
30,0.3664808498170837,1.0141203328960149
31,0.7429451972205812,1.1067011780633353
32,0.1327866469500017,1.1119473580563752
33,0.3905215555812857,1.2325560601925392
34,0.11521481037693429,1.1393583132950864
35,0.2632715999966299,0.9780882600652696
36,0.44894108830919116,1.0277384103879226
37,0.47246498808751053,1.0371951313027972
38,0.433144677422317,1.073248233863889
39,0.20057529742257194,1.0100934120468619
40,0.5342982418825688,1.080815915485276
41,0.39558196087705305,1.1726350581992506
42,0.3884212877756868,1.2502655704713177
43,0.3318091776430413,1.050620805395565
44,0.663081047841019,1.1262592171079628
45,0.6560484124726799,1.1648703670204732
46,0.1266384377351618,1.0436064247187786
47,0.407637849212782,0.9505430924037435
48,0.4756050365501758,0.9904744470575477
49,0.27146753811357904,0.7720846354459514
50,0.08878393148366677,0.8672755961215365
51,0.47473346584276843,0.9330179454149692
52,0.5543060483465515,1.0047043433557434
53,0.3883528595978779,1.0046348066545097
54,0.4151138680471812,1.0194061167582784
55,0.22119650515288192,0.9914373817139193
56,0.8028769566279924,1.0897678732552605
57,0.5131475607979263,1.2202853966199387
58,0.44425782884954157,1.0991534349459964
59,0.576249171014162,1.124912587174021
60,0.26545770667726787,0.9628938681046394
61,0.2368625073914446,0.85494072026646
62,0.08473161917542597,0.9469783567095401
63,0.0026499802256144305,0.8962290984970493
64,0.36360563131418144,0.916673613236882
65,0.586194432259503,0.9644043160256274
66,0.5448052538752575,1.0513768221118243
67,0.5248774276771004,1.0638812414596197
68,0.3653992052385781,1.055547677023759
69,0.7877717354402018,1.1008604271421019
70,0.5665194595823464,1.1732762307064748
71,0.37828909903830454,1.0090829036543763
72,0.8235600057029825,1.0751298190458822
73,0.16115389597580598,0.9909573719125965
74,0.4822621264420598,1.0124921994837508
75,0.2844073621192746,0.9056480468264877
76,0.5390247782123276,1.125570888556599
77,0.27360223640716086,1.092211495417124
78,0.28485125639447323,1.066476186735845
79,0.37796780815766867,0.96086244060293
80,0.21197055445739446,0.9710902290187251
81,0.4636719604313268,1.1336583488476868
82,0.3996932846173817,0.9534859145298966
83,0.6218515377031903,0.9847631494615671
84,0.6013068130606862,1.0225272586817737
85,0.5636338970651128,1.012551840062504
86,0.5188687781312545,1.0810953600640305
87,0.48907326570073184,0.9543062798716259
88,0.23149609817473948,0.9327250262618025
89,0.38443485859410537,1.080674364081366
90,0.5728028620510216,1.1704730666640941
91,0.4972980810432483,0.99688052569206
92,0.1511114823330808,0.9855904570125553
93,0.3861512932560355,0.9613633515635349
94,0.5376811563317416,1.0478432852821178
95,0.536926147456963,1.154374262498005
96,0.5124391650668061,1.1282617594450473
97,0.610482190089612,1.036197180753836
98,0.5362532944984821,0.9378404627950933
99,0.18090541395531573,0.936325928043369
100,0.1298601703710754,0.8933048612167029
101,0.4575801246174957,0.8205549456164661
102,0.28834688286193183,0.997423347727495
103,0.3119066602622988,1.2111844083937706
104,-0.048756903176772434,1.2546322009376722
105,0.7509263524022924,1.2328737808264922
106,0.5254610864128108,1.124141312057747
107,0.5765755116784134,1.080299801970736
108,0.22924836616641936,1.027035206238426
109,0.3356329424339549,0.9706116574712264
110,0.40633341454578364,0.9110103599620113
111,0.4235963663258427,0.9426892930351252
112,0.3229832547934416,0.8684038634398461
113,0.6743447699520443,1.0605028360642978
114,0.39694808780675206,1.0155639640598328
115,0.29688846704214156,0.9229053924063476
116,0.3604898382780242,0.8899228156764383
117,0.5640291195003527,0.949085712374442
118,0.20502295673587473,0.9522880200139038
119,0.24535817176009928,1.0336490609463618
120,0.26421597135610325,1.0282571569157006
121,0.4440738651582628,1.129924471532837
122,0.3597465305796557,1.290090655061467
123,0.1896752383508965,1.1441366553267782
124,0.5880610664608943,1.1092771559472434
125,0.6750795946862264,0.9695937353531345
126,0.215115987874097,0.9550736510384117
127,0.38325004775790855,0.9116154349768154
128,0.5591991813272611,1.1305618771807646
129,0.10836987931735036,1.0078478537868645
130,0.39126151004894943,0.9311424097219171
131,0.35923918681305994,0.908176150839053
132,0.26739071890101507,0.9444565357698371
133,0.4351924026086374,0.7807029618170813
134,0.48782559677125376,0.775985534760254
135,0.5014904461270555,0.9893115493486935
136,0.5220915857265015,0.834173675076141
137,0.38870120482832105,0.7604989559859214
138,0.02247534180027585,0.6889552342382715
139,0.3751100919412712,0.6704843396864277
140,0.7285247604420529,0.8179718810886707
141,0.4561598126026088,0.9856936133472498
142,0.3375436575062179,0.8289933625497229
143,0.2783832349200084,0.7533346803598745
144,0.5875502145038121,0.7447343528312111
145,0.6964274052899514,0.9001765361069048
146,0.5054367956526091,0.9790111402260838
147,0.11135586933318455,1.0006566238274532
148,0.42326412606696523,1.1070780017236228
149,0.5212068609056415,1.0382234890904227
150,0.4742297362421438,1.135850836706131
151,0.8244236534101922,1.2634389913309703
152,0.19076567504550154,1.1448667384388445
153,0.23227046828192924,0.9926127309586822
154,0.1428581182094891,1.0830478665029124
155,0.3787583988361668,1.1625483331907682
156,0.5338198062290083,1.2471104738298977
157,0.5163568276993891,1.1376926975229789
158,0.5033060418285774,1.04642201410206
159,0.6259853654249663,1.2484989067010117
160,0.7213640765949183,1.2063615033737187
161,0.16521148370179717,1.0848501311881755
162,0.5210640613325828,1.1146997808879617
163,-0.0567796216943112,0.82629502119581
164,0.3460156559789165,0.853315238463432
165,0.2768560374092978,0.638101054025878
166,0.1085594974827542,0.5433128512818075
167,0.23680101449908275,0.5621240652168851
168,0.1333168820127017,0.558303537497704
169,0.1698629178860399,0.6001442200430075
170,0.37956270302926975,0.6927728197114692
171,-0.14167715195233568,0.5619726391137837
172,0.33568815191531626,0.5244967640268919
173,-0.14472462450376344,0.4438828471697294
174,0.08827202518508617,0.4324440068462431
175,0.41670134075823256,0.3725801226384911
176,0.4088749543104007,0.4571178741624503
177,0.0354682696579541,0.32935816126233447
178,0.6494054454193575,0.3706490684731899
179,0.27343856138334915,0.3159317201414002
180,0.22945496926317163,0.37578660779412293
181,0.3288369007046508,0.31492764478589547
182,0.26859827437168504,0.4115292317453325
183,0.4116973107027136,0.5079427487111956
184,0.48138001147860604,0.3894945260816194
185,0.05776533852547543,0.41990251260399447
186,0.4118916211849697,0.33862013052960666
187,0.22110855078790895,0.4063496825032427
188,0.20728819356814773,0.34984551585493545
189,0.7109154063964974,0.48350330145168136
190,0.4345617788735176,0.4209855617863076
191,0.43437663330427284,0.5864390467627673
192,0.5813547227335961,0.3662234517020451
193,-0.06619148801778603,0.4415788362818407
194,0.31260723108545274,0.5828250064160632
195,0.27925684269925144,0.3743300419185478
196,0.6861110682930489,0.47097485792058186
197,0.8311396043636022,0.47052554663698976
198,0.49553649273898037,0.6005866102291119
199,0.4009012243477352,0.689971299126472
200,0.35597131283027567,0.7857134057515477
201,0.3752037731405239,0.73486346921137
202,0.4664344332056452,0.9004800002349608
203,0.4635704399627204,1.0705485928856195
204,0.1800238520254932,0.94529327945419
205,0.4464595072428646,0.9436608497811533
206,0.5019313900300074,1.091520715432542
207,0.3046441524520744,0.920339339586101
208,0.42536996548658934,0.9435294730841465
209,0.4760448585484589,0.9710468067639542
210,0.44599084002132083,1.018768813995511
211,0.40763903566909915,1.029027580590224
212,0.4892568344356885,1.110821031636085
213,0.509523970036609,1.237498863158235
214,0.369379330590708,1.2276072056877874
215,0.7084091277651354,1.3621060327034635
216,0.5459680587760327,1.257199802936986
217,0.39372295959618453,1.1961606204021686
218,0.41154399133649777,1.238199825594847
219,0.6019562389193525,1.1223810429322074
220,0.6683101005724466,1.125182532995328
221,0.3085999722040147,1.1069858427349306
222,0.5400480004579872,1.1085170436047087
223,0.1835071788122548,1.0320981808471288
224,0.5416746355858428,0.9787188486928367
225,0.6228661017375685,1.0376150430173328
226,0.5058371934351159,1.0858201104672938
227,0.3985763374735661,1.0524347264060288
228,0.39696405044501787,0.8790257762556966
229,0.48679758064383216,1.0060462920643534
230,0.4605094107063046,1.0097073320881569
231,0.4065993413021045,1.1041377826477863
232,0.2377935148621369,1.0905058043243823
233,0.2821697572480083,1.0367987301551933
234,0.41820329811003404,1.115861271699769
235,0.37669991331328506,1.1594886327788192
236,0.26536976834469095,1.079031473607404
237,0.35377576118045684,1.078575289378727
238,0.20326581374302596,1.0405346645324922
239,0.39969491577118677,1.2031533796664982
240,0.1664845729586845,0.9677636710964154
241,0.30546195270449206,1.1231532893568066
242,0.4955876169801634,1.2405003017606926
243,0.46448464328593353,1.0060419055223842
244,0.3995628577373954,0.9663768516591074
245,0.42791871889950917,1.0466260364284525
246,0.5526419831435888,1.106421075993068
247,0.3084872827979799,0.9045453273136634
248,0.4684365811230165,0.9759209463418149
249,0.3152541480759653,1.142748275628792
250,0.29365487707368587,0.9922002714197999
251,0.6829665609344531,1.0302900453402954
252,0.25161370837853514,0.9602261421310249
253,0.4326103547104243,1.0131111803654242
254,0.3642711703526744,0.9992288347319964
255,0.225298601397167,0.9379325499618211
256,0.2778608338165435,0.9010830841555554
