t,lambda,delta_s
1,0.20276779690801064,1.2212286862529964
2,0.08833318666601825,1.2275539867532306
3,0.6757034819382872,1.2943213630046972
4,0.5024402678991352,1.1349601962692122
5,0.08173797141902706,1.1517999250289541
6,0.19704302218290182,0.9735107509898105
7,0.017152803868455895,0.9895614102163659
8,0.5345064854547611,0.9173457595244849
9,0.5902006334958854,0.9563657238418779
10,0.1576192894397971,0.993624074062348
11,0.3129880216372227,0.9372761992457264
12,0.31877905264609796,1.0427867644588906
13,0.4359665360221459,1.1375985897773837
14,0.28429132232649296,1.031463843599407
15,0.33835007311112353,0.9910775005699741
16,0.5411930924085889,1.0594110729951847
17,0.41583251362898693,1.153449993823748
18,0.4417424456425695,0.9492439407132861
19,0.2604583461200026,1.0303137115769696
20,0.20759854095649388,0.9158128590919511
21,0.36704385681350654,0.9429414831848857
22,0.42393091074207634,0.9388266692798651
23,0.5301394787313236,1.0502861145472002
24,0.3573874576118139,1.0662216185459068
25,0.3864840179706563,0.9820123629263683
26,0.2551170855307306,1.0136657590646891
27,0.5928010805505184,1.1497926951988455
28,0.36252779408407626,1.2164534802208258
29,0.453938503160903,1.121241524668473
30,0.19193729547821178,1.1743204447022335
31,0.35542590053704093,1.1539783919208009
32,0.4799178969425356,1.158510994482297
33,0.45177594677634275,1.2380897145818306
34,0.41643259453965886,1.2886606741921685
35,0.22438787191655224,1.0856869593463458
36,0.3315325039822648,1.1734099315771596
37,0.5713645634008737,1.2232199776751695
38,0.522814184117491,1.0787498913919549
39,0.42424100379489593,1.1308497659262051
40,0.3709335291881932,1.1261634576988693
41,0.27991712535264257,1.1038249525868877
42,0.5062866802789704,1.1836799396960083
43,0.2757110654094291,0.9649126656214139
44,0.18338199174818562,1.0020511525267801
45,0.49017573337449877,1.1308437691849835
46,0.43579957305988837,1.005275028159304
47,0.3614583322278091,1.1258818531521018
48,0.5414847201752471,0.9712858085623172
49,0.6730537618702742,0.936590970897789
50,0.029302912453141382,0.8722714589162155
51,0.18801431895592308,0.8299677989066551
52,0.726106455836773,0.9291162267191599
53,-0.011706877097962646,0.8285632295360659
54,0.3384034696534485,1.093248460212671
55,0.4518718028300502,1.1020336729000737
56,0.3376503994566186,1.151082378584641
57,0.36224470170248496,1.0125583835297796
58,0.5092106813385708,1.0655036243760032
59,0.3224890235516809,1.116409347496916
60,0.24302864648374434,0.8304372830444698
61,0.46162860368180325,0.9866881689694416
62,0.30331836742326107,0.9973706121968279
63,0.22967877075879872,0.9433503956917362
64,0.39441244076867843,1.0336671371297796
65,0.38971210610111423,1.146963252214883
66,0.18802316240822162,0.9282232407933698
67,0.3175590324178783,0.9962465416920333
68,0.4849869491890983,1.1123943593226326
69,0.27694807513633957,0.9325678323443884
70,0.7769822658541671,0.9302075898906708
71,0.21021571714067447,1.0244566973111457
72,0.23549913018040763,0.9167944640252206
73,0.4168268512429627,0.975464007651761
74,0.31472442162946285,0.8345926294163278
75,0.6456432546010098,0.9566132431265326
76,0.3137208872439529,0.9843289113353236
77,0.49313064634690856,1.0318459035993188
78,0.483228727546205,1.017831759534356
79,0.46153921113711127,1.0678691203768957
80,-0.25363384197373207,0.9603071125843848
81,0.5079049372069612,0.9886152314523389
82,0.6208376310778003,1.058388826749823
83,0.4571861233170684,1.2194962371817195
84,0.22920087302183687,1.1383414026194463
85,0.30403793312937827,1.1658279043202278
86,0.5075165567929413,1.1252351216913923
87,0.3463925606648585,1.1037330362700364
88,0.6934530306191325,1.1784261358178323
89,0.30532394463947954,1.0885726294803135
90,0.3507469394966175,1.0420079210086726
91,0.27124393539633573,0.9705169614705959
92,0.41866626524137107,0.9078287375333881
93,0.6232987378017516,1.0032458646724627
94,0.7395065180905602,0.9272986149118481
95,0.7325750532402083,1.0572028946749445
96,0.7061629265975499,1.1037521511640929
97,0.16236182939774282,1.0654611785942387
98,0.5468977505415307,0.9919691731050513
99,0.3120420765255792,0.9081135943762167
100,0.3265456426860189,0.8927601814568249
101,0.42453300490513474,1.1145413651275058
102,0.5001953066666813,1.2449740768638908
103,0.1100915951067947,1.0481805782875753
104,0.4514425029175221,1.0261581581491734
105,0.5995628327684013,0.9571923457538943
106,0.1431500266522175,1.0215269533877758
107,0.48716161070764835,0.9000343518134164
108,0.5039596642813058,0.9272745486871098
109,0.2535737081683396,0.9828008721585253
110,0.6248568366373919,1.0410746597200566
111,0.5428170967332504,1.1832900271808637
112,0.575009678069435,1.2287963193403422
113,0.3025318559033766,1.1594764550048677
114,0.13613668540906168,1.194003376248107
115,0.02535494625552917,1.0796329485582519
116,0.5211016504392096,0.9479009481215664
117,0.6055304408882887,1.035209620222322
118,0.5487730876096045,1.0789523999108108
119,0.14683342645877742,0.9756571294166474
120,0.6177830552473765,1.0262177134740202
121,0.6014501007452436,1.1129573239837314
122,0.36686819514415586,0.9916691652799807
123,0.20297927671019556,1.0418852847173266
124,0.4179094335706394,1.0875088159571389
125,0.09825529985949806,1.0046238558434062
126,0.11403862472549174,0.9046797166096558
127,0.32459271651688554,0.9854047519300076
128,0.5561427605008704,1.137813262666325
129,0.6219787459179967,1.2568872017786892
130,0.5906984403715957,1.2331230822338355
131,0.5035382984206579,1.0751662766072247
132,0.4601323404285821,1.063416153543807
133,0.13924251265325102,0.9549354432896261
134,0.8566278249975778,1.155796585218964
135,0.14272330551245221,1.1074489407338215
136,0.5959427328079203,1.137981678282992
137,0.08239343147822663,0.9396755665561212
138,0.4019642880844185,1.019112668673389
139,0.23282305669837966,1.1987336255619794
140,0.478239221524661,0.9658631582067135
141,0.6334268909494041,0.8933495031242579
142,0.014083409341858729,0.9687298895041587
143,-0.07321525128632267,0.8568442464941821
144,0.5201816637757953,0.7252497168632538
145,0.694706311925825,0.8714793757854491
146,-0.2974242359845008,0.6354196159245543
147,0.2846452114846163,0.7436004799846219
148,0.43226541895428006,0.9339615695816373
149,0.45687227872915676,0.7814337542753027
150,0.11746538645686475,0.7179168122245034
151,0.12819516721797958,0.7746875715347982
152,0.3213900325520274,0.8096499253341983
153,0.16927615852448435,1.0103614333397406
154,0.2650816437287919,0.8615530944791783
155,0.38011050919782496,0.8864664363143604
156,0.7076838206204055,1.0230389232099244
157,0.381187220299661,0.9316635825379009
158,0.18827998955004052,0.9768253483404473
159,0.41974508548620065,0.9550144345836109
160,0.32363315722696034,0.8617084942281577
161,0.4540904923319412,0.9135998425302496
162,0.33616038127305314,0.9715614713279066
163,0.34019840186972505,0.9071662896009992
164,0.16138679271533177,0.8696125482744886
165,0.5936538534906982,0.974547577343833
166,0.5296675557626714,0.8962835225499797
167,0.31843173274756253,0.8153741171285595
168,0.1787283363993267,0.9529498415540788
169,0.33422278896131125,0.9833001439452607
170,0.5484893290300055,1.1035288718948717
171,0.5093796522897382,1.037195281491939
172,0.27986702847679346,1.003279350890404
173,0.5271650666283222,1.0451933260225148
174,0.517920914666418,1.0433275687324137
175,0.5886700002982811,0.9769739440116109
176,0.5129018452396004,0.8375436301472814
177,0.5938121234125863,1.0701734660389233
178,0.11220994053344373,0.8854418586727925
179,0.6447488514685707,0.9413820687933996
180,0.34969612458877797,1.0911282760374417
181,0.5772695629386086,1.023335221276495
182,0.10884242114557618,1.006758709103459
183,0.0651050808370383,1.1097294308306718
184,0.31417160839562425,1.0655862662007094
185,0.595933075162034,1.1282506286582858
186,0.555507941824518,1.0817317714294392
187,0.3032941841291965,1.0233413950451369
188,0.45009689415089316,1.044816142282739
189,0.47985836727372166,1.0861862593787286
190,0.15920559615786495,0.925553834058259
191,0.2837760842485975,1.0388453907242927
192,0.22375662451819583,1.1441430755294903
193,0.4096955903640026,0.9811058315829724
194,0.23766299705668506,0.9287359887774039
195,0.5339888790440662,0.832721204915261
196,0.40193644373883264,0.980018116836365
197,0.5534931240764367,1.1038360139198011
198,0.22895198404995157,0.8873745918632848
199,0.4264613484594382,0.8448480461225181
200,0.3170527898444194,0.664738094190753
201,0.37257875399142804,0.7857743727851888
202,0.024137469798900482,0.6550731531041853
203,0.36676763546548247,0.7250657247616964
204,0.28748611043478794,0.6254126210199767
205,0.5450605260620204,0.70040162374257
206,0.5455961519980583,0.8249038815271043
207,0.4789496329911,0.6473558193543094
208,0.025164169956903588,0.6195818967819016
209,0.014972732584223424,0.5113821658772193
210,0.43973071367200384,0.6153038645342128
211,0.18308545748826907,0.5639506149222914
212,0.4997835609337755,0.6654422690987825
213,0.38254234013189614,0.7172765317210675
214,0.29176103492825023,0.7071448414867342
215,0.2097101089311639,0.694217277903369
216,0.53814551810773,0.7953829509112876
217,0.3553584830856369,0.697346537726367
218,0.3007838704747971,0.7783220266742993
219,0.8677071540941623,0.995783245954961
220,0.7642578333804038,1.0419749651224244
221,0.3563707590734402,1.024855728702734
222,0.43203317685634185,1.067784208919211
223,0.6388682883173722,1.082392838957533
224,0.48023570772000196,1.1520611738836652
225,0.18552290788892128,1.2180840189741395
226,0.5209115779674568,1.235682685694556
227,0.2854853760385862,1.3148389634229838
228,0.38780260916743026,1.237055073392384
229,0.5779746811254687,1.2423393322344694
230,0.30875522224450763,1.183613977077024
231,0.47221627322467835,1.192779308956896
232,0.19386657533642115,1.1272033328855282
233,0.5326402825659924,0.9377341088026095
234,0.20102928941335924,0.9104404595471048
235,0.5288805756151806,0.8956130921372248
236,0.3579932735148514,0.9865472996823461
237,0.41468258142100295,1.0412719284888918
238,0.5109448522061975,1.1023096487110755
239,0.6650058988868361,1.0666666368632964
240,0.5854467539633161,0.9589589317067752
241,0.036815642247170426,0.8470053533460955
242,0.6203346155785656,0.8700848491187105
243,0.7126866551880455,1.0397781321204085
244,0.31302978995032893,1.0944559603548136
245,0.599643154584981,1.0301863763936554
246,0.5913863985712258,1.1244757333214879
247,0.12039785860945174,1.0570205733749864
248,0.7579741081622048,1.1577333888941879
249,0.3110138148420318,1.0895150927127866
250,0.3443083972791622,1.1055637380938568
251,0.11078759950991851,0.928473330649169
252,0.4966907388611834,0.9976863917558403
253,0.4126731695251219,0.9331620911150125
254,0.3066967305189474,0.917561158742902
255,0.4122795763877961,1.2025997871619294
256,0.42680109694462637,1.2431564605823735
