t,lambda,delta_s
1,-1.1188625842368602,1.17800630868329
2,-0.07066932433755513,1.1814797703418793
3,0.2622916784619527,1.2878929454437407
4,0.10493086026638575,1.2818033151980244
5,0.030909807727972746,1.1710038724337382
6,0.35981456481740826,1.120918798598116
7,0.374255818721211,1.051364441325875
8,0.23061603978175557,1.0228938608133062
9,0.39534427961311913,0.9498204182066755
10,0.6583706374053929,0.715311050336049
11,0.6240827095855541,0.7805120586049905
12,0.22095860333276224,0.6411959865204508
13,0.18232838999651424,0.6949954975430815
14,0.3285392061504241,0.607175083363273
15,0.34121964205016736,0.6033252549402236
16,0.00024420649358675736,0.5326007922007382
17,-0.17293753907586656,0.3954609167277901
18,0.10992025750417328,0.3723199807193918
19,-0.2041768241227422,0.29277938390658653
20,-0.10152998492697612,0.26219954131576134
21,-0.06375184913721511,0.2034901022639011
22,0.3115310149884655,0.2609033792803925
23,-0.49500453643403497,0.14693805004728563
24,0.12056812000142689,0.16488206722501583
25,-0.29816555211553464,0.10557724863267928
26,0.0791042804479269,0.14275881304264512
27,0.15986197827610907,0.17773833365859515
28,-0.35903778980401313,0.13217561288941157
29,0.004877132292273188,0.13150762111503983
30,0.0471357222530548,0.1714526943290656
31,-0.5056906722854915,0.10953053158896064
32,-0.28886318477631323,0.14030831669895336
33,-0.3068514748452766,0.08842515609623997
34,-0.2549457507674097,0.10340261923464368
35,-0.004864538967770133,0.12867144299038955
36,0.013674514352550026,0.16720777842683732
37,-0.6129462383465482,0.14140387354722914
38,0.004977838602767711,0.15063492023173522
39,-0.6038732942299839,0.12866584489641036
40,0.003789960417251302,0.12455044991140916
41,-0.6081969027376916,0.10258255835365458
42,-0.611506440023828,0.13025301413300006
43,-0.23463391186696106,0.1943261702193795
44,0.4115115238810033,0.253800733272917
45,0.4037813324471562,0.2553717651360106
46,0.4141187896417573,0.2910241805174353
47,0.14755646145479803,0.24260875757582
48,0.6380706917060049,0.2737024541362605
49,0.6455495604062279,0.33166372978497166
50,0.19297594747495825,0.3452869445234993
51,0.11297226076285141,0.26392070900398873
52,0.08673861093132224,0.26271017311225925
53,0.23143350303171775,0.20310499186642036
54,0.3226927472659259,0.22393085914799363
55,0.3925900404535383,0.2699710223765746
56,0.7875225872090009,0.38658240788978826
57,0.7559140707860657,0.38272366159720184
58,0.39052601737547965,0.40168535616973405
59,0.4712207977571742,0.37232790786125314
60,0.4141338615277913,0.39859796067946024
61,0.20200087811349693,0.35933869366597504
62,0.33496576779108245,0.4401759446543907
63,0.26582725891565845,0.3336357274560955
64,0.31922327856180005,0.3931322552055572
65,0.13042010177377897,0.3189021564446088
66,0.41698764047858733,0.35334021678154864
67,-0.0674909268195848,0.2606780217115422
68,0.24849735429893122,0.3136482719720045
69,0.5418561164058496,0.41372898430544197
70,0.4642860917806455,0.4896134392070096
71,0.3931728714120671,0.5104530478442035
72,0.4556575074387227,0.5127433654206981
73,0.3945844434277813,0.5273736572152361
74,0.16331078160571844,0.45145081052485164
75,0.238926515046685,0.47717294225596346
76,-0.10633197392570763,0.4184794961722172
77,0.3551084342648686,0.5110650844723233
78,0.017147420962467626,0.3802456849009688
79,0.37084666771455715,0.46993673070600017
80,0.19963493534107088,0.3771642745055774
81,0.5695347012039745,0.3918120977253262
82,0.20800457872440498,0.32377153542878184
83,0.5219896228736525,0.3262003178030717
84,0.23335670083177842,0.25243002114913765
85,0.27708765013238096,0.24898653024850345
86,0.0893056226875069,0.21700990168389292
87,0.211651366371247,0.3007442225787337
88,0.4332144812193052,0.35699554901543107
89,0.41726626922763965,0.34731665133854117
90,0.6289437866455264,0.4269810820671322
91,0.25560034915699126,0.41508186784698764
92,0.30606575359523924,0.36424579182463684
93,0.4077304446057451,0.3638708205693767
94,0.2921893620222824,0.2966299518179793
95,0.3674692873358562,0.32775690484063436
96,0.32549758695959713,0.24754327007309251
97,0.5657657511768601,0.26085603799922874
98,-0.03355030724395419,0.20915658721068253
99,0.5239927786642732,0.2439657183100977
100,-0.19630078679683158,0.1896579796878955
101,-0.013722967831041478,0.14678093416330779
102,0.19091396830742852,0.14508658704832278
103,-0.08825783425506252,0.10264882887307332
104,-0.3791131708621053,0.09265487340447853
105,0.30519866090156855,0.11497584302640601
106,0.36321613874966097,0.13551017625357809
107,-0.04837434524924242,0.0987458812950894
108,-0.1883078838270892,0.10414830554182927
109,0.20515227655634669,0.1311036725939342
110,0.15059139975769242,0.154036601135251
111,-0.17548802801069074,0.0752036595761589
112,-0.2369621343306153,0.09317522853498127
113,-0.05570563263285237,0.05385145633000568
114,0.22960780846135492,0.07262935071610709
115,0.15038093866724153,0.08353915509225306
116,0.13258222186402796,0.09188512090808877
117,0.22834672598129813,0.10193048443006666
118,0.329184365155352,0.11597074284820706
119,0.3839896521335999,0.13597465240365045
120,-0.030139011497075617,0.1135386955240743
121,0.09207929699021311,0.1077545084899455
122,0.3955050932481863,0.1449754145789341
123,0.26774833316361607,0.1671169825839021
124,-0.059907397580880276,0.11681636623966278
125,0.1906240907279666,0.130345266060528
126,-0.12274496658271968,0.07914641821311402
127,0.34866463897351074,0.10569571622979515
128,-0.0830302034633354,0.06455752411736351
129,-0.30793455233031075,0.06415023236613594
130,0.11059000224689784,0.07952786275265948
131,0.3157632424235238,0.09459363532439378
132,0.3087542313204524,0.11183863398777354
133,-0.2850765222025079,0.07441776748805784
134,0.055274376442276674,0.07581704225243792
135,0.3172721019556477,0.08858952104657247
136,-0.026968324565510498,0.06122006662723476
137,0.15070491310909193,0.07120881604166779
138,0.3049959698342992,0.08828910974928782
139,-0.11368716821184535,0.05392787053736283
140,0.12095124969455792,0.06122252123896051
141,-0.34152433343021865,0.03790378051088109
142,-0.2543723480417733,0.03381445862492336
143,-0.18911267985750818,0.02332319600264591
144,-0.21112055186212522,0.02030587886076137
145,0.21735313690515135,0.02439459650088759
146,-0.6378724943292857,0.012314447319542756
147,0.009334862328145458,0.010756812453629517
148,-0.5601303161014277,0.006908002645186362
149,0.11632325575521396,0.0077186373904155866
150,-0.6537223911064567,0.003931289120785604
151,0.06234449022940595,0.004248071369459122
152,-0.6542132096335848,0.002187730847604137
153,0.023695000357241786,0.002058256640606633
154,-0.6307637036607352,0.001202592565865011
155,0.03305051931724533,0.0011274683009277048
156,0.16463190710988868,0.0012607417322878782
157,0.05547331664325529,0.001293748481362414
158,-0.02882737965063978,0.001233512861934003
159,-0.08291376377405055,0.0011225290956071244
160,-0.5210497987417025,0.0006741299278625768
161,-0.07938698586790284,0.0006152416023168466
162,-0.5240923716117373,0.000368604972575691
163,-0.5655641198903624,0.00021037692211089637
164,-0.035300268793938216,0.00020193436229723743
165,-0.07261734958141525,0.0001846618855422478
166,-0.10354822953452211,0.00016299307257831773
167,-0.12554887433866602,0.00014024758850615462
168,-0.4752370864426805,8.922774331441022e-5
169,-0.4906455594411888,5.530604017004244e-5
170,-0.1082278948608589,4.886448384140165e-5
171,-0.4894207844777941,3.02833383425662e-5
172,-0.4448851049898627,1.8102673003704134e-5
173,-0.3052412481654526,1.0334541209107166e-5
174,-0.2943542124670969,9.913093600780169e-6
175,-0.29888810805883476,5.6591551948115675e-6
176,-0.29974878438400554,5.428431019185306e-6
177,-0.08575993223153869,4.9731124724956805e-6
178,-0.5130167392299241,2.9725878472061053e-6
179,-0.2629236577647636,1.6969663885967358e-6
180,-0.3327496717488316,1.627790990241248e-6
181,-0.05407896430348314,1.491275756229695e-6
182,-0.5457796756971149,8.913764617767287e-7
183,-0.23426671366678567,5.088609537512175e-7
184,-0.36046401235971676,4.881180038986306e-7
185,-0.24892495658727032,2.786519515853384e-7
186,-0.3563715016200867,2.672933981555432e-7
187,-0.02205271102179632,2.4487765783880543e-7
188,0.02221336575007774,2.1640078104063686e-7
189,-0.6185026101930495,1.3409494810468986e-7
190,-0.5745805630979856,8.015201825176698e-8
191,-0.267846035390411,4.5756375191225576e-8
192,0.00199466702571243,2.4288790127872927e-8
193,0.017916189732090252,1.2209516518485777e-8
194,-0.034868580825137656,8.005787653900782e-9
195,-0.5602259034221341,6.685931259080303e-9
196,-0.5743199741073178,7.2833766866348846e-9
197,-0.463168775056896,7.51349414152173e-9
198,-0.13272925881169217,3.988377109430466e-9
199,-0.019112942833013374,2.004882106953938e-9
200,-0.03483961298176653,1.3146026529685345e-9
201,-0.07534165477609625,1.3715672955504251e-9
202,-0.10802422928658317,1.4464824939511375e-9
203,-0.4821362580137413,7.510702504230004e-10
204,-0.12123783622066267,7.920938145518277e-10
205,-0.1381918016713201,7.793174104965655e-10
206,-0.45196270035209624,4.337505723021243e-10
207,-0.4300635503059022,2.2522025017853642e-10
208,-0.17076080994527207,2.3752181347035025e-10
209,-0.14497842807233188,2.336906079032552e-10
210,-0.13844267664301838,2.1780832055735374e-10
211,-0.46064683281366786,1.2796897683922206e-10
212,-0.4264362811671515,7.122465900258468e-11
213,-0.3461997124116949,3.698262666592838e-11
214,-0.25866625233791857,3.900262327062336e-11
215,-0.34704069519532976,2.0251686362031772e-11
216,-0.24723295736537312,1.0629235068495267e-11
217,-0.3498326904066353,1.1089823451801217e-11
218,-0.24473332349650082,1.1695551269166222e-11
219,-0.1712375791823036,1.1506903090716067e-11
220,-0.4194475129814746,6.404483874876285e-12
221,-0.18410130168711744,6.3011801325349325e-12
222,-0.41399605091830605,3.5070953698497114e-12
223,-0.3238367472916754,1.821020985500451e-12
224,-0.27489258601298006,1.920485424532989e-12
225,-0.18511958636742926,1.8895081693578417e-12
226,-0.14247907624728537,1.7610917488354881e-12
227,-0.1331531625615187,1.57852825759668e-12
228,-0.4639450923177366,9.643738416601852e-13
229,-0.4396959166920176,5.66598803225103e-13
230,-0.37092323714918324,3.1535617098820427e-13
231,-0.27270394886090243,1.6374524918659903e-13
232,-0.1968341914921731,8.59428056355806e-14
233,-0.1631136565885577,7.177402484922472e-14
234,-0.4252512960622149,4.706228036604343e-14
235,-0.17886340234504672,3.930345600743654e-14
236,-0.15573784709988678,4.281555266788059e-14
237,-0.43590223768710545,2.1522572509672643e-14
238,-0.16762210073154946,2.3445796640931367e-14
239,-0.14297546123277177,2.418656389999185e-14
240,-0.1255637232114263,2.3200670135935512e-14
241,-0.1209420117101032,2.1255045238239254e-14
242,-0.1250031339083425,1.878330393633546e-14
243,-0.48740590662339445,1.1639262772459974e-14
244,-0.10397390525264556,1.0285737235537222e-14
245,-0.5110084241215319,6.373660294199067e-15
246,-0.5129658972805846,3.809700612753426e-15
247,-0.41284352190796564,2.1748431042483657e-15
248,-0.2048342585129552,1.1544687751840235e-15
249,-0.39985129552932297,1.1909440838864026e-15
250,-0.16818575367612035,1.1423987696157685e-15
251,-0.03459684908922993,1.0465963864845569e-15
252,-0.02201236729657568,9.248880821313194e-16
253,-0.5942784921608976,5.731161812389432e-16
254,-0.6077377389620058,3.425662752738971e-16
255,-0.3898124702004159,1.9556074801085938e-16
256,-0.038957728861382504,1.0380922503749923e-16
257,0.028564753279318292,5.218294366941077e-17
258,-0.022634251263378504,3.4216394168423966e-17
259,-0.5727799956360929,2.857537995336933e-17
260,-0.616018345905934,3.1128832160880746e-17
261,-0.5624450655412403,3.211234404705639e-17
262,-0.03440709779004371,1.7046148491298296e-17
263,-0.5608679860743128,1.7584719600168082e-17
264,-0.22034273101167662,1.6867930499066393e-17
265,-0.37590109083963785,9.629392453052044e-18
266,-0.22229350269035017,9.23687874128876e-18
267,0.03997080538730936,8.462267441237099e-18
268,-0.6534393662350781,5.058114798729726e-18
269,0.054217982875171315,4.633937650821435e-18
270,-0.6642070689972319,2.7698236637843975e-18
271,0.07419106346906418,2.537544257589818e-18
272,0.05209701320892388,2.2424541800768217e-18
273,-0.6662527757541375,1.3895592354561844e-18
274,0.07027127710665494,1.227967909010067e-18
275,-0.6784857074819585,7.609226373358066e-19
276,0.0879580243638267,6.724352269739128e-19
277,-0.6888106984676646,4.166812362050876e-19
278,-0.6582109830731997,2.490610869766881e-19
279,0.05481270227402414,2.28174644945906e-19
280,-0.650108245673371,1.3638585122843444e-19
281,-0.10917658162215318,7.785856638399442e-20
282,0.12587879130534,4.1329548598394283e-20
283,-0.731324351670786,4.263535095187535e-20
284,-0.5123416151274575,4.089744693186143e-20
285,-0.08450498740727751,2.3347118181246946e-20
286,0.13457975173651662,1.2393316500914437e-20
287,-0.7395676463095462,1.2784881916050826e-20
288,0.13899319868275073,6.786580115900745e-21
289,0.05302079929846914,3.411486096424126e-21
290,-0.6535367742940813,3.716331271467248e-21
291,-0.7320027874530259,3.833748332266839e-21
292,0.12984019297424887,2.0350630042554647e-21
293,0.055108875151276646,1.0229878710336533e-21
294,-0.02838805000719637,6.707738920700791e-22
295,-0.08445411277923928,6.998400159435291e-22
296,-0.5176807396724767,3.673157832975752e-22
297,-0.5618991275713983,3.067590354182884e-22
298,-0.041034915118271974,2.0114212293375224e-22
299,-0.07622085373688485,2.0985805825931845e-22
300,-0.5247800089315073,1.101454265185227e-22
301,-0.07557309126655118,1.149182727028028e-22
302,-0.5235336871266218,6.031563556154304e-23
303,-0.0771357332111899,6.292924613205479e-23
304,-0.09574111006735234,6.636645098525072e-23
305,-0.1131046314773607,6.529596616991146e-23
306,-0.13387370008715135,6.085826413450246e-23
307,-0.4674765818490106,3.5756071074643506e-23
308,-0.4762400179193038,1.9901026263194962e-23
309,-0.459155889181803,1.0333390636766341e-23
310,-0.1463632232233456,1.0897801981725559e-23
311,-0.11778393035650282,1.0722021427411992e-23
312,-0.4805251425509324,5.967636365192917e-24
313,-0.11095382656101735,5.871378933650805e-24
314,-0.4822728626785422,3.267877673579642e-24
315,-0.11734695308103057,3.2151671040671814e-24
316,-0.0980092258673534,2.9966550819803764e-24
317,-0.10663266245802248,2.6860069773901092e-24
318,-0.12614142456254998,2.3396536881357964e-24
319,-0.46853412560477514,1.4708574208188238e-24
320,-0.4666093292654002,8.985942536159078e-25
321,-0.4301661737432543,5.279513054882059e-25
322,-0.3513971979894476,2.9384584157121644e-25
323,-0.24532184227863213,1.5257624545525612e-25
324,-0.35247919450194776,1.6090998284439813e-25
325,-0.2521987568956021,8.355075201129825e-26
326,-0.3461273160466569,8.81143066055924e-26
327,-0.25804684659515487,4.5752391801386936e-26
328,-0.1839601416973266,2.4013453431362602e-26
329,-0.1549868216983288,2.0054525687776006e-26
330,-0.1534954194751553,2.184656740241322e-26
331,-0.44654302933398515,1.0981858266626141e-26
332,-0.4430480905599424,7.200812463420152e-27
333,-0.4193611304917679,7.512839674862942e-27
334,-0.36549116571705104,7.923192103645153e-27
335,-0.23390638606137548,4.114031005954948e-27
336,-0.18193125566138899,2.1592771019609572e-27
337,-0.41694813167151107,2.2528433788609297e-27
338,-0.36499435779058376,2.3758940217855523e-27
339,-0.29665740311564437,2.3375710674099736e-27
340,-0.30504722231107007,1.3010395663297683e-27
341,-0.2442973044516829,6.755505919631006e-28
342,-0.20291568192069165,3.545673142304135e-28
343,-0.18034312169864877,2.961123160233474e-28
344,-0.1772116583127647,3.2257245927446028e-28
345,-0.18444848095151672,3.327640991731144e-28
346,-0.18303200907329975,3.1919995456639965e-28
347,-0.17517881526603724,2.924316166128139e-28
348,-0.17937124259351356,2.5842485272862897e-28
349,-0.18608773166057374,2.2249948832903497e-28
350,-0.18645000443856394,1.8786353928646843e-28
351,-0.18188143886759223,1.5623647860267485e-28
352,-0.42188044489314874,1.0287407411327012e-28
353,-0.38836376412964935,6.671997816739717e-29
354,-0.21589745799278648,5.633384298442673e-29
355,-0.38558714078824025,3.65358600444667e-29
356,-0.27393077894227513,2.3237426831151865e-29
357,-0.3345415372448161,2.000703696034996e-29
358,-0.16929718581670564,1.6892590640245786e-29
359,-0.08171520475867511,1.4048701978748496e-29
360,-0.5247853043900155,9.250382634598591e-30
361,-0.4216924205643635,5.99942534346343e-30
362,-0.16205366084624154,5.065509530706188e-30
363,-0.043298723474275075,4.2127246958709234e-30
364,-0.037850598061799544,3.4615524673066676e-30
365,-0.07534570485924753,2.8166055295425316e-30
366,-0.5243790399579512,1.8955461310971305e-30
367,-0.563422973393063,1.2632518925981031e-30
368,-0.5940187050169837,8.3178954099034e-31
369,-0.5060161843035631,5.394651713087549e-31
370,-0.19944278504440072,3.431090011562632e-31
371,-0.007417214559097556,2.1261093562611793e-31
372,-0.007350062440155593,1.2708302205407798e-31
373,-0.053228775450215385,7.25478619648282e-32
374,-0.09495851023750064,3.8510475160782706e-32
375,-0.4979694214049764,3.972720921193993e-32
376,-0.5094277779050657,3.810784699134285e-32
377,-0.49317269252400175,3.49120955122003e-32
378,-0.10091154842761228,2.0867857012459344e-32
379,-0.07998330179868733,1.191282978301737e-32
380,-0.5101777584420826,1.1427238500022736e-32
381,-0.09749849187042715,6.523465589180308e-33
382,-0.4929744123753157,6.257555802612449e-33
383,-0.4233964185780792,5.732792668747693e-33
384,-0.16800532424668113,3.426637557510578e-33
385,-0.4269664454955455,3.139277265406236e-33
386,-0.28356783570721145,2.7742118803148294e-33
387,-0.16847380508459456,2.388550162141576e-33
388,-0.11569938179261945,2.0167304230363428e-33
389,-0.4627716954486832,1.3079700687887263e-33
390,-0.15238500645119027,1.1043615796547013e-33
391,-0.4205611581620387,7.162444096687066e-34
392,-0.2396108174599217,4.555435958710595e-34
393,-0.3704475701138459,3.922154387345836e-34
394,-0.1916405423176412,3.3116022439795747e-34
395,-0.3953569973121289,2.147771742510581e-34
396,-0.20717338350163902,1.3660192658900813e-34
397,-0.4069398355671831,1.1761198061987937e-34
398,-0.23535247054442998,9.930361237086408e-35
399,-0.09965756713225626,8.258572561911875e-35
400,-0.4899384538233864,5.437865813428515e-35
401,-0.11870752795424688,4.5223943349029424e-35
402,-0.06695537318775092,3.716004818321181e-35
403,-0.5238514953034621,2.4764631377928516e-35
404,-0.09236387953958106,2.0348842385126783e-35
405,-0.10304590706009491,1.655750202345839e-35
406,-0.4637439476274015,1.1143026090095427e-35
407,-0.14513696345222898,9.066888108045816e-36
408,-0.12404532681196569,7.318297981754837e-36
409,-0.1164088035523413,5.867727380800278e-36
410,-0.47246848496468724,4.0074999748089496e-36
411,-0.4126107576245539,2.71884929335412e-36
412,-0.2874963011919288,1.829757204194166e-36
413,-0.14889325325706815,1.2194080709897808e-36
414,-0.4333406649276441,1.0019750450167255e-36
415,-0.25323875568855486,8.152898096770964e-37
416,-0.3335048222317938,5.48681534651159e-37
417,-0.12885904210765378,3.6565872795748437e-37
418,-0.49080546169300704,3.004580083749746e-37
419,-0.11811559611456993,2.0023471942951845e-37
420,-0.5023837975813197,1.6453080538613606e-37
421,-0.10481727123720669,1.0964853235960433e-37
422,-0.06880233722682866,7.219819177478641e-38
423,-0.5238134605021412,6.004353632011931e-38
424,-0.48390679322588975,4.933715500052579e-38
425,-0.3411178118412162,4.0144791939121227e-38
426,-0.15116966369046078,3.2402688367283664e-38
427,-0.4359921414330746,2.198328806586278e-38
428,-0.20132170715966977,1.4794523480470464e-38
429,-0.06109189089180587,9.859538356881973e-39
430,-0.043568476511073546,6.492023429611143e-39
431,-0.5545443295580166,5.3990832042285676e-39
432,-0.051475036559808576,3.555032030055062e-39
433,-0.08796070967414099,2.305650490409373e-39
434,-0.12606830115066858,1.466432828018549e-39
435,-0.4664750051083735,1.262574208548173e-39
436,-0.14159980723983825,8.030186166229581e-40
437,-0.44777347144391466,6.913856366009796e-40
438,-0.45063025604658064,5.837593321186022e-40
439,-0.15066533817805253,3.786027746026966e-40
440,-0.15931350478210463,2.4079778776779177e-40
441,-0.43534933949825816,2.073228793724365e-40
442,-0.1711757392405242,1.3186086858164281e-40
443,-0.18462221972648366,8.170891042537108e-41
444,-0.20005775360176276,4.883951634483342e-41
445,-0.21175691626614015,2.788100591994262e-41
446,-0.22154030821806142,1.4800033479389497e-41
447,-0.22767032921086983,7.439698283860543e-42
448,-0.22570865869273918,4.878215582995948e-42
449,-0.2190741217099914,5.089599508478158e-42
450,-0.3750620006491172,2.6713108532485803e-42
451,-0.22504937020652785,2.787064690842639e-42
452,-0.18179630099408037,2.9392945818766545e-42
453,-0.15619956957868184,2.891884027733759e-42
454,-0.13446934770701388,2.695343255174452e-42
455,-0.46651277646745054,1.5835956935870067e-42
456,-0.4271206773823477,8.813938036583251e-43
457,-0.32535400510951784,4.576541107767284e-43
458,-0.1938807964581863,2.4020286686903843e-43
459,-0.4181151330788003,2.506113910613364e-43
460,-0.26123185683825856,2.6429982279329452e-43
461,-0.12442740368056003,2.6003669070175072e-43
462,-0.08558746698829357,2.423638478096591e-43
463,-0.5198951183019073,1.423960918282787e-43
464,-0.09212734796999447,1.3271844306056933e-43
465,-0.5086023681452817,7.797609988516541e-44
466,-0.45612031549678583,4.3399746255025653e-44
467,-0.3102932312382734,2.253484446775054e-44
468,-0.1664007270322466,1.1827566098804976e-44
469,-0.44715047822283904,1.23400808305402e-44
470,-0.3075231826614158,1.3014097894570424e-44
471,-0.29562880559297716,6.75742826280381e-45
472,-0.14957162020745035,3.5466820971683895e-45
473,-0.45497532052856215,3.7003677167113655e-45
474,-0.33006074163345345,3.902482355869759e-45
475,-0.26159632931204607,2.0263213616711442e-45
476,-0.15397775002189673,1.0635285225457927e-45
477,-0.11324622998828293,8.881921184739316e-46
478,-0.47621257725207344,5.823882189460761e-46
479,-0.12627997161523488,4.8637400407632485e-46
480,-0.13574878752039943,5.298356405064088e-46
481,-0.46684925818244727,2.6633840463219545e-46
482,-0.1343202114964504,2.901379967413094e-46
483,-0.14969647582064113,2.9930487351174194e-46
484,-0.4543684611214084,1.588795670155411e-46
485,-0.1470081307574642,1.638993487350299e-46
486,-0.45471489686876465,8.700245089771026e-47
487,-0.14467663229058547,8.97512833673024e-47
488,-0.45567551005548496,4.764254211158615e-47
489,-0.14829463126877634,4.914780277193477e-47
490,-0.4509515986862011,2.608905606030457e-47
491,-0.15075757100737242,2.6913336797911486e-47
492,-0.4500715785447497,1.4286367098622787e-47
493,-0.15195189438570583,1.4737743230536327e-47
494,-0.14344012775805884,1.4137002703381002e-47
495,-0.14856971375142922,1.2951463480705017e-47
496,-0.15811974229693235,1.1445342611681034e-47
497,-0.16304539791406722,9.854249109406244e-48
498,-0.17109303402135162,8.320262345798877e-48
499,-0.427564128888445,5.3961868123108566e-48
500,-0.17306213898722583,4.556175660559463e-48
501,-0.16876737728080418,3.789137816761551e-48
502,-0.1641361505854813,3.113495494123272e-48
503,-0.16490540778692897,2.5333975745792018e-48
504,-0.16535538979710407,2.0448204649810695e-48
505,-0.44477768196522344,1.3872885118395713e-48
506,-0.4420161128270195,9.336306926018503e-49
507,-0.1543069858763112,7.596791890833489e-49
508,-0.13365555545680946,6.131716427951018e-49
509,-0.4647038086833863,4.1600032394204184e-49
510,-0.1379906927715517,3.357727915945977e-49
511,-0.12801470664095937,2.692187729823664e-49
512,-0.12683649959798504,2.1463557090580322e-49
513,-0.14301529748987207,1.702583001753615e-49
514,-0.4377598854480449,1.1753443862801783e-49
515,-0.39607140030139615,8.072949196662474e-50
516,-0.3080574624565516,5.513607160434638e-50
517,-0.21244308025153358,3.7406530321175093e-50
518,-0.15136044548636288,2.5174204582204086e-50
519,-0.43042233429202315,2.0483816003875477e-50
520,-0.17472366710225684,1.3785394429214957e-50
521,-0.1377916976779456,9.187022841189192e-51
522,-0.13096147891304663,6.049204879023824e-51
523,-0.45220824263795373,5.0308137078351997e-51
524,-0.3491102958340814,4.133767777416308e-51
525,-0.18819067300770448,3.3635755314073706e-51
526,-0.0934627902052971,2.714894871277278e-51
527,-0.4916053888884715,1.8418939609986762e-51
528,-0.3651576069716294,1.2395754162384524e-51
529,-0.1869906341903038,8.260922616929274e-52
530,-0.391997836356358,6.787914979321763e-52
531,-0.21719033961934017,4.523681225030467e-52
532,-0.35566454947238646,3.7170622426765976e-52
533,-0.25331605998936113,2.477167838826684e-52
534,-0.3168842448036869,2.035463284089705e-52
535,-0.06877232156720271,1.656221361743108e-52
536,-0.5373012110530255,1.1146196943675224e-52
537,-0.05572650718232975,9.069468176905258e-53
538,-0.5497731050721262,6.103657446356553e-53
539,-0.04441636252711546,4.966440773673321e-53
540,-0.01725171473798127,4.008640346871119e-53
541,-0.06723788168785998,3.2140818509655963e-53
542,-0.5200336592427254,2.1951314539466245e-53
543,-0.5450516890720236,1.489265537092538e-53
544,-0.06416723597603123,1.2020539841811716e-53
545,-0.10081589838058402,9.637930969420053e-54
546,-0.4889628304794403,6.582447617376092e-54
547,-0.12217153842516514,5.277730998854419e-54
548,-0.15135893137308515,4.207688763593653e-54
549,-0.42624820631521426,2.890085494972682e-54
550,-0.38660178570623743,1.973850657444672e-54
551,-0.3303481157417866,1.339139737720362e-54
552,-0.27086615709348627,9.012270700350932e-55
553,-0.3230302929795385,7.333129203756697e-55
554,-0.26141097582817147,5.918902275211462e-55
555,-0.3213334499715471,4.01562155197717e-55
556,-0.2716206409952957,3.2411908859057962e-55
557,-0.18789901573010007,2.5987496758186613e-55
558,-0.3940014004942997,1.7748761291220137e-55
559,-0.21890121460484713,1.4230753224782987e-55
560,-0.3643135701902065,9.719221683072152e-56
561,-0.23399344970513555,6.593911209252727e-56
562,-0.1572360028355964,4.437633438689969e-56
563,-0.4305134973425847,3.610825778186794e-56
564,-0.34423977766624264,2.914461796602909e-56
565,-0.2331645134923529,2.3367820396024084e-56
566,-0.3614631203467755,1.5959592798197528e-56
567,-0.2475790174079634,1.0827630162035746e-56
568,-0.3547026591744342,8.739473016292969e-57
569,-0.2322207639433424,5.929210276730771e-57
570,-0.153271076367465,3.990296647022419e-57
571,-0.4355935561002913,3.2468355475377704e-57
572,-0.1726368661087784,2.1850864439094758e-57
573,-0.15281605619127644,1.4562107144084384e-57
574,-0.42789746401514867,1.196553336684829e-57
575,-0.18707052832521012,7.974209872100605e-58
576,-0.17945390062157107,5.250626900414557e-58
577,-0.18159459181810758,3.405344982984572e-58
578,-0.1819917398386967,2.1658571819747928e-58
579,-0.40148781958707924,1.864766912682352e-58
580,-0.20525671519126723,1.1860233928493964e-58
581,-0.37718756030717077,1.0211463613848556e-58
582,-0.2627464440777931,8.621870145407639e-59
583,-0.35065686801403306,5.591797474943472e-59
584,-0.22903772805327804,4.721336091625222e-59
585,-0.3831951950849479,3.0620682972790445e-59
586,-0.2225594108381579,1.947527386064306e-59
587,-0.09431067467021786,1.2068048879896347e-59
588,-0.5017687051787199,1.066465996608814e-59
589,-0.29893707212603743,9.182094371354866e-60
590,-0.06766571566890062,7.752740285470514e-60
591,-0.5435643645390342,5.028114877753924e-60
592,-0.044522626869288436,4.245400580323653e-60
593,-0.5644252826908799,2.753395707058049e-60
594,-0.024304970765516416,2.3247813577852324e-60
595,0.011536126512239186,1.9334015224085148e-60
596,-0.6163381325975793,1.2730502715231935e-60
597,-0.5913979512112337,8.256490962776993e-61
598,-0.28373333600695133,5.251268326408365e-61
599,-0.3073108511597928,4.5212544512166814e-61
600,-0.28383093807925025,2.875594535541221e-61
601,-0.3021651352236255,2.475838937486254e-61
602,0.04552194576365458,2.0904311690442737e-61
603,0.04497974974913977,1.7385044796517096e-61
604,-0.6424374688210633,1.1447201081686446e-61
605,-0.6193942417662095,7.424193246269081e-62
606,-0.26205934555465493,4.7219128585050876e-62
607,0.06102697653850701,2.925980686628913e-62
608,-0.6514134234215123,2.5857194813173855e-62
609,0.06259854218103816,1.6022670239979917e-62
610,0.06712927785514418,9.577161915383862e-63
611,-0.6682782452341328,8.774014223413004e-63
612,-0.6638046824776741,7.753687374120436e-63
613,-0.22306038207731257,6.675795517301555e-63
614,-0.36903382994988276,4.2459192060683506e-63
615,-0.2101050030983913,3.6556656252743303e-63
616,0.1351648744249267,3.086597133186745e-63
617,-0.7364460972717559,2.0018424964002232e-63
618,0.14170653927347085,1.6902205901330606e-63
619,0.07662098539816421,1.405669849866101e-63
620,-0.019099115775077155,1.1550244291519406e-63
621,-0.0842569853050654,9.398234533874679e-64
622,-0.1325099875641262,7.585742759997249e-64
623,-0.4481235051404316,5.1464732307497745e-64
624,-0.16139302438616485,4.153952735374494e-64
625,-0.17017462052604926,3.330591657332662e-64
626,-0.4133519839615848,2.2747045178910724e-64
627,-0.1923154637527952,1.8238319915553656e-64
628,-0.17515659079204438,1.4540561804335766e-64
629,-0.41740208093132386,9.987303985757181e-65
630,-0.18322949621036136,7.962411644054266e-65
631,-0.15580654832173255,6.316132345128126e-65
632,-0.14520209481458987,4.987949507360851e-65
633,-0.14608041834552477,3.923590485536532e-65
634,-0.15546774965599777,3.075591369230541e-65
635,-0.4469376707413061,2.1485581498798045e-65
636,-0.4531270289693044,1.495715269866387e-65
637,-0.4424013572844411,1.037149923880597e-65
638,-0.15950460079116338,8.190536817788335e-66
639,-0.44842915819207385,5.67943298317015e-66
640,-0.395317173202409,3.920683847511783e-66
641,-0.29865559249321433,2.6929538173327103e-66
642,-0.18887002735460107,1.839215023934978e-66
643,-0.1257842228656723,1.2477975045752284e-66
644,-0.46921439966347195,1.0071541471067938e-66
645,-0.13353902733401657,6.832939135053948e-67
646,-0.47196862925329086,5.515176109556802e-67
647,-0.12252732240337605,3.741717470355541e-67
648,-0.10479876389215452,2.518136814047567e-67
649,-0.4961965995099801,2.048964486766694e-67
650,-0.0977507923760546,1.3789317193724474e-67
651,-0.5088961059321432,1.1220129529534418e-67
652,-0.47263443055320864,9.056277116528492e-68
653,-0.324902652510598,7.261219116419054e-68
654,-0.15758192003538227,5.789031326678012e-68
655,-0.4472051083566469,3.976243588151074e-68
656,-0.15111195291974555,3.1700735544888796e-68
657,-0.0870352741027254,2.5146406652931444e-68
658,-0.08894694143769162,1.985851464514248e-68
659,-0.5181622167106005,1.377017228314526e-68
660,-0.5272852211836704,9.505965156727093e-69
661,-0.061601863649133996,7.540546342250342e-69
662,-0.0620262195714927,5.954888586536779e-69
663,-0.5459621581657446,4.1292031770162873e-69
664,-0.04982089520840495,3.2608969899875397e-69
665,-0.07822956292555654,2.5650669449136883e-69
666,-0.1008001536929174,2.0106832724660082e-69
667,-0.504590743269641,1.4046306590347356e-69
668,-0.5329845471865855,9.77831354184326e-70
669,-0.5386665643765249,6.780419609214327e-70
670,-0.05540520854369043,5.354604495513369e-70
671,-0.5464082198205396,3.712957778005767e-70
672,-0.41172453559124256,2.563166715736969e-70
673,-0.15944850004312935,1.7605320551374224e-70
674,-0.435858290516456,1.4035900935375637e-70
675,-0.17434107525901196,1.11338890594961e-70
676,-0.028110699027555853,8.792608104888815e-71
677,-0.03143558176884933,6.916387876918694e-71
678,-0.06286340199979669,5.421560414858901e-71
679,-0.5329352529994,3.787414001400678e-71
680,-0.06985460714676539,2.9688464831767337e-71
681,-0.0994775218758799,2.319950861908696e-71
682,-0.49373054484747736,1.6257403341875796e-71
683,-0.11564103199527974,1.2704050919812015e-71
684,-0.4777448718924896,8.902554070011185e-72
685,-0.12104469894173281,6.956738283689057e-72
686,-0.45938280422770317,4.875038608738124e-72
687,-0.14425707612774946,3.809509884148128e-72
688,-0.1274200422257818,2.9685507430595336e-72
689,-0.4633023401179,2.086087612559515e-72
690,-0.41841024171745983,1.4618571574386004e-72
691,-0.322673199843958,1.0212296539122572e-72
692,-0.21475688319886344,7.109273665608624e-73
693,-0.15034847348389022,4.9296699643849895e-73
694,-0.4491918192437821,3.893038259287282e-73
695,-0.37571081092667835,3.0623180630493596e-73
696,-0.2578817758831189,2.4004643296165677e-73
697,-0.16676252323918053,1.8757990088177684e-73
698,-0.4082893732041822,1.3144942668980325e-73
699,-0.29205592743546716,9.18284333338024e-74
700,-0.3214975943281633,7.198170605533624e-74
701,-0.19387099059465548,5.624878953863868e-74
702,-0.396426113181233,3.9417182235902126e-74
703,-0.25766641548864766,2.7536202951249986e-74
704,-0.14883579094746183,1.9169283005269612e-74
705,-0.11585724963088953,1.329224940756072e-74
706,-0.47499084020632626,1.0497099373685643e-74
707,-0.429453097534774,8.257164425490823e-75
708,-0.17491128540272524,5.748211617030259e-75
709,-0.136071232375348,3.985890470707746e-75
710,-0.45355476345953666,3.1477206814857693e-75
711,-0.392168858723252,2.476040885894768e-75
712,-0.21208445159662362,1.723691845181607e-75
713,-0.15304196189033986,1.1952320752755355e-75
714,-0.129677036902673,8.251047429289453e-76
715,-0.47167829689455915,6.545090844208834e-76
716,-0.13113034693091666,4.518273572278904e-76
717,-0.46907761061184977,3.5840917462887576e-76
718,-0.4430491872653174,2.830413880422649e-76
719,-0.37663689781671195,2.2264429411260737e-76
720,-0.27633018477054466,1.7452455140397332e-76
721,-0.1882242704084651,1.3637902321599211e-76
722,-0.1492611530736301,1.0627300178172337e-76
723,-0.12998534901274142,8.260396636157283e-77
724,-0.12358811660660472,6.405946678935935e-77
725,-0.12133320038292209,4.957452723682149e-77
726,-0.13453554068929813,3.8291628390045966e-77
727,-0.47095105250147,2.714701111488345e-77
728,-0.125473359676406,2.096849570638917e-77
729,-0.14082232980968737,1.6167775111166328e-77
730,-0.14322801426879336,1.2446027851841373e-77
731,-0.47099392195162093,8.853473650874685e-78
732,-0.1116487009942129,6.815444851668336e-78
733,-0.4945418959779323,4.848162171218976e-78
734,-0.08671909081103833,3.732137600773579e-78
735,-0.5154984642302325,2.6548536049595123e-78
736,-0.45152280118564553,1.8854761049170608e-78
737,-0.13518556910767482,1.4537978340758286e-78
738,-0.4517785643473747,1.0324867150525821e-78
739,-0.22404577673803056,7.319858023271782e-79
740,-0.07088030061215687,5.17953575146042e-79
741,-0.05079008115862234,3.657394911478877e-79
742,-0.5385881101489519,2.836313777499726e-79
743,-0.5045878006239999,2.1949747892404902e-79
744,-0.08937544159241574,1.553165424558849e-79
745,-0.5070519650683267,1.2019681945880926e-79
746,-0.09604156714682885,8.50513386488426e-80
747,-0.06778144212715956,6.005679816015084e-80
748,-0.09602150269922316,4.2310451602430955e-80
749,-0.13001208894607896,2.97327944203041e-80
750,-0.15124043024082043,2.0835701277494633e-80
751,-0.15761547883330496,1.4555482316697364e-80
752,-0.14293846624290296,1.0132775397571773e-80
753,-0.4658444556157301,7.970582116623476e-81
754,-0.11354892643922267,5.548707807710303e-81
755,-0.4901830609232698,4.3646907670630165e-81
756,-0.09958017322703527,3.0384723955021614e-81
757,-0.5002945328030786,2.3901046640437083e-81
758,-0.08952782485639058,1.6638674837769842e-81
759,-0.5067966569882034,1.308821314030334e-81
760,-0.2719837616026933,1.0259479301255917e-81
761,-0.04841958109034654,8.017082723056446e-82
762,-0.012527493614904586,6.247291016025505e-82
763,-0.05307438487387451,4.855899506806598e-82
764,-0.09627160450530035,3.765755409699683e-82
765,-0.133548065631085,2.9142537938885005e-82
766,-0.4604657825205148,2.062127662351546e-82
767,-0.14750436039051548,1.595845377533342e-82
768,-0.165156421832694,1.2326394535759032e-82
769,-0.17895156987154856,9.50427620446502e-83
770,-0.1901082546515102,7.31643565914441e-83
771,-0.4082469858344898,5.2045416495650434e-83
772,-0.19576708278065405,4.006480166947479e-83
773,-0.1979362529728741,3.0795983094237426e-83
774,-0.1982363248123804,2.363866696802449e-83
775,-0.1967847338748221,1.812141166964675e-83
776,-0.1940595542916119,1.3875198648067826e-83
