t,lambda,delta_s
1,-0.35299081947520566,1.115831804989377
2,0.6156745687840709,1.0809327948808543
3,0.915066882879296,1.0966316589181266
4,0.262147792386877,0.9858585766890583
5,0.6149973025672181,0.9269098442302458
6,0.38482238848429545,0.8772569477356846
7,0.01995605401897698,0.693409913282432
8,0.2597389655392597,0.8104299982367744
9,0.4236621786660392,0.678287890027482
10,0.7874800291675392,0.7982168598643489
11,0.2279665107836547,0.6744063968997788
12,0.33023058929194443,0.6200639667311408
13,0.1126355257872597,0.6739406946649461
14,0.5342007309613015,0.8210746630338634
15,0.42618244305070524,0.9522926170277574
16,0.1999682054232787,0.7438817472794886
17,0.25867748248338746,0.8390063211242158
18,0.23469056667556598,0.7120997929099581
19,0.20575497699053882,0.8236071266307563
20,0.2134737504126148,0.9211142765499366
21,0.3897809068037617,0.7961389584272108
22,0.22021758102672606,0.7894695483117058
23,0.5652304201230631,0.8886398411251322
24,0.2634379865678697,0.8681195277791693
25,0.42963048004374016,0.7578042947868399
26,0.2908054839404143,0.7377066527540982
27,0.4570697828631817,0.8804400092245374
28,0.28811776236597253,0.8344275760070209
29,0.21345800367504372,0.7678846065988515
30,0.8310154517180138,0.677156832967239
31,0.24214132639124838,0.5995887318607929
32,0.04387483791698156,0.6504176613923199
33,0.8392416053049322,0.7260166496055603
34,0.43863004401568517,0.783513983235625
35,0.2424275314127164,0.8267477190959363
36,0.16339474561599635,0.8439417347888579
37,0.11359403130087224,0.9146357508416948
38,0.7164801511687118,0.7231052101865413
39,0.2757004021894591,0.754371936463179
40,0.04702127935359999,0.6345841050076092
41,0.3652668905480795,0.6638970577983123
42,0.22897744786219545,0.7234719487121949
43,0.27132368390503303,0.8115264611290371
44,-0.06676077536659038,0.6195621237287994
45,0.33495088956542707,0.7068200596488894
46,-0.3253476433945067,0.5928745077697926
47,0.45189829633249234,0.7009836138368173
48,-0.004831458103021704,0.4973550019336684
49,0.5144180351987613,0.5841186581386074
50,0.040187341423379895,0.4578166038037096
51,0.719203471419067,0.4889770040713276
52,-0.020900667026131067,0.36350146238407777
53,0.4457490479410365,0.41329422527600235
54,-0.2106583059248097,0.2860179414336772
55,-0.316992803319024,0.2588139330272979
56,0.5004374161795597,0.20366003268134222
57,0.2550099575116244,0.22427576316563297
58,0.5101527172731096,0.27269902593708023
59,-0.18953133652602336,0.19599245624562028
60,0.08355369926576431,0.202114064720718
61,-0.353045528834826,0.12547658076931212
62,0.32036513964091956,0.14858300366597724
63,0.3102355461844907,0.1822594356145111
64,0.5051563864240438,0.21018653071673302
65,0.08563828836717279,0.14286608104232668
66,0.6142665389788509,0.15958239137618702
67,0.6378949505594839,0.20853259787657955
68,0.32410271298457544,0.1586224555767323
69,-0.007775803028681312,0.14354755868112265
70,0.366610963954687,0.17271396576398212
71,0.36161831521570215,0.20657776486789278
72,0.3068031033235137,0.23988013680042627
73,0.3175464040455814,0.26264677237454465
74,0.3430881073918897,0.3070061441333374
75,0.20603923693113796,0.3427909579930248
76,0.44471919366998597,0.3176641285328854
77,0.3717103669553682,0.3201100369632287
78,0.26771684791855516,0.368736939953587
79,-0.021605371066287255,0.3119704407956165
80,0.1789352174745515,0.25104376099138936
81,0.38015456069848896,0.31760662470117235
82,-0.13252273479923668,0.18681438084598948
83,0.34692700060635917,0.22226143275382526
84,-0.20817027652449155,0.14568872274443828
85,0.43845606770833134,0.19597966410944795
86,0.40232429224554833,0.22363153183600068
87,0.4946324115952116,0.2782447895144704
88,0.5471008880633272,0.3534460703631072
89,0.11306750598740915,0.3543026612213806
90,-0.10926352567917616,0.30895011485735274
91,-0.038767403834847496,0.3210877672528394
92,0.2866805441419385,0.3718500811820055
93,0.264370616688704,0.3000779065170151
94,0.5369031490405354,0.3702936440393254
95,0.05396323747633116,0.26082979024532893
96,0.15711388652634392,0.2547431065579387
97,0.17184961706175694,0.2301319519065451
98,0.10265864697217167,0.19280406831949765
99,0.03109463828993944,0.22745071248810997
100,0.27116148657511524,0.17067733624695072
101,0.3446878510358481,0.1853118252478985
102,-0.5427876638072083,0.11682437845859972
103,-0.08794050973352242,0.1224345145641008
104,-0.20397138203787923,0.083577835137374
105,0.12372120297789689,0.10014827626201249
106,0.24626059336533782,0.1256123245063249
107,-0.1477913331805919,0.07608818477753863
108,0.016238651733398998,0.0890313149483189
109,-0.06705432261416462,0.05498040204903932
110,-0.11741338050012445,0.05448711881165706
111,-0.21537266460372306,0.03548598828744786
112,-0.2152256103083623,0.030931823153432982
113,-0.15792803747191095,0.02186632538364752
114,0.23813285536234613,0.027313742441052877
115,0.18644713684499212,0.030048966213071023
116,0.02436352507821558,0.030435806931791272
117,0.08581539120242992,0.03027353749667278
118,0.0024896346794314288,0.02982153307566517
119,0.10798341103400744,0.029096518059892697
120,-0.43914771830375193,0.01749976069546934
121,-0.03808999975594927,0.01425076369439398
122,-0.4336216158796264,0.010130290032142433
123,0.009373994328039105,0.00995309279001641
124,0.09257580739701989,0.01001805319508531
125,-0.6365527902217079,0.005576772714544335
126,0.0642565015663995,0.005642797106116495
127,-0.6321296813615963,0.0031110125598226043
128,0.05582055412895017,0.0031336172624249403
129,0.045076528964029576,0.0032400033852986853
130,-0.6403825343007346,0.001722306739582035
131,-0.6139249629277825,0.0009894350850968244
132,-0.2419975212335821,0.0008033986821655873
133,-0.36362673801139106,0.0005429080272285564
134,0.011308449574065259,0.0005216598858007082
135,-0.6009918702269152,0.0002980587269485493
136,-0.2296694250453644,0.0002433845733388727
137,-0.38345086536961587,0.00016331521094343089
138,-0.013924560301058916,0.00015690011700908766
139,-0.5745413947765218,8.950034253210532e-5
140,-0.20474921047677488,7.320582461260067e-5
141,0.019210117086769486,7.36920610987772e-5
142,-0.0058925960314317625,7.228828171199216e-5
143,-0.5920384123796972,4.034890366053587e-5
144,-0.015477224172715172,3.9586701507482376e-5
145,-0.06713921478530127,3.731662201047657e-5
146,-0.529981591423828,2.1675708502017493e-5
147,-0.07226323766297572,2.0434512931379047e-5
148,-0.5231913339533457,1.186903000464216e-5
149,-0.08413981164711777,1.119002144837145e-5
150,-0.1151883485455997,1.0160265779395985e-5
151,-0.48027740650641554,6.127549744275232e-6
152,-0.48166318793501506,3.5588164211278714e-6
153,-0.12286212333792133,3.355444406770114e-6
154,-0.12363881180759616,3.0467349498097178e-6
155,-0.1360996983769702,2.6819718870167794e-6
156,-0.4617287724006275,1.6683854721890963e-6
157,-0.4435198375805901,1.006164064635932e-6
158,-0.1606961971674454,9.136086436628368e-7
159,-0.13279039130571735,8.042328838172316e-7
160,-0.4659630455766478,5.002915249519986e-7
161,-0.13642741386889137,4.4039803033600045e-7
162,-0.45450144250439356,2.739594563307249e-7
163,-0.14634477472192559,2.411620168842152e-7
164,-0.4503279552223852,1.5002014719501027e-7
165,-0.3180592602509904,9.047294757564524e-8
166,-0.1683335463212932,5.254278220866991e-8
167,-0.42899480462809547,4.954298841995445e-8
168,-0.17732433361363636,2.8772424705810973e-8
169,-0.420071963395522,2.7129741150511457e-8
170,-0.1933469028141407,1.5755778747039183e-8
171,-0.14001050978415125,8.787476816730791e-9
172,-0.44280801637204237,8.627864567203476e-9
173,-0.16810522838653658,4.812022234725658e-9
174,-0.15971562989242044,2.612827228907626e-9
175,-0.4270162984658807,2.635063387141775e-9
176,-0.41106555019075397,2.587201193640294e-9
177,-0.2025731740824283,1.4429607043323266e-9
178,-0.3856939698152442,1.4167513726536483e-9
179,-0.3485406779276848,1.3358659166953852e-9
180,-0.26306918215100433,7.75813048617771e-10
181,-0.3315020306419915,7.315201758942623e-10
182,-0.2825699296663156,6.642333890324209e-10
183,-0.24316523504812604,5.847140662846024e-10
184,-0.3615860767838397,3.637342039869664e-10
185,-0.23717989329939712,3.20189422629496e-10
186,-0.21581813441219064,2.7524564820713314e-10
187,-0.3874198897778324,1.7533572786316106e-10
188,-0.3693939901222628,1.0907143360231722e-10
189,-0.2324687993020462,9.601384457618468e-11
190,-0.3714517809820082,5.97275170441739e-11
191,-0.2275851569167562,5.257718128761996e-11
192,-0.3789617685025958,3.270678833396155e-11
193,-0.34040580158076583,1.9724542866375547e-11
194,-0.25642282305349573,1.79102372915985e-11
195,-0.3502595870654159,1.0801159673698099e-11
196,-0.28500565867396005,6.272845573181225e-12
197,-0.30723187361081417,5.914715037302286e-12
198,-0.2287509576623792,5.37066691716653e-12
199,-0.17314690334958044,4.727712486722518e-12
200,-0.4281238850985801,2.9409772038543517e-12
201,-0.38593765610928626,1.7736205198648355e-12
202,-0.2109807209532111,1.610479116828002e-12
203,-0.17201190401264219,1.417679097880957e-12
204,-0.42677249045803334,8.818983643762693e-13
205,-0.3924404116974207,5.318480651428649e-13
206,-0.3338224929287482,3.0887431366442063e-13
207,-0.2636197302600448,2.912400004722026e-13
208,-0.34017725932032594,1.6913957416264407e-13
209,-0.25804641394035077,1.5948302425856907e-13
210,-0.19344576899759533,1.4481343510606088e-13
211,-0.4092268626061015,8.733290408399853e-14
212,-0.19133347989142865,7.92998370640746e-14
213,-0.4158361082335473,4.782349827639898e-14
214,-0.1853718017386802,4.3424590776286166e-14
215,-0.1528467801052317,3.822597513629135e-14
216,-0.44275044587395507,2.377930590909522e-14
217,-0.15570826498751683,2.0932543984632556e-14
218,-0.44512146558313703,1.3021547915820736e-14
219,-0.4053635576470155,7.852928799906519e-15
220,-0.32756188895139937,4.5606408151085715e-15
221,-0.24266872028735478,2.5436078803748106e-15
222,-0.17423655116210826,1.3811256709928639e-15
223,-0.13911641822722803,9.229252709953972e-16
224,-0.12790101730067854,8.908032119533683e-16
225,-0.1348996259605513,9.272946340253928e-16
226,-0.14219978020821522,9.077866987481057e-16
227,-0.4598095888231956,5.077865415923048e-16
228,-0.45738801474698754,2.671213821628386e-16
229,-0.14555122011732244,2.7806391017594607e-16
230,-0.13247531066509421,2.7221414833799174e-16
231,-0.13235601754735257,2.519055502149031e-16
232,-0.4663716366714087,1.490644676298843e-16
233,-0.12958676487335924,1.3794347929768095e-16
234,-0.12871084366917174,1.2280124142422606e-16
235,-0.13755318905725755,1.0653775210888724e-16
236,-0.1491575014405661,9.050755634943917e-17
237,-0.4520547505818339,5.834007305482665e-17
238,-0.13953417141715946,4.956193785695287e-17
239,-0.14087163246746615,4.1415923024663774e-17
240,-0.46038545587374763,2.71401171704674e-17
241,-0.13686508255550645,2.267935944830588e-17
242,-0.1257841988264676,1.8706571524226035e-17
243,-0.12069223566527348,1.5268185019686495e-17
244,-0.48554617360377,1.0243718566666177e-17
245,-0.1102594586001218,8.360858116780323e-18
246,-0.4907979375679797,5.609460287106399e-18
247,-0.44095799536516656,3.724098014446213e-18
248,-0.28408529456512044,2.440425060819847e-18
249,-0.3142133147253749,2.039316072710745e-18
250,-0.13827043624321522,1.6820850721829783e-18
251,-0.06620453266068552,1.3729071662160177e-18
252,-0.06296244054761412,1.1108801579512896e-18
253,-0.5360685106540956,7.518039642198913e-19
254,-0.054231091530616976,6.083179744941261e-19
255,-0.544215235436798,4.1168785080681243e-19
256,-0.46697803028130114,2.7620928588061035e-19
257,-0.12822718488745888,2.254402671018105e-19
258,-0.47090067540916297,1.512522049482223e-19
259,-0.22178199328282497,1.0041572759201206e-19
260,-0.37554510935586616,8.282570742964649e-20
261,-0.219797710532504,5.49876524293858e-20
262,-0.37432728420230266,4.535535738847443e-20
263,-0.09161627119902688,3.7018755005128257e-20
264,-0.5070410654897533,2.4836593705928593e-20
265,-0.09643824601269402,2.027147024080823e-20
266,0.008889917516518568,1.6402546812455545e-20
267,-0.604672122636634,1.1100657103866585e-20
268,-0.46690983537205705,7.447644047439494e-21
269,-0.1265717040768615,6.078719830077342e-21
270,0.01550550812925504,4.918562165852559e-21
271,-0.009536228718726808,3.9509948092088735e-21
272,-0.5772699458593417,2.69340464202086e-21
273,-0.5522561413120464,1.8227999416732134e-21
274,-0.33426130407002896,1.2229514891102182e-21
275,-0.25994704026108095,9.981652480602515e-22
276,-0.025046746901232615,8.0765982996711315e-22
277,-0.002069078216450661,6.487789903237839e-22
278,-0.04660617316451123,5.1794097457274375e-22
279,-0.09253842763447045,4.112948043925065e-22
280,-0.13039691843531553,3.2509996322695773e-22
281,-0.4589105066499866,2.252250348853366e-22
282,-0.15437832847298688,1.78024739863082e-22
283,-0.433794374372102,1.233332291032103e-22
284,-0.17678519523048025,9.74863475490237e-23
285,-0.411122230612511,6.753727625691796e-23
286,-0.3762579317216313,4.657298000718288e-23
287,-0.23184556830955994,3.698341247828828e-23
288,-0.35816978991317516,2.550336385193334e-23
289,-0.2935745928445437,1.7493528394542384e-23
290,-0.23775979785166707,1.1925389138291142e-23
291,-0.36830107089046205,9.57945614885141e-24
292,-0.23960223896433144,6.530343092128229e-24
293,-0.2210415298092404,4.419502670236066e-24
294,-0.3795103229948508,3.576015877249419e-24
295,-0.3631069658045513,2.8725508984620008e-24
296,-0.24391516800225044,1.9582262943817814e-24
297,-0.35407716810771905,1.5730088719977918e-24
298,-0.25136341100110005,1.0723247188034633e-24
299,-0.3465344569654558,8.61379658305991e-25
300,-0.25742034997152036,5.8720501601677685e-25
301,-0.24759541419236716,3.9739935553928118e-25
302,-0.2432980127904554,2.6662285998434262e-25
303,-0.2419097344738582,1.7700983920965708e-25
304,-0.24215777060916024,1.1599567088278579e-25
305,-0.24526062347545718,7.476940253715384e-26
306,-0.24776333850086538,4.719397714001612e-26
307,-0.34654279728490106,4.094372482934545e-26
308,-0.32765367785829064,3.4783130005976415e-26
309,-0.27933679230815645,2.242078371654956e-26
310,-0.3161929100096083,1.9047241991272693e-26
311,-0.29007442301460834,1.2277621163182543e-26
312,-0.30734156644287525,1.0430269714420925e-26
313,-0.28006822977900736,8.715947485058593e-27
314,-0.2524958855980912,7.189157850876864e-27
315,-0.35293535825132927,4.772852842818085e-27
316,-0.24584035002271032,3.93678283914017e-27
317,-0.3602074790336045,2.6136142167271827e-27
318,-0.3389448855383301,1.71271798139409e-27
319,-0.25694811741502777,1.4312151450798056e-27
320,-0.35123182118664814,9.378843666114034e-28
321,-0.31961167165209275,6.04548887098841e-28
322,-0.27767274058953356,5.135854791564045e-28
323,-0.32806580823091064,3.310509705753255e-28
324,-0.2682118355019772,2.8123940838604706e-28
325,-0.33732834521050437,1.8128351148704824e-28
326,-0.2787722408588366,1.1442501353050498e-28
327,-0.2153805975259512,7.038544011270701e-29
328,-0.17635859176785343,4.165040488526342e-29
329,-0.42934371352526335,3.854306700571837e-29
330,-0.3829380124454253,3.431214364533516e-29
331,-0.28367978804608435,2.9767929148068774e-29
332,-0.18343693314193688,2.5288899675875514e-29
333,-0.13345290211473881,2.1132408611169234e-29
334,-0.4749233566022042,1.3848201462509442e-29
335,-0.12530091039637878,1.1572106955476273e-29
336,-0.47846435828168316,7.583275120870173e-30
337,-0.44027686348549094,4.888087165212217e-30
338,-0.33502384010179365,3.0853299091001794e-30
339,-0.20981950663591364,1.897856918208015e-30
340,-0.13890973733788672,1.1230519967067935e-30
341,-0.12169853166426962,6.281989923651825e-31
342,-0.4834843754343865,6.149832733966404e-31
343,-0.47124545727446837,5.6910230714970415e-31
344,-0.1193807504473048,3.367648405120002e-31
345,-0.10211462148137736,1.8837536827681958e-31
346,-0.10405958472711983,9.909496337131916e-32
347,-0.5084150008774752,1.031543516683865e-31
348,-0.08556512343047294,5.426440194213437e-32
349,-0.09409584895269098,3.0786705962023735e-32
350,-0.10204422459103464,2.5228609995976495e-32
351,-0.5125640184125863,1.6858800184804198e-32
352,-0.08073331896137206,1.381518683379673e-32
353,-0.10575480808504238,1.3932760323932094e-32
354,-0.1185146453201004,1.36796918195419e-32
355,-0.49996563294313157,7.62957955338521e-33
356,-0.09381718500539638,7.490999240381148e-33
357,-0.1217514037984578,7.063321635336863e-33
358,-0.1442061769444384,6.413622227362894e-33
359,-0.15426940448521478,5.6458094230470364e-33
360,-0.16154138593208414,4.8533285732339535e-33
361,-0.43791890335993233,3.0916452400605574e-33
362,-0.1580583907126979,2.6576827267029117e-33
363,-0.46136990300943403,1.6929849334571617e-33
364,-0.486862638823764,1.0531583952700409e-33
365,-0.11603632709908303,9.270785495611414e-34
366,-0.4889340308127975,5.767095372498744e-34
367,-0.5093090354831988,3.4779727905834728e-34
368,-0.0871052021984445,3.1580614259803114e-34
369,-0.5203537985696401,1.9045379001235097e-34
370,-0.5145734072098493,1.1060730973809367e-34
371,-0.08797247517671197,1.042924954107634e-34
372,-0.5109101219226296,6.056856281258011e-35
373,-0.09431886749618068,5.711057048693405e-35
374,-0.49779370744172546,3.3167344996168844e-35
375,-0.39198813815087336,1.8498435532103773e-35
376,-0.2131271168099458,1.8162438119902062e-35
377,-0.3853302321054349,1.0129743297380023e-35
378,-0.2197144007418653,9.945751114458369e-36
379,-0.37660646739883435,5.547047429645299e-36
380,-0.19947305187424652,3.011930283125851e-36
381,-0.10189866855629341,2.0126963325318974e-36
382,-0.5007545651425502,1.649333023039716e-36
383,-0.09440163107981293,1.1021525116944666e-36
384,-0.08415969373925782,1.0637925174818963e-36
385,-0.5108057871062737,6.035387154038899e-37
386,-0.09178073859342956,5.8253278257308626e-37
387,-0.5126256104514959,3.304978005551701e-37
388,-0.47832274869101216,2.708311868447234e-37
389,-0.12632818514170935,1.8098059558401112e-37
390,-0.47163607917159495,1.4830715791617055e-37
391,-0.12525709706257995,9.910497414180454e-38
392,-0.07492169709441715,9.565566363878537e-38
393,-0.07716070770751152,9.957416230221882e-38
394,-0.10119823271628704,9.747937361024783e-38
395,-0.12309661990378401,9.020690288810564e-38
396,-0.14170949057346413,8.030477204209685e-38
397,-0.15808442278765567,6.966940885740752e-38
398,-0.443452329734112,4.397489317025224e-38
399,-0.15701918550390953,3.8150968290316354e-38
400,-0.1635752853946487,3.241058539317006e-38
401,-0.4389798775383815,2.0891470235777243e-38
402,-0.16034549768763606,1.774803656129992e-38
403,-0.4436914572866729,1.1440169101111615e-38
404,-0.15414607653157686,9.718824820967839e-39
405,-0.1512023523262618,8.12143588568194e-39
406,-0.1535531248146433,6.698788015649792e-39
407,-0.45180407987075455,4.447298290999435e-39
408,-0.15069872280311675,3.6682563173698266e-39
409,-0.45438439338197645,2.4353405441512892e-39
410,-0.46701840171568915,1.59589411248652e-39
411,-0.4634783317564183,1.0286939882761327e-39
412,-0.13523571615892896,8.739116159976186e-40
413,-0.4676022200425307,5.633128279800102e-40
414,-0.13246398539827617,4.78554000920296e-40
415,-0.47012312906287307,3.0847010460185355e-40
416,-0.1301325748826439,2.6205617090395397e-40
417,-0.47220933136110554,1.6891822927997501e-40
418,-0.12831534728640687,1.4350195918700523e-40
419,-0.47378100487754604,9.249962235371429e-41
420,-0.38226820730083233,5.838518049749138e-41
421,-0.218278313733313,5.065279320089395e-41
422,-0.38208828323968747,3.197172484042628e-41
423,-0.21907865831547274,2.7737469556809524e-41
424,-0.11282165183814889,2.3563953051477723e-41
425,-0.4884760091979025,1.5189038329308896e-41
426,-0.1131029349574083,1.2903620690989208e-41
427,-0.09332413433857914,1.0782777760222224e-41
428,-0.10812369458635114,8.893937408646621e-42
429,-0.13448369535009294,7.259175297454513e-42
430,-0.16123897004399115,5.873721107639365e-42
431,-0.1847207308936399,4.7182572517107016e-42
432,-0.2018066005900923,3.766735353153696e-42
433,-0.2124049464498986,2.991149100631931e-42
434,-0.3731114756268657,2.0626642793869635e-42
435,-0.3516843034155152,1.4148437966597408e-42
436,-0.3240695772531029,9.645031273581468e-43
437,-0.29199842599153075,6.527412245688279e-43
438,-0.30830051079674514,5.2816191254132134e-43
439,-0.2768675928475923,4.242632103666586e-43
440,-0.3151281361387038,2.8922146330762753e-43
441,-0.25522690381561314,1.957347433886622e-43
442,-0.34049597306001833,1.5837767330725687e-43
443,-0.24086407479547028,1.071843454796315e-43
444,-0.18814690047943822,7.191203593812668e-44
445,-0.40778820086963397,5.869414758464617e-44
446,-0.3386072233339808,4.749204137331227e-44
447,-0.25640492542888565,3.8149524722366765e-44
448,-0.33493820580919487,2.6006641856025805e-44
449,-0.2379343363064962,1.7600365173022094e-44
450,-0.1740449093718458,1.1808423022810155e-44
451,-0.43013333990055724,9.637959968746897e-45
452,-0.38083495842560294,7.798501425204986e-45
453,-0.2057091070416266,5.2777468788857985e-45
454,-0.1507290506313696,3.540941744136465e-45
455,-0.13454306740556066,2.3508169135128394e-45
456,-0.4534810820498649,1.939019699089128e-45
457,-0.40779923495297327,1.5826155789247183e-45
458,-0.20358348826274394,1.0618071872212063e-45
459,-0.39518253020602545,8.666402910191758e-46
460,-0.19701400251892257,5.814456157223325e-46
461,-0.1562030993763973,3.860193944143207e-46
462,-0.14823904222717685,2.5296095871722e-46
463,-0.43663478035336717,2.1138422038128208e-46
464,-0.1755577031767936,1.3852142099354965e-46
465,-0.16676256485362126,8.928922784326353e-47
466,-0.4179709255721402,7.585433013606778e-47
467,-0.35645067986422957,6.338688989664063e-47
468,-0.2555783876134089,4.153783118251073e-47
469,-0.2053229983938573,2.6774782167033385e-47
470,-0.1729124509542498,1.6900074290308551e-47
471,-0.15309224211258263,1.0395621815187238e-47
472,-0.1409873246212706,6.151582727099512e-48
473,-0.46177681202145704,5.692642505996529e-48
474,-0.4166481778462107,5.0677536211198344e-48
475,-0.2856555781190088,4.396593004875507e-48
476,-0.32176714402384093,2.7751018829252215e-48
477,-0.1824284452565553,1.7070285714689547e-48
478,-0.09731470286023965,1.010129808644317e-48
479,-0.07417897900179095,5.6503396976201244e-49
480,-0.08580312565831731,2.9723642241185567e-49
481,-0.10381150626870846,1.686359751602147e-49
482,-0.49819659886636125,1.6276666491273223e-49
483,-0.10343218527622342,9.23450599977336e-50
484,-0.4986275470178049,8.913102570621213e-50
485,-0.10873433684056698,5.056815485475889e-50
486,-0.12470796164062957,4.1438803443945936e-50
487,-0.4765361255717204,2.769112159846597e-50
488,-0.12549028811592974,2.269188876590479e-50
489,-0.47333179811298226,1.5163658187319967e-50
490,-0.47608941916502506,1.463589289700393e-50
491,-0.42925590687577597,1.5235446802893202e-50
492,-0.32237049438614546,1.4914931511155572e-50
493,-0.17839317740032984,1.3802199671378633e-50
494,-0.419089812351274,8.167416495508792e-51
495,-0.17745793483379116,7.55808454004694e-51
496,-0.42548400748959087,4.472477272940616e-51
497,-0.17094174781486926,4.1388070941297045e-51
498,-0.08883535644868801,3.6844847742148104e-51
499,-0.08656247227866086,3.196520824803549e-51
500,-0.5137387999531768,2.01762386236003e-51
501,-0.5222260837221295,1.241086534774595e-51
502,-0.4785519764732939,7.344097953815067e-52
503,-0.12128892713137557,6.796189864425683e-52
504,-0.07671450133368721,6.050163128807257e-52
505,-0.5260953230911919,3.721593569759502e-52
506,-0.07433895069339136,3.313069329334853e-52
507,-0.09162023622355638,2.874294712615186e-52
508,-0.508148573188729,1.8142367647437655e-52
509,-0.5243311447755099,1.115978484207046e-52
510,-0.0786496302256712,9.934760523736864e-53
511,-0.09606566677991392,8.61902568462334e-53
512,-0.11951866746463735,7.3221645603243105e-53
513,-0.1380186011580703,6.118691417586897e-53
514,-0.15218764440957733,5.046868228295896e-53
515,-0.16362479264128418,4.119221834947503e-53
516,-0.17333618903663853,3.333045318173309e-53
517,-0.1807130017916683,2.67737690546767e-53
518,-0.42473041273764467,1.8251756162317042e-53
519,-0.4335174563521974,1.2352135861451277e-53
520,-0.1641194938820155,9.994661674484812e-54
521,-0.4391604229857596,6.76402959773072e-54
522,-0.4305290243574423,4.538117365385217e-54
523,-0.17009215394013272,3.703982607717342e-54
524,-0.15477042897797388,2.99705681896226e-54
525,-0.15161743731180288,2.4074832309395922e-54
526,-0.44318923296028107,1.6411883140637336e-54
527,-0.15692901150528002,1.3183378172625195e-54
528,-0.1496911187948088,1.0524711559298187e-54
529,-0.44370813706288154,7.219217887329561e-55
530,-0.4360976698158601,4.9213618109984036e-55
531,-0.16711466770320568,3.9532437151016675e-55
532,-0.15516116252392512,3.156000630509735e-55
533,-0.15685123027320283,2.5061671613428638e-55
534,-0.1591710679303756,1.9809509949842145e-55
535,-0.4355942149504371,1.372377137551352e-55
536,-0.15940934020778885,1.0847687648533557e-55
537,-0.17264764218984652,8.539604527037212e-56
538,-0.1732248172038865,6.698521078781386e-56
539,-0.4295151055701235,4.676287439005577e-56
540,-0.17670010749737664,3.668110142740687e-56
541,-0.17734821955823354,2.8681018644505014e-56
542,-0.18142893642125005,2.2361547826653656e-56
543,-0.1869806057522713,1.738949833798552e-56
544,-0.18907318338021453,1.3491358899669316e-56
545,-0.18948137307348914,1.0444776454926033e-56
546,-0.41671602866837737,7.387868133458922e-57
547,-0.17885890912864813,5.719559586717494e-57
548,-0.42618076876507277,4.045596589882104e-57
549,-0.41737553289054236,2.855468488001987e-57
550,-0.1841883946883485,2.2153686926194407e-57
551,-0.41690348884255163,1.563654544029888e-57
552,-0.38023707653454714,1.1010804676845675e-57
553,-0.3177742157546106,7.733484307061952e-58
554,-0.27848358101686715,6.029516641040693e-58
555,-0.31869123558739965,4.234856006547126e-58
556,-0.2817013419933396,3.301763312633882e-58
557,-0.32564474747768457,2.319007149185207e-58
558,-0.2822142572023888,1.808045589998314e-58
559,-0.22757400655522028,1.4060299414874093e-58
560,-0.19932294445039309,1.0908454169060968e-58
561,-0.39833659255961823,7.699419959585052e-59
562,-0.20376682289188036,5.973469502977788e-59
563,-0.39326899234013735,4.216202369868776e-59
564,-0.21267799058490916,3.271071899830635e-59
565,-0.3841800009805105,2.308792417740142e-59
566,-0.351896683703675,1.6257850845751163e-59
567,-0.3143233574337176,1.1418768933987586e-59
568,-0.28538868506042636,8.902799123133341e-60
569,-0.24437645795075394,6.923277930278849e-60
570,-0.21384521158207703,5.371312357845291e-60
571,-0.3845796468710311,3.7911869946206974e-60
572,-0.3457927118347883,2.669644625185712e-60
573,-0.29271518785384026,1.8750359687808466e-60
574,-0.3074963102004006,1.461897396751696e-60
575,-0.288442437093128,1.0267696965043913e-60
576,-0.31032517400583964,8.005350144612288e-61
577,-0.21059185870224376,6.225375099875624e-61
578,-0.14643603012344827,4.829855820166025e-61
579,-0.44556733654162417,3.409015404691893e-61
580,-0.36394204809608305,2.4005304051802732e-61
581,-0.23042188940840727,1.8667768356092806e-61
582,-0.3714922777224066,1.3145304498767172e-61
583,-0.22695251354485055,9.23265910497376e-62
584,-0.3684646755711325,7.1983687435249045e-62
585,-0.18622471706656785,5.597824545603716e-62
586,-0.41232999791956704,3.9418267239542364e-62
587,-0.20618957058792484,2.768558339333877e-62
588,-0.06865409736939282,1.9389424320006569e-62
589,-0.5391992337434479,1.5160625466192302e-62
590,-0.3442205499268915,1.1820188663668479e-62
591,-0.25880872872947575,8.301958505286907e-63
592,-0.030418806603222426,5.814224459681254e-63
593,-0.5679033544640836,4.546152477495111e-63
594,-0.027374966973248017,3.1838693141214547e-63
595,0.020583530029833434,2.222682873720247e-63
596,-0.022129421614348655,1.5461098797945082e-63
597,-0.5778936440000061,1.2171411416492074e-63
598,-0.023031320848810103,8.466497701754727e-64
599,-0.5754668184822399,6.665064891671057e-64
600,-0.5794676480651746,5.2281200525095244e-64
601,-0.015672560551825494,3.6497895346790715e-64
602,-0.01259127346199092,2.5388127678749335e-64
603,-0.5877196269901752,1.99862474919026e-64
604,-0.011407450912372758,1.3902538716883135e-64
605,-0.5869812290815924,1.0944469126565861e-64
606,-0.5257876856041287,8.584912440413536e-65
607,-0.06458439376535112,5.993191293707465e-65
608,-0.5280458659179279,4.701098052370454e-65
609,-0.0653799270810044,3.281871552434208e-65
610,-0.5448343996678406,2.5743212934780603e-65
611,-0.2222942587978733,2.0128664119127066e-65
612,-0.3748500713404059,1.4096983403085854e-65
613,-0.042262975906981706,9.841209072930635e-66
614,0.02361861189765146,6.845596714080087e-66
615,-0.6189591735326184,5.389046088336816e-66
616,-0.5387796171472786,4.227202641873727e-66
617,-0.058602739962674365,2.9510416379732405e-66
618,-0.5408415847445494,2.3148161666900527e-66
619,-0.1864426031504771,1.8099588903247528e-66
620,-0.4197067875993636,1.267593332879473e-66
621,-0.049489165929318166,8.849163435624904e-67
622,0.03639591946728118,6.155524558857067e-67
623,-0.631833165389035,4.8458018973481985e-67
624,-0.5299721608243972,3.80107838134836e-67
625,-0.06782429952383912,2.6535611189878734e-67
626,0.033751891429562815,1.8458310500403384e-67
627,-0.014601292421349736,1.2787677934849427e-67
628,-0.06714616688284977,8.818245298085026e-68
629,-0.11058427445320183,6.048701081461301e-68
630,-0.48101100306549294,4.828871125231358e-68
631,-0.4879199291704344,3.834586762568855e-68
632,-0.1178956353068095,2.644289828176691e-68
633,-0.4759834652500102,2.099819711182705e-68
634,-0.43076225541319474,1.6597615715010854e-68
635,-0.1743071632870171,1.1498612738436492e-68
636,-0.4210232649324277,9.088854365539937e-69
637,-0.3096872727790453,7.155001545056398e-69
638,-0.19584634068955248,5.612429535411064e-69
639,-0.38908155136157835,3.9180788460728833e-69
640,-0.20547603821358085,3.073366413591098e-69
641,-0.38009669732451384,2.145539976109511e-69
642,-0.21242472585618108,1.6829754480824852e-69
643,-0.3871415593355395,1.174897690917568e-69
644,-0.23781137157256846,8.17265003997164e-70
645,-0.3641635160670948,6.433739755464603e-70
646,-0.22454932858905946,4.475343161888471e-70
647,-0.12581211272182008,3.100459654793964e-70
648,-0.46540855914565155,2.4506979154501265e-70
649,-0.35238928743643033,1.929258261414607e-70
650,-0.22410275403043453,1.5133226708078634e-70
651,-0.3815896265124714,1.0564618239506391e-70
652,-0.22785261999741413,8.28695494534386e-71
653,-0.16891148889313148,6.479584855540768e-71
654,-0.4257125661611379,4.537936528070297e-71
655,-0.18055067807849956,3.5482206668941247e-71
656,-0.41456661329637123,2.4849740427712946e-71
657,-0.34105196334074994,1.7347788811586957e-71
658,-0.24683834033854496,1.2067213002496492e-71
659,-0.17903086825774103,8.360008541614909e-72
660,-0.41947151346273526,6.608005840167078e-72
661,-0.35450211058183134,5.202007876306018e-72
662,-0.25011655411093536,3.618543998075491e-72
663,-0.3484737193785008,2.8486195130651763e-72
664,-0.2703059180344468,2.2344755888028616e-72
665,-0.3297017053077366,1.5599040453544914e-72
666,-0.271377615822959,1.2235988324284468e-72
667,-0.21169419775493145,9.567341099537914e-73
668,-0.17665851281673184,7.459308130682969e-73
669,-0.4187338695550486,5.2390759861069626e-73
670,-0.1893152996057736,4.0847171323619946e-73
671,-0.3970648780966301,2.8689180099921707e-73
672,-0.2063707281484878,2.236791101681428e-73
673,-0.17229350430125803,1.7394446684387137e-73
674,-0.15121070993612942,1.3495197993584883e-73
675,-0.12543963871581293,1.0447748614960895e-73
676,-0.12983135134992976,8.072732865247018e-74
677,-0.46000187041332885,5.721187141552585e-74
678,-0.13842908928896724,4.4206285170092684e-74
679,-0.4322193274463637,3.132922078714196e-74
680,-0.16164373409687652,2.4207361759142743e-74
681,-0.07271915703124303,1.867108315797652e-74
682,-0.06380680468042148,1.4377297054692734e-74
683,-0.5371123298639201,1.0224285137307937e-74
684,-0.48017339500334427,7.258958931500278e-75
685,-0.2752325701258538,5.144461385405559e-75
686,-0.07209363180996434,3.6388143391161557e-75
687,-0.5237378562401834,2.8171070546480844e-75
688,-0.06598387591855373,1.992614732100007e-75
689,-0.01599731380579753,1.4064300406200179e-75
690,-0.5993749260341296,1.0911558272979643e-75
691,-0.010832193251254401,7.701610902435217e-76
692,-0.5705473097095008,5.975169310283651e-76
693,-0.04112339925945017,4.2174021301735236e-76
694,-0.5419471948900866,3.2720027143113264e-76
695,-0.5176647916739439,2.533127846130509e-76
696,-0.0807161189393696,1.7917486863568828e-76
697,-0.06805527816021628,1.2646544949901027e-76
698,-0.5312548863787678,9.81161580649029e-77
699,-0.49863751671865636,7.595983067570881e-77
700,-0.37146955428012585,5.869239815516831e-77
701,-0.17645557028507983,4.526931342620716e-77
702,-0.07856004800915868,3.485873642593251e-77
703,-0.08675987035048438,2.680152625708974e-77
704,-0.12158356899994503,2.0577662747823356e-77
705,-0.13986013396136976,1.5778457003096624e-77
706,-0.14365134886656056,1.2083809571200331e-77
707,-0.4525921137560349,8.640283054895713e-78
708,-0.1582337656923118,6.617094121189302e-78
709,-0.42258585182760716,4.731419000860892e-78
710,-0.3667778793672455,3.3789857758454972e-78
711,-0.2726136459913339,2.4099791439808493e-78
712,-0.17321186660986584,1.7164408342525119e-78
713,-0.11293813218836793,1.2206314193799241e-78
714,-0.09262734886188823,8.666144600609934e-79
715,-0.5054538208914576,6.684177652524463e-79
716,-0.08902531129734939,4.7455807832939994e-79
717,-0.08429543177287531,3.3632174146951545e-79
718,-0.11612948739085925,2.3788931118963217e-79
719,-0.1491671625986816,1.679073572074295e-79
720,-0.1746425070724367,1.1823552210270196e-79
721,-0.1889546291799693,8.304320906185289e-80
722,-0.40599791203423896,6.474577190343959e-80
723,-0.19907634502127924,4.5474461282270634e-80
724,-0.3988765916403667,3.545478469432352e-80
725,-0.37711067311356733,2.7571477801759895e-80
726,-0.2280071954831516,1.9415040098611568e-80
727,-0.2049376834748778,1.3636233892998656e-80
728,-0.3877452962262875,1.0631675957999694e-80
729,-0.2129843166935815,7.467201679806065e-81
730,-0.3786933432533831,5.8219057546006305e-81
731,-0.30612616041199964,4.527415598792488e-81
732,-0.22732867564360318,3.5125216118423497e-81
733,-0.17339880644431474,2.7193334119729807e-81
734,-0.15232902270599327,2.1011658124089303e-81
735,-0.15446397535509893,1.6206244200637628e-81
736,-0.16188110939425537,1.2479296730780047e-81
737,-0.433449541574521,8.874539324269166e-82
738,-0.40740397851784815,6.300676832240217e-82
739,-0.20077879832879564,4.859697733969796e-82
740,-0.1674384659052743,3.742113798440873e-82
741,-0.4157206135795085,2.6611704791218606e-82
742,-0.1872044795485888,2.0491815160262214e-82
743,-0.13892555240182544,1.5755359441675617e-82
744,-0.10915932632601535,1.2096642181926982e-82
745,-0.10661217176452856,9.275414360144913e-83
746,-0.503675154886259,6.624121258823214e-83
747,-0.49482793068473835,4.7244928330512336e-83
748,-0.3720990517378651,3.364889044802006e-83
749,-0.22616176579669262,2.587132275378856e-83
750,-0.07166257566076498,1.9863471556091806e-83
751,-0.040147986386070124,1.5230832370074651e-83
752,-0.06048561352335838,1.1664415470710195e-83
753,-0.5379957082428763,8.340403805852877e-84
754,-0.05924542204218032,6.387433911760902e-84
755,-0.5487267815564993,4.5672051240850365e-84
756,-0.5481743883709227,3.261710946936643e-84
757,-0.40973110360853193,2.3263357342320945e-84
758,-0.14076349361331497,1.6568681344773063e-84
759,-0.020057329685909397,1.178266831197326e-84
760,-0.033621051330292584,8.365367772071315e-85
761,-0.0825806822604953,5.928578999308724e-85
762,-0.11266667080527497,4.1934415786399753e-85
763,-0.48302817130187986,3.2464898600214567e-85
764,-0.12290042464597085,2.296328608463251e-85
765,-0.1487417963662564,1.620797781954663e-85
766,-0.4378469896449487,1.2574695459944762e-85
767,-0.16833474766466894,8.875488653983741e-86
768,-0.1714508741864081,6.249863331622621e-86
769,-0.41405726684440985,4.860217586921496e-86
770,-0.39193968241436744,3.770720610864885e-86
771,-0.21518689895043783,2.6614551505982103e-86
772,-0.19477349703213495,1.874120017833149e-86
773,-0.17507662569672106,1.316295963177085e-86
774,-0.182599558814831,9.218596046234286e-87
775,-0.18360320754040835,6.435570537028805e-87
776,-0.18691246341604287,4.476616663159222e-87
