t,lambda,delta_s
1,0.1001651334781456,1.0307795137136273
2,1.032020907698192,0.8711872782369221
3,0.691601850866292,0.6702283070185711
4,-0.07237691992409281,0.4457545359503898
5,-0.06012223985067962,0.29747414019135315
6,0.02061653012433055,0.30682370886932986
7,-0.2740504720120986,0.15011999670948975
8,0.15647642085449417,0.1692855335236026
9,-0.39302192299505667,0.07132508684847885
10,0.07150556755179906,0.06951194047126903
11,-0.6576618206193424,0.029158521526254692
12,-0.2533807160279828,0.027380846194587822
13,-0.005774206545097505,0.02747456680101155
14,-0.1104021020226817,0.024703348281495435
15,-0.7928275723040352,0.010501631443208493
16,-0.16051235947710416,0.009528073271116115
17,-0.7421571844914355,0.004039074030143791
18,-0.20797551491559585,0.003669704722093114
19,-0.7125278357208701,0.0015511331316334558
20,-0.24483784517840188,0.0014114849576948296
21,-0.6815753281514326,0.00059605625993956
22,-0.26993963834503504,0.0005427279313246479
23,-0.6602770572647525,0.00022918452140104932
24,-0.31295744275735804,9.408481805885455e-5
25,-0.15714006526651442,6.423202678892883e-5
26,-0.8070954670416037,3.61677796019466e-5
27,-0.6479407350088321,3.387168629985144e-5
28,-0.30187348449445134,1.3903602637438545e-5
29,-0.14458177560314062,9.493784005013605e-6
30,-0.8121351565802571,5.3445818047907985e-6
31,-0.1449827417892155,3.649461799717833e-6
32,-0.18137722006615484,3.298441118739859e-6
33,-0.7646457145296855,1.4028551418185345e-6
34,-0.7811132637871621,7.897478286446323e-7
35,-0.6233867859616026,7.395990438385347e-7
36,-0.3266336726839838,3.0357948613316804e-7
37,-0.16719366247934528,2.0729196300715258e-7
38,-0.7834925852124011,1.1669597209987355e-7
39,-0.6081871694739915,1.0928570503654023e-7
40,-0.34681765770980194,4.4857943827679696e-8
41,-0.16549341892552216,3.0630190984801114e-8
42,-0.7845000319615077,1.7243394024576837e-8
43,-0.17392182993513747,1.1774245964397543e-8
44,-0.7856071042822426,6.628360711271259e-9
45,-0.17180520525034998,4.5260202095789295e-9
46,-0.1868559604481193,4.090691314680182e-9
47,-0.23693732316624222,3.5558799113563476e-9
48,-0.7083110289914502,1.5724617411794506e-9
49,-0.7161950750111546,6.687799513074445e-10
50,-0.24094146724801593,6.044542933621768e-10
51,-0.7028240039842093,2.570790133233742e-10
52,-0.2553970643478769,2.3235223036298297e-10
53,-0.682558670284419,9.882117273194616e-11
54,-0.2722813693409473,8.931619735268336e-11
55,-0.24992814192959165,7.763911953853744e-11
56,-0.2681316374854949,6.342319283443789e-11
57,-0.28860186047258596,4.921306759209473e-11
58,-0.6618247322575471,2.4379875325802794e-11
59,-0.2915267788068549,1.8917503182449057e-11
60,-0.30048330048468785,1.412642361784112e-11
61,-0.31648527358612744,1.0256044210023595e-11
62,-0.6384067393581815,5.4301972386869675e-12
63,-0.3056700145718857,3.942423394320856e-12
64,-0.30815430164372837,2.802765683926448e-12
65,-0.6469866405327489,1.515467552776003e-12
66,-0.2978562190702321,1.0773831289004379e-12
67,-0.6555013053307741,5.825457272874576e-13
68,-0.6093176347071239,3.0843648242551825e-13
69,-0.47297548323822375,1.5877448424734969e-13
70,-0.4762946124962548,1.1856298384437203e-13
71,-0.3118331647598022,8.607891401763256e-14
72,-0.23779447966557482,6.119561553574241e-14
73,-0.7053329139581758,3.3088734548379115e-14
74,-0.5749047529833146,1.7519264864472924e-14
75,-0.33343758479267305,9.018428109981291e-15
76,-0.219241193955805,4.467678275565362e-15
77,-0.22944672949272316,2.102314911086893e-15
78,-0.7077966000953698,1.7173755291273273e-15
79,-0.6749806794579436,1.3325932394492862e-15
80,-0.5399469912548142,9.950983715605574e-16
81,-0.3538196280043427,7.224597794963691e-16
82,-0.5777122987810083,3.825158140278781e-16
83,-0.3529930045369647,1.9690845457431082e-16
84,-0.23692698523819025,9.75473346406287e-17
85,-0.23653940195041656,4.5901965965941346e-17
86,-0.6905299410495318,3.749719543585766e-17
87,-0.26712629901905655,1.7644715717307856e-17
88,-0.2650316237685135,7.802749556830485e-18
89,-0.6820685702372485,6.782628721733141e-18
90,-0.27828257930628475,2.9993769296456386e-18
91,-0.283323808240702,1.2756578457378956e-18
92,-0.2964275594776028,7.181368885587012e-19
93,-0.30652594340808154,6.725346341430387e-19
94,-0.31115430460582394,6.12281355225705e-19
95,-0.31442641713498454,5.082162491098108e-19
96,-0.6488807216751253,2.35360952948761e-19
97,-0.6521827693398526,9.937597725734617e-20
98,-0.5984597880695895,4.079034445169498e-20
99,-0.34710747048564505,3.8200125657723863e-20
100,-0.25941485042538637,3.477772522051084e-20
101,-0.6975658945085875,1.4684128302829047e-20
102,-0.24815038691474522,1.3368557574764368e-20
103,-0.21871543082502995,1.1096398949059589e-20
104,-0.7379620314277084,5.138873531739422e-21
105,-0.21101808659016763,4.2654557560185046e-21
106,-0.22827659841310127,3.3233141608388397e-21
107,-0.2632603560859206,2.483770026557193e-21
108,-0.2962076652393241,1.803238089254106e-21
109,-0.6428142473811072,9.547611982085854e-22
110,-0.623822906860329,4.9106406674112735e-22
111,-0.331332554639447,3.670102045913801e-22
112,-0.6161258241688063,1.8876502725528933e-22
113,-0.5356865510631286,9.313200601367827e-23
114,-0.400836388146471,7.25612764769332e-23
115,-0.5470488193648837,3.579994311165792e-23
116,-0.3914636995057264,1.6579376871617206e-23
117,-0.5624088798040566,1.3761498132121307e-23
118,-0.3984791349748024,6.373112469449654e-24
119,-0.2894360706437106,2.6909063372139617e-24
120,-0.2597243258127807,1.1045224350142671e-24
121,-0.6818699897267948,1.0343843960250467e-24
122,-0.27470149543856837,4.245784240194844e-25
123,-0.2491888997472878,2.8991338610363698e-25
124,-0.26217228661086495,2.620284752102032e-25
125,-0.6994151006553159,1.1144270561823804e-25
126,-0.728453801275968,6.273713451662371e-26
127,-0.7076949752603917,5.875327737863619e-26
128,-0.5377114004035259,5.348949254216706e-26
129,-0.42124433061147243,2.2584759824347758e-26
130,-0.5057077592930052,2.056136093320902e-26
131,-0.4451254456541213,8.681581676479274e-27
132,-0.19893451309658236,3.563484020409324e-27
133,-0.761301572409273,3.337199996438635e-27
134,-0.4657594105777934,3.0382157776637e-27
135,-0.4845602568065107,1.2828196786310108e-27
136,-0.45870648305972384,1.1678901449339264e-27
137,-0.14779122710386672,9.693921654887505e-28
138,-0.14192647034297515,7.552756130290091e-28
139,-0.7692446036553782,3.7263434841387566e-28
140,-0.6556760699920514,1.7257137192632394e-28
141,-0.3516813883079531,7.28644599580326e-29
142,-0.17864635026298542,2.9908298786115085e-29
143,-0.7642549209051556,2.800909840786772e-29
144,-0.19272936425118598,1.149675005338264e-29
145,-0.19045910970479324,7.850285244382492e-30
146,-0.7744688306145108,4.4193507205202856e-30
147,-0.7724996091783786,4.138718491317186e-30
148,-0.18398320437671586,1.698798416967998e-30
149,-0.7604884574464371,1.5909233880623262e-30
150,-0.5147002587034916,1.4483904302479315e-30
151,-0.45003735528818606,6.115509503711582e-31
152,-0.18837522411218544,2.5102016205387247e-31
153,-0.17315965736445052,1.7140321091300247e-31
154,-0.22400247691126934,1.5491703437802543e-31
155,-0.2689447919921327,1.3466339259066681e-31
156,-0.3047419314761974,1.1000617171331016e-31
157,-0.6408235708740361,5.176460811185233e-32
158,-0.3255315883714762,4.2286372406596416e-32
159,-0.33930058359357307,3.281200473288413e-32
160,-0.6089088641561876,1.6254881553095662e-32
161,-0.35511995926363127,1.261293461932066e-32
162,-0.5787695765999117,6.248376469009972e-33
163,-0.3823562766538791,4.84841206766686e-33
164,-0.33995797775232384,3.6204948444610963e-33
165,-0.3089845754225679,2.628546063134552e-33
166,-0.28944940519241386,1.8686979980325122e-33
167,-0.2993937431058119,1.3071707817808042e-33
168,-0.6530239841769641,7.183275104436978e-34
169,-0.6162534200389846,3.884027982035336e-34
170,-0.4773724977410132,2.056449600960477e-34
171,-0.4767365882021797,1.4930203562943832e-34
172,-0.3165689993984716,1.0614248652359589e-34
173,-0.2331215596530601,7.424760835367115e-35
174,-0.7143057948762542,4.080117181967026e-35
175,-0.2359100492431715,2.8540780651151195e-35
176,-0.705540238914922,1.5683970447481247e-35
177,-0.2450753162638939,1.0971076082302519e-35
178,-0.6987203870956822,6.02891824001179e-36
179,-0.4082196653424251,3.259862222337147e-36
180,-0.5590447165568827,2.3175161714605327e-36
181,-0.2483059428992984,1.621123064736657e-36
182,-0.1525293648365207,1.119545457728664e-36
183,-0.7978950108219767,6.231597060847707e-37
184,-0.64156353295139,3.424439763493444e-37
185,-0.2767097792736529,1.851609422001317e-37
186,-0.6838587008844836,1.3163546450868798e-37
187,-0.3007180018040636,9.208017198769818e-38
188,-0.6440016814096854,5.060067255713965e-38
189,-0.3242189553420738,3.539561811207117e-38
190,-0.6283016365394628,1.9450898530964481e-38
191,-0.21463720802178227,1.0517185137922887e-38
192,-0.12820975543002347,5.568461731003104e-39
193,-0.8303362454195425,4.042805967017557e-39
194,-0.13533452569743748,2.140516689397594e-39
195,-0.8134106617663454,1.5540546137215492e-39
196,-0.8421926782379213,1.1048156188792621e-39
197,-0.598043939193047,7.728282995832276e-40
198,-0.3481886735046839,4.246911238971883e-40
199,-0.1211938706377785,2.2963233134699823e-40
200,-0.1609819359307496,1.2158185222926705e-40
201,-0.7884548117813165,8.827066816978608e-41
202,-0.8283879601383486,6.275378742922486e-41
203,-0.13176131435559388,3.393124484446577e-41
204,-0.17682944648715318,1.7965343000419993e-41
205,-0.23115089075058878,9.24805667211525e-42
206,-0.27177400302842786,4.5814349664192555e-42
207,-0.68228523257808,3.554952984761102e-42
208,-0.7025870061801347,2.6546194452945392e-42
209,-0.6723833853914966,1.9273027008240412e-42
210,-0.2876329332940896,1.020435714771221e-42
211,-0.26578893495485273,5.252917976703292e-43
212,-0.281336214794441,2.6022658540538875e-43
213,-0.29647577073774867,1.224524679297204e-43
214,-0.6557969848322729,1.0003109942983147e-43
215,-0.3007312578305098,4.707072867218451e-44
216,-0.6500930468056679,3.8451954620827214e-44
217,-0.3127180545076607,1.8093988101587726e-44
218,-0.6371242607911324,1.4780931356245978e-44
219,-0.6011407261608378,1.146922665662195e-44
220,-0.3589801290657547,5.681790013340955e-45
221,-0.32176163145214093,2.6736284776906232e-45
222,-0.628603027956353,2.184080081128263e-45
223,-0.3341592390693347,1.0277427868242759e-45
224,-0.31555121647255363,4.544827869662263e-46
225,-0.322602413529231,1.932949897746889e-46
226,-0.6287846862790032,1.7470318330981738e-46
227,-0.6159929955149744,1.5186272739691874e-46
228,-0.34756282046578996,6.715590366429381e-47
229,-0.6000758856046069,5.837603241137555e-47
230,-0.5287736715701857,4.768722755194131e-47
231,-0.42900669050584,3.700278475266738e-47
232,-0.5246943147601495,1.8330970270966243e-47
233,-0.4403435854243177,8.625838692573755e-48
234,-0.5093717558885819,7.046424972159422e-48
235,-0.4177428999481119,5.4676558044108996e-48
236,-0.53968980147665,2.708645759298083e-48
237,-0.4168688765252701,2.1017668912155503e-48
238,-0.5374265711612409,1.0412034298741829e-48
239,-0.4549620693367396,4.899496698477716e-49
240,-0.37344521020994664,2.1666285989090637e-49
241,-0.5799924839263506,1.883366530894834e-49
242,-0.47540812773295577,1.5385171724173362e-49
243,-0.3564783250642008,1.1938085456369454e-49
244,-0.598763885251977,5.914060010772238e-50
245,-0.46608145306751897,2.7829256671656464e-50
246,-0.48400049258947764,2.2733646681408494e-50
247,-0.33411270146602445,1.7640116190002837e-50
248,-0.6194233619110279,8.738813784333425e-51
249,-0.4449579337252075,4.1121444721063756e-51
250,-0.5048365136058545,3.359200018697767e-51
251,-0.30179380232879965,2.606562839025218e-51
252,-0.6544026750616337,1.2912764871874219e-51
253,-0.43289449532179786,6.076242840038642e-52
254,-0.23200020606247454,2.6870028334205284e-52
255,-0.72934146947392,2.335707747710854e-52
256,-0.4989616348827215,1.9080335243581046e-52
