t,lambda,delta_s
1,-1.354765805590207,1.0405642511220168
2,1.1458572046761377,0.9259440698898429
3,0.29209216863136467,0.9184983104717189
4,-0.23268454736299388,0.6574131165567904
5,-0.39105170358476604,0.5777380987076894
6,-0.14991044847345436,0.5473108293394913
7,0.07604851764908882,0.43601792180196675
8,0.053396165986897996,0.37066539878076354
9,-0.4790569064805428,0.2844031373306837
10,0.045730407177114026,0.29333557848702013
11,0.0573728411657215,0.3326360391561399
12,-0.5580523206415117,0.24420801956366694
13,-0.04732793250656822,0.25562424396696604
14,-0.5825289546644078,0.11852566969753803
15,-0.22075449796568272,0.10621207938769257
16,-0.6287641300490707,0.05075676666392204
17,-0.3081246329449732,0.041821713122757856
18,-0.6424397614941337,0.019607223142194808
19,-0.30340382719730996,0.016221000609780753
20,-0.6467519798589723,0.007527241251679416
21,-0.2967401114977718,0.0062508448027579
22,0.00017403468777147694,0.0064371558934088495
23,-0.10299153988052538,0.005748097744761102
24,-0.8541914568761604,0.0024913098702220972
25,-0.9476620460090712,0.0009592649214487902
26,-0.6181840302490363,0.0005003478636388362
27,-0.04001214477663493,0.0004737046389929316
28,-0.05602225620934561,0.00044579000583555404
29,-0.8912826996976109,0.00018206808006246937
30,-0.8621736480583801,7.361238548467333e-5
31,-0.28714001166984376,5.4281176647834e-5
32,-0.03677120403394766,5.42742550690379e-5
33,-0.12907425693469204,4.8092289498144396e-5
34,-0.8148891860685805,2.0863397880695798e-5
35,-0.14702476767602782,1.8486521433137742e-5
36,-0.21590160629883892,1.5039087948770367e-5
37,-0.736692267220679,7.106375150972762e-6
38,-0.22349872293157963,5.781002844347121e-6
39,-0.26072404219863715,4.453484155476731e-6
40,-0.6885560952351499,2.2222226227184396e-6
41,-0.2688454002144514,1.7119172000536557e-6
42,-0.2860152193069923,1.2709373248911535e-6
43,-0.3048180951310992,9.188264396597495e-7
44,-0.32539024407847195,6.51173330958532e-7
45,-0.6276959389552769,3.5319709668263895e-7
46,-0.6223633093670196,1.877984815810025e-7
47,-0.5604380871764718,9.723792795105473e-8
48,-0.4362223032049641,4.8520631126163605e-8
49,-0.5151477724184749,3.7378258585318966e-8
50,-0.37648707539875476,2.77497319418955e-8
51,-0.28391562854961877,2.006167393879064e-8
52,-0.6599117528910943,1.0666997086795782e-8
53,-0.513806551730538,5.523137319789763e-9
54,-0.32352790868128123,2.7559836267367626e-9
55,-0.2562387161404975,1.3023086041212479e-9
56,-0.256022417922158,5.650352738034184e-10
57,-0.700803244248992,5.006074272654955e-10
58,-0.26014831322094717,2.1719955934125243e-10
59,-0.28230305373969355,8.355350218160419e-11
60,-0.29882671778297243,4.3619500638906385e-11
61,-0.3165364276271442,4.141582052425316e-11
62,-0.6441964957390124,1.676733604508578e-11
63,-0.3178892253093932,1.592024140953013e-11
64,-0.3407753585836067,1.497663650655824e-11
65,-0.6191550949305162,6.119740797830897e-12
66,-0.3403707007170572,5.757019073108454e-12
67,-0.6045404145449956,2.352428362686044e-12
68,-0.3550086323698201,2.212998131702517e-12
69,-0.33803741157146316,1.870130728067775e-12
70,-0.33393859999713665,1.4754720262995302e-12
71,-0.6159994184801448,7.188782518695548e-13
72,-0.567438540174485,3.2700003961448674e-13
73,-0.3890440188941843,2.7633680001863427e-13
74,-0.3276906642463993,2.1802070419195688e-13
75,-0.30031601717398054,1.6450017806475378e-13
76,-0.6546547917728598,8.380715869139219e-14
77,-0.2851834254506282,6.323386844808929e-14
78,-0.6644916927795874,3.221547180097181e-14
79,-0.28082955032464624,2.4307099031445294e-14
80,-0.6653824783579902,1.2383627360293665e-14
81,-0.47906175794635114,6.033540609307575e-15
82,-0.46750011156703264,4.7602663572968776e-15
83,-0.2701366115085662,3.591698624739078e-15
84,-0.20479481456604282,2.6273344532024456e-15
85,-0.7396443285392117,1.3806489513497026e-15
86,-0.6323068926447295,7.033929514491498e-16
87,-0.3818215711611542,3.427065280143039e-16
88,-0.5728113887251257,2.703842505370531e-16
89,-0.37522145030025034,1.3173638936869844e-16
90,-0.5697382973213388,1.039357059064432e-16
91,-0.37680168311603923,5.063946807332767e-17
92,-0.2316723229421703,2.303464880593228e-17
93,-0.22827530592723208,9.412399105734324e-18
94,-0.2665090941657384,3.810641845988063e-18
95,-0.6761409412952777,3.618126216244273e-18
96,-0.6645148849262342,3.4036771039845414e-18
97,-0.3046085087512432,1.3908077175242985e-18
98,-0.28887211799249474,5.630732429197985e-19
99,-0.6371841182890844,5.346264866163402e-19
100,-0.5682235251813261,5.029387652398251e-19
101,-0.3974982773262671,2.055104214553212e-19
102,-0.33289431185295143,8.320159429992564e-20
103,-0.6166168175521092,7.899820600742546e-20
104,-0.4701276829249938,7.431592182608776e-20
105,-0.49573613564572633,3.036691038925435e-20
106,-0.3655467652988366,1.229414713111386e-20
107,-0.5803033927334881,1.167304035362937e-20
108,-0.3796022866760701,1.0981170310520065e-20
109,-0.2593979493140069,9.279819866829167e-21
110,-0.6963931699031471,4.221161867363913e-21
111,-0.5752242436095546,1.7248476640678642e-21
112,-0.35764295219946035,6.98310453351625e-22
113,-0.5727534864014617,6.630314420676871e-22
114,-0.30436802944041236,6.237330606255661e-22
115,-0.20166701782590996,5.270959546129801e-22
116,-0.7509547815036459,2.3976298850446757e-22
117,-0.2107663504315458,2.0261568495322953e-22
118,-0.24303985549766394,1.5985715370103493e-22
119,-0.28464203128603643,1.206148303492718e-22
120,-0.6509630220947171,6.144908988267786e-23
121,-0.31823103261983404,4.636434078626008e-23
122,-0.3356082938050506,3.391560447436193e-23
123,-0.3460858626356823,2.4252677309778467e-23
124,-0.5927185323917022,1.3037158359944723e-23
125,-0.5463371346858404,6.85095077876283e-24
126,-0.4223152654159246,5.011483673562752e-24
127,-0.381771485873929,3.583657088288627e-24
128,-0.5557867959965122,1.9264143241175226e-24
129,-0.45771540366155217,1.0123195062646127e-24
130,-0.509368313161935,7.405136661907755e-25
131,-0.41309032942146523,5.295332124533441e-25
132,-0.5209335272171595,2.846534532837341e-25
133,-0.35423837504090233,1.4958373163920023e-25
134,-0.2590717547472632,7.620774446945171e-26
135,-0.25476775893867776,3.712987379404406e-26
136,-0.2817818527356613,1.6889466568170264e-26
137,-0.3107367777401821,6.901359832394525e-27
138,-0.6245391808846668,6.49231094880465e-27
139,-0.34340109342411945,2.6528827195724565e-27
140,-0.58181247154948,2.4956443287205076e-27
141,-0.38124484587559304,1.0197681174036521e-27
142,-0.3556039344181659,4.128565966795191e-28
143,-0.5883982744433984,3.9199886432996383e-28
144,-0.5315680894699357,3.6876479137668684e-28
145,-0.45102629897287494,3.1163079530112676e-28
146,-0.384485994149195,2.4586651301910456e-28
147,-0.35536116419170083,1.8551029509650471e-28
148,-0.5818098600978651,9.451108760454377e-29
149,-0.5202190807145846,4.604761339316671e-29
150,-0.4372630850211798,3.633006207518662e-29
151,-0.5161690308608258,1.7700702588333281e-29
152,-0.4428230227081014,1.3965275861701737e-29
153,-0.3946127893969224,1.0537028464738827e-29
154,-0.5361316805564692,5.368252041238148e-30
155,-0.4283548243055633,4.050433741845604e-30
156,-0.5163393392340401,2.063556084651944e-30
157,-0.45214928643373575,1.5569867303654505e-30
158,-0.39974926610307543,1.1389387883749135e-30
159,-0.5339797523540418,5.985056991524792e-31
160,-0.44029298198539646,3.0491798061661576e-31
161,-0.3643424683724728,1.4856188457812209e-31
162,-0.3329118366701515,6.757714816927411e-32
163,-0.6177851689093675,5.710718843183014e-32
164,-0.340369014651962,2.597665575626896e-32
165,-0.6117252742004533,2.1952003233195504e-32
166,-0.5777563436718058,1.7319413132821313e-32
167,-0.5177148123841726,1.3067779754611432e-32
168,-0.42651086824051776,6.657582408256515e-33
169,-0.3554106362079366,3.243701756467831e-33
170,-0.32907395075825296,1.4754801666405467e-33
171,-0.6214932490215587,1.2468789551862342e-33
172,-0.3367478198585771,5.671745760566262e-34
173,-0.6130751667753532,4.793002703735885e-34
174,-0.34500924759978874,2.1802190703616715e-34
175,-0.33850193271216306,8.908793097332644e-35
176,-0.6098775402195098,8.380762106470265e-35
177,-0.5892619803965145,7.082301839930988e-35
178,-0.3687116837288263,3.221564953727169e-35
179,-0.35431437732020254,1.3163932016066783e-35
180,-0.5937954987443619,1.238369568212724e-35
181,-0.367032544423342,5.0602154669760705e-36
182,-0.5812353683009137,4.7602926202097106e-36
183,-0.37902160578160277,1.945146825505602e-36
184,-0.5694242022638765,1.829856483208613e-36
185,-0.3904803733203871,7.477144397243532e-37
186,-0.37226611441183655,3.0271473838452896e-37
187,-0.5752235716118912,2.8742143063004143e-37
188,-0.5315798003888688,2.703857422766882e-37
189,-0.4274920223270534,1.104847979341879e-37
190,-0.3906935177089166,4.473014686521896e-38
191,-0.37164445795673967,3.293575867705399e-38
192,-0.3637891277168858,3.2911322366203666e-38
193,-0.5796175416515984,1.2660505635459555e-38
194,-0.5192847128078459,6.60947679409822e-39
195,-0.43227012118376723,6.275562551112508e-39
196,-0.36750583735260683,5.903605151734257e-39
197,-0.34211688014213837,4.9889393228419915e-39
198,-0.6051672449482426,2.2693458203266482e-39
199,-0.3577209346349414,1.9177482757004618e-39
200,-0.35519544921888413,1.5130407151811035e-39
201,-0.5902981983307298,7.371824371792576e-40
202,-0.3742662084329951,5.8161285091561615e-40
203,-0.5719285744951695,2.833729288517066e-40
204,-0.5420060368337782,1.2889937721611936e-40
205,-0.42104885168430806,1.0892855385059602e-40
206,-0.5316246383549695,4.954892060187629e-41
207,-0.43248983298471244,4.187213610016912e-41
208,-0.5086333961273902,1.904660507936125e-41
209,-0.45412760636312355,1.6095649116905013e-41
210,-0.49339434587893893,7.321514992506463e-42
211,-0.45340712709337366,2.991711388729339e-42
212,-0.5080122957286185,2.8143903631194844e-42
213,-0.44101945863517394,1.1500138578275579e-42
214,-0.520591668811422,1.0818516555831302e-42
215,-0.42843560625570415,4.4206532694891344e-43
216,-0.5378840565969217,4.1586377640615506e-43
217,-0.4117614108991417,1.6992991167916229e-43
218,-0.5491420795566606,1.5985803565052602e-43
219,-0.5163901211881582,1.3509068097057683e-43
220,-0.4306589020136282,6.144942890406221e-44
221,-0.5380865323846789,5.192885776508973e-44
222,-0.4117624673603613,2.3621160470721514e-44
223,-0.5531561488031804,1.9961452924900493e-44
224,-0.39110242061157663,9.079974084945353e-45
225,-0.3535729824931248,3.710251485806035e-45
226,-0.3423183057134496,1.5021079548505643e-45
227,-0.6146744453776907,1.4262206711438398e-45
228,-0.3359194199081888,5.774102978445569e-46
229,-0.3400386367833183,4.251594854977251e-46
230,-0.34970051647648415,4.248440432621155e-46
231,-0.36587502349296475,3.764014270257304e-46
232,-0.58077514268955,1.6331005022995715e-46
233,-0.5746596845979651,6.282299411301513e-47
234,-0.38639913220316835,6.277638330839556e-47
235,-0.5621744130707711,2.414915893704302e-47
236,-0.5485150624084969,1.2607182539718682e-47
237,-0.5314103815204482,1.1970261048793427e-47
238,-0.42266984229352045,4.846200968267861e-48
239,-0.5333999354751925,4.601368347156195e-48
240,-0.4218708981210987,1.8628796522021657e-48
241,-0.5354104456419001,1.7687659926468412e-48
242,-0.5151228084244591,1.6639298774180986e-48
243,-0.4380054533897719,6.7991364757344584e-49
244,-0.4145153612622342,2.7526535668502344e-49
245,-0.5420657073959366,2.6135880612723254e-49
246,-0.4119021704493871,1.0581200310972301e-49
247,-0.3966290383083107,7.791162881844611e-50
248,-0.5581847660054569,4.0674133995377514e-50
249,-0.3990141143371034,2.9949230117810683e-50
250,-0.5560150671135715,1.563513710782312e-50
251,-0.39885637085233006,1.1512484057286424e-50
252,-0.5558161660011977,6.010146704247205e-51
253,-0.3996429598098496,4.425398871620901e-51
254,-0.39303327389292786,4.422115497355137e-51
255,-0.39348907385747844,3.9178861280400073e-51
256,-0.5561038718783277,1.6998611971833152e-51
