t,lambda,delta_s
1,-1.847195521406666,1.1586813939413856
2,0.30082603564163335,1.067593686324673
3,0.4104559128981847,0.957136468352648
4,-0.029744311852574312,1.0480110405757461
5,0.43579738933942447,1.1441036691841318
6,-0.00311130817639361,0.9353065697535385
7,0.3216375350546873,0.9296627496226529
8,0.19537446157214364,0.8378353993801474
9,0.07329699768433422,0.9589671262573486
10,0.3152762999906683,1.0402110244492764
11,0.1913585385874101,0.7994493827327345
12,0.4180776939924256,0.7504325797607505
13,0.61383682513198,0.7920125779413354
14,-0.1254841225176497,0.6718529027730805
15,0.45152471128283433,0.6258750596155584
16,0.522410702928345,0.6914509687090041
17,0.454831259873638,0.69459632770574
18,-0.15130236045122233,0.5907106434288906
19,0.359734956884324,0.5131773292768954
20,-0.16600315014305214,0.4726530346596012
21,0.494134291388205,0.6071482914066486
22,0.24230587118393274,0.6809662613761681
23,0.3877318486886831,0.7282568075652178
24,0.3623963956794503,0.7649037980569778
25,0.247680965616788,0.8378838183159607
26,0.3828868203173325,0.6905484519997266
27,0.23139364694408615,0.6944869921576082
28,0.38794092073125813,0.6444912889046177
29,0.20255327999412803,0.5870117967869936
30,0.5638221387134682,0.6050232464974785
31,0.38906691230583634,0.604412551682699
32,0.31973852193388275,0.5613463593405841
33,0.6726328961189681,0.6485958903967618
34,0.3479516830258283,0.7834263868429368
35,0.3358269405957302,0.7948273482893365
36,0.4050097783306945,0.8514415549958025
37,0.42868475003809314,0.7601933159851597
38,0.48838361771638933,0.8922821549600711
39,0.499733940923724,0.9315026524754388
40,0.7787820977724703,0.9026785983980214
41,0.2875199209796121,0.7901839219594349
42,0.3888288930253086,0.813225480481945
43,0.6529266460167314,0.7950710515613502
44,0.4899352798730257,0.823868267538395
45,0.5673417393742429,0.8461229108843675
46,0.40219645879596444,0.6938002682301353
47,0.6769628278358742,0.7105487686490961
48,0.4551466999320905,0.8696108020212859
49,0.8247425985344121,0.9104372499386335
50,-0.0654399807942526,0.9360003439681471
51,0.24156775949842568,0.7799111156381048
52,0.02672940324615676,0.7560832932238859
53,0.5567135395003782,0.9001679554532012
54,0.15380033997343673,0.7927522587273819
55,0.22017878330363927,0.7813252105996277
56,0.05384796233641769,0.8091202890570275
57,0.04892808958366845,0.6286772902884983
58,0.5153030608949869,0.737244460800934
59,0.6769171380525321,0.8463145598347068
60,0.23534421019577967,0.6788014019425144
61,0.24170212778993888,0.7244206806255672
62,0.4653430491410413,0.7811150945655191
63,0.4329464628567328,0.6709507463291114
64,0.24604761976546277,0.6722889166237123
65,0.6389030739788657,0.7856957259331447
66,0.5350199996697812,0.6384903410143409
67,-0.35696039575358574,0.5571630087193047
68,0.18087305832138778,0.5039479860816545
69,-0.26954677340630195,0.38006363980563035
70,-0.04993010812811318,0.32853944390226725
71,0.23129329272904106,0.3873626091429323
72,-0.29371677217991937,0.2514177199100492
73,-0.20967092759117403,0.2508304217725966
74,-0.3722995399910944,0.18953241166700457
75,0.21446856337256534,0.23943210991084143
76,0.24123210326596842,0.27071085166544684
77,0.33837851443723865,0.3421014341255071
78,0.7363522413615746,0.45953600128775224
79,0.2795378988396809,0.49229413623952284
80,0.5986804175796105,0.5902937710194093
81,0.3090693228337353,0.7017801665006844
82,-0.020388314933524793,0.5282186344009612
83,0.6319413859965193,0.5428476954679256
84,0.43049361570369465,0.49170810988268443
85,0.39569009752762213,0.6095453414882482
86,0.16646517091651303,0.6790928220335543
87,0.13700656739107114,0.5877377058711443
88,0.3292319936184279,0.49600617632071375
89,0.31502408822228267,0.5015755376766596
90,0.4411068465795685,0.6496085488976421
91,0.03778866002154295,0.507212593362504
92,0.4816918601296697,0.5980616887341588
93,-0.15893684145687192,0.49052699551228246
94,0.37232446564985716,0.6072762099887355
95,0.19832025358834154,0.45844707128804196
96,-0.04599770603186363,0.42456711994509466
97,0.13491309833114276,0.5357441232907799
98,0.4713228411180644,0.6469640531423516
99,0.45660788008431996,0.6680941429357007
100,0.07141078130616009,0.5443574627108063
101,0.23969899841956757,0.593160272205524
102,0.12463709527823003,0.5193566552063127
103,0.006186766889847794,0.48687442969565914
104,0.3250242329465099,0.6642431321996752
105,0.39718354420928553,0.8216647946773618
106,0.21158125519874024,0.7343998585868938
107,0.21133797548139652,0.730764885118727
108,0.4906701730717129,0.8469124073294991
109,0.21271179723706143,0.8971639443404485
110,0.4260416626987566,0.9354929313222564
111,0.41616718555393534,0.9749800323568921
112,0.5013202979547425,0.9365075105505283
113,0.4476879170160216,0.9236948182560937
114,0.4603489499982785,0.9800841295047268
115,0.47100799305917357,1.099061827313043
116,0.7017919230564517,1.0975265682449937
117,0.5600034745015076,1.0776882930422058
118,0.2770907943914552,1.0236615696890463
119,0.38451709249280736,0.9608890794779503
120,0.37698298113589634,0.8928601693759113
121,0.15678596467715145,0.8199324075216946
122,0.3613534776893991,0.7568754700297036
123,0.12509822462586234,0.7605425731045572
124,0.378834487543929,0.9296906709778995
125,0.33835230519521153,0.8743519662382876
126,0.5750243017343548,0.9867762592758875
127,0.17047659780420146,0.75815144576078
128,0.25279825147243046,0.7631892007100713
129,0.39331121689946974,0.7888794660489077
130,0.10448097248010182,0.634879952301904
131,0.10599340056773099,0.6237889327455624
132,0.43682108023423816,0.774445330804812
133,0.5971047615816892,0.9046668241956288
134,0.10188333953328753,0.8511066560500997
135,0.29257967933991536,0.887165881509679
136,0.15534285246527582,0.7898852715901922
137,0.02082649532064661,0.6554177042631926
138,0.009399384666120026,0.583679198670978
139,-0.12785252535886812,0.47151147485097844
140,0.3520623704278919,0.5602732464674947
141,0.5154291717407666,0.6497631050349129
142,0.5143799856636201,0.7463387332660574
143,0.3373140555181874,0.7367887338917859
144,0.38545714338808185,0.7475948822417573
145,0.07108580091540458,0.6690445995785818
146,0.4254414081413613,0.662555897351128
147,0.4484182026307396,0.5856715237220798
148,0.2893559010420827,0.6481393756970393
149,0.586395603858562,0.7512556496563111
150,0.48796837272031995,0.8448239979926622
151,0.30800455106642716,0.9690737168741007
152,0.38442646339657843,1.0867643143276988
153,0.6030174079838255,0.8610472908648329
154,0.23603374610428945,0.9092718692487535
155,0.5667876373689409,1.0113426788938014
156,0.65436890065246,0.8596539924044759
157,0.0921062989277275,0.8149673850068788
158,0.0018723945923335128,0.6992043180534645
159,0.4563157330431632,0.7279966597551937
160,0.45236007488806845,0.8035052446252173
161,0.24809196070600065,0.7767022371344356
162,-0.020656960639429567,0.6837871947180969
163,-0.04325729114305728,0.6922070716909261
164,-0.02589699867377061,0.5211208780291599
165,0.46262206082206253,0.5892048777905702
166,0.6219937104333297,0.4404811451702444
167,0.04765057790658642,0.5218883955277622
168,0.3877239638369326,0.644982955035563
169,0.457664101438639,0.7649828721575135
170,0.7063848441702543,0.8891344895402193
171,0.31387376511864223,0.9539660063059293
172,0.5613286269009566,0.8912376166079693
173,0.29346411169096714,0.9339769845377716
174,0.20619993031650716,0.8253686069458717
175,0.44072439717315265,0.8492908331965677
176,0.3062907615778504,0.789980392435531
177,0.21842269763805178,0.7381147455580386
178,0.45648181775563884,0.8493550408463604
179,0.34887623410251906,0.9567170917458447
180,0.2993884313249932,0.8252345575244837
181,0.44019871797544013,0.7753708669437606
182,0.3892554661509594,0.8158714002767664
183,0.3776966262239731,0.7738435537941158
184,0.33086127629327783,0.8242013210011997
185,0.1426813273462391,0.7719140234764277
186,0.48480682709732587,0.870657735819037
187,0.2929060261819487,0.7905796947863147
188,0.2557379691084158,0.8677440939822353
189,0.025461445936237666,0.7560613861315171
190,0.3509031674643008,0.7887156677751777
191,0.4307556636424158,0.8293998849515879
192,0.2523021233869148,0.8662912171569855
193,0.26482270458672025,0.7910502671701827
194,0.3657798431167532,0.9465626598281132
195,0.19567159024491262,0.7780263204416106
196,0.2939985093099915,0.8538702740008094
197,0.17842531190484323,0.7421197066258645
198,0.48792696070370467,0.8317502141336299
199,0.4499576413802746,0.7865852269138279
200,0.5836559119516179,0.8841211257031406
201,0.507325516465493,0.9392483939206936
202,0.42918787503120565,0.9881279130066107
203,0.3834821491821869,1.0669221367282091
204,0.4785933609868465,1.1311159634483343
205,0.7016460402284167,1.0878100150500984
206,0.5071121706754097,1.0915298767543529
207,0.2874560411056768,1.0967352493937284
208,0.48627071606962674,1.225829766385584
209,0.6361685752029272,1.170415370297316
210,0.6986453067545672,1.105069863689042
211,0.7217367675056643,1.1125685412785464
212,0.3813109804338877,1.0623792397369312
213,0.28729841224333724,1.0671368254691123
214,0.3518279861103477,1.010416419527366
215,0.3042002492053173,0.933369778316796
216,0.27495136171986034,0.9094248486640302
217,0.5992454557881846,1.045243537658893
218,-0.022059096502419523,0.866745191526534
219,0.2739211231066858,0.8761760942733007
220,0.45714427672478175,0.9830307793820279
221,0.31021044657282765,0.9961054324723039
222,0.6183011600990024,0.9893844965400367
223,0.1275027771925687,0.8399564010163558
224,0.519807034197255,0.8394927782534496
225,-0.055426495404138985,0.7488078338857681
226,0.09935254487794278,0.6671350512802844
227,0.013559290676152153,0.5211327717012213
228,0.3614720631745646,0.5883095642753913
229,-0.034594057648936444,0.43150496943732
230,0.13289333892277594,0.4948206903338701
231,0.34530068613634485,0.6328545550297238
232,0.4659276147227644,0.7899731087852906
233,0.44530164916281845,0.8461265590243252
234,0.3189661783041971,0.7779457538993853
235,0.4827605546648225,0.7352123197553114
236,0.1749289413385487,0.7200736271426147
237,0.3117875202950658,0.8601766106416374
238,0.3694305976057149,0.9622967166066753
239,0.3442493734726538,0.9948459845248797
240,0.388217594387234,1.0096256655363103
241,0.498147956932949,1.0194717806103704
242,0.1850713164820225,0.8781830096643386
243,0.24585742186650697,0.9811165398956283
244,0.3940927400320091,1.041225592162353
245,0.4404878048402598,1.0551947595292845
246,0.3764239374313336,1.026793464001405
247,0.31042261741094135,1.0542180365991185
248,0.4233029698566055,0.9669276535232207
249,0.30528691972951627,1.0182746454619744
250,0.3676801794636708,0.9072731281019182
251,0.3925030417526179,0.9563225382448499
252,0.12982413348818786,0.8371051681708974
253,0.39933445746484947,0.8900987797136546
254,0.3695981632490986,0.8918881690842891
255,0.5495949970603234,0.9940735494895253
256,0.5177176913438147,1.088823488415564
257,0.2680883502025453,1.067192332883586
258,0.2901552455495545,1.0740500006542486
259,0.47193010473634395,1.1293655833465404
260,0.3166113823320482,1.0711421119458506
261,0.44370377297529884,1.0348334467895204
262,0.49672341656951563,0.9289005146330613
263,0.4442377360544628,0.9650251942424375
264,0.6734512291560403,1.0758204333418737
265,0.7828781304695209,1.144106937819024
266,0.7505615624122846,1.025207520995626
267,0.517099170768926,1.0556492037604286
268,0.2813622694861726,1.010394844363499
269,-0.05427929113713076,0.9389044784693307
270,0.49336289020194746,0.8816607578656834
271,0.6393083289172357,0.8293296869216961
272,0.5058193819547628,0.8377712679550361
273,0.026340703844945225,0.7998037136842415
274,0.11916548657951832,0.7149133941888751
275,0.2580455418883202,0.709403116394182
276,0.5284519363895283,0.8849593204942457
277,0.3798631778729724,1.006874788832949
278,0.7035881912917423,1.0731865229880133
279,0.511419727382926,0.9693039671993622
280,0.7194912878275965,1.0115756878315052
281,0.03597589703589419,0.9191646326273044
282,0.4483120371433371,0.9079547005612372
283,0.4888061611561571,0.9284784175157107
284,0.2406717140676341,0.771281234608397
285,0.16785961956272377,0.7604753045991932
286,-0.015338174594958008,0.6552771052798225
287,-0.10726206428628952,0.6181177864770532
288,0.09097472840945384,0.5331301658193348
289,0.2179039139366577,0.547098427046468
290,-0.3163273648262949,0.47193416367488183
291,0.16444279932838476,0.4741080147025432
292,-0.24878278964615788,0.40349710225950125
293,0.1574454183510916,0.3907988328898321
294,0.44124560473336066,0.5163528231945427
295,-0.021047088459656967,0.4035937619379632
296,0.003419208116230507,0.4016645771670647
297,0.021449633103782544,0.3360564157812127
298,0.018233141731429734,0.29973709528601267
299,-0.21144299970055536,0.24047433559475495
300,0.2329493513244991,0.31324417743054095
301,0.35726077539798223,0.3692674025014432
302,0.45607705149619204,0.40706339536245617
303,0.6326486791348492,0.5013372801334801
304,0.5243581297500911,0.556044044709392
305,0.369466129428667,0.5914851146515195
306,0.3488052961853953,0.5903368443546605
307,0.18658905251832478,0.5111170000870325
308,0.6593674983317434,0.4950101972520904
309,0.39396431418078326,0.55608332117778
310,0.4460821635768422,0.7030168318774539
311,0.715291025693147,0.7533682391048833
312,0.13379623500747423,0.7415436927255582
313,0.09121218728744736,0.7214094300674591
314,0.10227074344241274,0.5876846125665285
315,0.45732602688116014,0.6460451913321155
316,0.17596989132942123,0.49334004719696567
317,0.3765930457461628,0.511010374653476
318,0.6395985955076331,0.6382576242989827
319,0.2386023306307089,0.5998317892922159
320,0.24301974115296524,0.6782379616975398
321,0.5398412336244767,0.8354260183941024
322,0.3213980121802337,0.6690666678796326
323,0.4906809332551151,0.7234886848682085
324,0.42509418687833384,0.8435475459761743
325,0.5438564954790852,0.7713913770323375
326,0.2554458746060559,0.6642644504330911
327,0.05164187353768595,0.6156739546809156
328,0.7968246507044303,0.8046915157856759
329,0.391086529318711,0.9630117729878193
330,0.14426337859142177,1.002841327730413
331,0.26002949313955565,0.8805678369905113
332,0.40078392497352433,0.9096289592159732
333,0.19497143239854628,0.7812391942148801
334,0.1694138900510373,0.7827423441343713
335,0.18018780073327992,0.6416626593136907
336,0.4822589834205848,0.6181518623979472
337,0.6988390911128882,0.6468205248286517
338,0.6911503942296925,0.6707455270676693
339,0.21626714425116922,0.7197793486804602
340,0.30771690466886803,0.7838744182127845
341,0.5005784958355135,0.8060661349656781
342,0.14241859532295534,0.6274122809561189
343,0.24640440045529444,0.6215433362156941
344,0.4159693331603381,0.7191960972028848
345,0.33473182930770723,0.6052973813852651
346,0.30004053805372244,0.6636713797709406
347,0.5257660784545498,0.6181349029937621
348,0.24592370866939123,0.5205502707864387
349,0.482724885298828,0.5727127802680578
350,0.26848502496243676,0.5962600560633636
351,0.42367093116172916,0.48416898445018985
352,0.12993782291341663,0.46520810735728113
353,0.012314545279737807,0.43167263339221257
354,0.3194367752953563,0.49602947609333903
355,-0.08763387393258061,0.3366825929745066
356,0.3038027495762371,0.3922798418169722
357,-0.15735190774151814,0.26520502602847795
358,-0.1431392741224817,0.23745967306258473
359,-0.08445688877015566,0.1893832510206887
360,-0.017196240210151963,0.17134212662776213
361,-0.2096635535615937,0.12147867764274249
362,0.2415675848796869,0.14939369352772539
363,-0.5338075828329302,0.08307172316956296
364,-0.009022188088684076,0.08791964895283572
365,-0.43163560013935093,0.04858670743770012
366,-0.1420828112068444,0.05070287045349313
367,-0.3346350612518495,0.028541918156168734
368,0.2463672742735471,0.03454449112347501
369,0.17703089680410314,0.04001944567831339
370,0.10457378514207244,0.04231782237229593
371,-0.6308394381597316,0.02312561149223985
372,0.12187942442885777,0.024746681161856177
373,-0.6335262234620023,0.013365996344213177
374,0.10453312641630613,0.014281576508732994
375,0.11019002719345494,0.014724634916536304
376,-0.7075468342150816,0.008057137909745984
377,0.15166454271826046,0.008372782550956373
378,-0.7163020934565877,0.0045632801784798345
379,0.15340476436350053,0.004739254775326292
380,-0.7082825403508286,0.002581606930941785
381,0.144241780082156,0.0026757170989464667
382,-0.7086597608550299,0.001454609038581294
383,0.14370985299369807,0.0015079670648640157
384,0.12781522107358248,0.0014897722109943764
385,-0.7011140067043614,0.0008485636480595421
386,0.13662002605640744,0.000838679723351376
387,0.054816271491251636,0.0007892869872565656
388,-0.017615548484891594,0.000716958680847162
389,-0.05903685018273788,0.0006337184231186674
390,-0.0864652024400502,0.0005485155135637118
391,-0.4803759800336482,0.0003562935538525888
392,-0.08637741501657463,0.0003085858416007588
393,-0.48086291924156627,0.0002003602720236113
394,-0.07913171728380085,0.00017359748424887526
395,-0.47315406736790006,0.00011269072376995806
396,-0.36336009568689037,7.167637939481889e-5
397,-0.18066138286810465,4.4428121090821115e-5
398,-0.06118977855211701,2.6646487984874333e-5
399,-0.5088197369756076,2.4991417824678734e-5
400,-0.33837231783189514,2.26807093035741e-5
401,-0.09263023343002284,2.0060087784766118e-5
402,-0.46335502416693797,1.2757871129633945e-5
403,-0.1860185097666164,7.907525167271555e-6
404,-0.011476877609140667,4.742778267411433e-6
405,0.005603366648760141,2.7274259441901805e-6
406,-0.5628295167912953,2.6678207494098677e-6
407,-0.0016401938172984501,1.5341816638767904e-6
408,-0.5706907915469699,1.5006521010336883e-6
409,-0.4702091421031074,1.4073857868686e-6
410,-0.09088642661907438,8.441174906697737e-7
411,0.014937234880104393,4.854266650313115e-7
412,-0.018463949847443106,2.8270494529118584e-7
413,-0.5672037709171692,2.730526137206718e-7
414,-0.018474109897417598,1.590216226233898e-7
415,-0.5566575660331804,1.535921315009219e-7
416,-0.46116269625083467,1.5023500596875967e-7
417,-0.10513566563433195,8.639558847255238e-8
418,-0.4465685708219016,8.450720015065781e-8
419,-0.14921898161272326,4.8597520483967324e-8
420,-0.41703334063892833,4.753530356835937e-8
421,-0.17809386556812418,2.733610589676104e-8
422,-0.3859695893949652,2.6738609350688855e-8
423,-0.06780246683671176,2.507679952801862e-8
424,-0.5082528589489147,1.5040467919465604e-8
425,-0.05649430773219782,1.4105699914941227e-8
426,-0.5180787223611655,8.460263260794945e-9
427,-0.04670156436218769,7.934456252347864e-9
428,-0.5285430504816533,4.758898094855821e-9
429,-0.16839927348133996,2.736697457823005e-9
430,0.040594448419345744,1.5938151639441385e-9
431,-0.5986901658594171,1.5393923216168736e-9
432,-0.32318702208413624,1.5057451038944058e-9
433,0.01260069609342286,1.4121627553175097e-9
434,-0.5916854687863502,8.469816218792216e-10
435,0.022141554186153434,7.943415495362978e-10
436,0.03952869308464397,7.208966095916587e-10
437,-0.6127163646336127,4.4681712180841323e-10
438,0.03533673598187568,4.0550434284356983e-10
439,-0.6024205064805287,2.5133463105338126e-10
440,0.025845174615302637,2.2809619285243913e-10
441,-0.5934982130071118,1.4137572998697347e-10
442,0.0158560683620115,1.2830410847431734e-10
443,-0.018924572323615385,1.1348147465441598e-10
444,-0.54728054763167,7.217106101750124e-11
445,-0.5278463360743069,4.473216457499881e-11
446,-0.35472579888602074,2.682928813731243e-11
447,-0.22534538006327123,2.5161842573105913e-11
448,-0.058906287115365503,2.2835374774731937e-11
449,-0.03296838664443544,2.019726441019454e-11
450,-0.5371407929935972,1.2844898310853183e-11
451,-0.45386705061105254,7.961364252056432e-12
452,-0.12473553403403151,7.2252552998384905e-12
453,-0.03341406567946761,6.39054069227833e-12
454,-0.03879071913651861,5.539306657039248e-12
455,-0.06233763756940997,4.736155285156638e-12
456,-0.5175719499236054,3.1158599945765617e-12
457,-0.515057309605266,2.0220070159128754e-12
458,-0.40159219693453657,1.2859402132863034e-12
459,-0.1852073784026583,7.970353829993147e-13
460,-0.06842317461718837,4.780428614184177e-13
461,-0.4949125497469221,4.483324029370856e-13
462,-0.08359085610270302,2.688991095478492e-13
463,-0.06498775409201477,1.5463569604520491e-13
464,-0.4976097022267352,1.5125574912066712e-13
465,-0.4483162326025921,1.4185517436683316e-13
466,-0.13482312158578658,8.508135888037874e-14
467,-0.4228063079770928,7.979353558134035e-14
468,-0.1605328959665376,4.785826437021603e-14
469,-0.10525354543997364,2.7521831644782984e-14
470,-0.09865692272215075,1.6028338890302074e-14
471,-0.10824591608540358,1.1618288131426539e-14
472,-0.12135347298248013,1.0465443256875207e-14
473,-0.4456353481808044,6.535287073927503e-15
474,-0.4150974579109532,5.071466602009905e-15
475,-0.16108336881164614,3.676098979084229e-15
476,-0.12154965185545813,3.3113316554957015e-15
477,-0.4447308122482172,2.0678056757348866e-15
478,-0.3484500021321263,1.6046437295422237e-15
479,-0.18416280657232503,1.5498510711603179e-15
480,-0.39398108095208567,9.026120978675016e-16
481,-0.21051151918595998,6.542666395879959e-16
482,-0.07856280404784671,5.893458927872069e-16
483,-0.49404083157789974,3.680249847682479e-16
484,-0.31975565213498136,2.8559210909089e-16
485,-0.08727351101119268,2.758401930849309e-16
486,-0.4773815457824206,1.6064556136362567e-16
487,-0.20469235276257294,1.1644540533682863e-16
488,-0.3601578585283244,9.036312826703943e-17
489,-0.052925114420773474,8.727756109327896e-17
490,0.03170306616719447,8.536989338297485e-17
491,-0.01469513692695094,8.006413760747229e-17
492,-0.06960724075492836,7.266139523797181e-17
493,-0.1090931935885525,6.426701670078202e-17
494,-0.4582756464879834,4.087203482135914e-17
495,-0.469615788666134,2.5332793539864276e-17
496,-0.4582886509481847,1.5194006903366372e-17
497,-0.11084445826758192,1.4249696366173656e-17
498,-0.09764252510042319,1.2932167267695668e-17
499,-0.10330722404800066,1.1438148236052264e-17
500,-0.4541169966727423,7.27434408807881e-18
501,-0.39951668924752604,4.508692990859633e-18
502,-0.18582732434471175,4.091818549544332e-18
503,-0.38912603513289235,2.5361398073585442e-18
504,-0.2978691918001587,1.5211163222196469e-18
505,-0.2034772766999784,8.747477135487922e-19
506,-0.13892550494504496,5.094411221330855e-19
507,-0.11039095399214022,3.692730596381619e-19
508,-0.4715676298738183,2.8656063119986045e-19
509,-0.4363887245040216,2.7677564374004745e-19
510,-0.3340117705366197,2.70726025121612e-19
511,-0.20422279150898578,2.539003490612702e-19
512,-0.12320467657718197,2.304246840782578e-19
513,-0.09468947751192847,2.0380433064119019e-19
514,-0.10360535544003216,1.7665714683921595e-19
515,-0.12420257186186763,1.5104339432268701e-19
516,-0.44236800852618136,9.936964509705895e-20
517,-0.13622511036773738,8.496190930651146e-20
518,-0.1303306888961453,7.173546736484965e-20
519,-0.4411948763293922,4.7791073984912684e-20
520,-0.38474901189291183,3.1441176768991304e-20
521,-0.19386177715657077,2.6882479116513386e-20
522,-0.13033157552688512,2.2697550220909454e-20
523,-0.10001564247998815,1.8948455047238933e-20
524,-0.4675787803515188,1.2767371999261572e-20
525,-0.09843154070029128,1.06585059640719e-20
526,-0.4616455393984043,7.181646749584634e-21
527,-0.10179349121361311,5.995409604790442e-21
528,-0.45209243727758647,4.039676296641356e-21
529,-0.205507253502191,2.691283347830876e-21
530,-0.3722905467027998,2.272317916860763e-21
531,-0.10699353628458658,1.8969850702657258e-21
532,-0.4605758866075363,1.278178828234179e-21
533,-0.16102215957856225,8.515388717746131e-22
534,-0.40934174709268534,7.189755908817254e-22
535,-0.1532373695825012,4.789906153732199e-22
536,-0.4225264482421209,4.044237698709707e-22
537,-0.14004649870504732,2.6943222114743613e-22
538,0.01944903128729407,1.7725624025592769e-22
539,-0.6002808132183899,1.5155562439543286e-22
540,0.025133481044052153,9.970663514395932e-23
541,-0.604355314190341,8.5250038722431e-23
542,0.028376168434048183,5.608498226847712e-23
543,-0.01762175414613924,3.6395803351604493e-23
544,-0.5314512327978487,3.154780252601838e-23
545,-0.5079458516405098,2.6973645064519185e-23
546,-0.3592868952424722,2.2774523913489293e-23
547,-0.13219213226002047,1.901271451751099e-23
548,-0.43984553074491123,1.2810669701337725e-23
549,-0.17408357917708026,8.534629883695522e-24
550,-0.3953776999741593,7.206001707002475e-24
551,-0.09890992275892124,6.015741702806212e-24
552,-0.47953119308970954,4.05337596018889e-24
553,-0.14681828088306603,2.700410236638036e-24
554,-0.42129211345136064,2.280023977606251e-24
555,-0.061842414257496384,1.903418273153527e-24
556,-0.5153225559029851,1.2825134874035156e-24
557,-0.052036062632434626,1.0706727786488593e-24
558,0.06448724589112934,8.851680861940152e-25
559,-0.6427969729528712,6.022534379899833e-25
560,0.0636012206910186,4.979070484841336e-25
561,0.007878885226941322,4.0822991969558017e-25
562,-0.05926006270481938,3.3233305029448706e-25
563,-0.09862345720502257,2.6889919827791514e-25
564,-0.12709565001405485,2.164261126990524e-25
565,-0.14664245915421104,1.7339118451125038e-25
566,-0.42334913888359066,1.2173968839321696e-25
567,-0.1517790934248143,9.753254128757833e-26
568,-0.14163641213032369,7.782268119770289e-26
569,-0.43020493324666165,5.486205447426283e-26
570,-0.3554430222196201,3.85191982806663e-26
571,-0.21805127458873966,3.085990564177283e-26
572,-0.3386400838589004,2.16670490328748e-26
573,-0.23394772467599542,1.7358696923497214e-26
574,-0.07704237902993938,1.3850765281524747e-26
575,-0.036805546137883983,1.1012131063366298e-26
576,-0.5312708996087244,7.791055470857672e-27
577,-0.03284731890359938,6.1943237231435414e-27
578,-0.037376225614503586,4.909100070779812e-27
579,-0.07120846267902853,3.879393325808622e-27
580,-0.48770324976975327,2.761368789813644e-27
581,-0.4756632194659682,1.9599227405258863e-27
582,-0.39073916695603156,1.3866404878552843e-27
583,-0.22887237864748342,9.77529234538638e-28
584,-0.09320439915952672,6.863330724883088e-28
585,-0.06334075543930738,4.796641957211455e-28
586,-0.511253236730002,3.8606235327467362e-28
587,-0.4528697066702246,3.092963593657409e-28
588,-0.11999823678960747,2.171600737170039e-28
589,-0.04158703513408362,1.5176874942739366e-28
590,-0.518732509377074,1.2215254146581474e-28
591,-0.05408271252739756,8.536992155290895e-29
592,-0.0397189401216916,5.93487307541661e-29
593,-0.5209492025830427,4.8020580873511284e-29
594,-0.05208563702767305,3.338366104921844e-29
595,-0.06410774689324626,2.3066823197902703e-29
596,-0.49364390842969585,1.8778309340185366e-29
597,-0.08068980270106998,1.297508804882027e-29
598,-0.09344699607464502,8.901768241173794e-30
599,-0.4615233238860404,7.298487027461401e-30
600,-0.10922439933546495,5.007244635660257e-30
601,-0.4595072347845144,4.105398952947037e-30
602,-0.12316436280271188,2.8165751075588942e-30
603,-0.4589937715030936,2.309286911032709e-30
604,-0.11837789277641012,1.5843234980018785e-30
605,-0.44885072548768523,1.2989738874558988e-30
606,-0.1284525442808403,8.911819676260564e-31
607,-0.12339415055535549,6.063451814956538e-31
608,-0.44040459892232564,5.012898567896569e-31
609,-0.14424005920197105,3.4106916459130516e-31
610,-0.14060476630011978,2.2981065690889073e-31
611,-0.42431568518230284,1.9185140508260915e-31
612,-0.1484168973627683,1.2926849451125102e-31
613,-0.1359113849790143,8.612030299718429e-32
614,-0.12778680967440192,5.66575187405994e-32
615,-0.4416492805655605,4.8442670435916154e-32
616,-0.12321748956445255,3.1869854291587164e-32
617,-0.09618032317434061,2.0681631743919433e-32
618,-0.08829605910144957,1.3152942460914264e-32
619,-0.09251279838187039,8.152292325556773e-33
620,-0.10906574350080292,4.8895509955446436e-33
621,-0.12627334939366552,2.8118320020336266e-33
622,-0.4476357697589494,2.750372434993863e-33
623,-0.1283976875628129,1.5816555011439153e-33
624,-0.13699328866674393,9.211345635438227e-34
625,-0.4347980509025805,8.896812193934521e-34
626,-0.4222482146815736,8.702350282597769e-34
627,-0.36843397904526176,8.161497489620666e-34
628,-0.2738258989714871,7.406884187455429e-34
629,-0.30261506461357823,4.590842337911624e-34
630,-0.2751091510754164,4.166372355443678e-34
631,-0.19231764492851344,3.685042392484195e-34
632,-0.3698469806603179,2.3435844499370695e-34
633,-0.25258451351771305,1.4525712084798502e-34
634,-0.32215047666170465,1.3182662530896014e-34
635,-0.24203860378633976,8.170713047699156e-35
636,-0.33644980761695664,7.415247673629008e-35
637,-0.21709805249331796,4.5960260893307744e-35
638,-0.35097665682854057,4.171076816416317e-35
639,-0.21362474327672087,2.58526467524856e-35
640,-0.07414922391488199,1.550580249309777e-35
641,-0.5088989573084721,1.454211379827316e-35
642,-0.3951777567900629,1.3197547739442256e-35
643,-0.1770863785759841,8.179939011528651e-36
644,-0.408543258480088,7.423620603436271e-36
645,-0.1563918578653621,4.601215693984866e-36
646,-0.420549168477747,4.175786589432901e-36
647,-0.1445006314003274,2.588183827866487e-36
648,-0.03855985807405699,1.552331087603981e-36
649,-0.040433117630236756,8.92698375342404e-37
650,-0.07347862866506892,5.198953424134324e-37
651,-0.1043418583175975,3.768508968824169e-37
652,-0.44880708223675336,2.924411301075556e-37
653,-0.1270438993572875,2.1197862949635948e-37
654,-0.12737340864371963,1.909446807971305e-37
655,-0.425798368147682,1.1923797909170223e-37
656,-0.3674972994903146,9.253020132309377e-38
657,-0.26994407840790546,8.93706366061632e-38
658,-0.2882354350079145,5.204823824424025e-38
659,-0.19585370006723082,3.772764182198391e-38
660,-0.15167891062866132,3.398405085476273e-38
661,-0.4083172030736091,2.1221798524865948e-38
662,-0.16814877638327738,1.9116028605804034e-38
663,-0.3846173200412203,1.1937261670237097e-38
664,-0.19998461236146498,1.075276609076477e-38
665,-0.14306014590116348,1.071828845655519e-38
666,-0.11701156758482315,1.0372617090183039e-38
667,-0.4551022232412464,6.029037256812293e-39
668,-0.12471758050552968,5.834597113227957e-39
669,-0.4460827378814953,3.3913334569569156e-39
670,-0.38990598062864923,1.9137613476971475e-39
671,-0.2842067388079236,1.195074063391504e-39
672,-0.3046710399812735,1.076490758079646e-39
673,-0.20589531695973434,1.073039101615274e-39
674,-0.3582760473811103,6.055260514198009e-40
675,-0.22358227075154047,6.0358449465859166e-40
676,-0.3439578948792882,3.40608403923638e-40
677,-0.23041165117659954,3.3951627824545774e-40
678,-0.3375279392504552,1.9159222720704642e-40
679,-0.24279282268907254,1.9097790651307e-40
680,-0.1280130729967037,1.8481875207728027e-40
681,-0.4389032955021167,1.0742507241360188e-40
682,-0.2965761277453802,6.062097813972951e-41
683,-0.14519664185919495,3.7855586726835043e-41
684,-0.0855634122137222,2.9376420899787294e-41
685,-0.48652562169626795,2.129376753384471e-41
686,-0.08949108500054626,1.652423675613036e-41
687,-0.48155109022162346,1.1977744237787652e-41
688,-0.09686705556782066,9.294883175323326e-42
689,-0.47363510288333055,6.737481133755555e-42
690,-0.4147990485681603,6.068942834087606e-42
691,-0.29219631655970857,6.049483395529533e-42
692,-0.16742419573383155,5.854383851450794e-42
693,-0.10872057632096217,5.456595663640733e-42
694,-0.46424044196863107,3.293090916441073e-42
695,-0.4124074108545893,1.914094355616767e-42
696,-0.3064345408063319,1.0801414370238925e-42
697,-0.19626762188654898,6.745088763209559e-43
698,-0.13546899457919168,5.234275404163999e-43
699,-0.1258112503953257,5.055544226135462e-43
700,-0.13528774578597813,4.9450427598089044e-43
701,-0.4277807507565919,2.843743627201198e-43
702,-0.40716044063417683,1.6561574520987658e-43
703,-0.17322338491581715,1.599605790300674e-43
704,-0.16233985800672576,1.5646424357207854e-43
705,-0.16151079143653319,1.467399598568812e-43
706,-0.40470582441048275,8.801113700929416e-44
707,-0.37296857302968733,5.061252695873225e-44
708,-0.2124410272142544,4.950626456772797e-44
709,-0.35189760704735573,2.846954641428688e-44
710,-0.232660251072908,2.7847273819346973e-44
711,-0.3300289318437377,1.6014119858036378e-44
712,-0.25527121523226887,9.326404703996661e-45
713,-0.19637966201025212,6.760329802290466e-45
714,-0.1592829978318552,6.089524303693313e-45
715,-0.14991457637439703,6.069998872778059e-45
716,-0.41945780335015265,3.425357420827489e-45
717,-0.15636877931961948,3.414374365937658e-45
718,-0.1535991869351478,3.3042587017470844e-45
719,-0.1630090867062107,3.079744027893257e-45
720,-0.1712141624902453,2.7756449349023493e-45
721,-0.40402662694467034,1.7323560156899566e-45
722,-0.16939266802653452,1.5613002758825716e-45
723,-0.4051587759944869,9.744502588256008e-46
724,-0.17058810629380095,8.782314051839464e-46
725,-0.1776781049451884,7.703050291823491e-46
726,-0.18395028911540925,6.618641687174275e-46
727,-0.39072737298128324,4.332965789150714e-46
728,-0.18320354600999175,3.72298594903553e-46
729,-0.3957232020153212,2.437293256397275e-46
730,-0.39495119622534125,1.5630632186989675e-46
731,-0.38444550022229496,9.755505597159982e-47
732,-0.3593718804592002,5.887510977103024e-47
733,-0.21601114371604518,5.487471898402489e-47
734,-0.1888576275806231,4.945629715414701e-47
735,-0.3836098171918301,3.086702942851401e-47
736,-0.19002915860331032,2.7819167149207696e-47
737,-0.16136621479924676,2.440045327029806e-47
738,-0.1497608040030314,2.0965442400417236e-47
739,-0.14724884172905617,1.7728895438173642e-47
740,-0.1474325550475159,1.480330332530487e-47
741,-0.1509310364424759,1.2234087515523537e-47
742,-0.15145897033201264,1.0025207356082825e-47
743,-0.1582216412310855,8.156690495368327e-48
744,-0.15121503518307872,6.596193693837895e-48
745,-0.14346689005865973,5.306361565306815e-48
746,-0.13323353866268667,4.249315626667819e-48
747,-0.43513557309125184,2.9848283804850825e-48
748,-0.12088958235040828,2.3902400400006482e-48
749,-0.09265868922076599,1.9064416871430903e-48
750,-0.478270964447845,1.3445100225003646e-48
751,-0.408995067032109,9.444183547628587e-49
752,-0.25557985310428866,6.603641788523929e-49
753,-0.13456579655155718,4.593319101915401e-49
754,-0.442049041231817,3.714548506044712e-49
755,-0.15123431298970857,2.5837419948274125e-49
756,-0.4094456695446325,2.0894335346501498e-49
757,-0.24487432895648129,1.6808617690969813e-49
758,-0.08776561253796825,1.34602817651747e-49
759,-0.036871450703971145,1.0735843199168426e-49
760,-0.04728880585656209,8.532529695223407e-50
761,-0.07284954496583879,6.759995957985614e-50
762,-0.1064734409133885,5.340520462958837e-50
763,-0.45539843860054074,3.802497726366908e-50
764,-0.4703698597922546,2.699745723879282e-50
765,-0.48665274253252944,1.9107494365707478e-50
766,-0.09306026833651933,1.5186069696820955e-50
767,-0.4757189868068869,1.0747965580710454e-50
768,-0.10357630625422297,8.542164204461788e-51
769,-0.1253471914366815,6.767629010062197e-51
770,-0.1535131179498765,5.346550713725728e-51
771,-0.4096940972775344,3.806791318159986e-51
772,-0.17371359049587867,3.0074347764707237e-51
773,-0.19156309689347642,2.3698598045344006e-51
774,-0.3729541442153747,1.6916820617647812e-51
775,-0.20748388222223985,1.3330461400506002e-51
776,-0.3406082731467075,9.515711597426894e-52
