t,lambda,delta_s
1,-0.0598477747273906,1.1813946164332
2,0.09701359002948022,1.1089363663578458
3,0.23924319178798154,1.2873904019035385
4,0.00010239905456580253,1.288363774860802
5,0.6535444971422484,1.1081442378176805
6,0.3853522617789854,1.0639783624892027
7,0.056768572915927185,0.9784749594592852
8,0.5959350054699933,1.069522806600372
9,0.4702742014906944,0.9140410717278965
10,0.4947780729708051,0.8999742047703444
11,0.15551162711336797,0.806373716070323
12,0.10447661342299797,0.6791776192252742
13,0.5186650779400535,0.8016617172454411
14,0.04779666331919122,0.6324832917593682
15,0.1555287901559913,0.7390354823149184
16,0.20013427870141365,0.6016812904080421
17,0.09122556750353167,0.5764134762954671
18,0.27020034470877713,0.40812609500241115
19,0.2939580629012394,0.513031995628285
20,0.24018610648819133,0.6013878748014247
21,0.27944793133647255,0.6453877418282914
22,-0.1399979953859895,0.5280598069899534
23,0.08366799449218618,0.48981481509111
24,0.14202845069235726,0.39439012350297
25,0.33927354815327987,0.4464355474840832
26,0.11044772473318108,0.34549778265063413
27,0.2502017890299305,0.3322748385051522
28,0.34501146014333883,0.4186752867924917
29,0.07953825186016214,0.3098298768465841
30,0.3422039583919819,0.3207333633609094
31,0.5012751425637422,0.26086182097423255
32,0.19225622690748906,0.24609987394347974
33,-0.040978550830483115,0.1831032744158075
34,0.4791214455316368,0.23421318668518928
35,0.09885857175262723,0.14879446019773918
36,0.3166049444365218,0.18200368048414886
37,0.13470663532889618,0.11185544699208938
38,0.08406374563229618,0.13758743265027398
39,0.17396416404425155,0.17301547672187567
40,0.21015155743500036,0.20057732700427627
41,-0.10672274651454713,0.12890491293137724
42,-0.10454948951879196,0.1318839860210202
43,-0.0017158634564490302,0.0822555394805801
44,0.09095055933111772,0.0987542038388235
45,-0.32801053231767124,0.0686668642717269
46,0.01463297089589675,0.0759675152194781
47,0.09109042579303447,0.09368772636446371
48,0.3004145498896073,0.11454841078059792
49,0.1018329067317327,0.076503312330708
50,-0.21969967345468913,0.08034807104051746
51,0.2487730024228479,0.09423550521828154
52,0.29865688886856373,0.1049181185053865
53,0.02498966156412577,0.11780454576993113
54,0.0748655043981873,0.1435034193200352
55,-0.08377886137811821,0.09502215177108507
56,0.26793353674982606,0.10748061923712024
57,0.1866492927214699,0.12860291580824562
58,-0.2329822609950506,0.07273238092351969
59,0.20120224539406933,0.06202451667201628
60,0.056415073846963495,0.06977268792718058
61,0.04154411607269576,0.07312185572260395
62,0.13776641099597864,0.0738310965715646
63,0.2593651321734415,0.07458900915964006
64,-0.41174411534717437,0.04939095872490218
65,0.13895409521965962,0.04495139451267024
66,0.21244698310228016,0.04852494179728139
67,-0.7383059360078241,0.02624341001837593
68,0.2129862515915077,0.028258155836697177
69,-0.6800353704475594,0.015407410733755116
70,-0.35150959162171175,0.011219707611981454
71,-0.17314919867118825,0.009023579945439989
72,0.14205112468207684,0.00964406979487436
73,0.08586930974057565,0.0099741578141173
74,0.00428403293981576,0.00977095747604992
75,-0.04776259637987444,0.00916533271548814
76,-0.08397491973459913,0.008310867749395353
77,-0.10914412252721076,0.007350336563333619
78,-0.4362219835640308,0.004810538867346701
79,-0.10778493558335454,0.004248455843333564
80,-0.11938650196025577,0.0036920253387862376
81,-0.43015588720988784,0.0024563330825392955
82,-0.11871450335975738,0.002135357475002388
83,-0.13073198323607402,0.0018430436520156784
84,-0.4138501518330761,0.0012341739519732037
85,-0.131219118115863,0.0010651203464571092
86,-0.4217170775323143,0.0007132588508112036
87,-0.12302924125524378,0.0006153969211187958
88,-0.4231966891935077,0.00041209575363024715
89,-0.3830170858700507,0.00027444308932275533
90,-0.1622995753581007,0.00023806442348153813
91,-0.11033277922505215,0.00020539554467421156
92,-0.08954601327478762,0.00017531821009995224
93,-0.0864528718253446,0.00014949362447045408
94,-0.4539008354155683,0.00010126883255155261
95,-0.08366674163379703,8.635105589593072e-5
96,-0.46361567030070094,5.849284786939366e-5
97,-0.07296091067388494,4.987755501168739e-5
98,-0.047357748450994656,4.205224080628443e-5
99,-0.49703737428410183,2.8809621613616542e-5
100,-0.03654409156351337,2.4289556564033254e-5
101,-0.5188298156981354,1.6640323245657878e-5
102,-0.39163928002398196,1.1271724596227435e-5
103,-0.1296528173588741,7.629732792618285e-6
104,-0.3817029878232068,6.510565813218897e-6
105,-0.15445121672242856,4.406948018665444e-6
106,0.0055355187278433434,2.9526569212333055e-6
107,0.0018553242191126154,1.968774768795406e-6
108,-0.5364032260045536,1.7054563528830148e-6
109,-0.025451953476372063,1.1371650574066185e-6
110,-0.05818074709899815,7.532451358687507e-7
111,-0.07716770617874846,4.940096925093918e-7
112,-0.10549273956820691,3.436121996716672e-7
113,-0.1195936713459271,2.476852248697708e-7
114,-0.12380140766705702,1.8471908916365545e-7
115,-0.4134982273297487,1.4306301199995585e-7
116,-0.12574877424872313,1.0669375642652903e-7
117,-0.13728208127619032,9.14569157453779e-8
118,-0.14165860375102077,8.15506362753146e-8
119,-0.4151196827533272,5.2825512084727875e-8
120,-0.1332739472103361,4.710364705899233e-8
121,-0.13541762204943147,4.1691922571990605e-8
122,-0.1369707626515186,3.646520168300767e-8
123,-0.4080468665582838,2.4081254679275472e-8
124,-0.3707521720934709,1.5714802550936436e-8
125,-0.1775863000278902,1.3909332611749633e-8
126,-0.36358436846797126,9.076869961410255e-9
127,-0.2936741767905419,5.879664356907592e-9
128,-0.272127088721613,5.242800078907747e-9
129,-0.2960524349404373,3.3960941271382227e-9
130,-0.270130720883695,3.0282413200016663e-9
131,-0.2979987486307307,1.9615839704593734e-9
132,-0.2475227409294486,1.7491121848909984e-9
133,-0.2740137807039513,1.1330109019878394e-9
134,-0.2723084772840723,1.0102871975516258e-9
135,-0.2964830820945042,6.544270974290082e-10
136,-0.17284934939238727,4.4097180454306114e-10
137,-0.3557698155386269,3.7799709150344874e-10
138,-0.1902691167634315,2.5470531433002424e-10
139,-0.3550621743520893,2.1833112003873029e-10
140,-0.17415710737872808,1.4711778957396953e-10
141,-0.10865757686899967,1.1394119702753352e-10
142,-0.09234056014399464,9.130121611843612e-11
143,-0.45325043262124987,6.581243540658041e-11
144,-0.09811308568858428,5.273558242858553e-11
145,-0.44326435754177157,3.8013262691788616e-11
146,-0.10544665055054148,3.046007241027619e-11
147,-0.1167644665736647,2.529445045556587e-11
148,-0.42640477646499386,1.7593737824559076e-11
149,-0.12495204337216362,1.4610074583142954e-11
150,-0.13377318926318368,1.2867105372411776e-11
151,-0.14014725030666422,1.1220082500017184e-11
152,-0.40209921620310396,7.432040063130898e-12
153,-0.15443523147620924,6.480719651988256e-12
154,-0.15573174662680245,5.613942184895829e-12
155,-0.3867165016047791,3.743263670997151e-12
156,-0.35837600354967436,2.479490286281979e-12
157,-0.1918723223439873,2.1621090963671454e-12
158,-0.3587493348017653,1.4321535893583888e-12
159,-0.2788737396031282,9.392654679413525e-13
160,-0.25249671665496043,8.272119132136468e-13
161,-0.2904998498533969,5.42519734283058e-13
162,-0.25766161948239397,4.777976010721768e-13
163,-0.2708509571849588,3.1335939852188817e-13
164,-0.1681871990905472,2.1795939441137231e-13
165,-0.3929251822423313,1.8099638858622822e-13
166,-0.2920892753177749,1.5940367659346496e-13
167,-0.26668944422504937,1.0454351404741772e-13
168,-0.2802302276576016,9.207156360038439e-14
169,-0.2649627777435689,6.038433371379012e-14
170,-0.1646489738907391,4.200075973558107e-14
171,-0.12340220187582299,3.02753063468268e-14
172,-0.41582094885995724,2.4259638823271357e-14
173,-0.13220514099996583,1.7487016945927362e-14
174,-0.40759736950174263,1.4012367384321441e-14
175,-0.14755118051060087,1.0100500987967729e-14
176,-0.13085521694077457,7.532766641260814e-15
177,-0.4068813614677617,5.8340493706501566e-15
178,-0.36631380801711527,4.674830668523897e-15
179,-0.303059256240446,3.8820417469932e-15
180,-0.23398491472086513,3.4189175374908543e-15
181,-0.311249938445452,2.2422673130632744e-15
182,-0.2403873694395698,1.5596252353349402e-15
183,-0.18947698760470244,1.1242208970331783e-15
184,-0.16190606222221848,8.384231317504132e-16
185,-0.368698296887215,6.493499901263641e-16
186,-0.18616983794016195,4.842732008990386e-16
187,-0.1560221785287838,4.151146615355797e-16
188,-0.377266110405012,2.7971620083928473e-16
189,-0.305129823572586,2.1663728656194028e-16
190,-0.2536762238928116,1.6156407760477087e-16
191,-0.193243438616435,1.3849128398330438e-16
192,-0.149992999021815,1.2349040138360246e-16
193,-0.12307762261559518,1.0930261750732023e-16
194,-0.41710834603076413,7.132805583916877e-17
195,-0.3411948820408552,4.620370590716984e-17
196,-0.20935041991861114,4.119908505270389e-17
197,-0.11433209302325385,3.6465731625399e-17
198,-0.06966952673273863,3.18941930067256e-17
199,-0.06890836340685667,2.754379651977909e-17
200,-0.48023093414042717,1.8422085880684712e-17
201,-0.060889817240835115,1.59092968698244e-17
202,-0.06683745367941386,1.3568245861260274e-17
203,-0.08371952692007524,1.1512874502851852e-17
204,-0.10187122377403802,9.6758504235647e-18
205,-0.12174359006403734,8.060250933287211e-18
206,-0.4200669422959765,5.58877120465097e-18
207,-0.4181638574014267,3.840945454300561e-18
208,-0.39660035236540714,2.614600008366463e-18
209,-0.15271481200728124,2.2185300944040035e-18
210,-0.13338206361018343,1.8645356855329774e-18
211,-0.4071267377211783,1.2814229825277526e-18
212,-0.36230649100138124,8.722874564872341e-19
213,-0.1859805569225095,7.4014991470802985e-19
214,-0.13601172273258966,6.220496769903184e-19
215,-0.11536492041133904,5.181845801689284e-19
216,-0.42052792791055965,3.592958934296079e-19
217,-0.35683682991423704,2.469301172087428e-19
218,-0.19203630896264623,2.075293080449415e-19
219,-0.1267199634660358,1.72877651640819e-19
220,-0.41460073684587156,1.198689283267582e-19
221,-0.1411471308858928,9.985413158773706e-20
222,-0.10684945856414775,8.257224949258411e-20
223,-0.43257646804075606,5.767574640507694e-20
224,-0.11526426160967199,4.769373130691659e-20
225,-0.4233193842812391,3.3313511123572447e-20
226,-0.3202841948803228,2.309873392704798e-20
227,-0.23546643077137727,1.9241884024975444e-20
228,-0.3036202473845106,1.3341828716262912e-20
229,-0.24347875434665464,1.1114112212825818e-20
230,-0.12167037000484496,9.19057861636576e-21
231,-0.07229868049119731,7.55385239374438e-21
232,-0.06978259045182422,6.177826137682255e-21
233,-0.47365128919864946,4.363105142626754e-21
234,-0.07544956939896338,3.568312377125271e-21
235,-0.08005668645055765,2.9064992672294173e-21
236,-0.09806745854115291,2.359024523642334e-21
237,-0.11677398725755778,1.9081617382239095e-21
238,-0.42744814458229763,1.3625725648558122e-21
239,-0.12294629821948397,1.1021542199981301e-21
240,-0.13268542518802623,8.886011686071505e-22
241,-0.40954691534484566,6.3660427747092e-22
242,-0.38709182954941534,4.545838572149102e-22
243,-0.16081953791250675,3.677026306672034e-22
244,-0.3768710716013316,2.6256763592733215e-22
245,-0.17121166738235835,2.1238503947337665e-22
246,-0.12786570400985575,1.71233381723148e-22
247,-0.1201072705786645,1.3763484783106827e-22
248,-0.42378980897683455,9.890440128329029e-23
249,-0.39424081853208875,7.08562706667774e-23
250,-0.3159937718490508,5.059676468956608e-23
251,-0.23181622215447217,4.092658193713062e-23
252,-0.3120532516771702,2.922469128469337e-23
253,-0.20582117708215353,2.0797679383773155e-23
254,-0.3456656401349211,1.6880181686038886e-23
255,-0.24105048174180393,1.365399829664973e-23
256,-0.30812441029385396,9.749992941856061e-24
