t,lambda,delta_s
1,-0.4563720272926602,1.1848498873222033
2,0.5767195126322626,1.1740214490087415
3,0.5969162623854652,1.1717651559008964
4,0.2520434482250049,1.0647659964353813
5,0.5022509370407189,1.0125782762382975
6,0.4459856699075679,1.1730441614290497
7,0.16418724697692652,1.2616149316759737
8,0.6256923182604254,1.0461111184765515
9,0.548204893909312,0.8685541866128643
10,0.4602513033063816,0.8852050107250086
11,0.05276201852366765,0.7804485480973895
12,0.3136066112013083,0.7965850171131704
13,0.6611776298332092,0.7669612584479868
14,0.7332114203729944,0.6301188811469542
15,-0.02569075999362869,0.6544463916102795
16,0.2903686437187291,0.8072277722475945
17,0.35098754290319883,0.6060302740997733
18,0.3650922146942898,0.653370515521548
19,0.3959323237884224,0.5752277335097584
20,0.3805936849977125,0.5083095858290706
21,0.2145182860619002,0.47956230546333506
22,0.38046349290065284,0.5980821141256966
23,0.6482628331310136,0.7349714168966348
24,0.19678912975673468,0.8179249130832129
25,0.37212270338566095,0.7293951950318419
26,0.43326953260999557,0.5449914199530317
27,0.0923233383401753,0.6481231889963822
28,0.6124017540788125,0.6153227115625417
29,0.15412091247386,0.5872920377180815
30,0.3368382484949541,0.6392009047284983
31,0.30673856201614225,0.63232777135266
32,0.48012139707955953,0.8811630248386684
33,0.45939606486481266,0.9753903963044018
34,0.15737053298571382,0.7312250223903745
35,0.08259656656316486,0.7514194054640305
36,0.5447302104210912,0.5288444305043573
37,0.6249400111810945,0.532989906411828
38,0.2733537351648083,0.5204922679072969
39,0.5503636597741732,0.5218513286496598
40,0.1419256994607981,0.5460606257841241
41,0.2981320260305009,0.7215064275740599
42,0.22151707356268402,0.503545927306547
43,0.20133607931320543,0.6381423329641638
44,0.251200123868362,0.4748225223156304
45,0.42694369417403055,0.6362205919482847
46,0.37552674183285895,0.8012214817253831
47,-0.10738611670005305,0.6176073949359983
48,0.25780700018325925,0.7755044681224205
49,0.32428225717144654,0.9499199403431622
50,0.3107331108310307,0.9774645032789105
51,0.29116747572757384,1.0195595535073454
52,0.2675452756435293,1.18831691756185
53,0.343163216648656,1.2620536370455009
54,0.14425694111622953,0.9857558595533202
55,0.5371243834936851,0.983069611036367
56,0.3966851578265672,1.086725719115529
57,0.1578699668934042,0.981864692934933
58,0.03090667424220631,0.913149884897659
59,0.5762700774627775,1.0128015653641678
60,-0.08186931986892444,0.7436086968189046
61,0.44107569121654067,0.7819017234916364
62,0.3866860741705292,0.7876118009377236
63,0.620848613940608,0.8951513625874175
64,0.6929703305310811,0.7708891953644831
65,0.8550770039632537,0.7365527632797714
66,0.5636379942836903,0.6336264502313484
67,0.7326981927444524,0.7921526746284815
68,0.29600930649704177,0.689380990310098
69,0.06938417281924675,0.6938468597617292
70,0.5158487527489981,0.7570390978699291
71,0.1834010891595722,0.8677489491434272
72,0.3478838029173189,0.7793484579990598
73,0.4071350834310483,0.8699483505777489
74,-0.20286907240135005,0.7604971795942275
75,0.569819827810237,0.9264031303714366
76,-0.062030597873756914,0.7524365597378785
77,0.6848987418066487,0.8211120545131082
78,0.13050822775625354,0.6235644159775218
79,-0.013062694310599872,0.5932277226026065
80,0.21964738383009902,0.742608960971016
81,0.14652661632790054,0.624715976209075
82,0.32876492748907377,0.707927472461493
83,0.43131195672262446,0.7846582002857392
84,0.22527181021836107,0.7206147935994178
85,0.3647957182442665,0.6690771809764849
86,0.20742615475164825,0.6645806847761109
87,0.31045964483790645,0.7677804833331163
88,0.3666250289935943,0.7640688549784945
89,0.4242550438012367,0.7339323355370134
90,0.3462236417866793,0.6988501503114978
91,0.01148407703921567,0.6045965828886387
92,0.6345115729767408,0.7281473134572338
93,-0.10818129617578792,0.535049034464348
94,0.23990459210997536,0.6652992066853011
95,0.10132391475243518,0.6346680551604152
96,0.4183835630987591,0.7664644174209174
97,0.7049648630687203,0.7476973860650199
98,0.7855239014774053,0.7873276381966173
99,0.4582726878447515,0.8851029610968474
100,0.5202717237917237,0.9578172166905954
101,0.7140164126460196,1.0916960074398274
102,0.34645352887618547,0.8723604910745063
103,0.33304929944961337,0.8221579220426668
104,0.2268787453201966,0.9594840198661437
105,0.2127970768109916,0.9763383157119532
106,0.4548601393107268,1.0752616296545103
107,0.5501188928967089,1.1406922393411132
108,0.5669092416339914,1.0160728925812226
109,0.3687104561403626,0.957369627207279
110,0.20722258310511565,0.7926680294050562
111,0.32433582860071003,0.8031691657521177
112,0.819749116728963,0.763771586565716
113,0.5593246246544955,0.8616845000827231
114,0.7953626794564588,0.9945743014790257
115,0.7783799042462415,0.9508954177828259
116,0.1761188711867733,0.8724236299489225
117,0.04757806271744979,0.9674876271636816
118,0.39633082662329433,1.1021572773796757
119,0.2304724272825682,1.0390776851748418
120,0.2044771762179451,0.9615206291211045
121,0.45059168501664826,1.0511967716421622
122,0.3572848806908806,0.8427210998187012
123,0.2712794097113673,1.0114072818196094
124,0.16967585043274586,0.7740492979759523
125,0.35385475328506444,0.7940676593326443
126,0.2855496141025624,0.7306653732251163
127,0.5523752698990012,0.908271022494346
128,0.15912729793296934,0.742613637517068
129,0.3476086641443012,0.8404718583080049
130,0.33619102535569023,1.032269234955587
131,0.2856034315987125,0.9260556031362674
132,0.5247796409484747,0.9180212802581683
133,0.3816434823631592,0.9440866934758272
134,0.21112907483526877,0.9392921877799156
135,0.22789325887844,1.1587424969839402
136,0.38650188763252014,1.1063836449125295
137,0.6726399282150544,1.055066600420952
138,0.14899203065235744,0.8472778195804358
139,0.062409509956162276,0.7544212321586768
140,0.40626932772288693,0.924481479476229
141,0.32998783342919696,0.9007692013100999
142,0.30809757442824887,0.7947671589407389
143,0.01631745752737823,0.7917758768420318
144,0.48756095589088894,0.7132400214993987
145,0.09656319003595755,0.6232339999430399
146,0.36180723586800173,0.6249254101409585
147,0.5454405335792356,0.731129284144322
148,0.12095243966785184,0.5612758453780459
149,0.4772405511111407,0.6874719306297573
150,0.6356756667119315,0.8334006708184521
151,0.7947167774476768,0.7434358747748766
152,0.13180024403516566,0.6242960020621416
153,0.009561694259197461,0.628580620765321
154,0.29161360748277754,0.7274216919610812
155,0.19476360270980622,0.631724073886445
156,0.5531652111409585,0.7872449344541943
157,0.22667651457655688,0.5758766087360236
158,-0.1292081407224058,0.6185373458957258
159,0.09062636899972469,0.531848693383517
160,-0.13243335454598368,0.4711332534689677
161,0.36619243594486817,0.5369796808735906
162,0.12046891043447201,0.38417866935449146
163,0.0830239073607742,0.3909467593591233
164,0.3134387033836303,0.29906371080492816
165,0.25133731671061627,0.27603796617706705
166,0.42436095746771463,0.345779992000857
167,0.3551460748620736,0.39276676218551076
168,0.2356342672370275,0.4730780992098814
169,0.11437451697914015,0.4219990482110722
170,0.5416837916162851,0.473056588084183
171,0.5600917763329046,0.49907319758498847
172,0.6608650443074099,0.43351195612856147
173,0.5971870225082567,0.5131870615175014
174,0.4490286780070041,0.5865519949769734
175,0.1872888297556403,0.4798677608033022
176,-0.04321200622493182,0.5001472789581745
177,0.1585905118336248,0.3733686574934898
178,0.415939913395686,0.5082300290918365
179,-0.3162343624113032,0.3368329331166799
180,0.2950351404981925,0.41991534310678363
181,0.03434900795383325,0.2780684961956104
182,0.10382298778345685,0.312756432060291
183,0.25024931785298365,0.44138865475897404
184,0.16930269546919616,0.513437644315502
185,0.41019690424909083,0.6175970126630409
186,0.11660739544531057,0.5238362667015236
187,-0.04849295694743688,0.4907524424385472
188,0.25688500234399303,0.5913822406031354
189,-0.11965147941408687,0.5054445245868449
190,0.15527643648383854,0.500493133386314
191,-0.08503490602351134,0.5001641312888707
192,0.2849053109910693,0.6033676377282179
193,0.46643595415180095,0.7533756568025822
194,0.445722156413951,0.6437272706267626
195,0.5665246750607082,0.6122069879679194
196,0.4665561829756482,0.4723370136895034
197,0.6689311151662474,0.5058913096196384
198,0.6054090679745299,0.4946479216427436
199,0.45334620853756613,0.5014505480854917
200,0.015754164661196567,0.44422721288014155
201,0.25809096696617884,0.6316137820808831
202,-0.029695251830392712,0.591670741250325
203,0.9178091453931994,0.6636025271123073
204,0.13676599119722727,0.6931723887330279
205,0.11732874636872256,0.5403106574585708
206,0.4306159220422016,0.6917422913262214
207,-0.16336057329057346,0.6435478036189228
208,0.5627854642660526,0.6513023823526678
209,0.31989331324811,0.6858409298128036
210,0.4501799710244706,0.6987526545127969
211,0.5532741178016928,0.8054872025946898
212,0.6322620470501467,0.8650738629609946
213,0.540209652460192,0.9739046635366011
214,0.5391157151955097,0.7373738101810995
215,0.14171095844028356,0.7665958324001554
216,0.1967386621696685,0.8799626505463262
217,0.28957517151359896,0.8419081756839155
218,0.582455439965904,0.9173869409308818
219,0.8760578958873434,0.9424846543060826
220,0.6016660101616326,0.9121742173802005
221,0.07975272806753496,0.8729553180279557
222,-0.07020059742958341,0.9840917714677375
223,0.5673979319280931,0.9998303721421749
224,0.4184523533739052,0.9193191368746673
225,0.4295067124501236,0.8078820398528033
226,0.04039251493181059,0.8499639587415782
227,0.2972266670992259,0.9946924990598175
228,0.2701493729717496,1.127314436975914
229,0.2799845062266026,0.904098178876306
230,0.28670307254488964,0.9529880413072686
231,0.44501565692386597,1.1776631469467946
232,0.3370976490981325,1.1815984638886623
233,0.6536559716308652,1.2487864508201627
234,0.4442902615600594,1.1662055101063336
235,0.44013208691406763,1.0824027483770113
236,0.1809772397004056,0.8745200955907158
237,0.30508163125066684,0.9111356996837949
238,0.4318403060518237,0.9009673670755064
239,0.2645042818999128,0.9228865585408804
240,0.5841311851851867,1.080323114171978
241,0.5244249391081243,1.1126950470482722
242,0.2842562753795936,0.9799099935090719
243,0.5104856506910489,0.994492419212877
244,0.2534926298189029,0.8157911975822197
245,0.5475216244764548,0.9412853717728286
246,0.13870411074961658,0.7514746352464658
247,0.6520379545646844,0.8554762663113407
248,0.48200109068257113,0.8871235624042094
249,0.6336092049627833,0.8955711842049311
250,0.4916348570687931,0.9683924699075847
251,0.6818209436410255,1.090864626369923
252,0.6491454587422729,1.132213451059332
253,0.055037137043094105,1.0423245987565846
254,0.3563850383472935,1.0148550031581902
255,0.5331620070448749,1.1192595757030972
256,0.024782394348674706,0.9533037570888282
