t,lambda,delta_s
1,-0.24318171302456776,1.1739977371210901
2,0.32641774207392243,1.0429243372429007
3,0.3196916362888334,1.0483257819585072
4,0.5523680039030359,1.260794340209873
5,0.004881074081729783,1.1018458422376287
6,0.4635523212522586,1.1138109799727196
7,0.3012730112243582,1.1885497311559512
8,0.24295442783016916,1.11499149013883
9,-0.007675300602378375,1.0254934101668902
10,0.11322634976442181,1.0455469768518364
11,0.30353944683388673,1.0925141709200683
12,0.7651938893461409,1.0492504408429697
13,-0.07970506461158992,0.9070883879415563
14,0.6542611467216695,0.9693727962921356
15,0.24300927999536365,0.9626911587981375
16,0.5642068119327454,1.1017388899760518
17,0.5231579535796841,1.0960560897182503
18,0.5599659457354849,0.9742955943103329
19,0.5488728638418441,1.0524315380424205
20,0.8491968555170456,1.2124023442584744
21,0.09216562056275748,1.0974324878654758
22,0.45128046047189063,1.1160741049140348
23,0.4647135646251966,1.1194602495693105
24,-0.2912590884402202,1.0371271411952974
25,0.5828081062634768,1.0654120457725795
26,0.6564862296223226,1.1777498407155664
27,0.4901412885360875,1.1888339299632982
28,0.3961577723779455,1.2053007730345915
29,0.5407861064894547,1.0168151413678737
30,0.3709290892021535,1.11561388123206
31,0.8258489874994774,1.1704485404755858
32,0.0983832506195036,1.1315283666394653
33,0.4363372133051771,1.1314168392831538
34,0.23862181173558142,1.0814549628487458
35,0.6311979903146233,1.0393748993291207
36,0.4057408717879471,0.9546333877890791
37,0.35559096567203496,0.9589504143933619
38,0.24264366689766526,1.0055677695447123
39,0.5679337421569934,1.0922369001189423
40,0.30018754786884505,0.986172324130501
41,0.1396831435234287,0.9451368050858129
42,0.1440597941870159,0.8965485299747863
43,0.3313112708798066,0.8083199461217138
44,0.5234735173632727,0.8890078319323191
45,0.5250139920243441,0.9552388518700723
46,-0.03838546961997702,0.8254564230665253
47,0.08784066660592428,0.9399737053694494
48,0.44894043727523514,0.9788020409661194
49,-0.17156353625167184,0.8157589178983686
50,0.6169919096616658,0.9066518381029831
51,0.23621919692995838,0.8882425793058542
52,0.4510728010580774,1.0367271191484322
53,-0.008428391141693711,0.8020903422761534
54,0.42939460250408357,0.882389617182749
55,0.3164331354640896,0.9976245297968471
56,0.4240118605748281,1.0712556626433074
57,0.6115708752948399,1.014841335094196
58,0.46414155659127,1.0228272403933427
59,0.30952439351072986,1.0006547246117865
60,0.13661721940959815,0.9242769744299528
61,0.4443920290287602,0.9499961767229052
62,0.4591009397996055,1.0005243550791205
63,0.4920446739945604,0.95731380623159
64,0.5289801441294241,0.966275427867175
65,0.0831189900048375,0.812695664148575
66,0.5293298706056905,0.9008264592718915
67,0.5988971220955646,1.050534200577482
68,0.7119992164664407,1.1166287138772975
69,0.14228925998312983,1.1922478178031972
70,0.31481788846666947,1.1285050602635345
71,0.5299042387066378,1.1181804131226836
72,0.7890164702112449,1.1183454526196859
73,0.14119947700825458,1.0392570174165134
74,0.2692507719810418,1.0854586250400855
75,0.46133722198176297,1.1646729349545828
76,0.7331546549317336,1.0226907994241328
77,0.3283737821981861,1.003607733743561
78,0.4521313048296877,1.0137561779182669
79,0.45095757198304554,0.9481857397105086
80,0.5192807584269854,0.9544220397986918
81,0.2515398267033914,0.8686296268148163
82,0.6199766580096823,0.9898326312940889
83,0.6757876923562267,0.9437995001322715
84,0.5534716991882405,0.9295515717970402
85,0.30687421055470343,0.9041448875470133
86,0.42852228132676995,0.9225808337028427
87,0.3018849101287269,0.9405056489390343
88,0.2569563106705911,0.9270130678399859
89,0.27332892276888215,0.9238182654834521
90,0.6531279883190332,0.9638637801808407
91,0.4195467834385188,1.0211001007227842
92,0.42108523036968093,0.98298880659238
93,0.3795739900118532,1.0302151134618092
94,0.5562366009483461,1.0689948786082175
95,0.473651535241892,1.0471549908804376
96,0.41692486036467835,1.064664315658027
97,0.5766578609144174,1.0322436660540928
98,0.518446933193094,1.0369219810883377
99,0.2290127074216588,0.936172021914182
100,0.4289072461766048,0.9355406301125956
101,0.428287328684187,0.8414913400081524
102,0.47670549591787537,0.943587283146584
103,0.3410100609243092,1.057885648231135
104,0.2185588889934863,1.1075699597640063
105,0.08204703674480018,0.94989160746688
106,0.4557498085864536,0.9646399842817113
107,0.4607143014648996,0.9497993505774074
108,0.23982208738874874,1.020994950663799
109,0.6989460985174455,0.9411846803666565
110,0.6127122362580818,0.9962386459073239
111,0.7973101323942428,0.9322875721205806
112,0.14301506840890146,0.8933597300505579
113,0.2286124608136055,0.8433203393543138
114,0.19196269986718978,0.7643526927656977
115,0.44857312948166783,0.8792788494363648
116,-0.259509625764991,0.7256291547242179
117,0.2949605915902108,0.8145449183200737
118,0.2784834817867613,0.6690115999805609
119,0.419829735960489,0.692090347283908
120,0.17573513536575894,0.8080364765019292
121,0.168299630505116,0.7291442882032544
122,0.31950093231543386,0.7626859903544801
123,0.45690752531340467,1.001471483479216
124,0.5379146693217443,1.193280333194071
125,0.6126857417061916,1.1665566784828407
126,0.4216866123310877,1.1525681731754829
127,0.39619356850536686,1.0664083200106131
128,0.06644875788381614,1.0296581785428087
129,0.34763961248673503,1.1817546248746977
130,0.5536037091582964,1.1310647752055991
131,0.391295416378313,0.9970376437976104
132,0.21984514796955384,0.9496942447714439
133,0.3674362497950316,1.0514282220539586
134,0.46365009346670993,1.0441814568646803
135,0.46530825982779156,1.0489800444148412
136,0.4227903838402129,1.0032050214525121
137,0.6166440919585724,1.0584667594243733
138,0.44123921267819227,1.0532464122577563
139,0.3665782196935287,1.0989768142351102
140,0.48571794714792854,1.1645330094640247
141,0.40769375356763604,1.208428400742053
142,0.3338553471460945,1.1294796581117932
143,0.5334991444914814,1.027064505758356
144,0.7695700959945325,1.088953409655637
145,0.3735073368369319,1.0002527413839837
146,0.16512143764447296,0.959028297434624
147,0.2479394079165069,0.9897614758479242
148,0.11835433636871849,0.9626616319355512
149,0.4017401040009307,0.9941063634617116
150,0.5852946340661471,1.0607493507693158
151,0.5340179146897185,1.1621289841115379
152,0.5051528046689076,1.0409732703833272
153,0.528104738511897,1.0677914451508979
154,0.4749932053454277,1.0284020880274427
155,0.34727478341686463,0.9203801630544323
156,0.672995396459058,0.8770060285215714
157,0.7230921105019227,0.9939663304305961
158,0.21887004935874518,1.028806651433225
159,0.2978850318291317,0.9388049102358867
160,0.2984965284820493,0.9874479423559522
161,0.28518907775245234,0.9624784975161786
162,0.35955743386695843,0.9249510385843231
163,0.2460597821760163,0.8246836135286836
164,0.6183574429267248,0.8333948518518073
165,0.39030458947181884,0.9002917690009282
166,0.29615824684152536,0.7108743549314978
167,0.2677030504199793,0.7761091195609746
168,0.3536483397881331,0.944182613161793
169,0.3924752844292888,1.0364154906343248
170,0.3625479136567025,0.9539891047662274
171,0.41679780224720964,0.9723874585601578
172,-0.022600379962939836,0.8200607586262094
173,0.29557768318334343,0.8345447872439412
174,0.42737068541128476,0.8832286995129882
175,0.27618744369381776,0.8661619778844455
176,0.4119615288012557,1.0133351343750228
177,0.5523687353562221,1.0091388122815
178,0.5753220891123043,1.0555465892883864
179,0.7235670613506954,1.0443608618157743
180,0.40073843418828275,1.0396516455763363
181,0.5298712995604715,1.0810307095656235
182,0.5380587062890144,0.9606547181468218
183,0.5500719727870355,0.9651620380682834
184,0.32048537302141133,0.9731787724546626
185,0.4506992175831148,0.9778568302462294
186,0.36965440195702315,0.8935521660602262
187,0.602856777302096,0.959254165013916
188,0.43156830855846706,0.7796199217408013
189,0.20350684163695953,0.9490147216258545
190,0.5225287676908847,1.0860489804731432
191,0.2920661451898286,1.049015780005061
192,0.421162588028117,0.9377344388111277
193,0.7099368179290415,0.954941231238926
194,0.6530964489398619,1.0285940851819257
195,0.3047228983209377,1.039786937719047
196,0.3743383690862672,0.985138512165727
197,0.5369004158204048,1.0382587241638899
198,0.45623166220935313,1.058830822347572
199,0.35226484682245635,1.0639913776930234
200,0.3138551664695025,1.069746763805865
201,0.10050946332883372,0.952224510745194
202,0.20738542334862756,0.9367848399537365
203,0.4278513580870063,0.9596263322420722
204,0.34268921359075427,0.8510705952207445
205,0.2871472497642869,0.9724625422537045
206,0.26959673920832367,0.8065452835187962
207,0.5256781547254187,0.8384807484496619
208,0.3403388425739779,0.8598709024674892
209,0.27572055439700205,0.9280042329037105
210,0.3799722626953982,0.8577503226199463
211,0.5811304376656213,0.9053346043443948
212,0.26217805668263283,0.9734042785147342
213,0.4207235461713328,0.9619621192604307
214,0.5288298857508967,0.9691327507594965
215,0.6642907932139018,0.9353567781302615
216,0.33063427074921886,0.9723290318839497
217,0.29627685324998315,0.8430110710876904
218,0.5129395279316794,0.9369751388233161
219,0.411909999181682,0.9041515472594922
220,0.11456025880350056,0.8259226158329148
221,0.3399330886602323,0.8576167406210589
222,0.5268491421472992,0.8321606172997853
223,0.15302848416116088,0.7584619836496043
224,0.31045598423955967,0.8193210480611488
225,0.5399470012763194,0.9602327761058665
226,0.18057662062973354,0.9402733626588295
227,0.41233209665379117,1.0045086627429127
228,0.3639219569040573,0.9416058329532359
229,0.17555936137882744,0.8392879912395452
230,0.18530639229930387,0.9014967260884127
231,0.3826104701542729,0.7910057292846935
232,0.4000899160961514,0.8708297487397065
233,0.3269629865757812,1.0259937739600042
234,0.13232307938917962,0.7928297265555424
235,0.30501418624695753,0.85681776280713
236,0.3162631155565486,0.6398787274295025
237,0.3463403934287076,0.7400720367911553
238,0.3909258344818742,0.8395025500749247
239,0.41579152886404813,0.9627375964178089
240,0.5157546431571173,1.0508847031691049
241,0.24990193264206056,0.9645330579833099
242,0.41269442700098075,1.0558716610258274
243,0.4415096921527515,1.0509508200726487
244,0.26527753550577693,0.9233533939146052
245,0.43011456502793216,0.9784911730618084
246,0.7703460442284183,0.9608489363181436
247,0.6527715730783634,0.9467642617169696
248,0.7708941766084033,0.9139600801821448
249,0.3641855088265705,0.8900288607845762
250,0.5965937947487848,0.9854214111402554
251,0.4818854554420619,1.0472105174720538
252,0.6015816409451209,1.167208722356059
253,0.30858651591867636,1.1403451404915008
254,0.37126415632101367,1.1200666832629504
255,0.49858493108653584,0.9867385794894624
256,0.7432944253787666,0.9798913432976134
257,0.447253386081959,0.9357201060398548
258,0.35869684398521046,0.9175511467814564
259,0.15928133841746014,0.8965087803346371
260,0.25376875895792084,0.8801046970738515
261,0.3406275126667686,0.894109722485353
262,0.3159144500473371,0.7820780140976321
263,0.4552812331530366,0.8181312468918635
264,0.3376761457084188,0.7353727508132145
265,0.4002575895111127,0.6047478015549638
266,0.24673493338146318,0.685310877884397
267,0.2066951785766548,0.5776831295665567
268,0.3488585091775497,0.7425703942612714
269,0.244004364194091,0.5764494165165628
270,0.6374733222505541,0.6380059126288564
271,-0.010122582215247889,0.5385750560941885
272,0.3662625140294513,0.6623563580854953
273,0.2905376868552591,0.5257297625236084
274,0.5431747588207363,0.6340170417693973
275,0.32556610041223977,0.752818663746127
276,0.28388628657477166,0.5917956614771522
277,0.22297396524966703,0.6016271695119515
278,0.49256991251246257,0.715097847428889
279,0.3709553515567292,0.643111497483197
280,0.23102248444288026,0.6446442015975674
281,0.9664344202466233,0.7928941766761053
282,-0.02315466345306762,0.5619326258822815
283,0.5237113716939801,0.655536662293515
284,-0.027726708792169312,0.5301822338453961
285,0.3957457412205241,0.6107155936562886
286,0.35596149656267423,0.6535662438324173
287,0.36254633552785265,0.6482265969686096
288,0.48231054789281563,0.7760278062892683
289,0.4374322585064577,0.912124041232795
290,0.4208047289648503,0.7555265553691155
291,0.4459897899745642,0.818134650955253
292,0.5267666423241807,0.642722077827278
293,-0.03218581139252213,0.5838505914418254
294,0.4839705825089823,0.5229135959031712
295,0.3597285383236164,0.47469488957621353
296,0.21355587826605688,0.4846594294296015
297,0.44417173225797807,0.3535815288864681
298,0.3528406430747936,0.43001818620081184
299,0.5188586545794365,0.3689370170402462
300,0.599218822407262,0.4579044245267368
301,0.25373621478157404,0.366055600969864
302,0.726796691624055,0.3585169434403993
303,0.5668239814074113,0.3999611730832745
304,0.524803039646355,0.46947719465507465
305,0.4407054513549788,0.5154191420894657
306,0.19877369024270913,0.47399645558571535
307,0.5773736137274013,0.3987385763541277
308,0.08267176543255077,0.39298079598165714
309,0.5577571446223885,0.5110898893955097
310,-0.008765183258664705,0.5287887138646524
311,0.3570382601162827,0.5909434855306775
312,0.4404459407085539,0.615455553301148
313,0.2195649735085542,0.564536471378355
314,0.45805286912510523,0.5721422591650116
315,-0.38158995471108476,0.5897502264060646
316,0.22143325099428066,0.6357640015681427
317,0.4059622992483012,0.6649826721468028
318,0.6267702651121784,0.6769678864055418
319,0.18255226217026382,0.6157004542624507
320,0.10837876071453487,0.5499832363040547
321,0.48203255136395373,0.6455418548825833
322,0.568961123111296,0.7557762385783446
323,0.48683331398159535,0.8209495279107221
324,0.34541484339913336,0.8390124075156221
325,0.49374240186057816,0.8168018545543888
326,0.4078761277117279,0.7982159169823316
327,-0.04062706815631941,0.7805469170788991
328,0.24986379209021753,0.8274480442294259
329,0.5373868838482074,0.7548981233242579
330,-0.048728446554237664,0.6508433574241361
331,0.3394827053974779,0.6188334297162252
332,0.2636407921770364,0.7062752092685743
333,0.3142845805581895,0.5697595192970568
334,0.5399431625095866,0.629631361880282
335,0.07674830350180718,0.48626198939782916
336,0.505498928256751,0.6161653406451871
337,0.43364368695635197,0.5232131696484366
338,0.5838391154626276,0.5872017208079019
339,0.07655044790493108,0.43357476720255195
340,0.6255590293578053,0.5034733098091879
341,0.22678174041749893,0.5597661085910963
342,0.34759151761304874,0.5161135543563232
343,0.16055484161500524,0.47084002120671786
344,0.39620266961047845,0.5442441256731984
345,0.6544288011219688,0.4740540239797363
346,0.7443935233812973,0.5331395987467255
347,0.5760726326410116,0.6537934204455622
348,0.3016989966609058,0.5226173159464778
349,0.24186183673581146,0.5340940712227705
350,0.6432089175702139,0.607850321943008
351,-0.06813999840978764,0.4996395260086192
352,0.2837177604760343,0.4617712405001227
353,0.1431184962243658,0.3633523585942784
354,0.21552700568280164,0.35273442857371357
355,0.10467606881163036,0.3271844753648093
356,-0.021322464088931344,0.2730261220276223
357,0.42373886552503176,0.3332090143482721
358,0.47944580355186733,0.4391372889378229
359,0.1126694077252031,0.3331312796817851
360,0.2825694335308397,0.39641220168006275
361,0.19259046339408437,0.31240557576870015
362,0.7464428722848765,0.3780819199954824
363,0.4314241037279636,0.3184433921203823
364,0.11539883481798731,0.3316002080034045
365,0.03256313981217283,0.25920698886050947
366,0.17915446109239802,0.2881804208834225
367,0.4131476144019904,0.2116662692134481
368,0.11711360578632309,0.21008416859970083
369,0.6456359422980421,0.2933356393631881
370,0.32581437630359183,0.23854029267164445
371,0.7548105781411704,0.30298697212576325
372,0.48904948651082725,0.25162019022279253
373,0.3888426108256836,0.2908291862046012
374,0.29499658646470234,0.2246538863464829
375,0.023675380024463573,0.22648120233733582
376,0.37983500723255825,0.23461961376731164
377,0.3647221475103945,0.29198204939999706
378,0.5998388651275424,0.2645713929536196
379,0.516127203828346,0.30538933653205386
380,0.798812345361126,0.3325057662091032
381,0.7898777546943143,0.39589475483263065
382,0.31430623776315986,0.4571313484341873
383,0.21300213668305296,0.4284918080421957
384,0.5231981141722838,0.412286624586129
385,0.5738375347824174,0.4180437034714825
386,0.2004132545278363,0.4719513513863943
387,0.6562519602130115,0.5141272233958857
388,0.13530280238241646,0.47818935856398465
389,0.1699264218857157,0.513334576821818
390,0.6345774533106507,0.4805891082770985
391,0.659652098188411,0.4674556743437794
392,0.19019415578911447,0.44537542785199463
393,0.4046893533237425,0.4722223880728941
394,0.48732649224423985,0.5754240876246663
395,0.4915348200162576,0.6722199234922687
396,-0.06812366023041007,0.6428853655427011
397,0.19718550021579695,0.703076504118409
398,0.7312241625870013,0.7695893884705607
399,0.10096958987586478,0.8276401229417852
400,0.3761813703120539,0.7933309244082125
401,0.6227244703025105,0.692196191538862
402,0.7926470320023583,0.7367402682955508
403,0.6343287408888326,0.8053154982001864
404,0.1357551679896045,0.7547078510675441
405,0.40784545930320343,0.7683822713184053
406,0.21887672842138514,0.8431067892137627
407,0.48326202048433553,0.8347689251305613
408,0.024374430123881186,0.7618851062633073
409,0.5824271516592958,0.863969840103081
410,0.31434111748554455,0.9544702955434616
411,-0.019080236359544405,0.879054891928237
412,0.4336323781031606,0.9305747009548617
413,0.5024281692533427,0.8784701294082417
414,0.3075044753999809,0.8698544430428913
415,0.47692014323596466,0.9436836073357318
416,0.773566466543448,0.9037599475868704
417,0.7509098170249672,0.9715452905268199
418,-0.17368341162732168,0.8467529275928262
419,0.5403187575570431,0.8134038020551294
420,-0.2828097342852756,0.6780909817763916
421,0.42498314223792044,0.774189755907844
422,0.13344656885510697,0.7258439078364967
423,0.49876725303541697,0.886362159705081
424,-0.09651978524114996,0.6928407236480623
425,0.4022336746556008,0.6853216803000066
426,0.5941766370796893,0.7587960175598454
427,0.2759875185272621,0.7138658869056952
428,0.4404575443187881,0.8733679657377158
429,0.13574353142698195,0.7305510006027651
430,0.30438217763831255,0.75611060233292
431,0.427563042687924,0.8192106948168936
432,0.6673475268444978,0.9168783007710428
433,0.5888753912263868,1.0444496491034558
434,0.49646752421296825,0.9360495574817249
435,0.5339963796634429,0.9617831983372565
436,0.383302017719999,1.0517927190271283
437,0.30860967076659107,0.8869714804876597
438,0.22634615927525598,0.8947444612178422
439,0.2710334336230639,0.9003837689047657
440,0.08245475596688852,0.7865579395359587
441,0.3011765754143746,0.8094258440321523
442,0.3869200095597373,0.8939541692469191
443,0.8217853184549896,1.04991177790582
444,0.10677609954482961,0.8674829312957563
445,0.38655854282440283,0.9785963830596927
446,0.029311695173308252,0.8932694528467428
447,0.2112884478536553,0.8177299414098389
448,0.28364071641665844,0.8819103530728095
449,0.27958658274980613,0.8265218510969573
450,0.19945517768386448,0.8279841175263458
451,-0.056402083802822425,0.7235537946154221
452,0.07797453714945934,0.6663910015028575
453,0.18153299933923767,0.6833359139048102
454,0.23284137923582343,0.6453678994615302
455,0.1681162923269747,0.6819666712423134
456,0.2895079285244793,0.5946608238359818
457,0.292579805982312,0.657376858619115
458,0.4238453425528518,0.7894887593943052
459,0.07413177366845147,0.6475543144165815
460,0.5586130625960425,0.7126240834559081
461,0.11157305108915848,0.6307351462298321
462,0.17066759261156894,0.5773650498173334
463,0.36427704647018433,0.590115502821376
464,0.351937339524803,0.5857883899718427
465,0.48456531683202814,0.7500107180078078
466,0.17928590138932451,0.5682142952483935
467,0.39151434143083813,0.6039972888426435
468,0.6205590183598588,0.6951377943707089
469,0.4630233235562376,0.8536211529619062
470,0.691550588390796,0.9249316876534522
471,0.33588309284577406,0.9181373767454465
472,0.47174283240974735,0.8721568288217394
473,0.22820385435452825,0.7542714008514364
474,0.4762682925717281,0.8143278723852749
475,0.6018301147657087,0.855480393640007
476,0.673557500385145,0.8933963771525397
477,0.23448317812102276,0.8521412522211093
478,0.3010833215076315,0.9228495472483048
479,0.26454452412432655,0.8745906964688316
480,0.5021169528321607,0.9976110840129704
481,0.4926708488113676,1.0660808657988583
482,0.2720277578416545,0.9738577657922338
483,0.23659930519779132,0.8875193276702276
484,0.7291697206030182,1.0039708955293243
485,0.5032429291393722,1.101819016901312
486,0.4705886434608915,1.0816773291817778
487,0.5389079658868012,0.9790102368530357
488,-0.0713365517494735,0.9510557318131311
489,0.21971045473331907,0.7859085737069236
490,0.18088791402900886,0.9538024347598658
491,0.5304758731165259,1.1315905871708758
492,0.5923913077210206,1.0665282099032225
493,0.5423746984600593,1.0384478239340351
494,0.31774553339723816,0.9641089306312364
495,0.6826774334212758,0.904299151122013
496,0.37513865604576224,0.8226322802577546
497,0.18200374472350575,0.9630962074838472
498,0.4976734897947525,1.0544910763499622
499,0.39092895053079213,0.919122501439822
500,0.5110906529698962,1.0132166529445865
501,0.7200329487652997,0.9732325503543657
502,0.5473287502737766,1.0291278159851003
503,0.4708597133454916,0.9351680950362903
504,0.15914269595456268,0.9902582204223351
505,0.51487111504259,0.8540109516854397
506,0.5992725063662453,0.9137477425965158
507,0.7721315206959782,0.9929276546174072
508,-0.07225134101163398,0.807082871412732
509,-0.047647723481857036,0.9131698919444396
510,0.08551669706951334,0.7171502535239888
511,0.09292476962792465,0.7535775963824907
512,0.21789182959115114,0.666322219538446
513,0.21138064039823803,0.7365908176693483
514,0.3298028489606467,0.8628641700903942
515,0.1395631114721814,0.9985595113002618
516,0.44452640704077234,0.859060417407499
517,0.5152865956206131,0.9705148863229012
518,0.3931910550388955,0.803702248071893
519,0.30673991562300146,0.7338840035294673
520,0.4857036052364338,0.8801256617849508
521,0.26821919305365904,1.0578982565641424
522,0.5259623738607491,0.9761171557833239
523,0.23132035762466555,1.026483246105027
524,0.5448915578586837,1.074868300512711
525,0.45600005995399007,1.0978880908789326
526,0.21271521152585693,0.9536175811709405
527,0.30591536605571024,0.8936790471818645
528,0.2975085856977921,0.9924336732999882
529,0.6185655404136869,1.0118850974583937
530,0.6585969336160494,1.085126869306025
531,0.7214047778735594,1.2121624366008286
532,0.8522996880439618,1.237655017594407
533,0.28990428793439144,1.153712643632301
534,0.34544272600167,1.1032926110084198
535,0.3600202342160198,0.9990610460163665
536,0.08188229965684142,0.9538145807662545
537,0.5168044699315856,0.9824908306159605
538,0.6405912851065071,0.8887252674190009
539,0.3013248544491691,0.9884173446783976
540,0.3076936916316962,0.8438788875061847
541,0.28641404572062645,0.8465895135205775
542,0.42491014067071037,0.9297732786050767
543,0.49221403540144554,1.031010508442538
544,0.43907571684115293,0.9718424319997115
545,0.5599941393678507,0.997688842352406
546,0.4787554998273803,1.0008342884204697
547,0.5357427250522022,1.0941568996694575
548,0.12075697914168666,0.8987931161792736
549,0.2700274074169469,0.8930885561145973
550,0.524509301019643,0.942315088928487
551,0.45228281305597784,0.9699333857811724
552,0.25905832125837164,0.8587841112866436
553,0.6391842788314641,0.9086859358168273
554,0.6990371272879281,1.0899124670668223
555,0.5635735863938913,1.105806765624901
556,0.537497827947407,1.06100231477452
557,0.43372860693323223,1.0095459614120712
558,0.6263219947850811,0.9007851899139878
559,0.2726137583560027,0.9033739605571255
560,0.4079981259996869,1.025151336768203
561,0.5922410287086377,0.964839982180605
562,0.4531544571263156,0.9971120521610394
563,0.26949260942117764,0.8039097232271021
564,0.37109655927600516,0.8944070808253207
565,0.6505477758104969,1.0168321295441831
566,0.30959951161940347,0.8702747992190056
567,0.4898536957307488,0.9149579842086201
568,0.7559657566594771,1.0293151400867215
569,0.34413286164443724,0.9183498658046493
570,0.22065686406684976,0.8686360560004145
571,0.18401291422828103,0.9496993644980768
572,0.3003508477817354,0.9693394143758135
573,0.49039603244039087,0.9441468567043791
574,0.5002627826738683,1.0257787949612525
575,0.40581217336445113,0.857497206632975
576,0.3452469003258215,0.9605147331357811
577,0.4494702117428905,0.9477461835360396
578,0.44311421692215897,1.009795442423681
579,0.24678807707928266,1.0487151449307424
580,0.5426797329210754,1.0515014591496095
581,0.1778170086649331,1.0471444309807107
582,0.0962471570119071,0.9351243797221463
583,0.3852032018796145,1.0290574602013793
584,0.32993810407378654,0.9320797207124913
585,0.564732947161075,0.9610862433900196
586,0.4164309295982195,0.9811423661345516
587,0.4556233962260371,1.1126274330342116
588,0.609689542679259,0.9269125430583336
589,0.684408781385507,0.9798683972379049
590,0.1933883046676129,1.0600850985600518
591,0.35304871339280275,1.1161103734502718
592,0.3424647395287135,0.9920257065836894
593,0.25487610922305626,0.9769823629824417
594,0.26645250823862116,0.8365724265309227
595,0.6835755910194921,0.981854299727806
596,0.4100713603817941,1.003747332058048
597,0.5602924264885071,0.9190347066961188
598,0.6282440260090256,0.9442242188333554
599,0.39379749732637137,1.0803306917929256
600,0.5622549959344078,1.1094184596098682
601,0.39441904434252834,1.132499563688987
602,0.6924808037273723,1.0767660982913418
603,0.35271860834043445,1.0773755178928246
604,0.4314187779622589,1.085100784472575
605,0.344429892649772,1.0025421336230438
606,0.35590271094110665,1.0450883903372352
607,0.45677819255870716,0.9909176384965773
608,0.7017564787882304,0.9756982271856213
609,0.4932079701751387,0.9369154152214808
610,-0.16311049789682155,0.9346042531069204
611,0.33471428612315857,0.9512902882354292
612,0.7393951629585487,0.991710352742786
613,0.39547990084729884,1.0280908168958969
614,0.31303657759194753,1.0255603677158236
615,0.3022952046337771,0.8778842266029316
616,0.3457581812759392,0.8301468801047533
617,0.4868891559000421,0.9487781221344278
618,0.5428477164002777,0.8425459659863682
619,0.660446008380668,0.8692862695480247
620,0.4102626382284364,0.7197286049422964
621,0.36973808154745114,0.7970948974087172
622,-0.3412505092578254,0.7271203708717849
623,0.2596666957859693,0.8183010053171256
624,0.4762163085325143,0.9960779380821349
625,0.5823166359422259,0.9165535473405545
626,0.28610260505910784,0.8511908288100677
627,0.38741300677621643,0.7515044401961809
628,0.44206213881239537,0.8625991142259128
629,0.2502964263242048,0.734910399336655
630,0.7664958476682353,0.9156285371928548
631,0.2464071499292205,0.7704698672948489
632,0.45962545030657853,0.8347674792971939
633,0.1344722769808191,0.7947605043153352
634,0.42091845094763797,0.6838104587086091
635,0.4820006551354896,0.7706794366661627
636,0.4174363596861765,0.9283672196461631
637,0.3196691369573838,0.8905247415718688
638,0.20404155381175187,0.7981467427179473
639,0.3559794518678965,0.8511466311687043
640,0.4367257891904978,0.6841585253244905
641,0.18941881493333956,0.7474881485198103
642,0.22234586848490956,0.5645940898363788
643,0.5921056274056553,0.6308813977309098
644,0.41237939695175724,0.774635003504742
645,0.38841102338518596,0.8873359549030964
646,0.5184280462525743,0.7184390279707843
647,0.10233657233051835,0.76445509194195
648,0.42719906388564677,0.8719478104696625
649,0.4237641101739075,0.9927688610325666
650,0.09700845480930871,0.8961226328303727
651,0.62237481280423,1.003965485770723
652,0.7750441935281797,0.987408623017552
653,0.38313109981809584,1.0740285026465757
654,0.4916780411503046,0.9552641182343851
655,0.17380035559077595,0.8891951219757037
656,0.3131449188631984,0.9811090136705256
657,0.5009980512498914,0.8878183916945919
658,0.2751061811691788,0.9753855393508667
659,0.34689435200096047,1.011820618922316
660,0.40870231248424516,0.8637720357548432
661,0.5090811170015075,0.9887902240682649
662,0.5280922614768883,0.7897619758416751
663,-0.14784007052222548,0.8741281101251004
664,0.22852740942838584,0.975859291505072
665,0.23555910816616168,0.869821914693356
666,0.2390827787591571,0.7814571118310386
667,0.40791262112531246,0.7930226118504089
668,0.3412890007975032,0.928660935792585
669,0.5634577508974499,1.0432311870875228
670,0.4914079336910571,1.084246473348173
671,0.4002790819837689,1.0654061993158437
672,0.39377585002563875,1.0355064795240756
673,0.5368098387286839,1.0048535366790021
674,0.12579083341906097,1.0065742779295008
675,0.28627561750060415,0.8905422101500691
676,0.509223496700624,0.991262150437009
677,0.4989834704127302,0.9915615122326625
678,0.3028268597410936,0.985616757804781
679,0.5011439750855424,1.0040804477442018
680,0.3519164788093509,0.8728213819393567
681,0.2746421844978368,0.89489155036444
682,0.5183353367357566,0.9536206769366997
683,0.5201401245116389,0.9703789700585231
684,0.06507303182556688,0.8646565317761903
685,0.3425568697760809,0.9470645359022335
686,0.2712980397236451,0.8993763572568257
687,0.542951663934033,0.990851915875268
688,0.335159168119424,0.8138654780354919
689,0.5329562033489557,0.8211809607632
690,0.30043475268564035,0.8079418617960479
691,0.11384559146802807,0.6761722221912925
692,0.1732759252607658,0.7083246754839627
693,0.5384210802247912,0.8694275701826535
694,0.32080726686664657,0.9502687268172961
695,0.5532950437526728,1.0619128546130687
696,0.6090072518337344,1.044409095844576
697,0.49928483878222196,1.04594387563913
698,0.09791131170817229,0.8691862615222735
699,0.5983093856978599,0.9787706272077704
700,0.56546340354676,1.1153175779084679
701,0.5541038554564883,0.997713733304152
702,0.7097725469015066,0.9672741854713495
703,0.6381204282625742,1.0593563064174736
704,0.3484729788483751,0.9419753450860527
705,0.06982246320539989,0.9195536785630021
706,0.6862074599654756,0.8726185014826443
707,0.6757602314515326,0.9401873757679627
708,0.39517872624185274,0.9017052602681862
709,0.24553794775740276,0.8027804394637297
710,0.5597791953350489,0.8848836300157416
711,0.3391517909254265,0.7909419474713143
712,0.4967256342087497,0.6377020683517396
713,0.47985586683928383,0.670672516013244
714,0.07119404123180792,0.6041190804697265
715,0.5156309302610809,0.6163360169525115
716,0.11243592284945027,0.5078418256081542
717,0.2877408947557552,0.6056032220879178
718,0.27135447058914147,0.4947005957545464
719,0.5962300948576563,0.5286207657577559
720,0.3176239272950378,0.5821721298074501
721,0.29103512957500594,0.48772431066168254
722,0.45742866167896973,0.428303663951835
723,0.36384449499035815,0.4789695625489036
724,0.5739812385290753,0.41482522919892173
725,0.07443370680190656,0.43495138498538294
726,0.4668535523003289,0.5600854468574168
727,-0.00047501380312875815,0.533951273382763
728,0.7392003025571124,0.5272297162485023
729,0.8416955314367451,0.5610612688022425
730,0.5385721265106918,0.41081472412214326
731,0.5126841112469154,0.4021738373689383
732,0.38003107791097374,0.471313232427032
733,0.39429942242165933,0.5632038895729802
734,0.08426640611892983,0.5209119106348344
735,0.40099347450386663,0.5399586783767659
736,0.45836843519403686,0.6843416499563502
737,0.14733983246444327,0.5779875641459485
738,0.4508284966005601,0.58863001001991
739,0.3223534932288819,0.7281545620002768
740,0.569115606485622,0.6270994122606165
741,0.4361073750374106,0.5574486064906511
742,0.5197474409534848,0.5451867201470487
743,0.11274601202004306,0.5334118904598453
744,0.17483348727042952,0.5645739703860303
745,0.47452079344187753,0.6845008521155643
746,0.46183021688246095,0.7590477186390225
747,0.16707406983445705,0.6496160913975645
748,0.19910974062812944,0.7671781477642713
749,0.2299627903792658,0.9125574942457763
750,0.5042569761820286,1.0595885741079476
751,0.2579431204002235,0.9082177477246194
752,0.5368780690304217,0.8801741278868401
753,0.6486307056709223,0.9688592999932133
754,0.4088813690859151,0.9301803365351488
755,0.2936558127460012,1.0163796317269094
756,0.48390884861105316,0.8927358572958422
757,0.6403162699185154,0.9518683882046801
758,0.6225381686970162,1.081222161593326
759,0.7200352848777832,1.1229697994730092
760,0.48298567443794066,1.0348860358670326
761,0.5085752387535075,1.074348644481438
762,0.46520030409307433,1.2275735558205192
763,0.5317322551790903,1.0848145780691714
764,0.16676755392680057,1.02105754689132
765,0.2122477919492946,0.9264062326332309
766,0.2603593019240932,1.0750109526567901
767,0.4373202320605792,0.9851774321297588
768,0.3019987693183301,1.0112187477804528
769,0.3298918858885283,0.9753150224658093
770,0.1658993245926164,0.8489453139783478
771,0.3384165211290883,0.8742936380953025
772,0.369647654591842,0.921893566015984
773,0.5113511939591169,0.8285664573161715
774,0.7135195226099623,0.8470225795021642
775,0.2063183798251852,0.7454287275774066
776,0.2705774269659036,0.7369331097271792
