t,lambda,delta_s
1,-0.06494792078041604,1.2161648402058647
2,0.6009936588910973,1.1753055794880174
3,0.2842214361129742,1.0984658741071192
4,0.7193832223696561,1.0418262706617762
5,0.30310411151637706,0.9962717048084518
6,0.46341038186068695,1.081117711265398
7,-0.19685620396847198,0.960437045085252
8,0.3992885284856602,0.9073193155550159
9,0.28756858095516546,0.9646852224188728
10,0.08789295064240228,0.8167600902149091
11,0.09324251880421873,0.7066903370394501
12,0.11683442865498282,0.7214646773994461
13,0.6263991294979225,0.938193735634649
14,0.6513618343415657,1.0617652583825188
15,0.5074450229828997,1.1674617284417674
16,0.523252832955264,1.154193414205393
17,0.6460050852118343,1.1499451815890116
18,0.4312143806516573,1.113551013071243
19,0.013603702897761479,1.0557185663586182
20,0.6360032598236511,1.0863603094591359
21,0.6632661808788756,1.1197370505185076
22,0.4061170817159483,1.1512738118774373
23,0.2897043141260413,0.995129723393045
24,0.13306132693839018,0.9309535178491505
25,0.15606862746751235,0.9572666333985417
26,0.6312525032376879,0.8653715792449468
27,0.44291319181994016,0.9882675495579479
28,-0.09080509989781703,0.7321725903521336
29,0.09538967280459118,0.6939767061663975
30,0.09296773319316066,0.7957080894151608
31,-0.2721697305468408,0.5760097048436054
32,0.03828224650375318,0.5942392723136705
33,-0.22753305255557724,0.475250030135231
34,0.01785228355691586,0.5619695980688434
35,-0.23447192643964035,0.41678274063639775
36,-0.042293354769914256,0.4361928665565396
37,0.5734925367418983,0.493640432303134
38,-0.07866825590847262,0.41450156387760106
39,0.3626669243249861,0.4852005704211616
40,-0.06834177079820451,0.3913123200582033
41,0.19511339971830177,0.4043551043207496
42,0.23289202780243906,0.35220010148100067
43,0.5063676918228336,0.36801192945510064
44,0.5309428960313776,0.394391694418942
45,0.16743746872812246,0.39402683507104447
46,0.008040616827982912,0.4524731901245152
47,0.3474565741778313,0.32989719915389504
48,0.30670643987418084,0.3892315699884949
49,0.10915182692763872,0.4579901766272386
50,0.2022057624866704,0.5117951069848401
51,0.4657898631875254,0.604828093532422
52,0.5456033552243832,0.7021662157126118
53,0.4477171460047495,0.7706068714130431
54,0.5001078344028423,0.8173935923377875
55,0.5605654336697458,0.831664954225325
56,0.4791934766156917,0.7446514642898172
57,0.09452506983764389,0.8242077832380061
58,0.4713441358148055,0.9034582288984908
59,0.5760263852554577,0.8252320560088718
60,0.3434201802753899,0.779098483195678
61,0.18586443813082193,0.7383576583464465
62,0.7264720330505359,0.7666319612820076
63,0.1072489813435941,0.7017563326766229
64,-0.1021088905584963,0.6314067402062773
65,0.4168418961766079,0.5328153362090451
66,0.5630617764310534,0.5496449161795418
67,0.6546407320611812,0.6680945763697319
68,0.26315578135527784,0.8397421804794949
69,0.3832832387063125,0.9621695939826062
70,0.3271461295395697,1.0404260371351455
71,0.46722645904515653,1.019080804352542
72,0.053772671494839885,1.0333105409080092
73,0.6176204937227451,0.9739203665888644
74,0.5517143508727056,0.9837604794382435
75,0.4147055546246595,0.9957690279748934
76,0.16951796649474468,0.8956693040309914
77,0.7473319019772414,0.8927059611224603
78,0.7561747101296539,0.9315885915341284
79,0.35113670681785764,1.0268395994534463
80,0.11125865416536376,0.8704745203348644
81,0.793059749128207,0.8975188613945605
82,0.6494860403837714,0.970577134172748
83,0.8664026102099397,0.9982678351014318
84,0.5340498197094791,0.9432445585698599
85,0.19283030627586029,0.8934143561291604
86,0.5392662871283569,0.9498859145653338
87,0.5993050751386435,1.0001697254354065
88,0.5076723772659435,1.0232649203395205
89,0.06504091256424291,1.089421295800739
90,0.6829413651648082,1.0777805207630637
91,-0.21914505256379363,0.9126690607141094
92,0.32597783450343476,0.8728574728725971
93,-0.3959583063349183,0.7081582965444286
94,0.09673042205096609,0.8598073908861569
95,0.18964467991868006,0.7204119768225756
96,0.3186340630219335,0.7564034599259903
97,0.8198737087518106,0.920966927407527
98,0.37893553690047244,1.017566970388615
99,0.07817195190788456,0.9368734950359118
100,0.5525005629794432,0.9480540870436401
101,0.349390096185035,0.8084651445188008
102,0.5103050142875712,0.8963921803606959
103,0.18999624304141874,0.795929178826175
104,0.34987447332618166,0.8661226884872885
105,0.6242588124172808,0.9392178929219168
106,0.5146955278878672,0.995899750332125
107,0.42032226409607015,1.0916255743359617
108,0.7100850348438583,1.003846824576427
109,0.6180190086330629,1.1350625082177745
110,0.4005909786033579,1.1012851571870972
111,0.14673347547304874,1.0585661256152143
112,0.5364509072910546,0.9867309360815799
113,0.042821851920335746,0.8198007193838066
114,0.20058299128193827,0.761381607106984
115,0.32629990036687084,0.7723529140624635
116,0.42679841301185106,0.8361543949557191
117,0.45821718010348844,0.7661366573631645
118,0.11622328992149168,0.8000056460695705
119,0.43927127171509894,0.7183004613626929
120,0.4183277241211754,0.6604264473679188
121,0.06238708819818657,0.7041032252034263
122,0.3082044267802618,0.6998586870605835
123,0.3833999309890195,0.853035206999802
124,0.38891610304494334,0.8865202823325573
125,0.25249732215173043,0.7880202902957354
126,0.40681223974833836,0.8384394665058753
127,0.34707502876111407,0.7181063757097026
128,0.4646054493012671,0.7901314252904772
129,0.27116969878951264,0.7044339268907412
130,0.35884106348827177,0.7475787921583924
131,0.18431494472487672,0.6849027635226109
132,0.38804640953901043,0.7866162919856217
133,0.921052764462796,0.6857334462759845
134,0.8791607512387568,0.6956028259333511
135,0.00717632958786101,0.5919784915575353
136,0.8508581057764717,0.6985120031970458
137,0.24907389897655896,0.574747892140435
138,0.4614524997541325,0.6488650632018721
139,-0.0035879766554801347,0.5622375133513653
140,0.5325987832047636,0.5993572360420913
141,0.35777541389343537,0.6925855537783784
142,0.4695196293194263,0.742434394071497
143,0.15760838829752064,0.7718679561226299
144,0.18268928741896096,0.8121235149625707
145,0.45191488106585814,0.8765614530548254
146,0.673361058311069,0.8162548445499817
147,0.731117766920205,0.9319555628672085
148,0.22619043885328075,0.794759363202049
149,0.16107401779202907,0.8091938012870246
150,0.21478282557903022,0.8979692251882232
151,0.5537854044333939,0.6490419711340742
152,0.19730532711102955,0.7368662471512042
153,0.31416044816309585,0.825855112014302
154,0.4620943541377744,0.6391635609100066
155,0.15946259971960922,0.6884240441926051
156,0.35950084411879835,0.5392090335587636
157,0.04929322140655515,0.5367536561243259
158,0.4628592495979629,0.6592869148393071
159,0.7250751593501941,0.8582238119342429
160,0.3905859157944778,0.6948412285912449
161,0.03582933196211044,0.7813736038061139
162,0.189151356112814,0.9157664360895375
163,0.29486389601839474,1.045880632063299
164,0.14996042877974147,0.9255473969454189
165,0.43108165321663117,0.9988089084277657
166,0.4298615790390108,1.0077655256148748
167,0.39434709871362267,0.9027693811035818
168,0.4045965604644145,0.9965266428428243
169,0.4503618066928784,1.0250555916076038
170,0.4886125995766639,1.0294336514985376
171,0.21648743221559388,1.0235438037768658
172,0.39304468386637614,1.0882248860236192
173,0.23711423125599618,0.9735606447894825
174,0.4143822120151199,1.0185073399714837
175,0.18302356541423312,0.8557031861286135
176,0.4969800131989977,0.862919987732309
177,0.3100374585673652,0.6875373714647057
178,0.32790451081864663,0.6442917402385849
179,0.6021487265455406,0.7501791063787325
180,0.377255522572304,0.6313646483071566
181,0.6461096017810793,0.682138113752979
182,0.6617600815269244,0.8077372721386533
183,0.803600922263947,0.8615134897630087
184,-0.4405004135471337,0.7037550775757261
185,0.23273442350243223,0.7838903870678098
186,0.5220841464407094,0.8960826779752868
187,0.22321265666996568,0.9557398885717631
188,0.5881518488279422,1.0703340857972108
189,-0.020339908421398246,0.9300121412024918
190,0.22506241374217675,1.0030320604915353
191,0.389220777419656,1.054640443768453
192,0.576081239957184,1.033359042424184
193,0.3776905811558179,1.00980042787999
194,0.2745564890865261,0.9299357948859294
195,0.26853093932999467,0.9215349424931247
196,0.3525182543813079,1.0296408439863947
197,0.2776064674107259,0.8664180667099379
198,0.4726214625922935,0.8357375297373908
199,0.5149329054884112,0.7736171683008631
200,0.08634225496469561,0.835747585187468
201,0.5565893416197952,0.6609908230026554
202,0.268822558240229,0.6757354638723545
203,0.4647276357090308,0.7695090024870058
204,0.7417107109374019,0.8756331828026256
205,0.7507343685698277,0.8124598118213027
206,0.35691093742853647,0.8276904670740243
207,0.3798202715308084,0.6787374362408476
208,0.31414681501862535,0.6889191110892495
209,0.5115444162670928,0.7299925685040326
210,0.13177772376813776,0.6336283784132118
211,0.8302423722564048,0.6255429491420498
212,0.9161853651588538,0.6657678814513467
213,0.563726847584308,0.853237919718781
214,0.38348820703169667,0.9273881511687408
215,0.2858362604917465,0.8202227959493026
216,0.275734356536452,0.8126656144339404
217,0.5099708236461722,0.9504912588174441
218,0.42429132026474137,0.7935179807353898
219,0.3426952063115463,0.8094417944461008
220,0.3797052221388909,0.6833785812939333
221,0.35467229845427367,0.7494988167042386
222,0.11307205772392454,0.6276281268151876
223,0.34732252317516493,0.6599190177512516
224,0.5144314851036639,0.5559321562371392
225,0.5822965969045195,0.6775100606302988
226,0.47476163497352797,0.7947292725169948
227,0.5224038736993886,0.930107362079574
228,0.49239398218900615,1.0010537358528042
229,0.540958707427524,0.9711271762295806
230,0.7226850181771193,1.0147975268995282
231,0.023533997941691028,0.8211445180552385
232,0.42849725789837634,0.8341042511667351
233,0.6165538903209961,0.95657958485461
234,0.07275596075122492,0.8426899627036777
235,0.28519403683202255,0.8048581278447507
236,0.6329720752919974,0.882215699952958
237,0.3040173535846163,0.802444472007441
238,0.2798895892557644,0.702849368791717
239,0.18318298048036286,0.6455193881476757
240,0.009034894525874982,0.5618053851637466
241,0.10275737856616375,0.5170016443460267
242,-0.1715420751054433,0.46444774343447043
243,0.31473240359399773,0.5102894753387456
244,0.6956049978060053,0.6089648828759558
245,0.25581481385680604,0.5725170804125453
246,-0.0175215217713899,0.6091830342763139
247,0.5442859504489155,0.6585181462861324
248,0.5254186237211841,0.7284661659001053
249,0.33527461790787655,0.8466195551513082
250,0.7441172576042218,0.7517898556406452
251,0.20419155665585217,0.7322050251713252
252,0.3233482470213066,0.6501136045334345
253,0.43581833312166396,0.71411248355464
254,0.5197777603166817,0.6393763923454935
255,0.3993598333484243,0.7650426576187677
256,0.5562291184612321,0.8691460882752428
257,0.026159404156344334,0.7411302689003318
258,0.10697338371840463,0.7191976030014515
259,0.43149653646114394,0.8485933671309265
260,0.5217066565212958,0.9546675919642191
261,0.19251143251122868,0.9931017009240498
262,0.11172602451890286,0.8707047735369198
263,0.34684416543556273,0.9554194202032791
264,0.3404351183501801,0.9007997155263808
265,0.2187918640239604,0.8477354022417641
266,0.5215669760303971,0.9834636987474022
267,0.20266865161025532,0.9062026102295652
268,0.18640457895725387,0.8172257409383509
269,0.3786016768942939,0.9562401890629596
270,0.47730099996678876,1.0651319916158664
271,0.7144120357011259,1.1369076765644384
272,0.6450767639244384,1.0853599302411334
273,0.40470419239584954,1.0966510925695907
274,0.38519805705784543,0.9061558255230767
275,0.2814145482015379,0.9738709573084757
276,0.43625683559849093,1.05075762489061
277,0.37223335473677904,1.1473957917019317
278,0.09696279619073733,1.0258860526379188
279,0.5002607530060948,0.9490859937506915
280,0.4533902897925958,1.0447152520581702
281,0.4558215761993298,0.9409143567229641
282,0.18333120204846,0.9451535691634684
283,0.09208919270076554,0.7825530797899298
284,-0.02171457414062194,0.7450187365175943
285,0.3477383036648611,0.9330583079967907
286,0.153660264038061,0.759040788001431
287,0.36043025237971854,0.8618405432802015
288,0.6583660611235694,0.9553621543830132
289,0.7625373876977065,1.0518591826077375
290,0.2508433793855708,0.8554819822393265
291,0.473679482198912,0.9431711815631909
292,0.48434026786676315,1.0425750023851594
293,0.31585800521914836,0.88938034673927
294,0.25718956170984714,0.9804575679549307
295,0.1989580080011209,0.811203746917538
296,0.36433287724536817,0.8287797876465193
297,0.5629455434690317,0.9848555856172195
298,0.535713304218838,0.8452875987292944
299,0.15454343364048173,0.8775908886101382
300,0.08421429123897961,0.879398516737594
301,0.3801607931106486,0.9174320545375072
302,0.14405755671512815,0.848160301543197
303,0.6188907970626399,0.8942530416303163
304,0.10148980058982411,0.8083950784476156
305,0.25498002783069257,0.8895616029649869
306,0.28976374352615947,0.867391572696132
307,0.148952570736327,0.7313225521695755
308,0.09689937545080084,0.7692734941263949
309,0.20489602312347155,0.691599484662987
310,0.21448934690016444,0.5807232049085476
311,0.46804404998061433,0.6401705654485034
312,0.4651411810475378,0.7592502947599484
313,0.4951312311689382,0.9546892296055407
314,0.45347951812842774,0.7798955785071021
315,0.6587702560154985,0.8192366671682966
316,0.32002252933342296,0.8756817013213476
317,0.3136734463273707,0.7678608971159253
318,0.2100375177893157,0.7660076147187435
319,0.5446076663377151,0.830768172408332
320,0.2080413271565397,0.7374551416266686
321,0.4252623289782626,0.8035686303446788
322,0.313387133704684,0.8297168016365274
323,0.23687666064111282,0.768181127774165
324,0.11890865963957935,0.82297942605215
325,0.09190853442589378,0.6758137241599829
326,0.4044585402551077,0.7512532138445017
327,0.515531972582364,0.7234708700450809
328,0.5973263349646855,0.9384534546624206
329,0.6707816022525938,1.0921825267380034
330,0.19938778339553992,1.1256391766372582
331,0.3954825290177586,1.1067712685998614
332,0.7323136466701474,1.0371327430701842
333,0.6750577262431435,1.0823961607387684
334,0.3437528840531967,1.1034348137632164
335,0.4685685133714757,0.9637291908058422
336,0.4738468145743981,0.9060014215455738
337,0.773259991535552,0.9089396330870211
338,0.3228240858665222,0.8658506589553654
339,0.23956734146081993,1.0120070610344838
340,0.6112958281961802,1.0802996156912235
341,0.3940883180063444,1.0061472737809432
342,0.3669614515183701,0.9703849987437512
343,0.6682203310052441,1.0614724521526608
344,0.8203294182277803,0.9215306741796885
345,0.6825731047341165,0.8163895918714791
346,0.5119964286354521,0.8655812696837824
347,0.42302102516136514,0.9458332460462303
348,0.5728253055468355,0.9697961986139989
349,0.2739699297097848,0.8825080080728746
350,0.07861942422691255,0.7614514943984892
351,0.3099358111963533,0.8420654222454308
352,0.46742924948217734,0.7607433722390873
353,0.4917166062221083,0.7455191400565964
354,0.5675180634310427,0.8676894457033109
355,0.3300624135562982,0.9468831777337195
356,0.37051504091290793,1.0054042362273998
357,0.73568965002921,1.018085787054353
358,1.0105537393862105,0.9753335371030806
359,0.7603630864580702,1.0398940258120115
360,0.17176647312135568,0.9293670580967968
361,0.018492954915069085,0.9413991642526421
362,0.3245527748648253,1.000950883882188
363,0.26777817609820576,0.9493870590160449
364,0.6305719651193677,0.9937927800135076
365,0.6367593011158772,1.0246532510300093
366,0.5386427569498019,1.0210884117441335
367,0.5008087030046924,0.9996184943126589
368,0.2528196673179201,0.9186078634545223
369,0.42832911307107624,0.921057673709912
370,0.46802941101684625,0.8246282692255598
371,0.42876651837498836,0.8897176656006788
372,0.48464036401788774,1.0144841010583203
373,0.2733855434827975,0.8928258745580298
374,0.3917176231769729,0.9808975170423501
375,0.14700288751817642,0.874724664435733
376,0.5310026581426456,0.8671084004973248
377,0.11851312139485626,0.802166547940964
378,0.38941645098646793,0.7260133403125555
379,-0.020811378818234104,0.6509347016477027
380,0.21589912659407945,0.5515471580475206
381,0.10585068045593314,0.6341116280537543
382,0.14162743325336027,0.5555659753649934
383,0.41171940330575385,0.6443929069568178
384,0.2741473842820708,0.5313640523565459
385,0.4232557455886677,0.6207055158406707
386,0.25664729236622996,0.43319074788558215
387,-0.18737169810326265,0.48298901405195016
388,0.08250591609395586,0.38714391985561375
389,0.017987690942959905,0.3752323938295038
390,0.21486460640828084,0.37014290107661546
391,0.3956209954558916,0.4794027750500265
392,-0.1394306936841263,0.3337713892749497
393,0.12698880891031256,0.38256805109434916
394,0.11677610204242138,0.2884663433345498
395,-0.04970747115515281,0.31171139686153826
396,0.4580618747652425,0.45045809952218385
397,0.22726466625755845,0.37476756169951403
398,0.057229767909821386,0.3654185691379881
399,0.5916321513797377,0.5014452849974568
400,0.1402025920744941,0.4751787399392787
401,0.5514401142648934,0.4844998955272116
402,0.43598272368299096,0.4459297701340526
403,0.24942927873269113,0.5231444706457152
404,0.5751438723153511,0.5376020965599464
405,0.4995648853325882,0.5579288251242469
406,0.44652230575380014,0.6103914132597796
407,0.35922024809033754,0.538195515321431
408,0.34443043442109406,0.5428749708230735
409,0.32025027884768403,0.4793742573653451
410,0.1965253318703964,0.46194304365489613
411,0.30186256926501026,0.4613740731115804
412,0.1754246668080781,0.5263702000410875
413,0.2986948329104494,0.5933360097164354
414,0.37933999256526124,0.6501454346405457
415,0.4837495436408116,0.7171743161951774
416,-0.02636359551274781,0.6538269442225625
417,0.26072273494464754,0.6587320830549043
418,0.1934916482416674,0.64980089300125
419,0.1332903554294095,0.5476131356818171
420,0.4756303806610542,0.6002736897953709
421,0.5039251752037115,0.679988355323573
422,0.6938646080468488,0.7562549768390859
423,0.4500870598666031,0.8723709526053118
424,0.7983676896087587,0.7806016573891691
425,0.4989560900552695,0.8269204563741037
426,0.19388783042796198,0.8869077997932157
427,0.35507931918421454,0.9408628887484513
428,0.4144352699593357,0.8724560605820996
429,-0.02697386054420911,0.8414308454596625
430,0.322318997566981,0.9072457220433083
431,0.5567689449256584,0.9070161322066149
432,0.3737905930346272,0.8431487986955842
433,0.2904238514122401,0.8994895057189379
434,0.458750451648194,1.0143548275994485
435,0.13932056388341443,0.7706441094079145
436,0.38844690952052646,0.7518916515032285
437,0.32180293944420985,0.6454071516152516
438,0.3848821525803726,0.8202231939163289
439,0.057506271883601,0.7003489323746198
440,0.23300271512203813,0.8251275033243509
441,0.20503501849864336,0.902828522226698
442,0.3949960530646614,0.7846988215723171
443,0.6564737739512736,0.7686525574036924
444,0.3529510247849451,0.9116444225892111
445,0.23690197240849273,1.0005104718226228
446,0.12591548950866607,0.8027386278502332
447,0.29534892952475283,0.8627137115272786
448,0.04590027204731431,0.669215211036464
449,0.19592758014727082,0.7448768941426523
450,-0.043668275211627916,0.5821878686001146
451,0.15904358409373473,0.5699043974404049
452,0.014905202336833082,0.47854893691041067
453,0.36134540387972724,0.6172098042727935
454,0.3479320111718877,0.7292175875477198
455,0.5284325199806359,0.9264412392502162
456,0.16010789968625147,0.7727182974809439
457,0.687732775641662,0.8842137355492447
458,0.6301090801808356,0.9635046606766793
459,0.3265774343631584,0.7988861309352764
460,0.6564758605525164,0.9102175351859604
461,0.24508167684115878,1.0082067172463847
462,0.423573728787269,0.9153634922963211
463,0.2082627657627427,0.9520455514221894
464,0.3835188050190037,0.9476336880256931
465,0.26235784136025886,0.8097367949078468
466,0.33686077975535683,0.8385081801771761
467,0.27186157151742757,0.7530797778746949
468,0.4200335588410104,0.8284235426541834
469,0.49000405398459407,0.9473628465962425
470,0.3487256595760958,0.8734772031400762
471,0.32768427502405506,0.8989146547146915
472,0.3077754875926124,1.0335128691077209
473,0.5427431635897907,0.9835767127577483
474,0.27837529247871157,0.9454910971514708
475,0.13430571725938936,0.874593276612141
476,0.3004175056894966,0.8274817768567198
477,0.41990674361306285,0.8769458439434548
478,0.34350687815236797,0.8906729507349733
479,0.12067697337324244,0.8166810738380684
480,0.10070153793382598,0.7512364827638296
481,0.45300001922186484,0.8791913280147745
482,0.15689627023942185,0.7125555587593141
483,0.334033226396097,0.7427955130177845
484,0.4081301323903828,0.7432302361560094
485,0.2951700479353625,0.74483143098651
486,0.5725145288257805,0.760861990994182
487,0.6906311410624097,0.8954927343122356
488,0.16665348306832578,0.7747664221110491
489,0.5865934041786046,0.8491864206078958
490,0.3934431501821589,0.9771471244656553
491,0.5342669549167803,1.0009504132363298
492,0.31710098457175157,1.0015549331369087
493,0.3326383519706828,1.1177835355510717
494,0.22687968664793431,1.0779230472886103
495,0.09197274110730795,1.0678581167578594
496,0.3972722165138744,0.9832369901574286
497,0.3178913077900268,0.9421857051803603
498,0.2705366391532881,0.9052445262625076
499,0.4859211749966131,0.9378751617996066
500,0.45651692644741576,0.8585688449404791
501,0.1733106820007937,0.7707538518453414
502,0.4299004069372509,0.8370797134302669
503,0.805326226108454,0.976825273805211
504,0.4703478122590773,1.0516966260854075
505,0.49738561636586437,0.91735066305734
506,0.02207669519601888,0.9284110333609973
507,0.34119975713590023,0.9378463733452506
508,0.5256547386728949,0.9439805575297758
509,0.4961061647693359,0.8692700967485235
510,0.13658162982879374,0.9035306062509473
511,0.30943371425116284,0.7593637321327851
512,0.12338487792009874,0.7046380340158209
513,0.30587023781408,0.779450263444451
514,0.3468818836356734,0.6071719416218474
515,0.23047506032110873,0.7708079978874315
516,0.29897725024333677,0.8232399613483257
517,0.5563724733819082,0.9106888180065869
518,0.5860226810963638,0.9619845577812269
519,0.2271395685541817,0.8721848365050224
520,0.5337490326316965,0.950773773011532
521,0.34736108854719394,0.7807569584400316
522,0.2098201574409124,0.7740301082047862
523,0.10488546030845276,0.6685589205950127
524,0.6663999825412557,0.7748549521644155
525,0.02820694413603602,0.6437575711196303
526,0.35485826012037164,0.7706345429957936
527,0.38958816619716347,0.852736724497664
528,0.6698060771195474,0.9299386810694982
529,0.6678895247337467,1.0381090365055208
530,0.5142980606799253,1.0046596273693342
531,0.2805644047818777,0.8810414940763734
532,0.26970520056598674,0.8352847129881582
533,0.5974577684841741,0.7995793654110985
534,0.3422109566390978,0.7646159472799192
535,0.5033992469174282,0.8284063011464314
536,0.45700128595318357,0.8333702063461776
537,0.04965793931314133,0.7029234047158565
538,0.4562893992123872,0.7928272040793906
539,0.5351546518889646,0.8147584267222072
540,0.18311819046884265,0.8989750921241715
541,0.09383157856459377,0.7989363118784054
542,0.07972272632468225,0.7422471255780573
543,0.5162868856332294,0.799950643962175
544,0.32980474174043306,0.7292015480150398
545,0.18520658452456068,0.6589341541564427
546,0.47622834699439903,0.7064438052925551
547,0.3220904915901623,0.6279230437857228
548,0.27090060151205314,0.7262170862183406
549,0.2536071345371616,0.7937766288139884
550,0.2957046404002187,0.8761493859795376
551,0.31621786430716387,0.8972896116471358
552,0.4309762324602477,0.820093284129452
553,0.32377149670140065,0.8375836472829625
554,0.3465893025080637,0.9737233029721915
555,0.2687923711298874,0.7728712763407591
556,0.3780713006390633,0.7954123972486384
557,0.17674213210783754,0.8728783939150507
558,0.21262705587816438,0.803494523732523
559,0.40047423610124433,0.8921942650629214
560,0.3844976917633809,0.7016581716364014
561,0.52952193663864,0.8417297849830776
562,0.20010242964581051,0.6739978646783172
563,0.5536522489164044,0.6923786652612698
564,-0.11285095567069374,0.669315781499318
565,0.5357251970980861,0.8371847362733226
566,0.5547349317785363,0.9844481996374619
567,0.11102926400293728,0.8451447745977303
568,0.07103515573989905,0.8589524990732735
569,0.5370195393903632,0.9867872676083738
570,0.5649318973583396,1.1240539912518572
571,0.4444960459823064,1.1719461176875465
572,0.626233795859487,1.1477293709170546
573,0.2533547084607233,1.1576161480379557
574,0.5242393319367367,1.036954242259238
575,-0.07508312301472149,0.8612585404800895
576,0.5387996625316034,0.8698775781158824
577,0.630826494638526,0.9835040320488528
578,0.2808424249628083,0.9753670498963756
579,0.254859138680611,1.020312548898162
580,0.28290471318571014,0.9521251351798812
581,0.1637069162224326,0.9105221033141713
582,0.24767499206224938,0.9474740765122882
583,0.3057938691196218,0.8799436232287751
584,0.3488534332166706,0.8913725714317052
585,0.43990026020051914,0.8252734586678965
586,0.4149537568500145,0.7583424850709269
587,0.46645069901384667,0.8109729407357064
588,0.34295078379939287,0.7083208604729366
589,0.49849519088600164,0.7233989305271248
590,0.3440444307097494,0.8288744963596132
591,0.28498436483289963,0.7545083523352236
592,0.49044405127741975,0.9108924803460022
593,0.23239065530772213,0.9380015313354821
594,0.49434200084547025,0.9566657075660191
595,0.2249164398860169,0.8596009919939342
596,0.32027780697042163,0.8644447258709087
597,0.5167861773830641,0.9185257415229621
598,0.23227198606598273,0.9589429008475919
599,0.4492018808796694,0.9895818812424095
600,0.2768783244064462,0.9246296553678724
601,0.4225134973621536,0.9445099724728278
602,0.5992595221062973,0.8867037261624057
603,0.31339242022980734,1.0156319900937036
604,0.4669558718487296,1.1275038483844344
605,0.4271891116700607,1.0926969137132614
606,0.3583709470723158,1.0948392402334735
607,0.3592798956051588,1.0533454389516692
608,0.28773890803451435,0.9665855449516927
609,0.43718775016116806,0.9824772977975206
610,0.2657110202085661,0.8494433031759425
611,0.47675637206373866,0.7790466358126559
612,0.26539578819028664,0.7842038615000337
613,0.4972474974721438,0.7857275937364374
614,0.20946506506602405,0.7222265284063787
615,0.08592804310953421,0.6141485898517622
616,0.10689655742848986,0.6222553208172724
617,0.4353903075696164,0.8095925278564952
618,0.4960403185811545,0.958045203058587
619,0.48419977197290504,1.0360163885960767
620,0.42593829127574356,1.111466722362473
621,0.5098175515748119,1.1164388955375382
622,0.4104758038480954,1.1243583131786696
623,0.5145468479582456,1.1364738700038346
624,0.6045409877150906,1.068153815477617
625,0.44871819931482937,1.1070059804155146
626,0.3789921391215245,1.0603637153256769
627,0.5256088824947558,1.0297798745794347
628,0.2697777365245999,1.013635658516704
629,0.3699081812991352,1.019767601199101
630,0.2834376726870959,1.0639876591264514
631,0.10316199163423076,0.8943767020788003
632,0.2877019801851281,0.9277346518136963
633,0.37095680403318326,1.0078637812511588
634,0.24073623073994777,0.9013556480452982
635,0.4450838628251228,0.885038021613485
636,0.5441487602769935,0.9922150759528962
637,0.30431728881347014,0.867494339753857
638,0.2301371242809864,0.8223959011640108
639,0.4206177339555858,0.8312457243594195
640,0.1940278222454139,0.7652337867831829
641,0.39135777168256614,0.7711819087110031
642,0.16087083579858039,0.7684237548146589
643,0.43259529209317166,0.8011066036004121
644,0.20591938679566177,0.774084811666791
645,0.47646385781268946,0.8562477677126358
646,-0.009881906186918083,0.6751301838082818
647,0.38884461238603224,0.7897545616721999
648,-0.23638146505903274,0.6535098436544784
649,0.1301653474714863,0.7277217899345563
650,0.1503855522262514,0.6884731887748454
651,0.47235751765463896,0.6962665848507541
652,-0.028825176319588718,0.6244362690756066
653,0.5440713806558722,0.824908364536118
654,0.16184079604238605,0.6633102068544287
655,0.1021681180391436,0.6575283881811549
656,0.21013550220656846,0.6849701311675881
657,0.3604238253366414,0.7821357995625106
658,0.5718131400575588,0.9385052471286518
659,0.5083200476801978,0.9583077773313885
660,0.36123277572918233,0.9289387964275454
661,0.38303628214189606,0.9778062826656034
662,0.22565840577018734,0.8085344152439113
663,0.6480326967014644,0.9201208748477618
664,0.4860300508269672,0.8673365634129718
665,0.482624978422191,1.0157087445351713
666,0.30523291926549806,0.8801629025230356
667,0.7367764734554276,1.03245155469173
668,0.5501422726739975,1.0520060528774062
669,0.8521770135292308,0.9949883303850348
670,-0.02673496015131036,1.0138081864645745
671,0.2476994934756566,1.1126833458400207
672,0.4502429454760172,1.1523538945484195
673,0.36665413647466083,1.0945325935964791
674,0.35928693552458274,1.0478806739301074
675,0.5225618950215013,1.00763153638222
676,0.2825050413267043,0.9216000677569859
677,0.2978136097539627,0.9750111900258356
678,0.34678709643038236,1.0495899206747754
679,0.474851765975359,1.025365126165169
680,0.10617624787832515,0.9579253837441667
681,0.5056288032193772,1.1541735425814328
682,0.5890299909169923,1.154709270504481
683,0.5252733630798099,1.0148588089303392
684,0.40455760373617056,1.005368282508487
685,0.4522086753736903,1.115570791903097
686,0.3588919593094032,0.9812626593310079
687,0.5257334516278285,1.0081074973866946
688,0.12103209813594427,0.8929985819051147
689,0.4487039002193403,0.8359541867399677
690,0.433816182055734,0.8731590126262582
691,0.6594598454939565,0.962573273596802
692,0.36501512466548947,0.7235748485405679
693,0.5986946357715902,0.7729136924835748
694,0.6059135991483151,0.9145868940510339
695,0.571402591800609,0.8572031841902352
696,-0.03170609432721302,1.0110812967730718
697,0.33693601126506817,0.9574904178331186
698,0.70331911070185,0.9073356574572491
699,0.44053156365149965,0.8475089268349304
700,0.539710093926857,0.902314541179453
701,0.45962689223418374,0.799889246446278
702,0.5272164979378495,0.9726471928232141
703,0.35977816249352906,0.7399993182891137
704,-0.011898450223633512,0.8128940329079705
705,0.43166038115323735,0.8823121858861029
706,0.20782575649609247,0.9122845799934793
707,0.21676673798648916,0.8286822033177994
708,0.24627056220199142,0.8197173273906238
709,0.5181619513565543,0.9372964325691068
710,0.3883865792408614,0.9475807660146837
711,0.38057747496742533,0.9682435107758616
712,0.0771361111275398,1.0006253198047448
713,0.14488294399589488,1.105486894819247
714,0.6087797973686073,1.187987119655469
715,0.6853186882732067,1.1718183244824094
716,0.32844678618289685,1.0325203664359388
717,0.4064736168735404,1.0173850277301686
718,0.03300709363467073,0.912221047616698
719,-0.13618662445335605,0.8985293179595689
720,0.2781170583172932,0.8378757133238423
721,0.11031415278968666,0.7600654056458892
722,0.33271032747298557,0.6874974026096154
723,0.14497978704163447,0.6336216977446464
724,0.42190581876767524,0.6890965573765379
725,0.5410422527326182,0.8024301033856279
726,0.394590307984469,0.9362507739327731
727,0.5491039442508449,1.0798607120939319
728,0.6279556850941496,1.0918617458808249
729,0.3656569974225746,1.180917848588297
730,0.18703169946954584,1.0007743387796786
731,0.2701800737943882,1.0813811397604414
732,0.36429020380339466,1.0209309039076264
733,0.3442466894442879,1.027079634564691
734,0.5628421087685811,1.0589190441285603
735,0.454156364146102,1.0171017811135354
736,0.3549712033224071,1.021688944078878
737,0.29454485822714277,1.1158166533902565
738,0.23290550079557612,0.994881103852864
739,0.47760175398098226,1.0022522803554017
740,0.5078485546903475,0.9695144771122935
741,0.1957639347762359,0.9247742664774395
742,0.4395988289956368,0.9700591943612406
743,0.522127187099579,0.9971906423582124
744,0.401206241552721,0.9581084464162852
745,0.5689247958113459,0.9691938732652711
746,0.3936272398887513,0.925727211067314
747,0.3861125676619128,1.0985839217939088
748,0.24604216502481144,1.0314160795606897
749,0.5565137902392193,0.9859574572548363
750,0.22135648920223927,0.9526577876242522
751,0.2800323420087347,1.0914100698287255
752,0.24328941785629699,0.8929232401118398
753,0.3515686874078436,0.914909525885177
754,0.6281716290014279,1.040831656424978
755,0.1754010807807245,0.9347596952995691
756,0.5030018098641247,0.8939119491027774
757,0.187017274927207,0.7769086221008336
758,0.27374190155011646,0.7901405180036168
759,0.4215675634500886,0.7738862304197016
760,0.5617107550570873,0.9226257901153515
761,0.5969131994777598,1.0837149161193993
762,0.6573778077808634,0.9277407748663328
763,0.7157417272932101,1.0077121226279646
764,0.40185563741604313,1.0859140133500127
765,0.13613638900774852,1.02411579918061
766,0.13351267970397573,0.9892066236505489
767,0.6428359300212689,1.0212456824312017
768,0.32348761829995254,0.927859041402795
769,0.27542733903744987,0.9578645966915581
770,0.6494065422876334,1.0762361065958659
771,0.4459080631905022,1.0635664598555405
772,0.15529282042256876,1.0726443391170728
773,0.43994537178106763,1.0687741306398373
774,0.4691566715330175,1.053890673266774
775,0.2550932405542941,1.2122700810619038
776,0.5008507107634226,1.157236626758433
