t,lambda,delta_s
1,-0.5370428277295798,1.2048369519699018
2,-0.014527970347108331,1.1865918992481044
3,0.272863759229495,1.0425166272824111
4,0.7999204455508049,1.0421701649182615
5,0.07623207877172233,0.9778337542173917
6,0.7054627757657606,0.9545922201350624
7,-0.20692627876390032,0.9130407507227314
8,0.7995612422541374,0.9432516487811969
9,0.740839692406185,1.0439981146863633
10,0.5300885886612707,1.0214585890754024
11,1.0163984924503628,1.025959403179947
12,0.4662777769992304,0.9158029241691298
13,0.5191610662490233,0.9145438603536961
14,0.3500250869388,0.9843486183283068
15,0.26922187757912613,1.0529047425985572
16,0.3062681649445753,0.986396098146314
17,0.8471745306341654,1.0155557379502418
18,0.9291423924022636,1.0676718708560327
19,0.44064330227053566,1.0587204245852135
20,0.33081096634656326,1.0197366473985048
21,0.06037421503367653,0.9154008643357585
22,0.4875987113018281,0.9094948968837534
23,0.34181487776056035,0.8705433492676833
24,0.506197689697183,1.0099860180642535
25,0.6151378911831634,1.0620390663415136
26,0.17679730533563423,0.9814639123719661
27,0.7020699203651467,1.025360112383215
28,0.8613539033364347,1.0768076021663058
29,0.46595525961188833,1.0075092758421231
30,0.6842555673690495,0.9329487375082993
31,0.5592065537370191,1.0529504208543363
32,0.8434611509218057,0.9775939860542024
33,0.35233520751885883,0.935208139588891
34,0.502532957633504,0.9028810022829499
35,0.1902422929701391,1.0559611382411611
36,0.26917259933439236,1.1396787797281627
37,0.2806019303032395,1.0274675113662604
38,0.031416329437150746,0.8860186934097041
39,0.1684369597814067,0.898750462185252
40,-0.061733943511306025,0.7090633980025342
41,0.42503593676573165,0.7298352545454954
42,0.5996464476169845,0.7940968864446079
43,0.4216139527530494,0.7262971327438836
44,0.5497864257010194,0.8970467429557747
45,0.302692504191317,0.836158904889512
46,-0.2325148011152321,0.8426226101492967
47,0.5592200853176147,0.7896839153053795
48,-0.09005386312251659,0.7239545609809908
49,0.08814227889479576,0.6421958828776443
50,0.5922137525530783,0.6662408510122367
51,0.33971725484536525,0.768201455799406
52,0.45825347436417024,0.81685974472045
53,0.5898307074843971,0.7872857194160023
54,0.5600380165030074,0.9661818057907507
55,0.28006812814333476,0.8156475290173387
56,0.305767709543761,0.8048143942141096
57,0.5479997265067837,0.9783849484924863
58,0.41268192787655594,1.154106070576933
59,0.31013951335941436,1.1240387402781933
60,0.4124901053670014,1.1289545443083988
61,0.3324878884148537,1.1082764268715164
62,0.5587034941381395,0.9868064136597291
63,0.28997169164661485,0.9472412093029285
64,0.2980336328215495,1.0161606230559637
65,0.6749156436246686,0.9340818361037545
66,0.3395568082448845,0.8644065894379878
67,0.5426298496647236,0.9070493665635435
68,0.7002513481701832,1.0133950115432406
69,-0.10530426933544146,0.8004562760520728
70,0.27743314572189887,0.8014191664207283
71,0.34031612088792823,0.7537966362829949
72,0.05740326557883459,0.6574423470100212
73,0.4882803382601277,0.6218196295090972
74,0.08038985973399101,0.5690521725278846
75,0.39728393782883825,0.7067973047454765
76,0.4838401035207889,0.9472053193722798
77,0.09637113696408373,0.7490838507169566
78,0.5581726128896516,0.9086657308675513
79,0.40986998925320856,0.800941128343801
80,0.05642993286821438,0.8239529253626959
81,0.5353052244643837,0.9217860554506117
82,-0.09930250900167564,0.799124150184796
83,0.29020822821430314,0.7780578575263204
84,0.3716439132620113,0.794388521659324
85,0.5107965171784484,0.7813563920032267
86,0.37454722754600867,0.8183707449233661
87,0.40747480949848613,0.7889287571162094
88,0.3482497619826006,0.9284359686408603
89,0.13486241556314416,0.7519478514462378
90,0.3811432353039198,0.7459196093057648
91,0.5215084208207287,0.8258421128666427
92,0.40804866776773807,0.9209069442142543
93,0.2697941300026936,0.9283790850567686
94,0.14261032904338158,0.8518976816482763
95,0.41868377104638926,0.9332913961761048
96,0.46097404588736907,0.8529682042446071
97,0.24369036463698537,0.8160225134127359
98,0.3997382195497773,0.8878508710940981
99,0.5187216057105811,0.9316716371466838
100,0.5572355263739968,1.111055428058656
101,0.4461620665509273,1.0738838208951305
102,0.7334506280233996,1.02820615160913
103,0.20626763508660226,0.9826697810955621
104,0.5098837961077719,1.0428731086034735
105,0.8234764768109413,1.0533391157003056
106,0.5540724775770002,1.2129328623716944
107,0.2518278436916067,1.0826669328000011
108,0.29561266938847564,1.0068936919283058
109,0.20049196232724195,1.0235586641409233
110,0.5401262893895898,1.0843345853898982
111,0.4831202375335756,0.9876412585180849
112,0.6062162816739511,0.8922625612085344
113,0.28121698694666214,0.9093250807458784
114,0.34747816635800277,0.7800612187778215
115,-0.1384382094134154,0.7634041879083455
116,0.2970281818330272,0.9514831849778608
117,0.4730557181810371,0.9207788514479139
118,0.31306040243146827,0.8528303854765027
119,0.5619171302119477,0.9291073460859441
120,0.2502836705754069,0.9596389510351871
121,0.4221723372445119,0.8682978592150741
122,0.6164724615094933,0.8773265231498826
123,0.604288477169742,1.054242461220193
124,-0.011078850053357637,0.8399477729094224
125,0.15136351489290065,0.8229524297417303
126,0.46695433757208027,0.7136610681795195
127,0.22312852253302165,0.8375780055907657
128,0.33353480547643943,0.9565617798535948
129,0.2697949848464833,0.8137814448350522
130,0.3026325863241872,0.8250410668674857
131,0.2557461753499247,0.6686164181976233
132,0.5605700869598204,0.7863544140997558
133,0.6469091370034714,1.0012912063539792
134,0.6488288505910756,0.9258672960631626
135,0.6788326058681114,0.959696055911783
136,0.8674174317307554,1.0403765670794691
137,0.4592726534005215,0.9444119834175585
138,0.6026424648893988,0.9509639423731823
139,0.11310125545844499,0.7699580024083585
140,0.7412983172855612,0.8124125579499403
141,0.6153530334623744,0.9199858111488088
142,0.36633679956763965,0.9249886087759182
143,0.17483445328745528,0.9426554673920327
144,0.5319332374095861,0.9929458194363114
145,0.1431972509573146,0.9092403308496496
146,0.5371402433423738,0.927615532013705
147,0.14429394691428007,0.8693708813474924
148,0.622271501076794,1.0008626918921022
149,0.532384350726889,1.1357390135639058
150,0.35187633411862485,1.1344475570393806
151,0.37818196279930316,1.0979801739552348
152,0.7494397668571731,1.122022664053453
153,0.43823443141711754,1.119584055999679
154,0.5728515607057962,1.1725905160717853
155,0.5865091104231729,1.1514544722189988
156,-0.06872243839614423,1.0523112644407457
157,0.47263530943678983,1.0603177212686885
158,0.4348768624968393,1.1150122439985748
159,0.48251638006528125,1.0795310160404903
160,0.2921142312878643,0.9967242652060853
161,0.28113042936390703,1.0633793344339049
162,0.61749789002705,1.1542057754244401
163,-0.08420889760653281,1.0285637991281948
164,0.14984573969438417,1.0232395220371777
165,0.42557884854745814,1.1416032678386767
166,0.36232179074034787,1.1098087804865295
167,0.4960396241625271,1.1142206075416792
168,0.5293889433765783,1.1250041626261598
169,0.18514736319971853,0.9876280821179796
170,0.22944444444530024,0.9085331986085855
171,0.42496409421335796,0.8522201246993591
172,0.5355452267109423,1.013084370381939
173,0.4175613650800439,0.8282821804829467
174,0.26109253465179894,0.8154361888220372
175,0.32453550582110297,0.9199100140250502
176,-0.04603499972384338,0.8246324002542483
177,0.556909589616319,0.900368213350632
178,0.4933659623004369,0.8641359824908006
179,0.553630594098096,0.9513712872656503
180,0.5284661422765605,1.022626462906363
181,0.5088382332170229,1.069173534421044
182,0.36291825214832757,1.0092478804955294
183,0.04600721344421392,0.8534568064451152
184,0.40694317869619145,0.9072482595115312
185,0.6658374917417699,0.9781662896384112
186,0.29373867513066293,0.8543224112712495
187,0.4795832114027419,0.8871968601101514
188,0.49735655569270687,1.0533255119230678
189,0.6436698617522789,1.0521449696662735
190,0.5771366469313127,1.0929945611714862
191,0.5234040370551917,0.8638303758357562
192,0.07099413346345654,0.9238145592939844
193,0.1761008411842929,0.8114935410070845
194,0.38474657344871566,0.8750995898866433
195,0.3687923128159916,1.0195574655290256
196,0.3832781323770779,1.0359273369557775
197,0.295641541633934,1.057303771771194
198,0.38464490271968343,1.0009698372799345
199,0.4588082971784354,0.9426350712228122
200,0.3815841093461843,0.9284838209678308
201,0.4100800827279161,1.0121716393809943
202,0.5279343927886166,1.0634889328810877
203,0.34301259456479427,0.9927393876320608
204,0.19978581198454157,0.8900632116883763
205,0.619021679176043,0.9164975709169608
206,0.00884939494845795,0.8467933852219389
207,-0.0024896558111229495,0.7086320032030752
208,0.19843276912435143,0.7419358799650545
209,0.28823765953496455,0.6142553542657895
210,0.2705432660553191,0.7109647997624563
211,0.15392463646028284,0.6037747985407248
212,0.2792751142236727,0.5911129546249155
213,0.15230371174194005,0.5259901564692754
214,0.6000126717367565,0.5004042662684862
215,0.308687438127461,0.48708455211434715
216,0.4026323579661173,0.40645780896120703
217,0.12330480181028565,0.5230330054194401
218,0.6248067889320368,0.34368981760625605
219,0.47446245535066844,0.4155406136969616
220,0.7133974899174991,0.5003373639991784
221,0.7251066676094143,0.42520305259945534
222,0.5002367201247185,0.4607135252651899
223,0.2748937566753341,0.513055811550807
224,0.4153900219581726,0.6139844667960151
225,0.3274667244234829,0.5755864147071686
226,-0.3144567957224737,0.5111752431626725
227,0.3752259285297398,0.6077751048137227
228,0.5300531277165538,0.673536990771535
229,0.784245176032889,0.6071373810747404
230,0.6778813720313029,0.7125626986557889
231,0.5691389349855233,0.5859175882389793
232,0.48912918870479555,0.6247224848454946
233,0.270909408959856,0.518421194943356
234,0.5191384333631726,0.567786540237868
235,0.2504097178869111,0.5402391262481423
236,-0.06353480164555798,0.5218001278628405
237,0.3102511721602063,0.5342850409193072
238,0.45215687602149907,0.5427166041280223
239,0.8107150999100576,0.540219920164523
240,0.08231103928513309,0.6079114321453984
241,0.7686078341028549,0.5424860618613947
242,0.4227798876545227,0.6743335229524534
243,0.20606773180511337,0.7803674040286975
244,0.11847578360650111,0.8045060720607528
245,-0.05017021687618896,0.7070043018429922
246,0.4976081748118075,0.7363177001133044
247,0.6211365701946276,0.8109957177216404
248,0.006549417137242467,0.6890213287138961
249,0.09395547919118717,0.7991072695809132
250,0.5766727194072618,1.0146923948868316
251,0.0731268150492956,0.8837244556703279
252,0.3444274180546453,0.9578527960152959
253,0.42690336698171016,1.0995906571570673
254,0.4352531243796985,0.906546833682426
255,0.1662079781112928,0.9786376227249952
256,0.47248061389478685,0.9150274456353275
257,0.45928528982715666,0.834507075173147
258,0.5002186804652077,0.786900667779907
259,0.779480606231812,1.0373768373725294
260,0.3769753669490012,1.1258487838316755
261,0.3890361055092131,1.1187887982291271
262,0.39845566629288953,0.9961509836389141
263,0.4727882878948957,1.0161250778467807
264,0.24520801156852004,0.9380474661326417
265,0.5011699426223982,1.0057099830833913
266,0.5454946613851647,1.076867092999753
267,0.3987530779450609,1.12767591427591
268,0.38365078887111104,0.9597321044788256
269,0.44074535078696253,0.8657489143289616
270,0.5189155236383323,0.9395987726999055
271,0.4890241657441353,0.7990240759493805
272,0.39226129505200286,0.8431996779993834
273,0.5448006490395684,0.9035176902487883
274,0.5343835893877432,0.9200928522163935
275,0.04047718563948156,0.8633260385722398
276,0.13846879133742585,0.9196610443224679
277,0.37118593106534215,1.0338209946725818
278,0.4990914805728944,0.9080438157384728
279,0.09112327846586316,0.8697130679380277
280,0.3019192149459983,0.7319982537856635
281,0.4169039600300207,0.8120714795519302
282,0.4012958036380108,0.6715946918269038
283,0.14456354322199164,0.7365485433739951
284,0.5007772111192376,0.5958803583884505
285,0.2041233253139966,0.6518491004398587
286,-0.0038983422084156536,0.58601197661936
287,0.055824548004764635,0.5395026019626002
288,-0.041034346159438975,0.4522444373835376
289,0.014388387754683329,0.46337688365306656
290,-0.015918561443642773,0.47935860844851796
291,-0.006121331435817416,0.3945954054844479
292,0.005370567233409277,0.42198961645007377
293,0.7155430206089017,0.4828077229800595
294,0.4048145300344328,0.535053947427897
295,0.636125071726619,0.4375187906865804
296,0.7717891167625895,0.4186082693381512
297,0.37196001737905393,0.39531099486376625
298,0.5945236386053779,0.46689852996787207
299,0.43023567617624453,0.46305955703524165
300,0.3568927901564657,0.43124598633610883
301,0.5015239975518537,0.4967969266082521
302,0.47968322911731825,0.5191796265716407
303,0.33483075476533436,0.5392407437737915
304,0.9811522267550427,0.549339766031658
305,0.15131929698276386,0.5448733879940545
306,0.5045519169012581,0.5951530609644673
307,0.48680030288980247,0.6494585248201256
308,0.5701254145586386,0.5953136068645731
309,0.3646604343420917,0.631978515943621
310,0.6755538408013291,0.6833262596851554
311,0.5052722873664448,0.6136469988505354
312,0.36123221742186296,0.5999548577995214
313,0.2707335357008578,0.5199115357711769
314,0.5570250881318335,0.5705653039665767
315,0.5847293666094023,0.7107077312873141
316,-0.20088276163753238,0.5605557705482055
317,0.2455619211803005,0.6111312696983592
318,0.32272049101459527,0.7578815077346805
319,0.6748162105390599,0.6715774022409939
320,0.45322128960172275,0.6988608320170325
321,0.39324977567445385,0.7097453386243381
322,0.02790058256108848,0.6332066969915551
323,0.5293429805303679,0.6704041761884875
324,0.2756279969189713,0.6307572722448801
325,0.41659254110339167,0.8171304442970075
326,0.39313036934394435,0.6883139787252365
327,0.4947445823735766,0.7807784426983019
328,0.5193419803202548,0.891996962190012
329,0.11551990290771802,0.7560587392667912
330,0.2296611573359406,0.745654984864052
331,0.35581451099591166,0.697841915846931
332,0.3437653491480365,0.6027789741867778
333,0.5177545574618476,0.7205408364648127
334,0.2780175443662298,0.5735991329115523
335,0.28241764870500474,0.6323020392356838
336,0.17072277632586785,0.625886048122588
337,0.4987217502606947,0.7121388081951641
338,-0.027921752496365502,0.5304369605543989
339,0.05905758827882038,0.5674796316477954
340,0.18044321709654626,0.6120517782477777
341,0.37755296884950407,0.7117634826314017
342,0.5380040498589456,0.7912446439198887
343,0.5314790173653774,0.9171141404485132
344,0.3755525253378523,1.024546468371956
345,0.532776372249232,1.170699243284594
346,0.7049424098176088,1.1083243338342992
347,0.24221340209372683,1.049036159654423
348,0.3359105157497491,1.0216537859241153
349,0.6367755266817856,1.1062607522015877
350,0.4005836927378784,0.9775029981846065
351,0.4563941051620312,1.0302723388014088
352,0.6484964656620767,0.9876776758194505
353,0.3328562446878293,0.8108527392042308
354,0.24176623748465037,0.7814888585284215
355,0.4651968582214981,0.7809629781979259
356,0.4108542159915541,0.7354325814862831
357,0.5075480458014718,0.9724834987244806
358,0.368570443933742,1.172722298810828
359,0.5432588226743427,1.21116578191672
360,0.35881072972432054,1.0223454637566214
361,0.6314199245020503,1.0962061869217596
362,0.3724371284822704,0.9689219399108311
363,0.531738336954256,1.0415648628138487
364,0.5604758035153081,0.9306325086825642
365,0.25149679992432755,0.8770694155940366
366,0.5705795172833033,0.859299703040978
367,0.42469819746757853,0.8200950634574056
368,0.37171850081568936,0.8895719888355044
369,0.4626447650461299,0.917367675970787
370,0.5019769920804641,1.0288463963025676
371,0.5769246137019137,1.1096486252853246
372,0.19973837751576343,0.8689283275256258
373,0.31328439392292207,0.8997249726694745
374,0.5237349260898121,0.9274585633083829
375,0.1941523603124668,0.7408917218703227
376,0.14781529936142088,0.8446494883301967
377,0.4702011599066852,0.9564728643400395
378,0.1888939186605556,0.7506977943288521
379,0.4517974869871151,0.7881272456972811
380,0.6144800914639678,0.7699721339591367
381,0.4174119106775083,0.7820076450682345
382,0.46528178279544247,0.8380330772743667
383,0.24562134432958777,0.8358063905978642
384,0.4909458900854523,0.7949449546028889
385,0.5153000530992334,0.8630804401843284
386,0.147895621929781,0.711371894698678
387,0.28220799231512445,0.7335396507078372
388,0.3409680988793766,0.6941991084708103
389,0.3953716455352884,0.7646540536533413
390,0.09795841855375893,0.5949935465016489
391,0.17200588412792536,0.5985730475092638
392,0.5718045325073116,0.6900457849190631
393,-0.008933837510233175,0.5279134648438991
394,0.24986110167099415,0.6965055149404661
395,0.43654329297938615,0.5632409512234994
396,0.4878644787166079,0.650342647590172
397,0.5961279156761425,0.5388264130580137
398,0.6414477892359495,0.5307808927237524
399,0.23994271693405417,0.5718158332577821
400,0.48039098549894194,0.6201108789017382
401,0.48181418227063105,0.5481864178259883
402,0.22275225614156063,0.5352909867685014
403,0.608261222686653,0.5538050714649358
404,0.4077918100207865,0.5838156162198833
405,0.3064659259889766,0.7241193807174199
406,0.5727053517458996,0.7875000571821712
407,0.572834461672595,0.8485371139801288
408,0.24476140282824044,0.7694404670889797
409,0.566344367084517,0.7896718859886253
410,0.1223063611740427,0.7134464734594697
411,0.3264860969952291,0.7437834080633011
412,0.5054810597018469,0.787927408404468
413,0.43095949983818044,0.8039960071248772
414,0.42605845615435056,0.8120423234507332
415,0.006140637719618349,0.7816402694074926
416,0.7121335621994775,0.8548119075763512
417,-0.11445501995390382,0.7418403599626029
418,0.5074952309102168,0.8659343569876756
419,0.4904256936426007,1.0089345611162903
420,0.39661359090168924,1.0547060101140908
421,0.44775580895934247,1.007216889803685
422,0.31931235989166734,1.00350784632806
423,0.35603062372862143,0.8233208630365508
424,0.5581692047514484,0.9425751616426881
425,0.3235517804653079,1.014614494041865
426,0.5037972740485901,0.8477028271677215
427,0.294382946014981,0.8224138946088775
428,-0.02809708382212279,0.8944554458541978
429,0.35880615167622043,1.036497059006149
430,0.39770002393852977,1.0071616288353278
431,0.4873272632361686,1.0975773466178977
432,0.4355468554643386,1.1067626281040772
433,0.3690938237919907,1.0681335557065017
434,0.4369133542979316,1.021404699891806
435,0.4974463622341181,1.0046540440576364
436,0.670389676616229,1.0565838001848507
437,0.5980470314649713,1.078121985102986
438,0.08982331592096694,1.0180758744697025
439,0.40353137105866577,1.0459162023593394
440,0.17663438391392716,0.9802027738463422
441,0.47453343955197386,0.9110774895476124
442,0.2506818393902572,0.7781650134832676
443,0.7701743412909772,0.8161765591745402
444,0.45531637222599447,0.9365793126933494
445,0.6351387585615935,0.9772206656771195
446,0.3920162641311923,0.9324719921100806
447,0.47695713109116833,0.8711401841786532
448,0.5066938729335059,0.8287591330004582
449,0.601706569861522,0.8993108044432382
450,0.6932659226733519,0.8385725182408512
451,0.094983243288199,0.7929642137226982
452,0.7553200733696395,0.7407994168934433
453,0.8971256752251873,0.7980199154644707
454,0.2519604044491395,0.7864635602812948
455,0.3374710000427223,0.7208572434398068
456,0.1377923289251957,0.7353008996427994
457,-0.05015431919093041,0.8072814465951705
458,0.42919278450338105,0.7826476113878407
459,0.19885144151606265,0.8230589373058395
460,0.2527587909672637,0.9146098532083061
461,0.5253531670500349,0.941179658005406
462,0.27746026193057755,0.9141389934045628
463,0.3142523076760547,0.9573413664194537
464,0.3711665470403105,1.011632400826684
465,0.66761400457425,0.9422937652066058
466,0.5453220375558726,1.075478706796089
467,0.4741481351941651,1.0458275261070236
468,0.1631661103568916,0.9697167994270055
469,0.12202126406483094,0.8478069386013871
470,0.3962326938279591,0.8412478972632716
471,0.3790788920218487,0.8114107461860102
472,0.5972176818065235,0.8864223868611065
473,-0.026986585604777624,0.9277822906700918
474,0.5736731663427999,1.028953696413218
475,0.7960451796940166,1.0524365895994383
476,0.16455582560249937,1.077811118369225
477,0.5190267719348124,1.0558440124759523
478,0.43146102648436613,0.9888175877476951
479,0.3373114590722256,0.8662035004719046
480,0.1208249527179948,0.8054797479322191
481,0.04670817572326196,0.9119428626856567
482,0.22277926294179198,0.7468443561133582
483,0.44025884245852187,0.8553547092681714
484,0.5636938863912876,1.0611933786328407
485,0.4387467811479914,0.900448191606481
486,0.2489559449949038,0.8738705765481077
487,0.41952249986857026,0.8943284154811117
488,0.21040581631753835,0.940755406709954
489,0.19914213200134206,0.9194573989305144
490,0.510812980401674,1.016921077059956
491,0.15809127069603818,0.9175517047829604
492,0.6994482442148231,0.8738821432085045
493,0.5141375128858601,0.8454671657964306
494,0.6405614778735519,1.0039000211889535
495,0.37359315035478985,1.092398002091695
496,0.5722541073154273,1.160815054065637
497,-0.06328896703787423,1.025904191589417
498,0.4293636969678937,0.9405493781246048
499,0.19061673612579802,1.0292942740834508
500,0.3655446797224644,1.026862508143194
501,0.3285476152207139,1.0393807385795144
502,0.509390720384366,1.0444331739165256
503,0.6797398724076881,0.9631052052776888
504,0.753738413254313,0.9011928239535962
505,0.4348974086131859,0.9027752637204163
506,0.37775908440249634,0.8686789485117724
507,0.690692297996467,0.9432415799526228
508,0.19445338573642268,0.8148077727196543
509,0.43040983438817926,0.8512588295761624
510,0.2576366540086455,0.7755471848482729
511,0.3474554240416321,0.9440052446281885
512,0.6180221723645006,1.0054918223673561
513,1.042056268660235,0.9300902834687461
514,0.17760375853281704,0.8831778140408668
515,0.30001037753188814,1.019867607536166
516,0.4601574183762218,1.0640445882075997
517,0.6048963014497386,1.0232284820920514
518,0.4863215513398183,1.1074446237443158
519,0.05785466249968552,0.9200861731799191
520,0.32455542189686354,0.907272606366406
521,0.4688482167360815,0.976332737943891
522,0.22270156592467338,0.8911890125140749
523,0.5549291911052804,1.0329946163453192
524,0.26472812650531313,0.8168049001713997
525,0.3758074369799979,0.8751815992224634
526,0.23813075854533103,0.6752037220039461
527,0.4241723374284313,0.7575480549887933
528,0.4378014976842319,0.6426837024333847
529,0.3217816802975099,0.7279867797558637
530,0.07284507391285004,0.6056164602194842
531,0.1499030920648569,0.6771233353716177
532,0.47402615726339276,0.8209445388372929
533,0.07685859543905195,0.69478442079628
534,0.18515088915058972,0.6858364449059394
535,0.0849096114149643,0.5872093567192342
536,0.20776888236394075,0.6624706726274769
537,-0.04368025989284699,0.5409164051136253
538,0.3853462655246949,0.7007903594405215
539,0.5682133581074779,0.8577268954040631
540,0.4179602973506721,0.9901605549455893
541,0.5014619908080518,1.1173849939584197
542,0.6325389915014124,1.0645409141940725
543,0.3500150317253652,1.0446940968155998
544,0.7536925293164894,1.0862722626807801
545,0.47619102970449756,0.9509346963611487
546,0.3106198414613925,0.8799712550698032
547,0.43127649336430424,0.9219031396754428
548,-0.017794691719380636,0.9139884279295614
549,0.30540272715558064,1.0201286621350825
550,0.41464392448575926,1.0341381912047112
551,0.11214983145708672,0.9475168933090203
552,0.3234162258839349,1.0625730689506503
553,0.3237336227672586,1.207357852121888
554,0.38398218281919955,1.1326953603724788
555,0.502017271313533,1.0186462598655177
556,0.7004564466483804,0.985189043637754
557,0.26945818020170675,0.9356094941328005
558,0.3824117393465276,1.039087787728628
559,0.7486119464082812,1.0626412374577394
560,0.46662362849879707,0.9914598082590491
561,0.1942052727256645,0.9320503641156164
562,0.4311782391083625,1.0613046057832138
563,0.41491226237082346,0.8864881118074558
564,0.7695537633825636,0.9915580890310802
565,0.45804137523054506,0.9002513550598625
566,0.277087324675714,0.920321787140479
567,0.1496513811065295,0.8447464810135257
568,-0.05298631858735584,0.8496133689557497
569,0.3137611598008133,1.0784545132852508
570,0.23235894302845683,0.8897863555984887
571,0.3623516269475405,0.879618525148022
572,0.4727210022070771,0.9254752159438228
573,0.4232815754999412,0.8396384141400697
574,0.37591852787503943,0.8702080674514165
575,0.25208946088645495,0.9080588788706283
576,0.5499161484241344,0.9985155573509503
577,0.5750448408922052,1.043266494903023
578,0.47017665261020836,0.96155213754516
579,0.6836713901526786,1.0077217186855754
580,0.1258554544140706,0.8856377958309071
581,0.29851785546436366,0.8762066386689267
582,0.12411642616958059,0.9728496665112462
583,0.3064832375592095,1.0031576256924593
584,0.4716138849304051,1.0493009081805116
585,0.6066329875596642,1.0969668020356276
586,0.6713163185012286,1.0795394558916236
587,0.45823418237123237,1.1114407298088884
588,0.22278012705846356,0.903894285152266
589,0.30232840060074845,0.9569360962617575
590,-0.052341582628399184,0.8120179088469189
591,0.4169090193842538,0.8126319999624403
592,0.49237694596701354,1.0190397713204276
593,0.4688146075363967,1.0171959922770186
594,0.5031075463772258,1.0533554030890409
595,0.23253032407635288,0.9616753279544035
596,0.24388671438470294,0.9423473315186699
597,0.3366791976869748,0.9764562732387007
598,0.48625220238026207,0.8795374742192116
599,0.16184428961686947,0.9126137547260319
600,0.4243802298184483,1.0355437763451052
601,0.32965533310075745,1.120079927568891
602,0.39155961116098303,1.0757024943900064
603,0.33839205328627964,1.1032552507696611
604,0.2979777026920235,1.0628727041956898
605,0.4243100190732386,1.1304000651143398
606,0.7384310614998254,1.138535066735745
607,0.9272244509897273,1.1165123134156891
608,0.6306835838992455,1.126265625371504
609,0.22914488284308343,1.0395641436921652
610,0.38526829699553655,0.9936138888479247
611,0.548075590446194,0.9814236706513895
612,-0.07721859113303557,0.9424950641641554
613,0.49276667788003825,0.9086031332563472
614,0.2091102468089785,0.9890696171622088
615,0.29467538838641727,1.1642010380744818
616,0.5251298098823974,1.1727047584942434
617,0.48313532908315276,1.1716990900210116
618,0.4587884233656963,1.0616300018107652
619,0.2566856593773443,0.9683296725465466
620,0.13297447510774285,0.8445062095294931
621,0.06860518007982078,0.7971720636711619
622,0.5020683780766266,0.9401855366919816
623,0.4371208589388258,1.018722230430983
624,0.6168970080261896,1.1097223980478383
625,0.07282937904070397,0.9857201724539958
626,0.27846796593697115,1.0549279795908006
627,0.3529527583740439,1.1002361729840306
628,0.517321723577942,1.0946115378852408
629,0.4033932235298434,1.0922549398706938
630,0.3679930747719653,1.175597060284322
631,0.48480867801883026,1.1357936954938306
632,0.437973727434308,1.1268122774008376
633,0.2768678014636962,1.1304535895967367
634,0.58411572734579,1.0821640409451774
635,0.5493003267495438,1.0111366606550714
636,0.5903221035332821,1.0134566048051306
637,0.6155570708243706,1.1503557557197135
638,0.6832143054079222,1.1183609437770046
639,0.3247558403175391,1.0584301164540424
640,0.5179426608794724,1.0620873963879789
641,0.0336904975462599,0.961313373070497
642,0.44033400831265107,1.0365650698303648
643,0.18664614043018568,1.011072833123474
644,0.4037422032174814,0.9614914111300754
645,0.4855624526871206,0.9801199169666049
646,0.2775313780465095,0.9460219165257585
647,0.5944520044056362,1.0890117843843905
648,0.4392077360938073,0.9637111085154112
649,0.4549934167352012,0.9893350268090517
650,0.4606434514004802,0.8883285297349692
651,0.46840138207743465,0.8690487820882326
652,0.848443952518919,0.8100054888566388
653,0.6524809742822837,0.8168587482620459
654,0.13003187685666284,0.7390251777185134
655,0.2733638111858356,0.8244372872111857
656,0.31915486221180644,0.9160489485015869
657,0.24813670711136096,0.8660370668940144
658,0.49284194334967485,0.7527667991485595
659,0.671469637484555,0.7527802984691258
660,0.5704796732372029,0.7785702465627691
661,0.537791432289036,0.8572064762755384
662,0.609490503685024,0.9881597415368396
663,0.6380254197608012,1.0803490284776744
664,0.25449160127100395,1.0348392393993824
665,0.28006440160621493,0.9937049414071063
666,0.34903570790695504,0.945378504368934
667,0.3763184796269452,0.9870840683256107
668,0.42353311130870086,1.0804885215804667
669,0.43419691522398657,1.1647880687990027
670,0.2808194306230946,1.0295323569436012
671,0.4796321611164441,0.9738501786693193
672,0.17241172300821248,0.9071501213529454
673,0.2525984126599021,0.9346565939100664
674,0.4667891738205027,0.8242103486997695
675,0.07645419932906235,0.749119950523818
676,0.3444033053269555,0.9094154972957196
677,0.621060888387683,1.015457674548017
678,0.6281224461957406,1.0579417879979371
679,0.6305673526918567,1.1042949182078858
680,0.22189649874940873,1.0473751728619223
681,0.37512395714809726,1.0762437146637334
682,0.31263353107275954,0.9400349090812687
683,0.2936418955138278,0.8911860863202408
684,0.5233241375376323,0.9754058752210495
685,0.11315018751099333,0.792218230209693
686,0.426540934865291,0.9133142718333124
687,0.4379189342145337,0.9268519639839079
688,0.4213970869255836,0.8189539095749377
689,0.20049561140976668,0.8949754764565896
690,0.6105394679627837,1.0203066256056923
691,0.754290306448114,0.9605454603682616
692,0.15816175337270894,0.9456085144506723
693,0.6904450572995439,0.9822012338888167
694,-0.024858006677652866,0.9671833638091222
695,0.0020070544971215235,0.8882921956472569
696,0.04069650795489624,1.083450397913782
697,0.589314077383782,1.0041254909758999
698,0.5982502522431508,1.0964983885717816
699,0.10045215929687597,1.0026446732290641
700,0.47266234446425454,1.0726843827254544
701,0.5099740698865098,0.9431649756711616
702,0.709252476388047,0.9051825119030733
703,0.11969515448265962,0.8090885113281684
704,0.10657988142969982,0.8058991833902509
705,0.2543586095776007,0.9019998824339025
706,0.40517071045594655,0.9194623418804292
707,0.5657205746685133,1.078153572578076
708,0.44476335137960293,1.0718128526176798
709,0.6113287709138727,0.9724444554803615
710,0.43677333306210664,0.969634764155473
711,0.5959370675886,1.002600822464067
712,0.347667294468031,0.9628413436841009
713,0.42874441922523227,0.9590992173941589
714,0.49317249029693055,1.0319780080777883
715,0.1176642072740007,0.9039936353991548
716,0.419457613057342,0.9744817670659818
717,0.34657520186603136,1.0135860084908241
718,0.36969591857793166,0.9375452290141074
719,0.2658056898467632,0.9236173333868345
720,0.286867682692565,0.828263849916471
721,0.3532461639233789,0.9079957274090088
722,0.6323165880100491,1.0660197985714035
723,0.4600738898443628,0.8693876089805151
724,0.18781112955103732,0.8691701929015924
725,0.6923214585161044,0.8097686324380672
726,0.672970864127943,0.9303059460686153
727,-0.1141191615188619,0.8205638310251067
728,0.19836110412321514,0.7743543743823764
729,0.4888230391242563,0.8904927189476984
730,0.43129917217017577,0.8283191056274707
731,0.7184065997692789,0.8935014525502203
732,0.4016434857010662,0.9683226222078001
733,0.48868753913376906,1.0697436978575332
734,0.5432339418848651,1.113491288412611
735,0.2759308646665522,1.0364332537979295
736,0.2962128460979489,1.0226838416952957
737,0.39478735582192753,1.0742456898022357
738,0.6764855359305774,1.0981403572425676
739,0.11743181504895515,1.044968434149086
740,0.5629238200816512,0.9359901400731356
741,0.4236090411621234,0.9568725549204958
742,0.6607994739828463,0.9530537662192121
743,0.20454178929143105,1.0214281050782226
744,0.4599987934963713,1.132523243195639
745,0.29268169404131766,0.9534823205967945
746,0.13778586430097012,0.9446421619052167
747,0.3884964099610115,0.946061667712393
748,0.22623344659901753,0.9401496967887389
749,0.4203630248408583,0.8800203796880943
750,0.40820516885338154,0.790773139280949
751,0.05527775946177165,0.7095017643306367
752,0.5932844954638568,0.9151701912848627
753,0.36392080662003873,0.9757263920512845
754,0.37827003201017584,1.0326382116950137
755,0.3043510657322907,1.0893741322061716
756,0.45170492902024767,1.1551498868999495
757,0.207856602836318,1.028516090347821
758,0.19830084705138482,1.0820473700753586
759,0.4089647850498144,1.0479136841234802
760,0.5880865381717185,1.0385898751189306
761,0.5725625631148534,0.9947098009760652
762,0.40696688070479414,0.9945069654365444
763,0.21920108352695505,1.01725960207637
764,0.664795261856559,1.097094022636136
765,0.7157810483698288,1.0763009370906027
766,0.7077576328925216,1.1023738261264466
767,0.582415016585142,1.028202473824662
768,0.3986011352710174,1.0161697458835022
769,0.5780365374478049,1.0497109731275316
770,0.443654199346237,1.0788153016876905
771,0.5079271586398504,0.9613071837288393
772,0.6216487339250363,1.0226642343420826
773,0.3931626965735452,1.0583558187561588
774,0.6877705566676241,0.936603305734481
775,0.28101405266965124,1.0049431409053162
776,0.5667934606458399,1.1388617794264726
