t,lambda,delta_s
1,-0.968635713698533,1.2000189505548526
2,0.7034014070895915,1.1454236884347733
3,0.032355160276908906,1.1916391196703096
4,-0.08001055371789521,1.2377559021908533
5,0.65474778145933,1.1884619811602553
6,0.48097641486570786,1.0920319932897922
7,0.36154361002292495,1.0061794525437329
8,0.5151100708610127,1.0422856587555653
9,-0.31651060097306316,1.0161126257904016
10,0.39395101282868783,0.8982121075099122
11,0.4334199780179204,0.9926863756455565
12,0.3175736234224358,1.1232566463968612
13,0.49937867608987635,1.1833188782296966
14,0.5227944957474839,1.1488683261573815
15,0.338508006616899,1.1255216300398216
16,0.5670021431564818,1.1516833375497562
17,0.372404822700206,1.161995628580658
18,0.35241508813977535,1.0792476936747375
19,0.3979467244064189,1.0759771141172005
20,0.5669898610565847,0.977161764251534
21,0.13602720830168671,0.9651027198754257
22,0.5074695796572464,1.0684548570772785
23,0.5458131135217719,1.095617016110598
24,0.2962648694104005,1.0818250448633329
25,0.5782947322702365,1.0584512754724262
26,0.4644757248421062,1.0846150340491298
27,0.5670551373929853,1.0462478305458716
28,0.38115766439799204,0.9931873420275918
29,0.3982224874191412,1.0872759661616205
30,0.1124005143630265,0.9733344027186122
31,0.23809504688681812,1.0410676145071838
32,0.12440745607629605,0.9436023047235061
33,0.31835203951538255,0.917570765980948
34,0.28325792455426074,0.9444233425986727
35,0.15890854796507514,1.0536495191794082
36,0.5666547518400229,1.0620178427347058
37,0.5082070455536788,1.0909614899810613
38,0.5879807869913236,1.0742729309740597
39,0.19549022030536348,1.0747106328612712
40,0.5734593620884932,1.1638429252310902
41,0.1301362588529447,1.066357953175935
42,0.37543790511826325,1.0251844717446965
43,0.3654385661521211,0.9722465790482079
44,0.2500502407646364,0.9918160703937514
45,0.20344841599981878,0.9046260511231425
46,0.32004546915541565,0.9683840640358093
47,0.22209983053143922,0.8201123401559425
48,0.4446572977571328,0.8951892481845991
49,0.3727754752167891,1.070803912060724
50,0.4134593579086545,0.904239466154431
51,0.5571833731187164,1.0527816317191634
52,0.656070314145538,1.1507789205175847
53,0.5345882212025465,1.0008089603556494
54,0.175577514178532,0.9900863686438425
55,0.3641820656117942,1.0755737831566818
56,0.34869812849488313,0.9339259431432942
57,0.20567744739731494,0.8903466366504748
58,0.2138101459857798,0.951903436195038
59,0.44625323289979596,0.8656927812396711
60,0.4675273653274725,0.8995019342240957
61,0.3241868462981413,0.8723029374853746
62,0.6320833427868596,0.8732809828499679
63,0.5433409880622926,1.0258009811419615
64,0.7009034808950615,1.0923110524750013
65,0.32694524132109154,1.0537319260822855
66,0.28277684600843545,0.9946525923577823
67,0.449742988616795,1.1061872575122307
68,0.6550460437389194,1.170338970925294
69,0.24865384057902684,1.0600697153522718
70,0.3540800491997272,1.0557573994089162
71,0.6652076154047171,1.0061931013684926
72,0.6519182046405131,1.067094620242424
73,0.09543608916019027,0.9786529864377467
74,0.6090394583006385,1.046901977647403
75,0.0869905414114352,0.8462418022186589
76,0.49504506171653556,0.8959826208560001
77,0.36176312576818825,1.0529726565637707
78,0.28865543494458173,1.1553556230815631
79,0.6152863542801714,1.035898968483825
80,0.18036672262400863,0.9770937847143706
81,0.07353265545021903,0.8572315947960422
82,0.28744415114547517,0.8495748590004653
83,0.5135045173485823,0.9381507744856187
84,0.033690005750297014,0.81365681503012
85,0.4849492648717906,0.8674870714521025
86,0.6634341602462349,0.8735511192984008
87,0.6665283141014444,0.850730290702972
88,0.5477281770386149,0.7742471505256896
89,0.26234235996586686,0.8704884561480389
90,0.2867545309707733,0.7207627234494738
91,0.2563088842302096,0.7765814761850087
92,0.45253193425869115,0.8697194035707279
93,0.5397587490963907,0.9800519257964304
94,0.20462824689070924,0.9892448786407889
95,0.5284197977875923,1.0310818963802442
96,0.4278139407158778,0.963113788450184
97,0.3793851202145176,0.9695270242561191
98,0.48475488353958646,0.8702290586021301
99,0.4843334211968154,0.9070184974867366
100,0.17906623484397127,0.9279493322306682
101,0.6244707119070448,0.9921824565917786
102,0.1751530699422465,0.9971590288029217
103,0.04438819634839868,0.9758423784785145
104,0.27934158445699725,0.8167705905351611
105,-0.0917696336788828,0.7753664405700654
106,0.42392590122075724,0.8586204727151432
107,0.4252934243391972,1.015471566836209
108,0.17006140645161674,0.8438814459156788
109,0.22613031837477657,0.9317451972207423
110,0.16125637212290078,0.7319621034902712
111,0.46377123467556225,0.7819656166585772
112,0.3369931550658854,0.7818686329438926
113,0.5671526913772352,0.8451435882285956
114,0.35980377745107134,0.8589102431370719
115,0.5182253615581542,0.7760372210925099
116,0.3940211757583468,0.9622239521398941
117,0.6214839780816244,1.1637293124999615
118,0.7560464931471773,1.0289788540054736
119,0.18240645924946222,1.0441727970556631
120,0.551291546241897,1.1313481525897655
121,0.44704221690800844,0.9961612296442968
122,0.1882603269733288,0.9570420246374711
123,0.3850537640192167,0.8380133031943934
124,0.574076276326809,0.915236365102718
125,0.1301289063037669,0.7856192812768961
126,0.47905575629562847,0.9378507238375762
127,0.35594887764240973,0.8688154553607131
128,0.07361406375020599,0.8086416526763768
129,0.3522975752759416,0.9502978231928247
130,0.01865312321226206,0.9087527912537473
131,0.46148847351769967,0.9149288612911204
132,0.5541016371813452,1.0126706434504915
133,0.09101360588281937,0.8420380750506673
134,0.2605630194974086,0.8892591246628017
135,0.364051972804789,0.9253888061556277
136,0.35997158072297025,0.9777977412291119
137,0.6295554283868295,1.0723396821142253
138,0.5860184931558241,0.9996221131693181
139,0.3353936406762011,0.9266403684070071
140,0.16578718882601273,0.9382463483751157
141,0.34942180463220573,0.9622167788482973
142,0.3885528406660409,0.9318473796426853
143,0.48363342352219274,1.0655069704031683
144,0.7408558889593021,0.8943761085490214
145,0.9165040846655773,0.9481681201062243
146,0.04041750596920845,0.9150640011347044
147,0.5736720636374986,0.8815392426115476
148,0.03218874950029487,0.7959017102706244
149,0.4319664657392993,0.9238793750734023
150,0.35174674686108637,0.7873008149685553
151,0.1985616447376739,0.7287145007101845
152,0.3033044903621935,0.669048540519959
153,0.6898689377274727,0.7159494514007975
154,0.16118757291525213,0.7492918740345066
155,0.18565644043534907,0.8402472171576287
156,0.3905591420287689,0.9853938735088674
157,0.3914235914889045,1.0846490474982735
158,0.39429949722130253,0.8789234404140074
159,0.4762574648377207,0.9488913914244348
160,0.3471134387216766,0.9891933598842457
161,0.5165658256527069,1.0687765873230046
162,0.45503061837123376,1.1402046804754706
163,0.35979144139851726,1.1453994573994126
164,0.5212968676483192,1.2375800891791262
165,0.09473050318333631,1.0909127364564002
166,0.19433149576242123,0.9556245441283019
167,0.3344423902481071,1.0715702783895118
168,0.32091961661668345,1.1300781855049828
169,0.2463422932076909,0.9485891829415648
170,0.30481572057537637,0.8978225813762313
171,0.4730191750969261,0.8840521284326568
172,0.2736040179140866,0.8138320847142978
173,0.6932295471976029,1.018997948945816
174,0.5149073952936465,0.9844665466556493
175,0.5038799076551342,1.036976108569815
176,0.31691819649034036,1.0516167419554834
177,0.15653486672113592,0.9653607276880972
178,0.5177880361016849,1.1160126277310671
179,0.5606006884825977,1.1098596555977718
180,0.5790493389764314,0.9697729955637192
181,0.07536461319574353,0.9134135910178492
182,-0.05480484067336022,0.8108897499517503
183,0.295500651220367,0.9184964225280032
184,0.3676367856094333,0.7984050809927685
185,0.4286466639779749,0.891049731773215
186,0.42885588184594836,1.0014170099348676
187,0.48999877916745305,1.012658813970069
188,0.5968713685602932,0.971217855533195
189,0.4156485563856716,1.0617935691980085
190,0.38434123051040103,1.1276249021350768
191,0.43382761574180395,1.1250751098380916
192,0.48104113052665876,1.0793784188225266
193,0.4738815249443289,1.0323335262071016
194,0.513185560359734,1.0459198130281344
195,0.10248672674940239,1.0195470686514683
196,0.4394095335203923,0.97809911445441
197,0.2746838167595668,0.8619413645894113
198,0.43639647575574303,0.9259669911124576
199,-0.333181013020605,0.7383481277778281
200,0.2617912928891759,0.8178521445761148
201,0.1417517532760137,0.7871297893464768
202,0.3545480307814388,0.7579312989688991
203,0.4631625025042663,0.7880024144377534
204,0.47636412868761224,0.8700558872059926
205,0.2057069925497259,0.7931040160632633
206,0.3033169710795179,0.7604589788258083
207,0.2937844988422549,0.7012716627865456
208,0.43145324431806487,0.8696334480407736
209,0.4995674312646928,0.9677070871563874
210,0.11961491414299547,0.839401690808501
211,0.23968622910871132,0.8940076028600394
212,0.36483011800826987,0.8252517666156769
213,0.30842918311572826,0.8040881414782928
214,0.5214902535800463,0.891172673985168
215,0.3853968429843364,0.921609026020548
216,0.2560645731002117,1.0176595841460947
217,0.49676351292474397,1.0603935064568255
218,0.4129432595209418,0.9767951696334352
219,0.4881068224905643,0.9404852883784501
220,0.5177206119617132,1.0691783637432468
221,0.280376578812173,0.931273457821496
222,0.3742171216740298,0.8131595042881142
223,0.27579215199383905,0.8144767510007022
224,0.39997141856240437,0.6989941792881732
225,0.26538664306062676,0.7580126026964682
226,0.25312959779108923,0.8367050398784653
227,0.42782780095650924,0.9580956190725693
228,0.3682302907206546,0.9649363949221399
229,0.5012517659632217,1.0375051788273861
230,0.23989186106851215,0.9945166375748754
231,0.5200228725209748,0.974724111136813
232,0.5244370084650947,1.0269319006554976
233,0.39674513766983616,0.9912076421090513
234,0.39242806888118087,0.9947806294017746
235,0.23885604287166332,0.9767149634495451
236,0.6802522696329396,1.012074981248475
237,0.4121665558911586,1.0790622774670708
238,0.5559423280803372,1.1171318749227643
239,0.4155778322014384,1.1130113154592547
240,0.29028169334326726,1.1453546255005442
241,0.25068828450550523,1.1415172641426714
242,0.4814078133402256,1.113610607604433
243,0.4055418605100175,1.0606341715643681
244,0.5624155159149348,1.0705285363971735
245,0.5266504273555311,0.9510885160850601
246,0.5080794460566495,0.976612670935387
247,0.5400116928587172,1.0527730221651013
248,0.4167293779080294,1.095649784985875
249,0.4292477729413807,1.0622885484811972
250,0.40783697813370334,1.0071118683538294
251,0.20342637499009292,0.9411813976672959
252,0.4539439534697715,0.9263048458416298
253,0.6059909113325233,1.0202459703707005
254,0.38910440783951733,1.114730401553333
255,0.47841000356582425,1.0989142141349817
256,0.3017169699754333,1.0132562108416052
257,0.015010104042751396,0.8628366692494557
258,0.3691958201796332,0.9751501067859132
259,0.20074970767197464,0.9398751471472798
260,0.21460349028040182,0.9221461516219716
261,0.4338445089550598,0.9493031103958636
262,0.3871008641163797,1.0396781062395695
263,0.48390092354243275,0.9892078066840488
264,0.44630447985455385,0.9354442342345942
265,0.2293018569123418,0.8139481702294004
266,0.47980420919614125,0.8576691594771272
267,0.5602440912394469,0.7968274629551932
268,0.5057573442183521,0.8977597033463324
269,0.5969142766238709,0.9630035237229627
270,0.365994491705087,1.0061392998718683
271,0.6476950422182858,0.982958983994651
272,0.4090369440376591,0.8761839464675202
273,0.3228876320924186,0.8213234382866071
274,0.547274580805307,0.780416623234481
275,0.3134386947712221,0.7178155719524126
276,0.7170386511902107,0.8734898050372172
277,0.31224922497755137,0.9803510872454143
278,0.7377156817380873,1.074207042486144
279,0.5124440115989759,1.0791168482996052
280,0.3654224035960651,0.8599965392858724
281,0.15305442841663894,0.9407035398878545
282,0.4605265831361125,1.0065000848756045
283,0.002208633482174438,0.908984120034534
284,0.03837689562139175,0.8612753366853635
285,0.40999808484922223,0.9473914630447338
286,0.11450839482661197,0.8593204186443364
287,0.21861543549015522,0.7539948823242961
288,0.46437383464499216,0.8800066719498165
289,0.45685253018940664,0.9957729435259973
290,0.44203071516037984,0.9976555068104709
291,0.377358484943497,1.0567977709513536
292,0.6695492306369072,1.0539858129505004
293,0.4323600496456725,1.1555422960201556
294,0.4009327934792619,1.10545705685387
295,0.25107101978143315,0.907335215798167
296,0.2895695487599933,0.8320414982630375
297,0.37753983933207197,0.8609362136707656
298,0.5323186509218024,0.9854999353046461
299,0.479277833654941,1.0559724131120989
300,0.18385989001343994,0.9378718151333078
301,0.36639399862310484,0.9737116575202013
302,0.28808700215401256,0.9674146291721749
303,0.17553244250323427,0.9063301629271069
304,0.42789879761004923,0.9336739922051155
305,0.33940474209555616,0.8913425823537812
306,0.24285321222436362,0.7978488875537963
307,0.20465581721231807,0.7519892790554782
308,0.539997370707731,0.729266828860096
309,0.3658196854628283,0.942512344381954
310,0.20259669359924562,0.7359968768008913
311,0.4896856335710973,0.8670731876469555
312,0.4483793025018261,0.7779026341096089
313,0.5649426212151873,0.8728985066814904
314,0.5585144427314193,1.0478559127783877
315,0.7349445589481314,1.1947489673957308
316,0.19334360785822755,1.1414704258131259
317,0.583126213452252,1.0516991463447334
318,0.3579762573900688,1.1038661115993533
319,0.14155231136283197,0.9867932480186874
320,0.47077250954098565,1.0626328040592217
321,0.5171905058521815,1.0052886930894191
322,0.1986046180673619,1.0357369648383836
323,0.37792966403433614,1.1589186775606344
324,0.5004304273788649,1.221582841035815
325,0.5789370725981008,1.1812180826279655
326,0.06372515284414443,1.1050711344655375
327,0.37695511276754673,1.1563317855559767
328,0.5201984934963509,1.255956260163242
329,0.48261990548064726,1.2272153338997467
330,0.22534972818717214,1.0534645502605149
331,0.5595320080742766,0.9824018968294319
332,0.05993948410812465,0.9217689041862701
333,0.5459468613537118,0.9208162737343669
334,0.5019212701466147,0.952502790922665
335,0.4827096964276041,1.0567534839658632
336,0.4117875132861436,0.9773966415354388
337,0.4550252193259855,1.0399009277805735
338,0.47473758196124966,1.114192259858085
339,0.5058720659089909,1.0590605067446435
340,0.19354495342372646,0.9913519984568032
341,0.6781659647016832,1.0036897863270298
342,0.19957236978052753,0.9654827675004457
343,0.40497824568143237,0.9057662937038599
344,0.39540803354559034,0.9317868362258459
345,0.4530190027736026,0.9613534091713241
346,0.41995737965472807,1.0042966647174683
347,0.4883359187265819,1.0801640026320705
348,0.4773797763503231,1.069041715180762
349,0.11255060230017054,1.071027463830615
350,0.2695879216991907,0.9190125919563537
351,0.2634968157916286,0.8748585550293523
352,0.21129081639989547,0.963721545665006
353,0.10751578145536514,0.8973076616991967
354,0.15958607184373538,0.7913558633421292
355,0.3407788358516482,0.7945110028598196
356,0.2802434149244013,0.7898256372822358
357,0.4759662531176366,0.8515204938823753
358,0.26908490197790885,0.8947729011218934
359,-0.057312784121228456,0.7039257524520649
360,0.3919706291318318,0.8022345447550293
361,-0.08403433518724827,0.6207504191956291
362,0.2689950806234084,0.6797260731944723
363,0.49456941964498985,0.8048425463950243
364,0.542903514779282,0.8967547971843421
365,0.23388364783496252,0.736888885510552
366,0.27362400261242453,0.779256192192119
367,0.1352042596570409,0.6431728258482597
368,0.311538408966191,0.7011624746326042
369,0.35482595998924454,0.8175413091746391
370,0.4724267232239162,0.9864978508605781
371,0.5474137328941012,0.9794741979092731
372,0.5285730006648885,0.8842239273244681
373,0.5578717459956519,0.9380901411889586
374,0.11055200486325448,0.8491279433625498
375,0.4147667958535385,0.7810369493038672
376,0.5714193085701462,0.7715685336646594
377,0.26119808838045244,0.6432230017259513
378,0.7050896554167064,0.8110568871682833
379,0.8116941401114105,0.902307495058347
380,0.5450648406703739,0.9213074823621704
381,0.481996862955826,0.9052340676784095
382,0.359477432735742,0.7777838452403646
383,0.380140840473173,0.7875162293042753
384,0.26452747322577685,0.695540652764834
385,0.4008340074189348,0.8043005420713075
386,0.013287541175662764,0.6765965340442832
387,0.49927996120968765,0.6994988814655132
388,0.4303515578334999,0.7491391022535153
389,0.16381375464102801,0.6216217160815555
390,0.4406575517329131,0.7280543692390564
391,0.33630724794036265,0.5248224815547999
392,0.47563604990732733,0.6059495194833535
393,0.4312116636325242,0.4402006434998455
394,-0.03682839914696838,0.4727220811574264
395,0.030466704440193833,0.3996442188103998
396,-0.13711833709876559,0.40540011391819364
397,0.5921434563413911,0.5172641285613131
398,0.324907240637802,0.6243869273283043
399,0.5569746424268579,0.7209333825824191
400,0.14092963423021626,0.6647337152529199
401,0.2897460168824928,0.7420069476887277
402,-0.0513895935728157,0.6055953854652834
403,0.4932428951006642,0.5405157493612205
404,0.40496843666159277,0.678114410816991
405,0.4711935311475894,0.761133166099578
406,0.38822093510156813,0.7040133645705978
407,0.18187977539889547,0.7739600636106236
408,0.2312337005788662,0.7746799025190958
409,0.4862277112537678,0.8207162070818327
410,0.31280889823875724,0.7194801642615768
411,0.3596366067450217,0.7050400242602619
412,0.1910269037996105,0.7068425590732443
413,0.16850698290551688,0.7218251956941146
414,0.5464693915564954,0.8108211269175678
415,0.5978346901820419,0.8788312189862947
416,0.47184137915794766,0.8411572220296558
417,0.4320193665804522,0.8321639225876605
418,0.06336546559455035,0.7671782933262346
419,0.39649156520869167,0.8591536216050658
420,0.525449132882582,0.9270283419049049
421,0.7619530408792841,1.0274005214974138
422,0.6730279171280845,1.043382237915227
423,0.51614291441224,1.0720200620856377
424,0.632244452581556,1.0248460240779396
425,0.1938368125908434,1.0996217990557957
426,0.47723032418287425,1.136464214149731
427,0.21316713134011772,0.9666968819500531
428,0.6100546233002601,0.9849696236434538
429,0.2642442320996084,0.9977760547401321
430,0.46287468855134806,1.0858870065377775
431,0.34398286509501724,1.2123955265876187
432,0.24194937461046062,1.1012372299289346
433,0.6937757656956723,0.9757366536498716
434,0.4227688906663453,0.9808245713705331
435,0.2976071325344866,1.0567116964369452
436,0.6164835291583759,1.149791610270313
437,0.8268392414570944,1.0456525169864541
438,0.3304168679696763,0.9091584511885678
439,0.4243240629500649,0.9252618514123183
440,0.3760107138785589,0.8478929586676935
441,0.274740316480515,0.7656235367322812
442,0.40589456687998415,0.8864197433281237
443,0.17807432195897727,0.7637317809586718
444,0.3850078794221116,0.8075638915340599
445,0.30294906478262984,0.8425095299968267
446,0.43951447176073505,0.8884798182011799
447,0.3312390337687881,0.7059887894246055
448,0.4007699841280323,0.7066318564986896
449,0.5548816536382457,0.848160119872429
450,0.5251730230727095,0.9018683518478032
451,0.14939691350125356,0.8035539124389639
452,0.6174221039116354,0.7598812918416339
453,0.23230361948856695,0.8855601635386087
454,0.004202167457487294,0.8294793880702206
455,0.32641157996608267,0.9542656308636892
456,0.23048963252359342,0.7753301069113864
457,0.6245364205801562,0.8140568026331134
458,0.5334634729432826,0.7401685912655048
459,0.30019933161395634,0.7845155627331541
460,0.3584718348169396,0.9078419790198766
461,0.28936254209395423,0.8920584360441401
462,0.20637803984568723,0.8772227698936882
463,0.14471026110501403,0.7854139395034592
464,0.218843591467704,0.8322385109877738
465,0.4076972156668376,0.9609330281715794
466,0.5786145086017974,0.8311025351639381
467,0.2823039927955664,0.8539642196217906
468,0.4242800217945576,0.9104524469788876
469,0.658760572664336,0.9482415647481186
470,0.25630017818298934,0.9689027603761499
471,0.36835937711823175,0.966926184105226
472,0.5023021079043802,1.011319034698949
473,0.6140290476123655,0.8943052203944187
474,0.50627839060386,0.9968223687705225
475,0.3234344341152162,0.8697531043556684
476,0.5121867244220322,0.88226852288435
477,0.12469032132978317,0.7684720237614012
478,0.31509154179372323,0.8464535384287251
479,0.6066833054267801,0.99719078133055
480,0.18545821497487333,0.9948471157620702
481,0.47912081035515597,1.018676632527772
482,0.49812626554914335,1.0529499864911447
483,0.6337505918555432,1.1112288321052008
484,0.539246965559862,1.06417074248644
485,0.4829363716202934,1.1451067213851327
486,0.4167657285572439,1.0605457692984606
487,0.2692293521398043,1.1072871546448197
488,0.637781533856586,0.97554490554197
489,0.5935568022375103,0.9376551801971874
490,0.5037217767216224,1.0083383457612067
491,0.5630905049008919,1.0315533209013454
492,0.5951099357768677,1.0994687292533263
493,0.5458555401075516,1.0749718510862203
494,0.5922644103952106,1.0016207779687865
495,0.6713434769643895,0.9187314323120258
496,0.3971746852655594,0.9153259038510716
497,0.5904156381878644,1.072652479990992
498,-0.09567262530639074,0.8857210075500253
499,0.3026262852058899,0.9791968208020245
500,0.1749225299678345,0.9281227787519433
501,0.33673559257233454,1.0247548882564999
502,0.3554029349986003,0.8609797310265619
503,0.5514457568961594,0.8630351589861633
504,0.10310480936802958,0.7489112795080589
505,0.4182618409249124,0.8635345184245978
506,0.536629094276817,0.9995472046713906
507,0.2967652539794669,0.9483755373438079
508,0.19386914602921665,0.9795988188496507
509,0.5159574301077551,0.9268534568261774
510,0.10150442944114119,0.8642674877792463
511,0.1283753462268235,0.8446702383050857
512,0.6889060772194403,1.0296192399091868
513,0.051196843536225375,0.8126557576451503
514,0.219208567431071,0.884673742981371
515,0.17119742823547798,0.8039853993293559
516,0.2705992130270068,0.8507761950230354
517,0.2483330570504946,0.772731946285656
518,0.35912743729939295,0.6636953794505134
519,0.45809265576691605,0.8184954443522385
520,0.24112593503738985,0.9815142625827841
521,0.5696357894147954,0.8633583963322166
522,0.44940533187623544,0.8358386679042711
523,0.8596323964614864,0.8489952132158137
524,0.5608304661241641,0.8530675474046782
525,0.22327650808023936,0.9000508166226856
526,0.27491015713863426,0.9246400591563362
527,0.1697235534773693,0.9354071719155524
528,0.27397776865839124,0.8614160156765014
529,0.28112525489286316,0.9192735290569539
530,0.40098031916145516,0.9522869453297369
531,0.22069540399662463,0.9816499762028972
532,0.21873344694163105,0.9382571703462965
533,0.4841113070264914,1.0581414259509268
534,0.3238078289472901,0.9893264490199202
535,0.4623146668289379,1.1032498650722151
536,0.240408244681193,1.0253476693278802
537,0.5403521933223651,0.9460218091970765
538,0.30657857513847087,0.9146315980183073
539,0.441892038927375,0.9617590546729811
540,0.32109938061148335,1.0000599099674978
541,0.34392410000551454,0.8561010077888818
542,0.6894593989226837,0.9673422967745056
543,0.19766723761218244,0.8537724859499061
544,0.4611135926915425,0.952353875451684
545,0.37837030157344814,0.7184492589068101
546,0.29737391748266523,0.7541378425890992
547,0.285894941258454,0.8822385530894424
548,0.22166313174900673,0.7894577732360385
549,0.3962680010985519,0.7792782274345162
550,0.342189989467886,0.8246740145190411
551,0.300332874188596,0.7353583302970846
552,0.13352074079483137,0.7485874230842624
553,0.1715946079463352,0.7027006200690067
554,0.4464530061570584,0.7023183160929435
555,0.5154150157500461,0.626986817230339
556,0.27554680499334716,0.617196487628747
557,0.6807935743814393,0.7227795381773944
558,0.11233427268673551,0.6225902983609137
559,0.565114853678171,0.6776128878499507
560,0.3849215607775259,0.784057297090758
561,0.4829071344393655,0.7546516619388317
562,0.5731433116701674,0.777821088229279
563,0.5723883075283589,0.8756527570572565
564,0.4204449212695064,0.8609310284495326
565,0.1892929801334114,0.8874487128935988
566,0.4305398771265597,1.0186732294510221
567,0.1915025876190293,1.003356081316864
568,0.4663829618440058,0.9643130049319993
569,0.6006525999635183,1.0513556011087084
570,0.3807907541380232,1.0838755329071257
571,0.608178311497219,1.1496610539799976
572,0.6840304773709192,1.1126822973494885
573,0.43823695660440676,1.0860476183433716
574,0.5189178221018005,1.0774782799682432
575,0.4587172155928067,0.9953745003624966
576,0.3321258403979407,1.025789460478733
577,0.10359033123685954,0.941949494049903
578,0.534286499544356,0.9365055956799822
579,0.22131423678526443,0.8157742833775257
580,0.3755298334658114,0.8342748009128541
581,0.05902187469674822,0.792340235136799
582,0.44741115362281225,0.7832297923327308
583,0.5164818156609519,0.9363537487906739
584,0.13152551045037827,0.8426898750248062
585,0.7085773212997974,1.0106481589745198
586,0.23070691943248306,0.8577557216609535
587,0.4614456143635256,0.759851980072581
588,-0.05790706117184955,0.767969090005232
589,0.5548613360278715,0.8057292887970993
590,0.3440293418206599,0.8270564516824784
591,0.3959478525951169,0.8924414376074324
592,0.49087166254589515,0.7514747905008313
593,0.6574181748430106,0.7996319755381297
594,0.33370035106309415,0.9493728611810985
595,0.28233494622947314,1.0328478876152791
596,0.5167078062527019,1.0942550416821382
597,0.3763023670048347,0.9973203593872466
598,0.332669062366753,1.0059638909085076
599,0.6296796600613539,1.0573864838702316
600,0.5730656921533119,1.1906177470519974
601,0.3164191017425658,1.1062707741861166
602,0.38689368530373824,1.0125875107757751
603,0.5065057724232028,0.9436799678221501
604,0.3412044731687747,0.8626239395345392
605,0.3000043515124867,0.9620428806202082
606,0.3134572029627131,0.8383003182838503
607,0.2170960179500928,0.8520767254491436
608,0.48473553893913757,0.9544492630407755
609,0.35581382981620474,1.108977155949786
610,0.2645971696240978,1.0306954556300836
611,0.13812929479509115,0.9525317900222721
612,0.05267687784347373,0.8496339785164863
613,0.3527168535445734,1.0552925094287138
614,0.5925790345200711,1.1470250107511333
615,0.5362125913299328,1.066788001468557
616,-0.021962265948353557,0.9015965895332024
617,0.5034085376610032,0.9237254032938673
618,0.43806809008888525,0.9990656745437948
619,0.47477836435034737,1.0100516623966698
620,0.24436091863133577,0.9697383020501968
621,0.47640088974860806,0.9395594087180367
622,0.5518056788287641,0.93087937139525
623,0.3209650362351899,0.8723634969157235
624,0.6235906348093572,0.9302082860809491
625,0.2951449443033593,0.8752155135460762
626,0.4256579673243124,0.9867434590852082
627,0.19517165786511978,0.8124962403997021
628,0.45394803023949265,0.8106074679875135
629,0.2339243809046201,0.6539183350433966
630,0.42188219093621315,0.784643627763056
631,0.8220255615975949,0.8590263876176526
632,0.6962914296546905,0.7468119370695021
633,-0.15919849383185491,0.6443291502183368
634,0.4524452870603685,0.6581813261481635
635,-0.2747093405867917,0.634626057232595
636,0.21717758815337349,0.8136344432219582
637,0.40502368601486366,0.8892735520961486
638,0.30139136990063714,0.7618035803898865
639,0.4508854448734202,0.7676186229316768
640,0.5080903290866529,0.9286558214281574
641,0.3502618844827376,1.0949169741154325
642,0.5265566362646777,0.9739053130007232
643,0.2768815948836147,0.9360258754794789
644,0.3331746376296545,1.0830328813591412
645,0.22877671559018387,1.1549346821637576
646,0.3869316248191856,1.2294825500586515
647,0.3884907233804989,1.2262914003312761
648,0.6631411071876563,1.2471647008908986
649,0.3400414947720756,1.089316140535544
650,0.4258634680636771,1.0695514925119651
651,0.33696990002051846,1.0361883219845722
652,0.31754271312084736,0.9843819800519316
653,0.17855523342329974,0.8075737477977174
654,0.6058524401760979,0.8985586007877937
655,0.5530300945688433,0.8451872886193561
656,0.2652982756836245,0.7995589855046347
657,0.4130395557557411,0.916316419527564
658,0.0832467066344517,0.6826452994283887
659,0.5216508956806061,0.8001066498718027
660,0.4597035378905392,0.857483745544082
661,0.46114512525104273,0.8121130533366975
662,0.5900200801829005,0.8578938396577607
663,0.3111577082975927,0.6947746787121954
664,0.06945510452323891,0.6760860466374933
665,0.2616016955241213,0.56616290202111
666,0.10318286992082722,0.5022012848149859
667,0.3199203131424984,0.5685840174291957
668,-0.1743761415009049,0.4716405542605331
669,0.07442467153715591,0.43826052929756243
670,-0.009256209790064735,0.41454476637246707
671,0.2716578378740999,0.4832162930649264
672,0.2157277656940643,0.554200517511383
673,0.21222679580211476,0.5165566097413873
674,0.03911473402420785,0.5581828219142265
675,0.2404392174453614,0.5239470558090225
676,0.42269626131875027,0.5233607973848312
677,0.08406736444912656,0.49750033132354243
678,0.3263808684248558,0.4599221782426099
679,0.2777052497456864,0.4820906835133809
680,0.16076446484763518,0.4929528167717154
681,0.37512343453359104,0.5408118468883593
682,0.7112631199394359,0.5932252778802807
683,0.21175898861160813,0.5090437216722061
684,-0.11969620041184062,0.5249508510495404
685,0.28679593287231825,0.5053856060468017
686,0.6400144266845491,0.6048611920032668
687,0.36554107891077603,0.5416880636638024
688,0.4346661864573357,0.6536091106031552
689,0.7417013778310225,0.5415595592124913
690,0.5953678087039093,0.589047122429129
691,0.298812864549306,0.7014017227629524
692,0.3382741842672293,0.7998014052678736
693,0.34069607872888497,0.8173070950759628
694,0.2419100734730292,0.8189949694608949
695,0.42074207073095765,0.7720661878970864
696,0.4957140557350826,0.9191413857990623
697,0.7060601160605141,0.8560989658892579
698,0.4895189695874503,0.8680854816536626
699,0.3245003372353559,0.8272881216690844
700,0.625229256860197,0.8553926074777602
701,0.49087315532312487,1.0496475639469884
702,0.40210428870148485,1.115047114924344
703,0.7120534213619227,1.125835102111129
704,0.29606760641337665,1.0624185095551388
705,0.44892599088338486,1.1039250290158784
706,0.3571261842510405,1.13720805198225
707,0.48365234558166853,1.1173630110721637
708,0.4720560448519161,1.1081501265506797
709,0.6424852594129222,1.0661451410244618
710,0.2480533502762227,1.0933410257977803
711,0.3259566585550848,1.0185431369000448
712,0.4671716336496949,1.1811542743559953
713,0.3325596709635456,0.9792339734036045
714,0.4424765322217281,0.9983630545653108
715,0.3556399281206587,0.8148279316737724
716,0.42637578012087723,0.9012863944190063
717,0.22992169644339472,0.7558018606110221
718,0.35720703377871,0.8768893122823104
719,0.5424880088204285,1.03361765120114
720,0.21539529408927505,0.8393768923584093
721,0.17451320303281614,0.8422793825930939
722,0.48095563161138094,0.8325598513744867
723,0.3931046179452289,0.9287025777348658
724,0.5679173847792971,0.9753710359143042
725,0.3892632851480737,1.0360008889412322
726,0.7468910822221645,0.9748017407602494
727,0.48316003285280373,1.0424233450584044
728,0.5602149952253995,1.1040044100391826
729,0.40923745075382084,1.0286779082829123
730,0.5727911358868887,1.0775414075066496
731,0.19932689471144863,0.9747537045428957
732,0.08914524011676993,0.8993960762743811
733,0.4015448438187798,0.7991800666207594
734,0.5835287253139196,0.8468992327949113
735,0.22283929810543404,0.7969599972390563
736,0.1640302181947597,0.7671463852283762
737,0.3983228893792345,0.9314020246887409
738,0.4486709841963925,0.8113827797751509
739,0.17630612356287115,0.768146545098746
740,0.896690250728402,0.7880860636706796
741,0.2939233938133462,0.8326394251474761
742,0.29905523326752503,0.9743493776063884
743,0.5619411680372146,0.8073469788985945
744,0.13362767010534404,0.8427895068767592
745,0.16945165297627196,0.7986307538721444
746,0.40769332008678383,0.8095641171096359
747,0.36134464952313505,0.8743597771955918
748,0.46565244553099383,0.8423217415607851
749,0.2973278478971482,0.849342742164126
750,0.4377807877796122,0.8686476775734631
751,0.7464441142472733,0.8614914563220544
752,0.3313077331026523,0.8949028698115893
753,0.4344494612809502,0.8223558637064433
754,0.518869184034794,0.9191481803531675
755,0.34097464898853713,0.8921848971430082
756,0.42518629495371496,0.8190440546589787
757,0.36689399454076915,0.8978055868510211
758,0.5138876530666997,0.7135430737923486
759,0.6714726436553885,0.7888462576136326
760,0.7467258145531764,1.0190148197030175
761,0.5531247251910242,0.8332084131090739
762,0.9388769381352021,0.9270070521996217
763,0.47241382829599693,1.0633501979152202
764,0.5561821670221527,0.8753764083606234
765,0.8124367346247315,0.9561005416428
766,0.7426550030525805,1.0895187938382778
767,0.8199774104343207,1.130918048726562
768,0.20806246014821192,1.0672475567545623
769,0.5000415883159014,1.0408092350305236
770,0.2625724234174889,1.0582040405246487
771,0.7373136585832542,1.111894078557137
772,0.4382033102893871,1.0514206121877503
773,0.6034319129856918,1.0957127324290667
774,0.2352700202997764,1.1908973714177797
775,0.2707462281285319,1.19600815670349
776,0.4489871236038807,1.168503208935132
