t,lambda,delta_s
1,-0.05752884509930799,1.1537431948429206
2,0.8103934636298585,1.1247841404913632
3,0.6882897574482038,0.9742840810024904
4,0.3744732685792013,0.9498994179523234
5,0.45309307109167263,1.0764978503381468
6,0.23223481091628603,0.9421583583216353
7,0.3013566787847632,0.9575704727235846
8,0.036019763743362375,0.8824202581375368
9,0.6660060005055795,0.9399994034045908
10,0.6940141663777795,1.097027199550404
11,-0.23758916483098988,0.8945889096119698
12,0.27786334852775413,1.012150677939944
13,0.46409457889963524,1.0445347019944498
14,0.40935529199738346,0.963943918464245
15,0.3061192240198357,0.9945008818449516
16,0.5104619400890178,0.8457444058519864
17,0.25131869870328494,0.8656238809866228
18,0.4751839100142144,0.969888499664381
19,0.49322487004742255,0.8073530243306253
20,-0.008796927067366282,0.7690164793950912
21,0.2202203997070533,0.787065496949509
22,0.1268169759670156,0.8051307140981686
23,0.25925226020858205,0.6992897796688505
24,0.5489003576407315,0.6699340380534508
25,0.21916597100043986,0.7569715028584068
26,0.41935000404162004,0.6539350650828525
27,0.2992971770019119,0.6270031506622992
28,0.46976022928133676,0.724779643564742
29,0.6053680104477641,0.8211223060916489
30,0.5960449175789913,0.9577432396338105
31,0.6124497502867279,0.7995767195026915
32,0.21152130604089658,0.8508003020072546
33,0.3404974744302094,0.9818847096358125
34,0.5130280859175117,1.038640022461357
35,0.07623799787133873,1.0121303633933594
36,0.4007347332942652,0.9934451407212815
37,0.3164010694449046,0.9980654018415955
38,0.23591116734418963,1.1504765846897438
39,0.3868489399121995,1.1544924116894892
40,0.2708299779428371,1.100295912182647
41,0.3648826619730405,1.1642093991374656
42,0.13186209054162443,0.9758826401072871
43,0.42178278119836904,0.9885803329872277
44,0.4208843018524653,1.0609241598142303
45,0.26125696527892445,0.908169552614458
46,0.42641024190714305,0.8848018327188663
47,0.38419897256284347,0.8713352516051904
48,0.6555882970067592,1.03808624377268
49,0.26378014051454507,1.0096243074215034
50,0.491593124966399,0.9446934416542769
51,0.24133128901622902,1.0265158411920805
52,0.2557785843743199,0.9440247623153454
53,0.20770347003667622,0.9618538840793082
54,0.4049064319093952,0.9307085796207486
55,0.24080073124271276,0.985792543685927
56,0.35345005004432906,1.058932902228647
57,0.6996804513641607,1.0593028542663077
58,0.4371738778126745,1.0735882053770525
59,0.43299993797847314,1.0524182169006608
60,0.5772602403539145,0.9834339755336066
61,0.38348478006116427,1.0804419285459534
62,0.6797654811354076,1.1999886152866899
63,-0.006719805035709738,1.0929451944472208
64,0.45380474237101814,1.0374550868073498
65,0.848068184764648,1.1070348237689727
66,0.4458613608698325,1.0323879282210802
67,0.1097192694419482,0.932442814640529
68,0.5938524906998878,0.9505888935917943
69,0.16241929032195895,0.8024788177738558
70,0.13433497837373848,0.799606105063223
71,0.3329407196033022,0.8590209083081205
72,0.2436028494616929,0.8031079965752973
73,0.49129620991840095,0.7712328828087356
74,0.5602703133806692,0.7951201199965352
75,0.03533999022391592,0.7122310105707371
76,0.4798143476163638,0.7208495482738765
77,0.6621004713027824,0.8674829331620133
78,0.01135436439269521,0.6507138458519153
79,0.17943752807158914,0.7775875739766273
80,0.20729888289935305,0.553131729558319
81,0.5486318446814106,0.5843335444217517
82,0.25915892190388484,0.5252988634934934
83,0.4001142907348479,0.6503977034824145
84,0.14783173104051225,0.7386533307951538
85,0.46308530033111817,0.8958416325684757
86,0.5662872763715898,0.8369130502905578
87,0.23245525704777073,0.7084069853180673
88,0.2370218460259398,0.6436760746070564
89,0.774457014407438,0.7201032568013259
90,0.4557373290385903,0.9030644930250336
91,0.10474684751118,0.8620720067223733
92,0.5547802632187263,0.9235844962580781
93,0.40506485642391765,1.0048875939914694
94,0.5668183763531603,1.0025907777612648
95,0.27899942023777513,0.8686662892441697
96,0.5840535569389731,0.9065031039973674
97,0.11341007213997978,0.808027105910233
98,0.027947680890635065,0.8034960461347195
99,0.6247455501911956,0.9186097105664555
100,0.6215763648470171,0.9695644518586785
101,0.5823694946088329,1.0434131158985842
102,0.13307969598030783,1.02146074133581
103,0.4017625409179968,1.0321669064103516
104,0.42798550934402535,1.0916126086000861
105,0.33046103208829936,1.1072711963213544
106,0.3367806345232809,1.0116065291765703
107,0.13588198328068873,0.896790405845047
108,0.492177250625029,1.0022920750220854
109,0.3543829230639715,0.9951723542447026
110,0.22085263937349997,1.0134115163363528
111,0.5552905861394805,1.028035182514662
112,0.012033457233676773,0.9665108093976947
113,0.17852269045342267,0.864608506613064
114,0.6905522614245441,0.8088263388180278
115,-0.0021179166115244162,0.7756745487642384
116,0.24737046183799813,0.9584548371637597
117,0.1422153527722021,0.8834413471047536
118,0.4995423997618908,1.032524040012252
119,0.5618217027620739,1.1526963861590183
120,0.18160140634552172,1.025201255726749
121,0.37736716857479813,1.0401004094009423
122,0.6524377098724793,1.0491675950245598
123,0.6214308426586725,1.0361649283796641
124,0.5414695156758886,1.0224435507208054
125,0.46769139391570064,0.8950384316445217
126,0.483847667560786,0.9636998693127214
127,0.44482361049326935,0.9649304915675883
128,0.4347332219887253,0.9345808436179431
129,0.4030753940755694,0.8673170195114397
130,0.27213276760920024,0.879157924253241
131,0.31218055926707033,0.8797753552913534
132,0.43371473182437026,0.9063366278650389
133,0.31654950170797924,0.9071401208906754
134,0.3221532094359352,0.8253506007403153
135,0.1936940417751106,0.9274857296617676
136,0.5865233475040216,0.9378858851556188
137,0.5244906221942747,1.0273799604574234
138,0.5121743481822152,1.0745775433270748
139,0.32591006318819543,0.9552637497410377
140,0.31161888737939525,0.9465766356239793
141,0.47446816657341434,0.8078224526543656
142,0.45265777284057224,0.8342361440659796
143,0.27132644344507983,0.9143599198788128
144,0.4299590517058981,0.9529461884087065
145,0.13446896119800958,0.886238831373404
146,0.6137295166901504,0.8281439409228294
147,0.1277338062576429,0.7844366915538192
148,0.4445870528256434,0.892412620318192
149,0.47624402917254993,0.802104138794486
150,0.3327456271446703,0.8522375208486707
151,0.4908371841727577,0.9248648499619037
152,0.4234761838276809,1.0679259265756067
153,0.339206686624476,1.1476034648509357
154,0.6275348007877454,1.3089277824348522
155,0.748125977235232,1.331795448141383
156,0.2400756566826197,1.1494499641086795
157,0.3813367097406479,1.0830112548434612
158,0.46461514864740844,1.0086832647668602
159,0.5032022864744384,1.0870303128389776
160,0.4887409734694172,1.138107575543092
161,0.2943691374550017,1.0046820815156148
162,0.3542667185196008,0.9602737901990495
163,0.47007774366314375,0.8893218438725029
164,0.6968007615816734,1.0255393031259692
165,0.04973757214799237,0.9480222354259136
166,0.29190167887349655,1.0146334209995609
167,0.5719328913311511,0.8454188364601573
168,0.3490511321265089,0.8580622537582349
169,0.17221898813192596,0.7706957101024372
170,0.40764521858191466,0.7283897719520808
171,0.3116819662860464,0.7851544202635184
172,0.7247340302359193,0.7602598917111136
173,0.3527755356393831,0.9012905776885006
174,0.23434746569645787,0.9271129667692765
175,0.3453104218169037,0.8411958195042167
176,0.7352600716898872,0.8038505815423981
177,0.29020686028158665,0.7594997930764157
178,0.8487628181929593,0.9238760533587349
179,0.2780055360399003,0.8200998936344164
180,0.4975864543253662,0.7459189156476629
181,0.3480775853405339,0.6740966142863697
182,0.037138262045642766,0.6415369774384164
183,0.6229152940882963,0.8076969803572348
184,-0.014632739774087192,0.7170855977543573
185,0.5969596135060697,0.7163050908157776
186,0.388203065598485,0.6835969334882323
187,0.38531993027057804,0.626878714494587
188,0.4698879833857158,0.6043734823956719
189,0.5523294863041063,0.6165054178952155
190,0.5029584969838714,0.5665135516727434
191,-0.11986132832746517,0.5228065481649492
192,0.3093024728070992,0.4482818232767934
193,0.239246937736134,0.49418796678112187
194,0.25720310923711387,0.458223240127175
195,0.27836203576636104,0.597262991391532
196,0.15427013185124405,0.5040678166184227
197,0.33863970545026645,0.636441445046733
198,0.33488288489198864,0.6765689263929119
199,0.5582338332224003,0.6349889194649649
200,0.32663835534908486,0.7584057649371008
201,0.31275889139094615,0.848187007687787
202,-0.014674214939864694,0.7617959342765571
203,0.3644419870086025,0.8610315560653631
204,0.5216530355550559,1.0424435839797872
205,0.3545100051678357,0.8928675987846177
206,0.43545098208691657,0.9523908423847172
207,0.1632566128890992,0.8180893848890746
208,0.42133654492316147,0.7458321280178641
209,0.771015501347688,0.8124144975601643
210,0.4905405532364513,0.7649180871378037
211,0.277202729227012,0.827335095792111
212,0.6671740840358569,0.9641379685940347
213,0.6534526446503462,0.8655358363701663
214,0.06118350099854831,0.7728782944260812
215,0.10344206807221275,0.7970590866908722
216,0.2059289844022706,0.8652051273282414
217,0.3559827005022087,0.8543754333192832
218,0.325961829489366,0.7726232986863386
219,0.36383734798614953,0.7402810234139644
220,0.08495750225768005,0.7955533443145549
221,0.1949694303161229,0.6796510303898055
222,0.302257428411904,0.5927759150973533
223,0.5288730071360949,0.6410634904557136
224,0.2148805052774605,0.7462285218745558
225,0.6225515125672578,0.8499243065314289
226,0.669901274441365,0.9451260371494913
227,0.25809178067784544,0.9287102674984768
228,0.3589579070370047,1.0243677362240522
229,0.05097762529422392,1.0225654050104576
230,0.24355076955659255,1.025092264171207
231,0.3729407394723062,1.1256180166399452
232,0.27224806093409704,1.1857347837432746
233,0.491261948355102,1.0075037590327809
234,0.5260288699104415,0.9409814201838057
235,0.4229155644127958,0.9713589349597815
236,0.10027446422905287,0.9485812378428544
237,0.2793218506454875,0.9509481160712672
238,0.36560031545473703,0.8313894639526134
239,0.33108072780515574,0.8988140572739473
240,0.3406275243123211,0.798634343420422
241,0.6798467394905908,0.8418071877327226
242,0.8461051349033435,1.0148819796538049
243,0.36994442082168527,1.1086614091446432
244,0.3712273702274144,1.1489559932202291
245,0.4592123283226342,1.0128985243878268
246,0.3860860318302176,0.9598218609434114
247,0.21219062845124284,0.8952163603576684
248,0.28395043691640315,0.7867929959041965
249,0.4972922519727764,0.901952781807936
250,0.40452281301409626,0.990095334091428
251,0.23392086612745217,0.9286286826643649
252,0.28184107877788944,0.9964273637905758
253,0.4449566801436457,1.075714988932284
254,0.2828726450300802,0.9818200562861794
255,0.3522213224575696,1.0233284934324598
256,0.3682538047842928,0.9411627695845527
257,0.2965753625735018,0.986122013350677
258,0.3763175317015391,1.0467592789686577
259,0.08068433000167893,0.8884479732424958
260,0.32815749018301327,0.8051122643232392
261,0.42024245703456414,0.8647746067257492
262,0.6035845588970433,0.9654395531405675
263,0.23690301000911265,1.024956026394088
264,0.18830461366720366,1.0501779635493032
265,0.4557442159308363,0.989937952945729
266,0.4175141014434915,1.0717797670381162
267,0.41428867560412475,1.0751114524547072
268,0.29867148851315317,0.9053590856120771
269,0.4864377519743266,0.9525855620675279
270,0.5774392912085009,0.8818631015797601
271,0.28734468277287273,0.8762700401908039
272,0.4445102998834951,0.9151804491172169
273,0.2992628960744338,0.7765718761570634
274,0.4636358185790054,0.8900950546243392
275,0.32695269769190116,0.6659777173292158
276,0.2866072598290198,0.7642739524464116
277,0.38595276137274426,0.5765463447675492
278,0.058594879076227076,0.635364750774564
279,0.2008278698461687,0.7801601057130106
280,0.15813494907339035,0.6183476335908566
281,0.3725875955253151,0.6598370876700564
282,0.22597754382987234,0.5762688837155844
283,0.4377031881025036,0.7600238290269345
284,0.28044064159445437,0.6209797985309484
285,0.38932703098426635,0.7744078763904507
286,0.40177099745045397,0.8259089771648164
287,0.5631602868628395,0.8809327212605194
288,0.382589224652762,0.9528083559810575
289,0.26218762508032145,0.9727985259024933
290,0.4383932276923516,1.0342717398664976
291,0.6443577961370385,0.8420536544866174
292,0.41868626536679904,0.8823836704995486
293,0.6302447548705468,0.9900530033315202
294,0.3314130005756614,0.8341486709466522
295,0.023143451919662963,0.7885307598880084
296,0.4616948216727334,0.811129517616251
297,0.46250689493511593,0.9433595395521774
298,0.29444544800485695,1.0129663796375137
299,0.5359112446519443,1.0522516704541838
300,-0.04044706937036463,0.8766304770751111
301,0.47523408043080073,0.8614765191835198
302,0.2782070200156883,0.8466898255943859
303,0.3217282630534611,1.0143148472992338
304,0.2532866050983202,0.8743164691451146
305,0.5793903845164673,0.9398540091661782
306,0.6344593172812912,1.0045324452652746
307,0.22109201805435333,0.7671364650313666
308,0.5526843195113839,0.7795538260112985
309,0.5055370046598137,0.9314266518937406
310,0.6824910863159757,0.9677541733203838
311,0.12248689898241225,0.851973818116266
312,0.15758730536925977,0.8320992880416342
313,0.45162351254385313,0.9393014261311471
314,-0.28621557204163467,0.7712579012413548
315,0.6599180824460581,0.8589765396742743
316,0.26332918849632864,0.9573408215274171
317,0.46487209316374545,0.9777802294817384
318,0.34040120066328106,1.0198387690537607
319,0.5774323721025378,0.9633817485968353
320,0.3214717215968883,0.9355184987468085
321,0.5002638201542332,0.995660364830963
322,0.4158184280262133,0.8945127937792515
323,0.4515561711449578,0.835946460523307
324,0.6847104032412089,0.7732175399381319
325,0.26093506719416576,0.7164690867843434
326,0.16890761874872942,0.6982423172086154
327,0.5994475165635459,0.8340911284842173
328,0.6037361097543874,0.9574811980467592
329,0.40555227224260204,1.08762465803804
330,0.6732905380734249,1.126331326591077
331,0.5607710422492351,1.1156024549573544
332,0.3324012518493847,1.100982555395393
333,0.17628239658578865,1.009221997975808
334,0.3314759303594251,0.9684136414214969
335,0.38387019632938923,0.9723386702126553
336,0.3990300023604177,0.9914060218359204
337,0.32408950651185037,1.0322786178446217
338,0.5920955000494332,1.0688785536451542
339,0.4561329292131913,1.0708772180799642
340,0.4330969956870315,1.041901334158386
341,0.11033411975440782,0.841604385547228
342,0.28564346281009073,0.8585328966050803
343,0.6252213475742889,0.8430071428269067
344,0.715581318385951,0.9547769099978073
345,0.3345976566096768,1.0448111183004958
346,0.27727285108635524,1.1591073427585945
347,0.11068833874869144,1.0279998195017388
348,0.44386666984803186,1.0070177764338941
349,0.6429354815478979,1.0967647847286484
350,0.2009260213659419,0.965897335869129
351,0.4570701500477212,0.9826079204337431
352,0.13228489786566613,0.8832605937175522
353,0.5374647188900161,0.9314917437352368
354,0.7595666024041868,0.9629038477900687
355,0.30930838214559125,0.8066186770631455
356,0.6380865878147023,0.8525046619537332
357,0.45297049781927917,0.9423760885654384
358,0.4207562766828646,1.0124041654250313
359,0.1225512491640622,0.9905081243975897
360,0.5603849266531745,1.0929729209643244
361,0.7589976604397289,1.0658316186755634
362,0.5894937870858733,1.0328664909063145
363,0.7111468786774805,1.0333020602038685
364,0.3494741708994038,1.0246724415425659
365,0.5505689823440528,1.0570846060687487
366,0.33520073463858985,1.1325723357118764
367,0.3686603989514049,1.0295422714172133
368,0.477912681631923,1.0390060219619048
369,0.26518766720525805,1.0833588074582114
370,0.07764288932378824,1.0344437523067433
371,0.33804670127364594,1.0347935568931643
372,0.5081539005347154,1.1103945601206102
373,0.6809143841637533,1.1536969644312234
374,0.14800184586247683,1.0468188389128648
375,0.3531420884517757,1.077037955167443
376,0.42770223358388004,1.158016039937512
377,0.21978849038324064,1.0417178711696269
378,0.5683295899008126,1.049968694003704
379,0.45937579547133384,0.9930848764885022
380,0.17616857256367768,0.9050108552784369
381,0.30467354618386766,0.8733895034105577
382,0.5773950069052902,0.8318903746185586
383,0.8306594112763509,0.875821446964359
384,0.43518528759686154,0.9609145473981066
385,0.46302907275071353,1.048437274335269
386,0.20828756694957795,1.0417378845898646
387,0.5794734419534402,0.972544740669832
388,0.7389622651872142,0.8653792486087082
389,0.33330507777166196,0.850127774833088
390,0.26305863192718737,0.8671696182898119
391,0.5033218061995962,0.7559703989004594
392,0.34019424914872615,0.7940490176452738
393,0.44686182065322133,0.9222097972388735
394,0.14114727735917348,0.8421860273838355
395,0.046349869926218874,0.8096042548490432
396,0.2625700103495507,0.7185844423647783
397,0.47404064323464234,0.7685835749442197
398,0.1324249999324976,0.6228073586120779
399,0.15302139740250703,0.6275730437668301
400,0.2732118883029956,0.8259887618869429
401,0.14782465710103712,0.7530252893072262
402,0.09064027118240775,0.7466264674358623
403,0.5497873720348504,0.679864311131625
404,0.6424561320314569,0.7650968445750448
405,0.3874769236288859,0.6397005158010433
406,0.4454029021833333,0.7986454563749248
407,-0.024984971604667672,0.6254600346781327
408,0.5063084417498569,0.6654805327027246
409,0.006220063303186208,0.5960237138663346
410,0.23067138952529248,0.6917518808888218
411,0.6643667940715885,0.8165508354776645
412,0.3958573429533363,0.8449404127281372
413,0.4404401929435913,0.9325848957372037
414,-0.17288248153801664,0.8182180588325391
415,0.5035121362320916,0.7914050016723985
416,0.9078456061953615,0.8867905372029736
417,0.48394458140649377,0.9580116740131632
418,0.8162289929167023,0.9229281566746153
419,0.7028672328116193,0.9922256537292125
420,0.2169750937280155,0.8265705339353182
421,0.26092924370342335,0.738910012127328
422,0.3124388933080359,0.6426816213145298
423,0.06017921272865731,0.6609021544599097
424,0.434844903272694,0.5285533365784885
425,0.1472523853914936,0.4314287497131784
426,0.5304892304814783,0.4336026249406795
427,0.49499601973322593,0.47988876941718395
428,-0.1391315959200151,0.35521723031369684
429,0.11828445095536144,0.4110732989293356
430,-0.19437098839197353,0.34590038628417386
431,0.5981854489883826,0.46460390317707206
432,0.5138492640841557,0.6062787345410844
433,0.4197838851450799,0.4598114944429126
434,0.4580815294444451,0.45230394749407465
435,0.24930333505782776,0.39273119703910064
436,0.8642219116178478,0.36558151623553015
437,0.5153584346779012,0.3273460259910106
438,0.13810222536772768,0.34026142298930906
439,0.23080967145889086,0.4223554387596127
440,0.26972160286333696,0.31917522591758163
441,0.441546401170855,0.33301589589318226
442,0.25086984429992554,0.4075434399369785
443,0.19968886505733427,0.4211678954100973
444,0.4355269871611165,0.3950385257424121
445,0.32041915931575327,0.463046971506817
446,0.4028656438742899,0.5008061199191712
447,0.4817357170248955,0.43038641860001503
448,0.48240493153430053,0.4652209583195935
449,0.2948243790413535,0.47790700698426986
450,0.44234021505925086,0.5124927336818531
451,0.6145016429253676,0.6239014238906366
452,0.22041338936956303,0.6786513552958504
453,0.4932650245165141,0.681015506695742
454,0.4551368584317177,0.6475157034581895
455,0.33708452919256815,0.6296779409993611
456,0.33402635510019696,0.6992118926164786
457,0.6203387697488407,0.6935822591383201
458,0.0562087485599344,0.6026903664664442
459,0.14937375018012672,0.6457701310835382
460,0.5683665194569565,0.7090302290715264
461,0.6527731505828545,0.7499047722778818
462,0.5880637266479262,0.7671684705085794
463,0.5248103721570461,0.8389412652716148
464,0.3621064745504175,0.9796022932987172
465,0.19622786930984687,1.027392206329721
466,0.6977900567701416,0.905709377926898
467,0.6576551707829918,0.9768780084798776
468,0.3164322590651586,0.7820064169753037
469,0.500413251234725,0.8551338516113959
470,0.19343042666956042,0.7408655696846361
471,0.43539370338506284,0.7937898598339236
472,0.7622595215188166,0.9854154273396806
473,0.19664180951232202,0.8671312853654654
474,0.6896460383558093,0.888334800552514
475,0.07150703020023562,0.7254809372119688
476,0.6389453620560193,0.6990485929989088
477,0.7951154141043563,0.6902442922824972
478,-0.011867944847050135,0.563959999943827
479,0.550764670772255,0.5642235901722349
480,0.6071497506157585,0.6325031048898616
481,0.492148985166382,0.7393667150650102
482,0.4696522261577868,0.8431543167314404
483,0.5092596623338865,0.9609038355455725
484,0.5539952967054653,0.913701062833085
485,0.5075831942387784,0.9213547896534252
486,0.20417115052458154,0.8758970082275094
487,0.24259803608865488,0.850458928870628
488,0.33896474665257276,0.7735435989654937
489,0.6326649799725956,0.8004436286632811
490,0.1601864293405991,0.8374882645747067
491,0.027640548653837072,1.0001291284075942
492,0.1936335180064278,0.8297875020865209
493,0.49604129411992914,0.9605053304270621
494,0.7505114610709631,0.9444211069934754
495,0.5222450818571132,0.9838626542989863
496,0.543276206414648,0.9180394372422717
497,0.4483115359228264,0.833570100496613
498,0.500425793356556,0.9766852167508286
499,0.6746562424731307,0.9766941308767142
500,-0.06718945223577401,0.8442966020808278
501,0.4837985146585474,0.8460102128355905
502,0.1637414976013313,0.8221146749471143
503,0.5416567441061618,0.9311503850311413
504,0.1666152251487188,0.8862247885632158
505,0.12873071888324064,0.9043569022565365
506,0.47354206167214835,1.0501298577011857
507,0.17829480903342187,0.9247502358479293
508,0.32743448028189653,0.9249775990875244
509,0.23068415942297418,0.8632100550843408
510,0.39245239136369525,0.8879594845837172
511,0.47356881210537566,0.8071030769942907
512,0.295541348621988,0.7837769997020482
513,0.4229451829264043,0.9024296764230629
514,0.6334143877221429,1.034046353294096
515,0.8649960215535998,1.0782450012626172
516,0.44802364819815205,1.013863984806743
517,0.8063256789531377,1.0087700956239232
518,0.013246097112250697,1.02357618261619
519,0.5730929152708593,0.9760451773657822
520,-0.06016468531535784,0.9782619578939132
521,0.3177252629242521,1.013051163089763
522,0.28252765217694137,1.040836959225935
523,0.2348073635202618,0.9128132171721421
524,0.4717566562559642,1.0108004012569767
525,0.5850145300004403,1.2093279372603059
526,0.37164461715821256,1.0212773232957673
527,0.4682465805944928,1.093982202129191
528,0.20028319909002892,0.865662443878889
529,0.3289655907699699,0.9537396078424581
530,0.2949550727246168,1.0681133265392502
531,0.33293888267728744,1.1265418661295068
532,0.21569268458995822,1.1877090494710185
533,0.367492227041851,1.195352513593787
534,0.537325736553422,1.0324751997821713
535,0.31597351404747204,1.0261188591628667
536,0.1086352385154561,0.9837029940488115
537,0.4553929312439841,0.9131245972957345
538,0.7117312596478392,0.9251019011932681
539,0.4513851436270043,0.9162852984513548
540,0.2560414804370764,0.7949778527959476
541,0.22701531345855389,0.7372969262396695
542,0.43913640954726413,0.6912604479127034
543,0.21374479085305956,0.5986128380992527
544,0.22084380506651732,0.6978778067935459
545,0.33005306365180725,0.7917118608845412
546,0.37641117436460886,0.9362991095868168
547,0.45478796596418064,1.0581446813237805
548,0.3585585906326949,0.9420841040117339
549,0.3235957781841172,0.9218786915216216
550,0.3030873592642147,0.841537974647852
551,0.6354793094261016,0.8791775606818037
552,0.31591173772857306,0.871327747825799
553,0.5519864628652602,0.8199149237510912
554,0.05766972632573228,0.8336984470966083
555,0.12633657511750293,0.7389559565213399
556,0.5392606423706613,0.8952702142239851
557,0.556673734481402,0.9713104575793851
558,0.5014865754948817,1.0573284573819806
559,0.5880251145762906,1.1068802024502002
560,0.3616925937667499,1.0036713140135778
561,0.3197938678467006,0.9396057978209247
562,0.33504317805016465,1.0230211259500375
563,0.15847787358718285,1.0579091393336975
564,0.3217610979302712,1.0599695424143794
565,0.33262154377791864,0.9518069258035545
566,0.6826504808476795,1.045600630562487
567,0.2564537524504733,0.9543961589124648
568,0.49462364418105137,1.0420257004653752
569,0.47237722882277816,1.0623897043356505
570,0.4938763181513564,1.1346599768633103
571,0.3920393569284625,1.1109748953912126
572,0.33927877693048913,1.1610080832719105
573,0.3740329336441771,1.1267280684405023
574,0.19523222116980596,1.045638903904079
575,0.33742729343788325,1.0096740959227593
576,0.20939958723298407,1.0158367203906602
577,0.6311615927008403,1.0327685547981478
578,0.6058673211770824,1.1165121314307869
579,0.4528758188527052,1.049687892340853
580,0.36615329998701307,1.12898420827449
581,0.2605037600616276,1.1096350081783268
582,0.26730349406629456,1.0924276851525394
583,0.4748766866214115,1.073827925467937
584,0.5198990480096192,1.0710960680936916
585,0.4716326571165392,0.9164195004881167
586,0.3297610350384327,0.8821580253130945
587,0.2636435308640353,0.8781053289018012
588,0.5681967624934304,1.0017302421772705
589,0.5900274817518248,1.0697014924013968
590,0.6637307730864039,1.0524863602680117
591,0.4462221022795952,1.093328296049104
592,0.20759335699451248,0.9996134404826784
593,0.39896260606837447,1.0839447695237012
594,0.4614041013983099,1.0517051236096853
595,0.4881284732307954,0.9530315983818646
596,0.5160929835531314,1.010541539153414
597,0.04496454760162256,0.8209181836015473
598,0.5051981582799694,0.8456109863780432
599,0.3994015705629378,0.7620285754278014
600,0.5951009225760334,1.0345609836917826
601,0.7220159162038879,1.1396409574090345
602,0.2528696000753435,1.0958102443731164
603,0.17798172142479046,1.0993639604379277
604,0.18759114951164516,1.0145497952597657
605,0.19607650325162135,0.9261115123430154
606,0.6075062513346029,0.9111560202393573
607,0.1363470682608114,0.8859392971059603
608,0.41506383135710284,0.9430199652645405
609,0.16817775086294873,0.9495213660947285
610,0.4163075264479331,0.847175556766253
611,0.221493680347183,0.8932010737421441
612,0.5383785965408294,0.6828587967825805
613,0.24437609536106153,0.6956073264944098
614,-0.12814810981535799,0.5823457786870205
615,0.4803275137937034,0.6604905311507089
616,0.2744791919319207,0.5869437005974308
617,0.47125743999350933,0.7449485868132715
618,-0.0011540889313522375,0.8916278899789359
619,0.5959463792189509,1.0306658746962016
620,0.47615621310060985,1.0423168960339215
621,0.14724104862870366,0.9363767087974334
622,0.2015717918458088,1.0375220934847462
623,0.4033662790243777,1.0246944292954674
624,0.12810383272579917,0.9606534610302493
625,0.36981372698574355,0.8551750060982749
626,0.22039619371118374,0.9355177895807101
627,0.44903222596586423,1.028812777659427
628,0.4687736767139726,1.0382390125012877
629,0.32768021499585265,1.0375958463006052
630,0.6949961104398279,1.075858410780507
631,0.6441113223010156,1.1053354375192768
632,0.735943148268625,1.0251400236435078
633,0.7905731288227291,1.1084819701161785
634,0.16848469330521187,1.0237327751279695
635,0.2638906768260129,0.9849311316670673
636,0.5652669351590497,1.0199910216825843
637,0.5026950083200077,1.0567991637285163
638,0.28805980860995395,1.0511222745199402
639,0.5449533476742624,1.0709508469418831
640,0.40792967935009666,1.1216089147009405
641,0.4032449441328777,1.0828210351630956
642,0.07353196044681398,0.8821653670688658
643,0.49573323167074634,0.8102692592872041
644,0.6313826395454076,0.8647205811351311
645,0.48297873790929874,0.8367703911489671
646,0.31711494853369976,0.7815456982835477
647,0.5165749510484984,0.9657977983449006
648,0.0011163336603494307,0.7943125202451754
649,0.44784412637098336,0.8330272717689928
650,0.5655222224986904,0.9674109691186012
651,0.15629561968446168,0.8595494721004837
652,0.4317829404206753,0.8606076102538733
653,0.5804177879277581,0.8112057892097019
654,0.4903191556984804,0.777218142603515
655,0.38606336601967456,0.7758019226557302
656,0.34330041144806794,0.8419619523476818
657,0.5890450870697053,0.7686378843760903
658,0.15608126557265534,0.8516178896885397
659,0.4678616659683344,0.9555970257594859
660,0.5797888644911309,0.8667996678480422
661,0.6854765356512921,0.8541004930651133
662,0.0946541140283096,0.9183036727845805
663,0.32091435767185056,0.8366280905971919
664,0.34682591766376336,0.7982742668355872
665,0.5621368023542097,0.9184535480341867
666,0.4051330777496586,1.0817634837117762
667,0.21641468381291487,1.0800661311240751
668,0.40185893081366353,1.0185048246419284
669,0.4237351426747826,1.0791890845323622
670,0.4573846512208493,1.1067015497649073
671,0.16274746717560734,0.9405401744315437
672,0.3062060787858448,0.921627631374092
673,0.397713598643989,0.7363801125603434
674,0.5667144052117226,0.809524686726508
675,0.5600567156593514,0.9221050342244488
676,0.38642902465565826,0.9363420853535719
677,0.41635143644085254,1.0044383298023813
678,0.4327387185813147,1.004308913401018
679,0.5359342446008818,1.0915226120118544
680,0.44837486390382447,0.9394367041038462
681,0.3347535462342821,0.8811113998316352
682,0.09398240892995817,1.0069342181512633
683,0.3160507168077212,1.0887645836340303
684,0.4216943663038236,0.9928267575989554
685,0.4551499423502914,1.0047905123920422
686,0.1145041410976934,0.8421117589011177
687,0.4529421979915065,0.8646928832850719
688,0.5743008439135888,1.0377284403285674
689,0.7352687456899059,1.0571974771538786
690,0.017923202285715006,0.9843528039308729
691,0.2489734221329301,1.0035725779880083
692,0.434868005031934,1.113045715522261
693,0.2508487491751263,1.040197551323181
694,0.3075023580132797,1.1091666402463372
695,0.22506016962897216,0.8600840328760675
696,0.46183351372700543,0.9701396162643787
697,0.01253927498866009,0.7665062553848372
698,0.1961801215327482,0.7334463574960207
699,0.26464264753686667,0.8230271549434137
700,0.4256409270921904,0.9917245652558488
701,0.37433716268559136,0.9788640229843376
702,0.6452062254148174,1.005747628251403
703,0.33532418880036685,0.9249165907193468
704,0.09555496493677333,0.9047257691247063
705,0.3188663026144577,0.950835076268964
706,0.26861884100788824,0.8833632221669601
707,0.2787093475681647,0.8752083324026362
708,0.6047474818043528,1.0348379404589374
709,0.3005062921748462,0.9995923701105717
710,0.394130472646985,0.9270038886233902
711,0.2911174644058846,0.8754481019179416
712,0.38284190252442224,0.881658943565313
713,0.34648424272390355,0.8234177069186088
714,0.2730503841984792,0.7810807362316233
715,0.13212808022115397,0.6516947136738712
716,0.28576366782688595,0.7111574586228497
717,0.5232217963407145,0.860788263691373
718,0.5370825296724128,0.8320012133001192
719,0.4525493222029271,0.9884149709541648
720,0.27395969268969833,1.0626002304183977
721,0.3455717582200116,1.0242718878030705
722,0.40752772054237996,1.0439743742294403
723,0.25647192428315907,0.9409324336107846
724,0.4766874089971628,0.9538936240008739
725,0.442353524455522,1.0434937434640108
726,0.12292273262500432,0.886441838822864
727,0.4282299801285558,0.9941149847131391
728,0.28639190862024544,0.8125945719898466
729,0.3785140717115606,0.8540038986016296
730,0.46429673112922676,0.9910371821675418
731,0.10545524082613726,0.8855756950590397
732,0.08727970971522564,0.8193212791386547
733,0.4140753950492751,0.8787066340997135
734,0.09916780981356095,0.8513439229066582
735,0.14528955602671767,0.7609069635346019
736,0.5143082778000202,0.8346006142509373
737,0.5174741574955981,0.8387275760788575
738,0.4400771937656762,0.8705953983028633
739,0.6327521717785273,0.965709464396387
740,0.34878034247666645,0.8095339751960393
741,0.2697225508249831,0.7648156643941281
742,0.44700367230168075,0.824947319826605
743,0.6161865699477356,0.9848350675536084
744,0.6195874299034955,0.9986544642315389
745,0.48498887357290416,0.9290562889197905
746,0.42699890358495984,0.8781461114541388
747,0.25393077664264,0.876604257360179
748,0.3809728401403702,0.752019018843793
749,0.4799462595608095,0.8789722505969613
750,0.21324046446994724,0.841694151864135
751,0.29638406591089744,0.8573752440405589
752,0.32508785716655353,0.7965233401167044
753,0.37128070776646016,0.8339498771697661
754,0.5933522922036717,0.8862896208248624
755,0.4742996437336303,0.9685536479109558
756,0.2596448615897697,0.8981495615334124
757,0.6448080747149121,0.9932514255837377
758,0.524594567025213,1.1474847993500077
759,0.6656188670388963,1.0144935719636066
760,0.408612344980024,1.006436378586355
761,0.2952148207456969,0.951852798303062
762,0.49964976234370845,0.9553876889365521
763,0.7782762201923011,0.945674824857386
764,0.47777857150127756,0.952133576679507
765,0.9809388409866904,0.9644147523856276
766,0.1515911368396202,0.8931002184275249
767,0.4539994564364925,0.8238620230612418
768,0.6245837079243944,1.028255052599476
769,0.5711335777240338,1.1707958397285323
770,0.43723049609356557,0.9694126214370637
771,0.32646775598943684,0.8687350238340007
772,0.6651269734687599,0.9450216145935466
773,0.32986635755480737,0.8259185870055182
774,0.24405096894041783,0.7172938637541543
775,0.47058695066623546,0.8045755727256514
776,0.025015012431155535,0.7274676803178178
